1.168494769596271521e+00 2.670161953181822145e-01 3.141592653589661222e+00
9.549334063281031959e-01 1.721055746569984057e+00 3.141592653589661222e+00
1.478021284879190267e+00 2.347076522773487550e+00 3.141592653589661222e+00
1.268567897530233690e+00 3.848444028136024819e+00 3.141592653589661222e+00
1.218146001140032464e+00 4.425029615261172999e+00 3.141592653589661222e+00
1.009361073391285446e+00 5.898152513753815107e+00 3.141592653589661222e+00
1.398194473663977089e+00 6.447691015402877035e+00 3.141592653589661222e+00
7.527925043402562411e-01 7.794732680929398860e+00 3.141592653589661222e+00
1.684015729158115926e+00 8.550095175136927850e+00 3.141592653589661222e+00
1.007427637308870416e+00 9.980541145673665682e+00 3.141592653589661222e+00
1.586132192341328295e+00 1.059257349394630410e+01 3.141592653589661222e+00
8.647846561791531217e-01 1.200341603863400941e+01 3.141592653589661222e+00
1.744173504632787086e+00 1.262714672267483174e+01 3.141592653589661222e+00
6.519041977928590192e-01 1.366720731242658715e+01 3.141592653589661222e+00
1.855127055321349694e+00 1.471227757315389972e+01 3.141592653589661222e+00
7.005698268931964678e-01 1.579500557683643258e+01 3.141592653589661222e+00
1.871771748800260093e+00 1.674045378168038312e+01 3.141592653589661222e+00
6.733380498780529022e-01 1.787329457304609193e+01 3.141592653589661222e+00
1.840584296319021984e+00 1.881007159717812627e+01 3.141592653589661222e+00
8.434632498837919545e-01 1.945780131007489544e+01 3.141592653589661222e+00
1.682005716767107639e+00 2.084278321073798068e+01 3.141592653589661222e+00
9.643925632361303180e-01 2.147693216094281610e+01 3.141592653589661222e+00
1.755278827000073649e+00 2.288501920391942335e+01 3.141592653589661222e+00
7.274306539103226887e-01 2.368539098372291107e+01 3.141592653589661222e+00
1.490040771296555988e+00 2.498957389094571013e+01 3.141592653589661222e+00
1.013265350259164865e+00 2.553376017775397244e+01 3.141592653589661222e+00
1.284247426160202821e+00 2.700744970780669263e+01 3.141592653589661222e+00
1.261493759489135558e+00 2.758108667407109138e+01 3.141592653589661222e+00
1.560549956679796679e+00 2.908843100553584193e+01 3.141592653589661222e+00
9.083190828047976728e-01 2.974037227765400004e+01 3.141592653589661222e+00
1.240531065084406137e+00 3.117723045014739114e+01 3.141592653589661222e+00
1.151007238587610226e+00 3.170401735857394598e+01 3.141592653589661222e+00
1.015814820814014974e+00 3.316879488711148127e+01 3.141592653589661222e+00
1.459797596417984344e+00 3.377908446765786010e+01 3.141592653589661222e+00
1.357507533430948099e+00 3.529526416879514983e+01 3.141592653589661222e+00
1.139724883931299004e+00 3.588035178182430229e+01 3.141592653589661222e+00
1.070067569393100104e+00 3.735563099912290852e+01 3.141592653589661222e+00
1.344335749721926820e+00 3.789020966585511729e+01 3.141592653589661222e+00
8.083054823056436966e-01 3.927835272310982617e+01 3.141592653589661222e+00
1.649327244686024541e+00 3.998889429365929260e+01 3.141592653589661222e+00
1.113050496940378942e+00 4.145993276875974942e+01 3.141592653589661222e+00
1.469813126022074812e+00 4.204523661787609257e+01 3.141592653589661222e+00
9.254538344461509247e-01 4.349075744394711052e+01 3.141592653589661222e+00
1.653940123726447498e+00 4.407309596341298885e+01 3.141592653589661222e+00
6.615577596710973118e-01 4.522838093853484764e+01 3.141592653589661222e+00
1.833955461600340175e+00 4.616979834574641472e+01 3.141592653589661222e+00
7.668956271159009797e-01 4.740588648404351346e+01 3.141592653589661222e+00
1.861981309478543345e+00 4.820059055874275344e+01 3.141592653589661222e+00
7.233160640348089698e-01 4.943395128157789031e+01 3.141592653589661222e+00
1.920636727299718016e+00 5.025008862051647895e+01 3.141592653589661222e+00
8.017347007966098005e-01 5.094776707637155511e+01 3.141592653589661222e+00
1.782979947007363952e+00 5.228421061139007975e+01 3.141592653589661222e+00
8.947830853504972204e-01 5.296110048831398132e+01 3.141592653589661222e+00
1.814202309557381376e+00 5.432337887240655760e+01 3.141592653589661222e+00
7.026659614607992932e-01 5.517500262349300755e+01 3.141592653589661222e+00
1.580924156291667604e+00 5.642625173347580869e+01 3.141592653589661222e+00
1.009954036887316997e+00 5.696899220160482002e+01 3.141592653589661222e+00
1.352991077189965585e+00 5.844015621972150143e+01 3.141592653589661222e+00
1.247432212336003321e+00 5.901294898671873312e+01 3.141592653589661222e+00
1.645074716191617936e+00 6.052322223007291058e+01 3.141592653589661222e+00
8.688001504526079444e-01 6.120420631479439777e+01 3.141592653589661222e+00
1.323462783516467400e+00 6.261904530202341590e+01 3.141592653589661222e+00
1.151620765888781817e+00 6.313534479999457005e+01 3.141592653589661222e+00
1.073695419767477732e+00 6.460715216218412138e+01 3.141592653589661222e+00
1.461183352103327726e+00 6.520725910962167404e+01 3.141592653589661222e+00
1.461941208970767292e+00 6.674009093176755414e+01 3.141592653589661222e+00
1.068188484975871377e+00 6.734184973987873946e+01 3.141592653589661222e+00
1.148826831113050506e+00 6.881235353089175533e+01 3.141592653589661222e+00
1.311407803583935827e+00 6.933070480791582213e+01 3.141592653589661222e+00
8.711327176382375193e-01 7.074874501022958384e+01 3.141592653589661222e+00
1.630382094201497489e+00 7.142506723094493282e+01 3.141592653589661222e+00
1.234652901210604670e+00 7.293106057541260157e+01 3.141592653589661222e+00
1.349549886070161131e+00 7.350476638882537372e+01 3.141592653589661222e+00
9.977638785335724014e-01 7.497343773805555145e+01 3.141592653589661222e+00
1.564532346029687160e+00 7.552163164995226907e+01 3.141592653589661222e+00
7.003307410174951508e-01 7.677657075083230609e+01 3.141592653589661222e+00
1.803256545768310293e+00 7.762421572020599569e+01 3.141592653589661222e+00
8.901852086916722806e-01 7.898397920576144315e+01 3.141592653589661222e+00
1.774796503759662247e+00 7.966209712758664807e+01 3.141592653589661222e+00
7.990725550503505747e-01 8.099723378654758221e+01 3.141592653589661222e+00
1.914485549640055462e+00 8.169691178465883752e+01 3.141592653589661222e+00
7.211875671810198396e-01 8.251590360018624892e+01 3.141592653589661222e+00
1.867192660250838410e+00 8.374716063854013726e+01 3.141592653589661222e+00
7.659163523215889446e-01 8.454471218092946572e+01 3.141592653589661222e+00
1.839352538471796583e+00 8.577835479143496400e+01 3.141592653589661222e+00
6.633978623440220934e-01 8.672461178488707390e+01 3.141592653589661222e+00
1.668939377941738966e+00 8.787477782133605331e+01 3.141592653589661222e+00
9.336898515964943135e-01 8.845288692230887762e+01 3.141592653589661222e+00
1.476511276171884601e+00 8.990080400123947868e+01 3.141592653589661222e+00
1.121281629309807792e+00 9.048502560377734483e+01 3.141592653589661222e+00
1.662258593655964178e+00 9.195928497347753705e+01 3.141592653589661222e+00
8.066278526760637391e-01 9.267482254500852434e+01 3.141592653589661222e+00
1.356477265730069881e+00 9.405926841714378384e+01 3.141592653589661222e+00
1.072894461007280364e+00 9.459202931769743827e+01 3.141592653589661222e+00
1.146166186386975427e+00 9.606850540003087247e+01 3.141592653589661222e+00
1.356528651063145796e+00 9.665231709936500692e+01 3.141592653589661222e+00
1.461589756686991759e+00 9.816855200621309052e+01 3.141592653589661222e+00
1.010011178289716760e+00 9.878091717331929544e+01 3.141592653589661222e+00
1.149463451227268340e+00 1.002441944427311995e+02 3.141592653589661222e+00
1.229327988610283473e+00 1.007728355559589346e+02 3.141592653589661222e+00
9.112339598035861243e-01 1.022123134980634802e+02 3.141592653589661222e+00
1.545163875724607783e+00 1.028600705023637545e+02 3.141592653589661222e+00
1.247357801095177576e+00 1.043628624512281817e+02 3.141592653589661222e+00
1.280746372781984332e+00 1.049372446095055835e+02 3.141592653589661222e+00
9.998346799494559622e-01 1.064085597582244844e+02 3.141592653589661222e+00
1.473099239350343703e+00 1.069584131461504342e+02 3.141592653589661222e+00
7.244560192545798083e-01 1.082655585192890015e+02 3.141592653589661222e+00
1.740636438718944135e+00 1.090622754925670250e+02 3.141592653589661222e+00
9.536436426963147417e-01 1.104649690960916928e+02 3.141592653589661222e+00
1.675394546301846255e+00 1.111021971907034498e+02 3.141592653589661222e+00
8.356727556367330445e-01 1.124833558729380627e+02 3.141592653589661222e+00
1.828814111332262904e+00 1.131366528643749660e+02 3.141592653589661222e+00
6.707859973690856181e-01 1.140763015778927496e+02 3.141592653589661222e+00
1.872360970840578176e+00 1.152071549877722987e+02 3.141592653589661222e+00
7.003355949107781253e-01 1.161551106314204844e+02 3.141592653589661222e+00
1.857078749210942181e+00 1.172354448749164817e+02 3.141592653589661222e+00
6.544529781716633687e-01 1.182834590745328853e+02 3.141592653589661222e+00
1.757535271993519332e+00 1.193199190601199859e+02 3.141592653589661222e+00
8.733965537344710039e-01 1.199383548788763960e+02 3.141592653589661222e+00
1.592584732632632560e+00 1.213526428619295388e+02 3.141592653589661222e+00
1.017994319856158958e+00 1.219624418725494053e+02 3.141592653589661222e+00
1.698493141971342490e+00 1.233975568291205178e+02 3.141592653589661222e+00
7.540896501175899935e-01 1.241573479774894508e+02 3.141592653589661222e+00
1.413274157873229298e+00 1.255009898234019801e+02 3.141592653589661222e+00
1.018294026716250578e+00 1.260467142555555711e+02 3.141592653589661222e+00
1.223586164791054198e+00 1.275214969360579005e+02 3.141592653589661222e+00
1.276070129068292980e+00 1.280973707684348994e+02 3.141592653589661222e+00
1.487846349121731304e+00 1.296012788790003754e+02 3.141592653589661222e+00
9.503789857466641289e-01 1.302305073147049654e+02 3.141592653589661222e+00
1.174137834341628217e+00 1.316825691202321025e+02 3.141592653589661222e+00
1.163830969156668615e+00 1.322168484613266344e+02 3.141592653589661222e+00
9.615841361023420575e-01 1.336724033418089448e+02 3.141592653589661222e+00
1.472878034382563373e+00 1.342961311655501504e+02 3.141592653589661222e+00
1.275530349911626615e+00 1.357984128265338484e+02 3.141592653589661222e+00
1.209322478895392905e+00 1.363755238842952338e+02 3.141592653589661222e+00
1.013716123475430608e+00 1.378490366387102029e+02 3.141592653589661222e+00
1.390217125882269755e+00 1.383975253032517116e+02 3.141592653589661222e+00
7.579626488196464784e-01 1.397496456818011552e+02 3.141592653589661222e+00
1.678319564180128287e+00 1.404995824760202083e+02 3.141592653589661222e+00
1.016994398276199529e+00 1.419342770686956214e+02 3.141592653589661222e+00
1.573745057423501459e+00 1.425429461385521108e+02 3.141592653589661222e+00
8.701356523357425266e-01 1.439578246663277525e+02 3.141592653589661222e+00
1.733657591049923452e+00 1.445771465660451156e+02 3.141592653589661222e+00
6.512533446061413711e-01 1.456303663302470000e+02 3.141592653589661222e+00
1.852785635945737530e+00 1.466638692752113684e+02 3.141592653589661222e+00
7.044527014212615956e-01 1.477643184926288598e+02 3.141592653589661222e+00
1.873040964796221841e+00 1.486921772001511499e+02 3.141592653589661222e+00
6.775184628455191982e-01 1.498360421199919301e+02 3.141592653589661222e+00
1.851558448776632559e+00 1.507595620082586265e+02 3.141592653589661222e+00
8.401923133403859101e-01 1.514111204760376381e+02 3.141592653589661222e+00
1.693346399298814031e+00 1.527920801181951731e+02 3.141592653589661222e+00
9.585757398336646196e-01 1.534295647088989654e+02 3.141592653589661222e+00
1.763478274846197236e+00 1.548342304798113673e+02 3.141592653589661222e+00
7.249524478913161873e-01 1.556398468215589332e+02 3.141592653589661222e+00
1.501144033900448260e+00 1.569387473408465041e+02 3.141592653589661222e+00
1.014693070674567599e+00 1.574820031038675268e+02 3.141592653589661222e+00
1.291425269943388132e+00 1.589557096969920451e+02 3.141592653589661222e+00
1.262494275021662116e+00 1.595291533986015509e+02 3.141592653589661222e+00
1.572459226315915837e+00 1.610377083984361661e+02 3.141592653589661222e+00
9.037231389406704674e-01 1.616930488985451007e+02 3.141592653589661222e+00
1.251607834824675081e+00 1.631275172414896986e+02 3.141592653589661222e+00
1.152257899006252861e+00 1.636525659084941537e+02 3.141592653589661222e+00
1.022961993684446735e+00 1.651182748195509760e+02 3.141592653589661222e+00
1.461534918566983698e+00 1.657273439114694895e+02 3.141592653589661222e+00
1.371870604066733668e+00 1.672461878969248801e+02 3.141592653589661222e+00
1.130450143470648205e+00 1.678330122772428297e+02 3.141592653589661222e+00
1.080518345707652816e+00 1.693081613172360278e+02 3.141592653589661222e+00
1.340468916282145706e+00 1.698402358291783401e+02 3.141592653589661222e+00
8.162267437765335920e-01 1.712326154559852114e+02 3.141592653589661222e+00
1.647618899048773677e+00 1.719384284652326755e+02 3.141592653589661222e+00
1.128978502374998527e+00 1.734146856212023806e+02 3.141592653589661222e+00
1.454671984121826744e+00 1.739975134289193761e+02 3.141592653589661222e+00
9.348617989838102771e-01 1.754468521796581229e+02 3.141592653589661222e+00
1.643342424316291295e+00 1.760240022582268580e+02 3.141592653589661222e+00
6.651514716842317210e-01 1.771928457552398299e+02 3.141592653589661222e+00
1.831285948621739434e+00 1.781217195622350005e+02 3.141592653589661222e+00
7.799406018969395893e-01 1.793754682501827631e+02 3.141592653589661222e+00
1.856193264042822699e+00 1.801531386211705694e+02 3.141592653589661222e+00
7.315621352572840852e-01 1.813994441629848495e+02 3.141592653589661222e+00
1.926123639392970155e+00 1.822003205297982902e+02 3.141592653589661222e+00
7.936525796735526272e-01 1.829081704543110618e+02 3.141592653589661222e+00
1.795355880884573763e+00 1.842354394851960251e+02 3.141592653589661222e+00
8.817592416125589194e-01 1.849212431377666235e+02 3.141592653589661222e+00
1.818508451798633629e+00 1.862737305490122139e+02 3.141592653589661222e+00
6.984339127983153483e-01 1.871334538462160140e+02 3.141592653589661222e+00
1.590634476189780155e+00 1.883761889051906735e+02 3.141592653589661222e+00
1.004614495638082250e+00 1.889209122747469962e+02 3.141592653589661222e+00
1.364030629806223249e+00 1.903908322122453569e+02 3.141592653589661222e+00
1.238406977963642630e+00 1.909638712776815908e+02 3.141592653589661222e+00
1.649643329119607760e+00 1.924721173731024919e+02 3.141592653589661222e+00
8.631969467040675470e-01 1.931563869366416100e+02 3.141592653589661222e+00
1.328985215960753141e+00 1.945684732942689266e+02 3.141592653589661222e+00
1.146688610974682554e+00 1.950852681662584018e+02 3.141592653589661222e+00
1.080553494163974948e+00 1.965578538498314742e+02 3.141592653589661222e+00
1.454871062063872955e+00 1.971563515958240203e+02 3.141592653589661222e+00
1.466743525362117495e+00 1.986889505199905841e+02 3.141592653589661222e+00
1.061585625619070772e+00 1.992922380556334190e+02 3.141592653589661222e+00
1.152649525811404896e+00 2.007619436982015770e+02 3.141592653589661222e+00
1.305201689939991638e+00 2.012801819002225727e+02 3.141592653589661222e+00
8.764618055033012167e-01 2.027008250265700440e+02 3.141592653589661222e+00
1.624720762609517699e+00 2.033739607881256006e+02 3.141592653589661222e+00
1.241694623999431979e+00 2.048813736155150309e+02 3.141592653589661222e+00
1.339562593264794321e+00 2.054549284553142741e+02 3.141592653589661222e+00
1.001746534904592645e+00 2.069245991195619752e+02 3.141592653589661222e+00
1.554792240226695599e+00 2.074713813671335458e+02 3.141592653589661222e+00
7.042033812321055741e-01 2.087340112449951164e+02 3.141592653589661222e+00
1.798053825293780994e+00 2.095742678216335833e+02 3.141592653589661222e+00
9.014193969429802333e-01 2.109422269558427843e+02 3.141592653589661222e+00
1.762584624281023915e+00 2.116128316221693240e+02 3.141592653589661222e+00
8.058665316028811310e-01 2.129558647060270857e+02 3.141592653589661222e+00
1.907120275664605957e+00 2.136469798904328457e+02 3.141592653589661222e+00
7.134325891423773935e-01 2.144811603713244779e+02 3.141592653589661222e+00
1.871325070461657525e+00 2.156996203334708184e+02 3.141592653589661222e+00
7.540811908075750747e-01 2.165146523720875393e+02 3.141592653589661222e+00
1.841838100911714626e+00 2.177302641774843721e+02 3.141592653589661222e+00
6.605462519385425502e-01 2.186889537865250190e+02 3.141592653589661222e+00
1.679820345731340314e+00 2.198255034741232521e+02 3.141592653589661222e+00
9.251358370771767259e-01 2.204085036978123355e+02 3.141592653589661222e+00
1.491452760587866688e+00 2.218526787068023225e+02 3.141592653589661222e+00
1.106805139801550153e+00 2.224394325520803477e+02 3.141592653589661222e+00
1.665373641225464718e+00 2.239088548459558581e+02 3.141592653589661222e+00
7.993475918182193496e-01 2.246293697785077086e+02 3.141592653589661222e+00
1.361901150522468296e+00 2.260093274064867330e+02 3.141592653589661222e+00
1.064308017414456353e+00 2.265440721788747567e+02 3.141592653589661222e+00
1.155579170611846118e+00 2.280206007306437073e+02 3.141592653589661222e+00
1.344481219439546349e+00 2.286029780957805144e+02 3.141592653589661222e+00
1.462612747284991466e+00 2.301172281061805620e+02 3.141592653589661222e+00
1.002592263793992799e+00 2.307312303958024984e+02 3.141592653589661222e+00
1.150534925153918975e+00 2.321933993372759062e+02 3.141592653589661222e+00
1.219742557453185272e+00 2.327231754116069169e+02 3.141592653589661222e+00
9.167026017946823258e-01 2.341649358709736362e+02 3.141592653589661222e+00
1.534782226520274628e+00 2.348094216078949330e+02 3.141592653589661222e+00
1.248937432813443937e+00 2.363117128148545874e+02 3.141592653589661222e+00
1.272362274234430934e+00 2.368862906561187174e+02 3.141592653589661222e+00
1.000143807328762513e+00 2.383578306361246746e+02 3.141592653589661222e+00
1.462157706763986820e+00 2.389079449708850973e+02 3.141592653589661222e+00
7.277676990263506340e-01 2.402208473139854448e+02 3.141592653589661222e+00
1.732521807308468720e+00 2.410117429274010306e+02 3.141592653589661222e+00
9.606614213981204964e-01 2.424184830682483778e+02 3.141592653589661222e+00
1.663198319895285548e+00 2.430518868694743162e+02 3.141592653589661222e+00
8.395265202471169363e-01 2.444374987405921900e+02 3.141592653589661222e+00
1.817247049514959079e+00 2.450864275278534308e+02 3.141592653589661222e+00
6.668314784411645268e-01 2.460402920795810644e+02 3.141592653589661222e+00
1.870773331761460545e+00 2.471591807285905134e+02 3.141592653589661222e+00
6.973464544996040848e-01 2.481260535001250673e+02 3.141592653589661222e+00
1.859778127851412943e+00 2.491873760098739865e+02 3.141592653589661222e+00
6.558131723762541387e-01 2.502475151732342624e+02 3.141592653589661222e+00
1.769489169780203097e+00 2.512699581003391813e+02 3.141592653589661222e+00
8.687320961331906899e-01 2.518924516858431844e+02 3.141592653589661222e+00
1.605648368706924956e+00 2.533027996146549867e+02 3.141592653589661222e+00
1.009580613409251759e+00 2.539158275721254938e+02 3.141592653589661222e+00
1.706165627615299663e+00 2.553471343564152107e+02 3.141592653589661222e+00
7.495451607375809289e-01 2.561126773551658289e+02 3.141592653589661222e+00
1.423539691841312127e+00 2.574508674202177758e+02 3.141592653589661222e+00
1.016239191483471860e+00 2.579967863514462465e+02 3.141592653589661222e+00
1.232665380335885574e+00 2.594713692697849865e+02 3.141592653589661222e+00
1.272187984793160975e+00 2.600467951465212764e+02 3.141592653589661222e+00
1.496823855006646609e+00 2.615507728909737466e+02 3.141592653589661222e+00
9.437072358381078940e-01 2.621829491872885569e+02 3.141592653589661222e+00
1.182176755501747500e+00 2.636331231563331698e+02 3.141592653589661222e+00
1.160162589374095887e+00 2.641667483460906851e+02 3.141592653589661222e+00
9.692444557972598185e-01 2.656238720393758399e+02 3.141592653589661222e+00
1.468938275686221262e+00 2.662452757486567521e+02 3.141592653589661222e+00
1.285239874822925454e+00 2.677491051486126707e+02 3.141592653589661222e+00
1.199279343684165999e+00 2.683269344348533991e+02 3.141592653589661222e+00
1.020041316045298130e+00 2.698009277445352723e+02 3.141592653589661222e+00
1.382249236374617940e+00 2.703477831221651968e+02 3.141592653589661222e+00
7.643538744478975966e-01 2.717055347122268358e+02 3.141592653589661222e+00
1.672950549555233701e+00 2.724494228004620595e+02 3.141592653589661222e+00
1.029090270111741701e+00 2.738892860576224280e+02 3.141592653589661222e+00
1.559505258244114234e+00 2.744940901559125450e+02 3.141592653589661222e+00
8.770138893701077132e-01 2.759136651063872705e+02 3.141592653589661222e+00
1.722267960970203404e+00 2.765276588470797492e+02 3.141592653589661222e+00
6.511266193568239213e-01 2.775957304248661330e+02 3.141592653589661222e+00
1.850434280233197448e+00 2.786160647771018830e+02 3.141592653589661222e+00
7.100019716993833940e-01 2.797365356743247844e+02 3.141592653589661222e+00
1.874274869273835797e+00 2.806445872500427186e+02 3.141592653589661222e+00
6.827669462730198147e-01 2.818009228273282361e+02 3.141592653589661222e+00
1.864069558678869365e+00 2.827093573366274200e+02 3.141592653589661222e+00
8.366729226722440238e-01 2.833652342776666728e+02 3.141592653589661222e+00
1.706115791452459840e+00 2.847415976925660175e+02 3.141592653589661222e+00
9.523349047633128395e-01 2.853828692857019291e+02 3.141592653589661222e+00
1.773009182407200290e+00 2.867837196285209416e+02 3.141592653589661222e+00
7.224394751023451855e-01 2.875952198427245889e+02 3.141592653589661222e+00
1.514047848875903046e+00 2.888881360585467064e+02 3.141592653589661222e+00
1.016995106726283460e+00 2.894300764853374517e+02 3.141592653589661222e+00
1.299250639024402076e+00 2.909038775641047891e+02 3.141592653589661222e+00
1.264612842055996111e+00 2.914771101514844531e+02 3.141592653589661222e+00
1.586799774607365876e+00 2.929873138973798063e+02 3.141592653589661222e+00
8.987947188672322785e-01 2.936466447117976486e+02 3.141592653589661222e+00
1.265009152976046991e+00 2.950782703280751207e+02 3.141592653589661222e+00
1.154723672454328387e+00 2.956010544658043386e+02 3.141592653589661222e+00
1.031007598356624033e+00 2.970677489331162064e+02 3.141592653589661222e+00
1.464779713329822819e+00 2.976756052673957242e+02 3.141592653589661222e+00
1.389566096603843226e+00 2.991978033413907951e+02 3.141592653589661222e+00
1.119792861524713690e+00 2.997868800418797264e+02 3.141592653589661222e+00
1.093576986872268897e+00 3.012617189411650429e+02 3.141592653589661222e+00
1.336852640043721951e+00 3.017906849123505140e+02 3.141592653589661222e+00
8.256885279095250718e-01 3.031877500361217699e+02 3.141592653589661222e+00
1.646487857145425782e+00 3.038883179264678347e+02 3.141592653589661222e+00
1.148498081604626408e+00 3.053707466389724914e+02 3.141592653589661222e+00
1.436740494827466241e+00 3.059509764230454607e+02 3.141592653589661222e+00
9.464934995593833333e-01 3.074046061402298733e+02 3.141592653589661222e+00
1.631165043521971336e+00 3.079756722829654336e+02 3.141592653589661222e+00
6.700397561264823665e-01 3.091601162882798235e+02 3.141592653589661222e+00
1.828220240990455103e+00 3.100744603740672574e+02 3.141592653589661222e+00
7.965709815472417077e-01 3.113484302361725895e+02 3.141592653589661222e+00
1.847807675826671270e+00 3.121067474568296234e+02 3.141592653589661222e+00
7.419126557764793573e-01 3.133683859250918431e+02 3.141592653589661222e+00
1.930964885620692684e+00 3.141512961373462645e+02 3.141592653589661222e+00
7.833708041125897470e-01 3.148725862003699945e+02 3.141592653589661222e+00
1.809676176239590761e+00 3.161878676053820527e+02 3.141592653589661222e+00
8.651964785969616933e-01 3.168857349032542743e+02 3.141592653589661222e+00
1.822991765269528441e+00 3.182250443292096520e+02 3.141592653589661222e+00
6.931127846950392302e-01 3.190952148361220111e+02 3.141592653589661222e+00
1.602099292195894975e+00 3.203269296487439988e+02 3.141592653589661222e+00
9.968452493777745227e-01 3.208747228509266733e+02 3.141592653589661222e+00
1.378228561137248676e+00 3.223427662600396957e+02 3.141592653589661222e+00
1.225478643141136192e+00 3.229163282365153123e+02 3.141592653589661222e+00
1.653676579204524488e+00 3.244214088714773538e+02 3.141592653589661222e+00
8.560806410053779514e-01 3.251096479069935299e+02 3.141592653589661222e+00
1.334452728895570761e+00 3.265183491249663916e+02 3.141592653589661222e+00
1.139152218639113201e+00 3.270362905669500719e+02 3.141592653589661222e+00
1.089009041598740346e+00 3.285097709875861938e+02 3.141592653589661222e+00
1.445145929329646473e+00 3.291062073458070358e+02 3.141592653589661222e+00
1.470163561850190481e+00 3.306378431537254414e+02 3.141592653589661222e+00
1.054058313039177852e+00 3.312427406382586241e+02 3.141592653589661222e+00
1.155426462862111370e+00 3.327115192705907134e+02 3.141592653589661222e+00
1.296745850532980748e+00 3.332301754449824216e+02 3.141592653589661222e+00
8.822561764816959640e-01 3.346537801828044394e+02 3.141592653589661222e+00
1.616581344683047261e+00 3.353232077432335814e+02 3.141592653589661222e+00
1.247606842359994195e+00 3.368315357730418214e+02 3.141592653589661222e+00
1.328943000971587018e+00 3.374050468142497152e+02 3.141592653589661222e+00
1.004881326198181268e+00 3.388755595970438890e+02 3.141592653589661222e+00
1.543313984923361470e+00 3.394213702117691014e+02 3.141592653589661222e+00
7.082735093468598420e-01 3.406921601881329593e+02 3.141592653589661222e+00
1.791343648466538374e+00 3.415245496942465024e+02 3.141592653589661222e+00
9.130261340030262351e-01 3.429006597767182711e+02 3.141592653589661222e+00
1.748592381993508749e+00 3.435637663058210478e+02 3.141592653589661222e+00
8.128326781094094011e-01 3.449149052893468479e+02 3.141592653589661222e+00
1.897481367339036051e+00 3.455973873914825845e+02 3.141592653589661222e+00
7.051667380293953347e-01 3.464488083119175599e+02 3.141592653589661222e+00
1.874720810143301053e+00 3.476528144742183031e+02 3.141592653589661222e+00
7.418610117172291796e-01 3.484882963188683789e+02 3.141592653589661222e+00
1.844702302011266504e+00 3.496829232864774895e+02 3.141592653589661222e+00
6.579233854402064541e-01 3.506559109376319157e+02 3.141592653589661222e+00
1.692432035742163388e+00 3.517766965833578752e+02 3.141592653589661222e+00
9.158930582269632081e-01 3.523652556661057815e+02 3.141592653589661222e+00
1.508323399607711890e+00 3.538050279916246268e+02 3.141592653589661222e+00
1.091052098905078260e+00 3.543948941453043062e+02 3.141592653589661222e+00
1.669641756764995044e+00 3.558588571281214854e+02 3.141592653589661222e+00
7.913065571492945427e-01 3.565852742907768516e+02 3.141592653589661222e+00
1.368868469318118342e+00 3.579598808881261220e+02 3.141592653589661222e+00
1.055309264715841078e+00 3.584967039959544763e+02 3.141592653589661222e+00
1.166441735775141320e+00 3.599731899527109249e+02 3.141592653589661222e+00
1.331649182224669659e+00 3.605541082586287303e+02 3.141592653589661222e+00
1.464864914893618586e+00 3.620663225219277024e+02 3.141592653589661222e+00
9.940282581639909854e-01 3.626823914419956054e+02 3.141592653589661222e+00
1.152687445887121021e+00 3.641431880845838691e+02 3.141592653589661222e+00
1.209376597474684401e+00 3.646740466649765153e+02 3.141592653589661222e+00
9.233351731532248863e-01 3.661183319262425471e+02 3.141592653589661222e+00
1.523507624600976440e+00 3.667591576647243414e+02 3.141592653589661222e+00
1.251685731758801712e+00 3.682611073997517224e+02 3.141592653589661222e+00
1.262433665570244834e+00 3.688359457194262063e+02 3.141592653589661222e+00
1.001161162645680669e+00 3.703077970222930730e+02 3.141592653589661222e+00
1.449820012565490313e+00 3.708579859793131845e+02 3.141592653589661222e+00
7.319430903365992114e-01 3.721775156461027905e+02 3.141592653589661222e+00
1.723370904033466156e+00 3.729616497868353235e+02 3.141592653589661222e+00
9.691969188138421787e-01 3.743731121895386309e+02 3.141592653589661222e+00
1.648935686234720643e+00 3.750021385591640524e+02 3.141592653589661222e+00
8.442110953683721331e-01 3.763928499782480799e+02 3.141592653589661222e+00
1.803863499173298690e+00 3.770367165903628006e+02 3.141592653589661222e+00
6.628226197591470248e-01 3.780070062067458707e+02 3.141592653589661222e+00
1.868684584889394040e+00 3.791119871491869162e+02 3.141592653589661222e+00
6.951713565724713106e-01 3.801008666413138144e+02 3.141592653589661222e+00
1.862943490042506589e+00 3.811401232323802333e+02 3.141592653589661222e+00
6.580037793738758856e-01 3.822142111769915687e+02 3.141592653589661222e+00
1.783598246302971591e+00 3.832203945284722977e+02 3.141592653589661222e+00
8.638932846830832402e-01 3.838473691331656141e+02 3.141592653589661222e+00
1.620545409256424874e+00 3.852532259352655615e+02 3.141592653589661222e+00
1.000750621887995351e+00 3.858699442819607839e+02 3.141592653589661222e+00
1.715695117252467039e+00 3.872970875061288325e+02 3.141592653589661222e+00
7.447968628893419929e-01 3.880692774013983239e+02 3.141592653589661222e+00
1.436113835938725325e+00 3.894011122126912028e+02 3.141592653589661222e+00
1.015021747027555765e+00 3.899468675592761997e+02 3.141592653589661222e+00
1.242914702022397178e+00 3.914212858473726442e+02 3.141592653589661222e+00
1.269264056126209406e+00 3.919962677400691291e+02 3.141592653589661222e+00
1.508587806276057819e+00 3.935007452027366526e+02 3.141592653589661222e+00
9.363185784609681095e-01 3.941365466818793379e+02 3.141592653589661222e+00
1.192731009328226399e+00 3.955843826964076584e+02 3.141592653589661222e+00
1.157216106370781761e+00 3.961168894321542098e+02 3.141592653589661222e+00
9.783489209730581448e-01 3.975757141354727082e+02 3.141592653589661222e+00
1.465887047410343591e+00 3.981946383717126423e+02 3.141592653589661222e+00
1.298199120677650864e+00 3.997006863460954946e+02 3.141592653589661222e+00
1.187455625453376573e+00 4.002795405474664108e+02 3.141592653589661222e+00
1.028703731765606255e+00 4.017540613297866230e+02 3.141592653589661222e+00
1.373823037408935299e+00 4.022986590076522475e+02 3.141592653589661222e+00
7.723850898786287500e-01 4.036628468025875236e+02 3.141592653589661222e+00
1.667547551600225164e+00 4.043997771920637092e+02 3.141592653589661222e+00
1.044463792637396304e+00 4.058459281720503782e+02 3.141592653589661222e+00
1.542442303087057764e+00 4.064462883474614046e+02 3.141592653589661222e+00
8.858347383963417476e-01 4.078713824247142270e+02 3.141592653589661222e+00
1.709119752629162381e+00 4.084789284919964416e+02 3.141592653589661222e+00
6.517204965463517796e-01 4.095644225195953823e+02 3.141592653589661222e+00
1.847742550784614801e+00 4.105691913466628762e+02 3.141592653589661222e+00
7.180480381123987010e-01 4.117131109694490192e+02 3.141592653589661222e+00
1.874966453979920900e+00 4.125980335459762500e+02 3.141592653589661222e+00
6.895524276443285583e-01 4.137691205256045919e+02 3.141592653589661222e+00
1.878283728638370231e+00 4.146596746998557137e+02 3.141592653589661222e+00
8.321702908710119084e-01 4.153211002938487013e+02 3.141592653589661222e+00
1.721134419893413092e+00 4.166916663555785476e+02 3.141592653589661222e+00
9.445302922843040738e-01 4.173377495817692306e+02 3.141592653589661222e+00
1.783808186202019863e+00 4.187336907638958223e+02 3.141592653589661222e+00
7.195224534027353513e-01 4.195521708310194526e+02 3.141592653589661222e+00
1.529032892243205710e+00 4.208379193216167664e+02 3.141592653589661222e+00
1.019508420388266945e+00 4.213783975593818809e+02 3.141592653589661222e+00
1.308366292011521104e+00 4.228522755973759786e+02 3.141592653589661222e+00
1.266854192010359759e+00 4.234252765010512576e+02 3.141592653589661222e+00
1.603349999029984208e+00 4.249373093942643322e+02 3.141592653589661222e+00
8.932052367102032431e-01 4.256013493341965273e+02 3.141592653589661222e+00
1.280668241031730270e+00 4.270295421956839164e+02 3.141592653589661222e+00
1.157874689847991911e+00 4.275496594869243268e+02 3.141592653589661222e+00
1.040157728994981268e+00 4.290174333148152641e+02 3.141592653589661222e+00
1.468874617829427187e+00 4.296239866019643046e+02 3.141592653589661222e+00
1.410401382976468998e+00 4.311500825559256782e+02 3.141592653589661222e+00
1.107540134259065168e+00 4.317420405625493913e+02 3.141592653589661222e+00
1.109175490697347000e+00 4.332162669773307471e+02 3.141592653589661222e+00
1.333116780750035701e+00 4.337416306661842214e+02 3.141592653589661222e+00
8.368138477839501821e-01 4.351438652977414563e+02 3.141592653589661222e+00
1.645529341290842051e+00 4.358386133657266441e+02 3.141592653589661222e+00
1.171711684882532412e+00 4.373280577864496763e+02 3.141592653589661222e+00
1.415591492682711561e+00 4.379057592195261464e+02 3.141592653589661222e+00
9.604107365644302119e-01 4.393640147509875646e+02 3.141592653589661222e+00
1.616822087314204293e+00 4.399282300171776114e+02 3.141592653589661222e+00
6.765502732011908771e-01 4.411304916737105941e+02 3.141592653589661222e+00
1.824319754946357452e+00 4.420281301988282507e+02 3.141592653589661222e+00
8.176521697226145635e-01 4.433249288737894176e+02 3.141592653589661222e+00
1.835389561387188895e+00 4.440616015864071642e+02 3.141592653589661222e+00
7.548809273307995893e-01 4.453413347235950255e+02 3.141592653589661222e+00
1.933778782706185195e+00 4.461032547217128013e+02 3.141592653589661222e+00
7.700693845642270219e-01 4.468428286374649474e+02 3.141592653589661222e+00
1.825919649790891386e+00 4.481420296015589884e+02 3.141592653589661222e+00
8.437640314876213576e-01 4.488568903607611560e+02 3.141592653589661222e+00
1.827401972202661540e+00 4.501777790037513682e+02 3.141592653589661222e+00
6.863013895687576360e-01 4.510619219352791447e+02 3.141592653589661222e+00
1.615815245995953164e+00 4.522788420799668074e+02 3.141592653589661222e+00
9.852372938205893327e-01 4.528315316672543531e+02 3.141592653589661222e+00
1.397081609405884439e+00 4.542965963627386827e+02 3.141592653589661222e+00
1.206395411044031363e+00 4.548712522573808883e+02 3.141592653589661222e+00
1.656422253605452921e+00 4.563712722288040595e+02 3.141592653589661222e+00
8.466603099306848623e-01 4.570644723254068253e+02 3.141592653589661222e+00
1.339400217596637743e+00 4.584688581887471628e+02 3.141592653589661222e+00
1.127322154953309230e+00 4.589890950465552919e+02 3.141592653589661222e+00
1.099809983808925473e+00 4.604635758405258343e+02 3.141592653589661222e+00
1.429735944773169454e+00 4.610572981810585134e+02 3.141592653589661222e+00
1.470660571187101695e+00 4.625866602977129105e+02 3.141592653589661222e+00
1.045301737389497276e+00 4.631931635193732291e+02 3.141592653589661222e+00
1.155935398390975033e+00 4.646608783163773637e+02 3.141592653589661222e+00
1.284602520363212985e+00 4.651809294146820548e+02 3.141592653589661222e+00
8.884438298815493518e-01 4.666079646280269344e+02 3.141592653589661222e+00
1.604280270433169564e+00 4.672729553308617483e+02 3.141592653589661222e+00
1.250743989643654075e+00 4.687811651972366462e+02 3.141592653589661222e+00
1.317972243595598281e+00 4.693547598853712657e+02 3.141592653589661222e+00
1.006015157588278752e+00 4.708258043354083497e+02 3.141592653589661222e+00
1.529380558720347283e+00 4.713715492675752330e+02 3.141592653589661222e+00
7.122295734331440809e-01 4.726508252508215833e+02 3.141592653589661222e+00
1.782272784637139340e+00 4.734750053968386965e+02 3.141592653589661222e+00
9.240673861259004473e-01 4.748586479627592212e+02 3.141592653589661222e+00
1.732810669389707181e+00 4.755146943010741438e+02 3.141592653589661222e+00
8.193418270549028826e-01 4.768737387148095195e+02 3.141592653589661222e+00
1.884773264596058207e+00 4.775480928909694285e+02 3.141592653589661222e+00
6.964822468034207459e-01 4.784188220042932471e+02 3.141592653589661222e+00
1.876703215004959846e+00 4.796067630474925068e+02 3.141592653589661222e+00
7.296727806226104285e-01 4.804658644228866820e+02 3.141592653589661222e+00
1.847610281879904948e+00 4.816363437335169806e+02 3.141592653589661222e+00
6.556844858818822175e-01 4.826255389895420649e+02 3.141592653589661222e+00
1.706450689437590595e+00 4.837283480882358617e+02 3.141592653589661222e+00
9.057199938745940093e-01 4.843233573212503984e+02 3.141592653589661222e+00
1.527105272477461861e+00 4.857579014310452976e+02 3.141592653589661222e+00
1.073690688617151778e+00 4.863516235030682537e+02 3.141592653589661222e+00
1.674693282718503706e+00 4.878092877603227748e+02 3.141592653589661222e+00
7.824860168699024898e-01 4.885425592973119251e+02 3.141592653589661222e+00
1.377095721483167168e+00 4.899109016823839511e+02 3.141592653589661222e+00
1.045592523826301301e+00 4.904500428364705726e+02 3.141592653589661222e+00
1.178759140860431653e+00 4.919263312630484393e+02 3.141592653589661222e+00
1.317589383138883186e+00 4.925057966550118635e+02 3.141592653589661222e+00
1.467783363614909575e+00 4.940157524462322840e+02 3.141592653589661222e+00
9.844178780179332344e-01 4.946342703091241901e+02 3.141592653589661222e+00
1.155489618661625029e+00 4.960934313259688793e+02 3.141592653589661222e+00
1.198019820247817391e+00 4.966254546864467443e+02 3.141592653589661222e+00
9.309637947016790038e-01 4.980724388190527065e+02 3.141592653589661222e+00
1.511021179136737613e+00 4.987092701639326151e+02 3.141592653589661222e+00
1.254921005252506383e+00 5.002108370909008954e+02 3.141592653589661222e+00
1.251312015392442412e+00 5.007860184420185874e+02 3.141592653589661222e+00
1.002438618965960426e+00 5.022581883821645761e+02 3.141592653589661222e+00
1.436152088334886390e+00 5.028084453624692287e+02 3.141592653589661222e+00
7.367768294887049318e-01 5.041351979339089553e+02 3.141592653589661222e+00
1.713059588195605665e+00 5.049118902721299378e+02 3.141592653589661222e+00
9.785794202079316495e-01 5.063283362340177405e+02 3.141592653589661222e+00
1.633017674448955958e+00 5.069527700199819265e+02 3.141592653589661222e+00
8.492923773398276532e-01 5.083488711739434507e+02 3.141592653589661222e+00
1.788689674779912142e+00 5.089874101612049344e+02 3.141592653589661222e+00
6.590128686625938981e-01 5.099757948076492653e+02 3.141592653589661222e+00
1.865779843601421462e+00 5.110653853630833510e+02 3.141592653589661222e+00
6.942860669019926823e-01 5.120786087579627974e+02 3.141592653589661222e+00
1.866014427035270096e+00 5.130934842777929816e+02 3.141592653589661222e+00
6.610519556063744195e-01 5.141828743260024339e+02 3.141592653589661222e+00
1.798900794150237514e+00 5.151711120504489827e+02 3.141592653589661222e+00
8.586584957766868476e-01 5.158031389873073067e+02 3.141592653589661222e+00
1.636743056358091586e+00 5.172039039127189426e+02 3.141592653589661222e+00
9.912679532603405619e-01 5.178248326990574242e+02 3.141592653589661222e+00
1.726185599670816417e+00 5.192473078264619062e+02 3.141592653589661222e+00
7.399101693000729174e-01 5.200268055699521028e+02 3.141592653589661222e+00
1.450092069099611081e+00 5.213515795378679059e+02 3.141592653589661222e+00
1.014167618949230798e+00 5.218970206550372950e+02 3.141592653589661222e+00
1.253949456952238251e+00 5.233712615615011146e+02 3.141592653589661222e+00
1.266702056496026074e+00 5.239458198284097534e+02 3.141592653589661222e+00
1.521901980001287180e+00 5.254509722359117632e+02 3.141592653589661222e+00
9.285565071047501284e-01 5.260908642099407189e+02 3.141592653589661222e+00
1.204789221730552029e+00 5.275360066838412649e+02 3.141592653589661222e+00
1.154739365020422071e+00 5.280671489277023056e+02 3.141592653589661222e+00
9.882952452314016645e-01 5.295277029266136424e+02 3.141592653589661222e+00
1.463367074723105121e+00 5.301441111867891323e+02 3.141592653589661222e+00
1.313068739504361426e+00 5.316527156421765312e+02 3.141592653589661222e+00
1.174661691593091861e+00 5.322328987425560172e+02 3.141592653589661222e+00
1.038824248646352810e+00 5.337078588112156012e+02 3.141592653589661222e+00
1.365243715616114573e+00 5.342498904835921394e+02 3.141592653589661222e+00
7.814804803192714200e-01 5.356208180857212255e+02 3.141592653589661222e+00
1.662136506803900460e+00 5.363504046998173180e+02 3.141592653589661222e+00
1.061837118059745233e+00 5.378033182943826205e+02 3.141592653589661222e+00
1.523580331310540492e+00 5.383991647143755017e+02 3.141592653589661222e+00
8.958268259638526576e-01 5.398300446001456976e+02 3.141592653589661222e+00
1.694693647851111429e+00 5.404306875820631149e+02 3.141592653589661222e+00
6.531739110936194415e-01 5.415349905386723321e+02 3.141592653589661222e+00
1.844531581201869441e+00 5.425228458711394524e+02 3.141592653589661222e+00
7.285459617452713088e-01 5.436919252531415623e+02 3.141592653589661222e+00
1.874204717461490199e+00 5.445520944414943187e+02 3.141592653589661222e+00
6.975583687820157142e-01 5.457393735750027872e+02 3.141592653589661222e+00
1.892281488335705530e+00 5.466103710487788021e+02 3.141592653589661222e+00
8.261358627117215692e-01 5.472790211895637640e+02 3.141592653589661222e+00
1.737496497574588572e+00 5.486423789834905165e+02 3.141592653589661222e+00
9.344020208075741740e-01 5.492946047733271371e+02 3.141592653589661222e+00
1.794152101989334946e+00 5.506840483907279804e+02 3.141592653589661222e+00
7.159613077379816115e-01 5.515104002690408151e+02 3.141592653589661222e+00
1.544312963387141746e+00 5.527880042828491014e+02 3.141592653589661222e+00
1.020541375410567886e+00 5.533275836380122428e+02 3.141592653589661222e+00
1.318689421728492128e+00 5.548013122810319828e+02 3.141592653589661222e+00
1.266889635360333166e+00 5.553741034518269544e+02 3.141592653589661222e+00
1.618989034437053220e+00 5.568873398474785290e+02 3.141592653589661222e+00
8.871521184071990973e-01 5.575562708979468880e+02 3.141592653589661222e+00
1.295825374320572987e+00 5.589807811635420194e+02 3.141592653589661222e+00
1.159915431988158385e+00 5.594985640437230359e+02 3.141592653589661222e+00
1.049513127134937607e+00 5.609674414509003100e+02 3.141592653589661222e+00
1.471555334233646706e+00 5.615725594803897138e+02 3.141592653589661222e+00
1.430302371806133621e+00 5.631021289291433050e+02 3.141592653589661222e+00
1.095284741850213628e+00 5.636971798249389849e+02 3.141592653589661222e+00
1.124288798195573591e+00 5.651705035227547569e+02 3.141592653589661222e+00
1.328872640093838653e+00 5.656926024321268187e+02 3.141592653589661222e+00
8.479379506198067018e-01 5.670998285967301626e+02 3.141592653589661222e+00
1.643850851619069298e+00 5.677888968944175758e+02 3.141592653589661222e+00
1.194511525722751211e+00 5.692848584776020289e+02 3.141592653589661222e+00
1.394234154643036794e+00 5.698606283774082613e+02 3.141592653589661222e+00
9.741048426622164191e-01 5.713229821174301151e+02 3.141592653589661222e+00
1.601764172463451041e+00 5.718808889117063927e+02 3.141592653589661222e+00
6.837961563921564068e-01 5.731005872946973341e+02 3.141592653589661222e+00
1.819548461010818574e+00 5.739817741805304649e+02 3.141592653589661222e+00
8.403056297890789672e-01 5.753004301973679731e+02 3.141592653589661222e+00
1.819681352274850727e+00 5.760165965479205852e+02 3.141592653589661222e+00
7.687278905281067498e-01 5.773145550094154714e+02 3.141592653589661222e+00
1.932790384331726008e+00 5.780556145833959363e+02 3.141592653589661222e+00
7.553460231052484541e-01 5.788168206028427676e+02 3.141592653589661222e+00
1.841264591805233497e+00 5.800972586429751345e+02 3.141592653589661222e+00
8.200540503967349570e-01 5.808331762296514853e+02 3.141592653589661222e+00
1.831188644503726426e+00 5.821314902432117151e+02 3.141592653589661222e+00
6.789106465799173984e-01 5.830321567707642316e+02 3.141592653589661222e+00
1.630548869547657986e+00 5.842314910783235291e+02 3.141592653589661222e+00
9.708116156260042651e-01 5.847906890705548903e+02 3.141592653589661222e+00
1.418991204426053310e+00 5.862516763021584438e+02 3.141592653589661222e+00
1.182761441454686091e+00 5.868281942503045912e+02 3.141592653589661222e+00
1.657708965217494557e+00 5.883215234961824081e+02 3.141592653589661222e+00
8.356427585422023796e-01 5.890204152496560255e+02 3.141592653589661222e+00
1.343540607168190570e+00 5.904197711472612582e+02 3.141592653589661222e+00
1.112135059843102347e+00 5.909433346375307110e+02 3.141592653589661222e+00
1.112197541605517648e+00 5.924187116732383629e+02 3.141592653589661222e+00
1.409714272597670792e+00 5.930093905630781137e+02 3.141592653589661222e+00
1.468073326783484456e+00 5.945352732669310853e+02 3.141592653589661222e+00
1.035880161086764506e+00 5.951432577549923053e+02 3.141592653589661222e+00
1.154029958200962547e+00 5.966098501909156084e+02 3.141592653589661222e+00
1.269558422326111602e+00 5.971322097445649888e+02 3.141592653589661222e+00
8.945290176097905332e-01 5.985628366765527062e+02 3.141592653589661222e+00
1.588498646459945762e+00 5.992230127147956864e+02 3.141592653589661222e+00
1.250440575168843660e+00 6.007299660457508708e+02 3.141592653589661222e+00
1.307604238012112452e+00 6.013037398908946898e+02 3.141592653589661222e+00
1.004752368756146375e+00 6.027749480357418861e+02 3.141592653589661222e+00
1.513997160498518291e+00 6.033216333638656579e+02 3.141592653589661222e+00
7.156208421144255594e-01 6.046089558738101459e+02 3.141592653589661222e+00
1.771342866210994238e+00 6.054253107636195637e+02 3.141592653589661222e+00
9.331326583982476608e-01 6.068150282934233246e+02 3.141592653589661222e+00
1.716804807766936669e+00 6.074651716300660382e+02 3.141592653589661222e+00
8.245121518804473526e-01 6.088310647117220924e+02 3.141592653589661222e+00
1.870012954539587158e+00 6.094987252160225353e+02 3.141592653589661222e+00
6.883008802511195734e-01 6.103889196110402509e+02 3.141592653589661222e+00
1.876827638781214391e+00 6.115607753664356778e+02 3.141592653589661222e+00
7.190323191328655827e-01 6.124443582995215820e+02 3.141592653589661222e+00
1.850130432678202430e+00 6.135898807008355789e+02 3.141592653589661222e+00
6.541681908315344351e-01 6.145955869190415797e+02 3.141592653589661222e+00
1.720343060772563382e+00 6.156799776357213432e+02 3.141592653589661222e+00
8.955657604654032600e-01 6.162817844771518594e+02 3.141592653589661222e+00
1.545895271018279171e+00 6.177107128466496988e+02 3.141592653589661222e+00
1.056376375573828685e+00 6.183087406480167374e+02 3.141592653589661222e+00
1.679943228431869828e+00 6.197598007174652821e+02 3.141592653589661222e+00
7.737788221651223930e-01 6.205002332380302050e+02 3.141592653589661222e+00
1.385725395366324220e+00 6.218619735655179284e+02 3.141592653589661222e+00
1.036066103090218737e+00 6.224034844922027787e+02 3.141592653589661222e+00
1.191325463173924737e+00 6.238794108708742669e+02 3.141592653589661222e+00
1.303602657695872802e+00 6.244575995783162625e+02 3.141592653589661222e+00
1.470969083197551486e+00 6.259652515311141769e+02 3.141592653589661222e+00
9.747388560692399340e-01 6.265863621154576322e+02 3.141592653589661222e+00
1.158591142175138922e+00 6.280437727979647207e+02 3.141592653589661222e+00
1.186765148560452010e+00 6.285769604010407647e+02 3.141592653589661222e+00
9.388105586671519065e-01 6.300265212041340419e+02 3.141592653589661222e+00
1.498491351637375457e+00 6.306594437027207505e+02 3.141592653589661222e+00
1.258174689884449915e+00 6.321605758999494356e+02 3.141592653589661222e+00
1.240177266778448750e+00 6.327361576965331551e+02 3.141592653589661222e+00
1.003756204011290398e+00 6.342086008971009505e+02 3.141592653589661222e+00
1.422530624389585663e+00 6.347589537506428314e+02 3.141592653589661222e+00
7.417514754975212954e-01 6.360927328984604401e+02 3.141592653589661222e+00
1.702572372047548299e+00 6.368621088381858044e+02 3.141592653589661222e+00
9.876940363154335101e-01 6.382831971978233696e+02 3.141592653589661222e+00
1.617145315852819065e+00 6.389033652555646086e+02 3.141592653589661222e+00
8.541442430375850714e-01 6.403045168405668619e+02 3.141592653589661222e+00
1.773254716019676547e+00 6.409381042271919569e+02 3.141592653589661222e+00
6.558658587240802085e-01 6.419442786807494485e+02 3.141592653589661222e+00
1.862255976692949400e+00 6.430186681014102987e+02 3.141592653589661222e+00
6.949316300955392656e-01 6.440558370716466925e+02 3.141592653589661222e+00
1.868369309232756237e+00 6.450467462067532551e+02 3.141592653589661222e+00
6.646343935954581728e-01 6.461511324306768529e+02 3.141592653589661222e+00
1.813387673346412710e+00 6.471217106539011183e+02 3.141592653589661222e+00
8.533049301620829752e-01 6.477590386678465393e+02 3.141592653589661222e+00
1.652480218780275401e+00 6.491545136787979118e+02 3.141592653589661222e+00
9.817407672832360044e-01 6.497798591792183061e+02 3.141592653589661222e+00
1.736091929390241262e+00 6.511974455166225653e+02 3.141592653589661222e+00
7.352886723713031314e-01 6.519841339649605061e+02 3.141592653589661222e+00
1.463603801050054498e+00 6.533018857687313812e+02 3.141592653589661222e+00
1.013300228244465417e+00 6.538470753657032901e+02 3.141592653589661222e+00
1.264617394847978860e+00 6.553210972733994595e+02 3.141592653589661222e+00
1.264137804071010729e+00 6.558952947365870614e+02 3.141592653589661222e+00
1.534644294260784525e+00 6.574010210541604238e+02 3.141592653589661222e+00
9.212575324490198669e-01 6.580449419946025955e+02 3.141592653589661222e+00
1.216484537522070974e+00 6.594873615260761426e+02 3.141592653589661222e+00
1.152590804599512797e+00 6.600171994668306752e+02 3.141592653589661222e+00
9.978142668605480825e-01 6.614793164319693233e+02 3.141592653589661222e+00
1.461143482631173551e+00 6.620934283590098630e+02 3.141592653589661222e+00
1.327448656306825736e+00 6.636044391367914841e+02 3.141592653589661222e+00
1.162552714400976406e+00 6.641860868665158932e+02 3.141592653589661222e+00
1.048755470608579543e+00 6.656612977053478062e+02 3.141592653589661222e+00
1.357330396430623365e+00 6.662009207685719048e+02 3.141592653589661222e+00
7.903707848125034463e-01 6.675780197575280681e+02 3.141592653589661222e+00
1.657089695788535044e+00 6.683008230064860982e+02 3.141592653589661222e+00
1.078646229239816901e+00 6.697599570214688356e+02 3.141592653589661222e+00
1.505369120829917806e+00 6.703518908498712108e+02 3.141592653589661222e+00
9.054884928711061098e-01 6.717879808549091649e+02 3.141592653589661222e+00
1.680637972530574897e+00 6.723823022326115506e+02 3.141592653589661222e+00
6.552869572335656700e-01 6.735043301147136390e+02 3.141592653589661222e+00
1.841020051595752882e+00 6.744761528049905337e+02 3.141592653589661222e+00
7.401516664769496323e-01 6.756687078152958748e+02 3.141592653589661222e+00
1.871654194989135211e+00 6.765058397855433441e+02 3.141592653589661222e+00
7.057468195117549969e-01 6.777087337344419211e+02 3.141592653589661222e+00
1.903673911630196169e+00 6.785610185547651554e+02 3.141592653589661222e+00
8.189053463949121925e-01 6.792381404193874914e+02 3.141592653589661222e+00
1.753117820118284875e+00 6.805934330233077389e+02 3.141592653589661222e+00
9.225476378522882159e-01 6.812527884939008800e+02 3.141592653589661222e+00
1.802225176367383108e+00 6.826344470467954579e+02 3.141592653589661222e+00
7.119148392362750766e-01 6.834688101349260023e+02 3.141592653589661222e+00
1.557561449127374154e+00 6.847380901409533180e+02 3.141592653589661222e+00
1.018952451593696518e+00 6.852778717000015831e+02 3.141592653589661222e+00
1.329425627743327620e+00 6.867510850328334300e+02 3.141592653589661222e+00
1.263227195685076465e+00 6.873237535451584108e+02 3.141592653589661222e+00
1.630436024149592322e+00 6.888369489829796066e+02 3.141592653589661222e+00
8.811801675783292875e-01 6.895101884512625929e+02 3.141592653589661222e+00
1.307382033372527674e+00 6.909313356450811625e+02 3.141592653589661222e+00
1.159275324227525994e+00 6.914478393637238014e+02 3.141592653589661222e+00
1.057910503866218432e+00 6.929177354939756697e+02 3.141592653589661222e+00
1.470828331907342523e+00 6.935213163015500868e+02 3.141592653589661222e+00
1.444706135655096313e+00 6.950529775006220916e+02 3.141592653589661222e+00
1.085044612576828049e+00 6.956506404323583865e+02 3.141592653589661222e+00
1.135364536702006655e+00 6.971230070556094915e+02 3.141592653589661222e+00
1.323903691770043967e+00 6.976430167371378275e+02 3.141592653589661222e+00
8.569903563681883218e-01 6.990543439898693805e+02 3.141592653589661222e+00
1.640719546845828436e+00 6.997386656847024824e+02 3.141592653589661222e+00
1.211845433964374275e+00 7.012392596617717118e+02 3.141592653589661222e+00
1.376714439996090888e+00 7.018139173099705204e+02 3.141592653589661222e+00
9.844526127817055938e-01 7.032791281015324785e+02 3.141592653589661222e+00
1.588353662202815597e+00 7.038325684378665983e+02 3.141592653589661222e+00
6.901100385980538654e-01 7.050662466070535856e+02 3.141592653589661222e+00
1.814438165672127345e+00 7.059341770685726942e+02 3.141592653589661222e+00
8.596331228654653378e-01 7.072697627725132179e+02 3.141592653589661222e+00
1.804092491915668672e+00 7.079701854953273141e+02 3.141592653589661222e+00
7.805091093820080150e-01 7.092829623457625985e+02 3.141592653589661222e+00
1.928471504783187740e+00 7.100073192307404497e+02 3.141592653589661222e+00
7.423541827244078961e-01 7.107890659188549307e+02 3.141592653589661222e+00
1.852665875843802157e+00 7.120518952923703182e+02 3.141592653589661222e+00
7.992295645581041219e-01 7.128088170509553265e+02 3.141592653589661222e+00
1.834110444916748239e+00 7.140848744222200821e+02 3.141592653589661222e+00
6.726307884453806007e-01 7.150014455725505513e+02 3.141592653589661222e+00
1.643974960946333663e+00 7.161837468245123546e+02 3.141592653589661222e+00
9.570767280757048745e-01 7.167495587510312589e+02 3.141592653589661222e+00
1.439565695993321182e+00 7.182062016853643627e+02 3.141592653589661222e+00
1.160187262065649705e+00 7.187850375173560451e+02 3.141592653589661222e+00
1.658512202256905432e+00 7.202716315711505786e+02 3.141592653589661222e+00
8.252167024070226065e-01 7.209760848126730934e+02 3.141592653589661222e+00
1.347226982275373519e+00 7.223704800713386476e+02 3.141592653589661222e+00
1.097485828159481036e+00 7.228974367782869876e+02 3.141592653589661222e+00
1.123992429079213595e+00 7.243734016165725507e+02 3.141592653589661222e+00
1.390135369848221503e+00 7.249614038200502364e+02 3.141592653589661222e+00
1.464724031859081288e+00 7.264836905658083879e+02 3.141592653589661222e+00
1.027041724584889071e+00 7.270930154428366450e+02 3.141592653589661222e+00
1.151531191589626246e+00 7.285585417982764511e+02 3.141592653589661222e+00
1.254975356611282233e+00 7.290833108311957176e+02 3.141592653589661222e+00
9.000146621045480577e-01 7.305171374918288620e+02 3.141592653589661222e+00
1.572898892807765847e+00 7.311728957559327000e+02 3.141592653589661222e+00
1.248646199518241628e+00 7.326782157459153950e+02 3.141592653589661222e+00
1.298562128505715618e+00 7.332521901034004941e+02 3.141592653589661222e+00
1.002551695370230256e+00 7.347233817728532586e+02 3.141592653589661222e+00
1.499623917730173339e+00 7.352713512257506636e+02 3.141592653589661222e+00
7.184165340807348032e-01 7.365655813704464663e+02 3.141592653589661222e+00
1.760634594718911039e+00 7.373751626320142805e+02 3.141592653589661222e+00
9.400860729156751416e-01 7.387694550739371380e+02 3.141592653589661222e+00
1.702530167874110489e+00 7.394150085232329275e+02 3.141592653589661222e+00
8.283322167234055122e-01 7.407863402256572272e+02 3.141592653589661222e+00
1.855828702259526342e+00 7.414488984116983374e+02 3.141592653589661222e+00
6.815963977390323558e-01 7.423563218258932466e+02 3.141592653589661222e+00
1.875730274081717441e+00 7.435139659138754951e+02 3.141592653589661222e+00
7.110945255608334126e-01 7.444196746978196870e+02 3.141592653589661222e+00
1.852240456411289093e+00 7.455427087568330080e+02 3.141592653589661222e+00
6.535238211520466578e-01 7.465631311704800055e+02 3.141592653589661222e+00
1.732705348006704504e+00 7.476309965850915660e+02 3.141592653589661222e+00
8.869626418086400399e-01 7.482388925408679370e+02 3.141592653589661222e+00
1.562360061804981548e+00 7.496626620717033802e+02 3.141592653589661222e+00
1.041659562841793951e+00 7.502647674998436287e+02 3.141592653589661222e+00
1.685160546043456220e+00 7.517099448431150677e+02 3.141592653589661222e+00
7.663678807451926867e-01 7.524569444043632984e+02 3.141592653589661222e+00
1.394048301184238170e+00 7.538125843778782382e+02 3.141592653589661222e+00
1.028341797575005101e+00 7.543560432252223791e+02 3.141592653589661222e+00
1.202562182409264047e+00 7.558315536495316564e+02 3.141592653589661222e+00
1.292035946589747075e+00 7.564087831208041734e+02 3.141592653589661222e+00
1.474730294350474091e+00 7.579145790931362399e+02 3.141592653589661222e+00
9.661687309707762683e-01 7.585381847966751820e+02 3.141592653589661222e+00
1.162180813792659029e+00 7.599939181965876287e+02 3.141592653589661222e+00
1.177388146184718432e+00 7.605279586034032491e+02 3.141592653589661222e+00
9.461064878337107631e-01 7.619796933310806253e+02 3.141592653589661222e+00
1.487976563958789855e+00 7.626092648162718888e+02 3.141592653589661222e+00
1.261908908948787600e+00 7.641102050878138243e+02 3.141592653589661222e+00
1.230077153011364555e+00 7.646862046126099131e+02 3.141592653589661222e+00
1.005550849337710773e+00 7.661589129917950913e+02 3.141592653589661222e+00
1.410712284195658528e+00 7.667091607910488165e+02 3.141592653589661222e+00
7.465334140282510189e-01 7.680491262353267530e+02 3.141592653589661222e+00
1.693443814058442243e+00 7.688119967833480359e+02 3.141592653589661222e+00
9.961922400282824386e-01 7.702372271260949219e+02 3.141592653589661222e+00
1.602868861876919571e+00 7.708536790046796341e+02 3.141592653589661222e+00
8.586671537278131039e-01 7.722592506248241762e+02 3.141592653589661222e+00
1.759493689384080906e+00 7.728884485461563827e+02 3.141592653589661222e+00
6.536474735918106349e-01 7.739103789715760513e+02 3.141592653589661222e+00
1.858853085465900001e+00 7.749712114778315026e+02 3.141592653589661222e+00
6.968016164740273855e-01 7.760295648598184926e+02 3.141592653589661222e+00
1.870027349012549633e+00 7.769993009994879003e+02 3.141592653589661222e+00
6.683381169573793246e-01 7.781169352315822607e+02 3.141592653589661222e+00
1.825941842249619196e+00 7.790718398287755235e+02 3.141592653589661222e+00
8.485428889796264862e-01 7.797140464276759531e+02 3.141592653589661222e+00
1.666277155986070735e+00 7.811046534463981743e+02 3.141592653589661222e+00
9.733534289229193170e-01 7.817340886897025030e+02 3.141592653589661222e+00
1.744772986867989761e+00 7.831471936216464655e+02 3.141592653589661222e+00
7.314120968710292603e-01 7.839402600076080034e+02 3.141592653589661222e+00
1.475608350318684758e+00 7.852517224840715926e+02 3.141592653589661222e+00
1.012775072706533441e+00 7.857966296135317634e+02 3.141592653589661222e+00
1.273903045565689451e+00 7.872704523585642846e+02 3.141592653589661222e+00
1.262198140781739752e+00 7.878443723800115777e+02 3.141592653589661222e+00
1.546065333033470157e+00 7.893506551887447813e+02 3.141592653589661222e+00
9.150635797932175075e-01 7.899982036710414377e+02 3.141592653589661222e+00
1.227068032251316332e+00 7.914381237569441510e+02 3.141592653589661222e+00
1.151184628940336907e+00 7.919667308427399348e+02 3.141592653589661222e+00
1.006136191349444653e+00 7.934301329460211036e+02 3.141592653589661222e+00
1.459717768353375078e+00 7.940423612146960295e+02 3.141592653589661222e+00
1.340518612235809259e+00 7.955555569442061596e+02 3.141592653589661222e+00
1.152036313334528383e+00 7.961386599286329329e+02 3.141592653589661222e+00
1.057922494875541020e+00 7.976139640380386027e+02 3.141592653589661222e+00
1.350838931515221386e+00 7.981514220325533415e+02 3.141592653589661222e+00
7.983831935528243884e-01 7.995337113795625328e+02 3.141592653589661222e+00
1.653010720883299811e+00 8.002507675889597749e+02 3.141592653589661222e+00
1.093804867851602802e+00 8.017152671537196511e+02 3.141592653589661222e+00
1.489238368707938687e+00 8.023040515824644672e+02 3.141592653589661222e+00
9.142310544886040891e-01 8.037445071238063292e+02 3.141592653589661222e+00
1.668265354886445229e+00 8.043334045768339138e+02 3.141592653589661222e+00
6.577579704857174914e-01 8.054707569880033589e+02 3.141592653589661222e+00
1.837729269954725630e+00 8.064286301158186916e+02 3.141592653589661222e+00
7.516063563329606900e-01 8.076413011058791653e+02 3.141592653589661222e+00
1.867960385445733840e+00 8.084587639199255591e+02 3.141592653589661222e+00
7.134245432920693908e-01 8.096754905141132213e+02 3.141592653589661222e+00
1.912113905917540491e+00 8.105113184575728837e+02 3.141592653589661222e+00
8.114863346636993491e-01 8.111971781960344288e+02 3.141592653589661222e+00
1.766789124286093360e+00 8.125443879012360640e+02 3.141592653589661222e+00
9.105198973237897953e-01 8.132111301425239844e+02 3.141592653589661222e+00
1.808083682791350455e+00 8.145846198469585033e+02 3.141592653589661222e+00
7.078697200363843756e-01 8.154265367951992403e+02 3.141592653589661222e+00
1.568374271664651376e+00 8.166879441833359579e+02 3.141592653589661222e+00
1.015592239939739461e+00 8.172287380442448921e+02 3.141592653589661222e+00
1.339717988683964744e+00 8.187011740718655801e+02 3.141592653589661222e+00
1.257141865590369001e+00 8.192738307945461429e+02 3.141592653589661222e+00
1.637956539970912395e+00 8.207860625137058150e+02 3.141592653589661222e+00
8.756825268962452613e-01 8.214628622952341175e+02 3.141592653589661222e+00
1.315400376648993452e+00 8.228811453416304857e+02 3.141592653589661222e+00
1.156597374691824776e+00 8.233972749457205964e+02 3.141592653589661222e+00
1.065079282256118143e+00 8.248680516900651583e+02 3.141592653589661222e+00
1.467487067276553869e+00 8.254701162282401583e+02 3.141592653589661222e+00
1.453813556694463216e+00 8.270026643646990578e+02 3.141592653589661222e+00
1.077056996562281155e+00 8.276023019090225716e+02 3.141592653589661222e+00
1.142440570094514163e+00 8.290738223916322340e+02 3.141592653589661222e+00
1.318614074819055793e+00 8.295927874323647302e+02 3.141592653589661222e+00
8.637956888563639302e-01 8.310073041202261948e+02 3.141592653589661222e+00
1.636588344826359176e+00 8.316878625039356621e+02 3.141592653589661222e+00
1.223527021769690748e+00 8.331913443878627277e+02 3.141592653589661222e+00
1.363559312923983136e+00 8.337654347967927606e+02 3.141592653589661222e+00
9.913283896336155809e-01 8.352324609198306007e+02 3.141592653589661222e+00
1.577287366859918993e+00 8.357831075663835918e+02 3.141592653589661222e+00
6.949970732558228281e-01 8.370271443749135187e+02 3.141592653589661222e+00
1.809538276185065131e+00 8.378852139942764552e+02 3.141592653589661222e+00
8.743825822830623151e-01 8.392328371524805561e+02 3.141592653589661222e+00
1.790650144506530594e+00 8.399221275064196561e+02 3.141592653589661222e+00
7.894818032645074535e-01 8.412458627992232323e+02 3.141592653589661222e+00
1.922800521613123204e+00 8.419580472578501258e+02 3.141592653589661222e+00
7.321614246557668348e-01 8.427570518318385666e+02 3.141592653589661222e+00
1.860247611576717253e+00 8.440052101784469869e+02 3.141592653589661222e+00
7.830521995265152801e-01 8.447805544754147604e+02 3.141592653589661222e+00
1.836428964186937796e+00 8.460372822095529273e+02 3.141592653589661222e+00
6.679749616939737455e-01 8.469674614076051284e+02 3.141592653589661222e+00
1.655293438059479483e+00 8.481350940603209665e+02 3.141592653589661222e+00
9.458647571180636149e-01 8.487066241259150274e+02 3.141592653589661222e+00
1.456737334002310646e+00 8.501593256977799911e+02 3.141592653589661222e+00
1.141638966780536446e+00 8.507404912369021304e+02 3.141592653589661222e+00
1.659639964191265360e+00 8.522213184354787927e+02 3.141592653589661222e+00
8.165114987420210024e-01 8.529307127272103344e+02 3.141592653589661222e+00
1.350873537373177280e+00 8.543206798990532889e+02 3.141592653589661222e+00
1.085563126021717117e+00 8.548504577943713230e+02 3.141592653589661222e+00
1.134104741265323124e+00 8.563267373116018462e+02 3.141592653589661222e+00
1.373979547707799398e+00 8.569126810411730730e+02 3.141592653589661222e+00
1.462417935124189716e+00 8.584319942790780260e+02 3.141592653589661222e+00
1.019370053903845275e+00 8.590425753264373725e+02 3.141592653589661222e+00
1.149865339426072053e+00 8.605071327797878666e+02 3.141592653589661222e+00
1.242809896909529810e+00 8.610338557814468459e+02 3.141592653589661222e+00
9.048703306871974661e-01 8.624703078366104592e+02 3.141592653589661222e+00
1.559762531823619902e+00 8.631223707541181511e+02 3.141592653589661222e+00
1.247308199482096702e+00 8.646263352781385265e+02 3.141592653589661222e+00
1.290747101586356527e+00 8.652004908483887675e+02 3.141592653589661222e+00
1.000801396046288705e+00 8.666716753287602160e+02 3.141592653589661222e+00
1.487430146758034422e+00 8.672206952877809272e+02 3.141592653589661222e+00
7.209083958973103723e-01 8.685207172915640967e+02 3.141592653589661222e+00
1.751407753230134867e+00 8.693245641003168203e+02 3.141592653589661222e+00
9.458554020963859665e-01 8.707225346202155833e+02 3.141592653589661222e+00
1.690386868699804701e+00 8.713643842921617306e+02 3.141592653589661222e+00
8.314437787778307110e-01 8.727401135979007449e+02 3.141592653589661222e+00
1.843559846920008960e+00 8.733985824354311944e+02 3.141592653589661222e+00
6.764155230505056737e-01 8.743205249952462736e+02 3.141592653589661222e+00
1.874290439267767061e+00 8.754661515567956940e+02 3.141592653589661222e+00
7.055639274214572376e-01 8.763907723700409633e+02 3.141592653589661222e+00
1.854186906903483312e+00 8.774946478574255480e+02 3.141592653589661222e+00
6.535703366898443223e-01 8.785275070601844618e+02 3.141592653589661222e+00
1.743496176512822071e+00 8.795812977656277099e+02 3.141592653589661222e+00
8.803264034620577050e-01 8.801941633724007943e+02 3.141592653589661222e+00
1.576079530894182179e+00 8.816135793355795158e+02 3.141592653589661222e+00
1.030198895313010787e+00 8.822191950443387896e+02 3.141592653589661222e+00
1.690437541026918788e+00 8.836596028275590697e+02 3.141592653589661222e+00
7.605111340945950316e-01 8.844122979837867433e+02 3.141592653589661222e+00
1.401982893199289038e+00 8.857626147540540842e+02 3.141592653589661222e+00
1.022899820903497181e+00 8.863073974285998702e+02 3.141592653589661222e+00
1.212069021322810913e+00 8.877825450698878740e+02 3.141592653589661222e+00
1.283640117837049566e+00 8.883590959266946356e+02 3.141592653589661222e+00
1.479380907632508846e+00 8.898636971195556953e+02 3.141592653589661222e+00
9.589814559619262990e-01 8.904896495046958762e+02 3.141592653589661222e+00
1.166486379223094394e+00 8.919438312394163404e+02 3.141592653589661222e+00
1.170428089183026987e+00 8.924782695145084972e+02 3.141592653589661222e+00
9.527233307357356740e-01 8.939317654812911087e+02 3.141592653589661222e+00
1.480176321750418023e+00 8.945586191036752552e+02 3.141592653589661222e+00
1.266626867106086518e+00 8.960597955574546631e+02 3.141592653589661222e+00
1.221106819421958756e+00 8.966362239969796519e+02 3.141592653589661222e+00
1.008198599679069218e+00 8.981092309990847298e+02 3.141592653589661222e+00
1.401118612309558475e+00 8.986590206518778814e+02 3.141592653589661222e+00
7.511632460654784627e-01 9.000043292140168205e+02 3.141592653589661222e+00
1.686175820543914572e+00 9.007615365090184696e+02 3.141592653589661222e+00
1.004468985651245649e+00 9.021906350161304999e+02 3.141592653589661222e+00
1.590279741942945302e+00 9.028037771111652319e+02 3.141592653589661222e+00
8.631545649282532651e-01 9.042132939965550804e+02 3.141592653589661222e+00
1.747855227115303833e+00 9.048384306255982210e+02 3.141592653589661222e+00
6.522439235651182887e-01 9.058740350583079817e+02 3.141592653589661222e+00
1.855995463700433001e+00 9.069229980616424882e+02 3.141592653589661222e+00
6.994763202590228435e-01 9.079997319503814879e+02 3.141592653589661222e+00
1.871341769861134985e+00 9.089511433776159492e+02 3.141592653589661222e+00
6.720288751554582829e-01 9.100802498542756211e+02 3.141592653589661222e+00
1.836936622811632391e+00 9.110214953080866280e+02 3.141592653589661222e+00
8.446496249016829383e-01 9.116678937817615633e+02 3.141592653589661222e+00
1.678152858400314695e+00 9.130542495699104393e+02 3.141592653589661222e+00
9.664927282997538560e-01 9.136872514888409569e+02 3.141592653589661222e+00
1.752612380832105465e+00 9.150965399573420882e+02 3.141592653589661222e+00
7.283486659584497147e-01 9.158951235385901555e+02 3.141592653589661222e+00
1.486401648273011356e+00 9.172010964073034529e+02 3.141592653589661222e+00
1.012989716376066607e+00 9.177455182033572783e+02 3.141592653589661222e+00
1.281750511971417206e+00 9.192192246382135181e+02 3.141592653589661222e+00
1.261449031628228079e+00 9.197929287418156719e+02 3.141592653589661222e+00
1.556789502598552755e+00 9.212999491699429200e+02 3.141592653589661222e+00
9.099334042878928219e-01 9.219507805266410969e+02 3.141592653589661222e+00
1.237035611649454081e+00 9.233884149425807664e+02 3.141592653589661222e+00
1.150854901736697133e+00 9.239157081472168329e+02 3.141592653589661222e+00
1.013415755152403230e+00 9.253801575482855242e+02 3.141592653589661222e+00
1.459540315239788999e+00 9.259908969106359109e+02 3.141592653589661222e+00
1.353045436340834407e+00 9.275062726787917882e+02 3.141592653589661222e+00
1.142797326526585833e+00 9.280908322230174008e+02 3.141592653589661222e+00
1.066853080524927444e+00 9.295661317017249985e+02 3.141592653589661222e+00
1.345813554446135374e+00 9.301014768418775702e+02 3.141592653589661222e+00
8.057648812508382274e-01 9.314881830940377085e+02 3.141592653589661222e+00
1.650096941622723135e+00 9.322003259912387421e+02 3.141592653589661222e+00
1.108049161410556760e+00 9.336696910680883548e+02 3.141592653589661222e+00
1.474728350891764572e+00 9.342558454088166400e+02 3.141592653589661222e+00
9.225212045724801024e-01 9.357001003037521514e+02 3.141592653589661222e+00
1.657484142270586380e+00 9.362841113063427656e+02 3.141592653589661222e+00
6.605082426818693619e-01 9.374349155687046959e+02 3.141592653589661222e+00
1.834871480878808025e+00 9.383804591948188545e+02 3.141592653589661222e+00
7.628709991610526098e-01 9.396107027894615840e+02 3.141592653589661222e+00
1.863642143343961388e+00 9.404110698446042989e+02 3.141592653589661222e+00
7.207407425057686945e-01 9.416402251929779368e+02 3.141592653589661222e+00
1.918631298071425739e+00 9.424613328131118806e+02 3.141592653589661222e+00
8.042662255718253661e-01 9.431558970934527224e+02 3.141592653589661222e+00
1.778914622373436893e+00 9.444951657181215978e+02 3.141592653589661222e+00
8.988647661920720067e-01 9.451693609756912338e+02 3.141592653589661222e+00
1.812719529744015734e+00 9.465346099321657221e+02 3.141592653589661222e+00
7.040053408615303265e-01 9.473837121372032470e+02 3.141592653589661222e+00
1.577764827098170342e+00 9.486376050690436159e+02 3.141592653589661222e+00
1.011505145762698676e+00 9.491797925426403708e+02 3.141592653589661222e+00
1.349546705411504455e+00 9.506513101862296935e+02 3.141592653589661222e+00
1.250079796079469618e+00 9.512240514916104530e+02 3.141592653589661222e+00
1.643409572118874395e+00 9.527348857293654874e+02 3.141592653589661222e+00
8.705684888474859440e-01 9.534148108041071055e+02 3.141592653589661222e+00
1.321529635813895043e+00 9.548305281177943016e+02 3.141592653589661222e+00
1.153016591107890454e+00 9.553467367163710833e+02 3.141592653589661222e+00
1.071502751635297290e+00 9.568182867716644751e+02 3.141592653589661222e+00
1.462959312476215690e+00 9.574188991968433129e+02 3.141592653589661222e+00
1.460092259533227965e+00 9.589517195918958805e+02 3.141592653589661222e+00
1.070384343621827439e+00 9.595529585173301257e+02 3.141592653589661222e+00
1.147366329774337057e+00 9.610237207720750803e+02 3.141592653589661222e+00
1.313302087879165247e+00 9.615421785803320063e+02 3.141592653589661222e+00
8.693322785615029691e-01 9.629593495271915344e+02 3.141592653589661222e+00
1.632055079106134343e+00 9.636367244055649053e+02 3.141592653589661222e+00
1.232057258871689376e+00 9.651421554978430777e+02 3.141592653589661222e+00
1.352963008656777655e+00 9.657159361646607749e+02 3.141592653589661222e+00
9.962734422929686584e-01 9.671842316128251014e+02 3.141592653589661222e+00
1.567724202982570425e+00 9.677329776185766832e+02 3.141592653589661222e+00
6.990178125185454450e-01 9.689852742427913199e+02 3.141592653589661222e+00
1.804882917551020594e+00 9.698354511147548465e+02 3.141592653589661222e+00
8.863304506271716399e-01 9.711923221383580085e+02 3.141592653589661222e+00
1.778793720600421402e+00 9.718730961314487331e+02 3.141592653589661222e+00
7.967356922280200981e-01 9.732054865055295068e+02 3.141592653589661222e+00
1.916716752113022171e+00 9.739081633599706720e+02 3.141592653589661222e+00
7.238529699450778621e-01 9.747221471969446611e+02 3.141592653589661222e+00
1.865615629923927488e+00 9.759576325966067998e+02 3.141592653589661222e+00
7.700435050272345094e-01 9.767495338162962071e+02 3.141592653589661222e+00
1.838579240890790389e+00 9.779890292394416065e+02 3.141592653589661222e+00
6.644568688586379723e-01 9.789312259543365826e+02 3.141592653589661222e+00
1.665444704123324682e+00 9.800858181509701126e+02 3.141592653589661222e+00
9.366387419886716970e-01 9.806622947517356579e+02 3.141592653589661222e+00
1.471568441900184654e+00 9.821114261664894229e+02 3.141592653589661222e+00
1.126238714971891097e+00 9.826948513318168352e+02 3.141592653589661222e+00
1.661437230974423640e+00 9.841707336019683225e+02 3.141592653589661222e+00
8.090745710361726406e-01 9.848846864038590638e+02 3.141592653589661222e+00
1.354902994666250970e+00 9.862705581246345901e+02 3.141592653589661222e+00
1.075920190173114799e+00 9.868026122276140768e+02 3.141592653589661222e+00
1.143106464839925618e+00 9.882790534791826076e+02 3.141592653589661222e+00
1.360728761695969791e+00 9.888633726827755481e+02 3.141592653589661222e+00
1.461557036999997283e+00 9.903803277135386907e+02 3.141592653589661222e+00
1.012406160073247685e+00 9.909922051807786829e+02 3.141592653589661222e+00
1.149364986395664090e+00 9.924558223797715755e+02 3.141592653589661222e+00
1.232616107855043719e+00 9.929840295859539765e+02 3.141592653589661222e+00
9.095466634570004150e-01 9.944227499467982625e+02 3.141592653589661222e+00
1.548724258969770284e+00 9.950715881221998416e+02 3.141592653589661222e+00
1.247122128525656848e+00 9.965746171080000977e+02 3.141592653589661222e+00
1.283371804236646874e+00 9.971489400458278851e+02 3.141592653589661222e+00
9.999269972916415838e-01 9.986202033535421378e+02 3.141592653589661222e+00
1.476705324224449001e+00 9.991699020370894004e+02 3.141592653589661222e+00
7.234784709013815096e-01 1.000475207287189050e+03 3.141592653589661222e+00
1.743329875808657281e+00 1.001273774122835903e+03 3.141592653589661222e+00
9.515304209081816289e-01 1.002675213241878964e+03 3.141592653589661222e+00
1.679272273370422397e+00 1.003313650004951228e+03 3.141592653589661222e+00
8.345187596176605327e-01 1.004693395735260992e+03 3.141592653589661222e+00
1.832564223612089149e+00 1.005348057088066525e+03 3.141592653589661222e+00
6.721580681028388460e-01 1.006283150866703295e+03 3.141592653589661222e+00
1.872858471636235755e+00 1.007417819172820145e+03 3.141592653589661222e+00
7.015192526855085209e-01 1.008359745944053657e+03 3.141592653589661222e+00
1.856273514277257286e+00 1.009446151843466509e+03 3.141592653589661222e+00
6.541368352329902658e-01 1.010490271708291061e+03 3.141592653589661222e+00
1.753820320393368659e+00 1.011531205772640419e+03 3.141592653589661222e+00
8.750472883393174417e-01 1.012148269593890404e+03 3.141592653589661222e+00
1.588363615585270727e+00 1.013563850659392187e+03 3.141592653589661222e+00
1.020932393159817986e+00 1.014172591883246014e+03 3.141592653589661222e+00
