1.251411829833986689e+00 2.533108490275399194e-01 3.141592653589661222e+00
9.668725530893310660e-01 1.703620534237496598e+00 3.141592653589661222e+00
1.577820713543245379e+00 2.339187770421567780e+00 3.141592653589661222e+00
1.387837231509922553e+00 3.874332455243990392e+00 3.141592653589661222e+00
1.187935743530510013e+00 4.456381548179087382e+00 3.141592653589661222e+00
1.095576880935656749e+00 5.934756006179228827e+00 3.141592653589661222e+00
1.434346024672753517e+00 6.455101258741801296e+00 3.141592653589661222e+00
7.872585531965594630e-01 7.814957958014077555e+00 3.141592653589661222e+00
1.732229878456466476e+00 8.557138115582350935e+00 3.141592653589661222e+00
1.102810668033910257e+00 1.002677676025211539e+01 3.141592653589661222e+00
1.541337851251056046e+00 1.061734274766629760e+01 3.141592653589661222e+00
9.254889711457366941e-01 1.205460655701413586e+01 3.141592653589661222e+00
1.751034866759124897e+00 1.263937357402997286e+01 3.141592653589661222e+00
6.606651456380565612e-01 1.372038536521065666e+01 3.141592653589661222e+00
1.880258169860000494e+00 1.472626809044713880e+01 3.141592653589661222e+00
7.240048287809834893e-01 1.587032205318390687e+01 3.141592653589661222e+00
1.904778486625312794e+00 1.675765217299496967e+01 3.141592653589661222e+00
6.965549146862891616e-01 1.792170576213403876e+01 3.141592653589661222e+00
1.919474513723047338e+00 1.881492669098289383e+01 3.141592653589661222e+00
8.749034584493240452e-01 1.944320300589022565e+01 3.141592653589661222e+00
1.711722750691317074e+00 2.083594384274988442e+01 3.141592653589661222e+00
1.010302443303973119e+00 2.145963675456512831e+01 3.141592653589661222e+00
1.839204289483594712e+00 2.288952331871264789e+01 3.141592653589661222e+00
7.442480104214466152e-01 2.369923380107200828e+01 3.141592653589661222e+00
1.579106351436650124e+00 2.499272519024848549e+01 3.141592653589661222e+00
1.108509742773834184e+00 2.549948025589954526e+01 3.141592653589661222e+00
1.277198118171421370e+00 2.698150348673079435e+01 3.141592653589661222e+00
1.392602966990085234e+00 2.755669167484415283e+01 3.141592653589661222e+00
1.731738347016184232e+00 2.910732818914626563e+01 3.141592653589661222e+00
8.997412163822824382e-01 2.979005975486168722e+01 3.141592653589661222e+00
1.397478421368949508e+00 3.120522803395196476e+01 3.141592653589661222e+00
1.267965453760783623e+00 3.168752311455869375e+01 3.141592653589661222e+00
1.049048387387054637e+00 3.315175281498621018e+01 3.141592653589661222e+00
1.604586196287234756e+00 3.377044970802614898e+01 3.141592653589661222e+00
1.597724229831896992e+00 3.534256790998435349e+01 3.141592653589661222e+00
1.051489622250534550e+00 3.596082222437227927e+01 3.141592653589661222e+00
1.258580703972152381e+00 3.742518094289469843e+01 3.141592653589661222e+00
1.389269395141845109e+00 3.791049222004406261e+01 3.141592653589661222e+00
8.971151487410398140e-01 3.932665233642199354e+01 3.141592653589661222e+00
1.720184478639254166e+00 4.000738025140314846e+01 3.141592653589661222e+00
1.366807653903845399e+00 4.155147875843537264e+01 3.141592653589661222e+00
1.288276374337675723e+00 4.212607098525923988e+01 3.141592653589661222e+00
1.087015240343721656e+00 4.360583898871436048e+01 3.141592653589661222e+00
1.571211181864080819e+00 4.412031292361518098e+01 3.141592653589661222e+00
7.363107816194176536e-01 4.540969286396452276e+01 3.141592653589661222e+00
1.830522883526690014e+00 4.622285457814152210e+01 3.141592653589661222e+00
9.859834756543480738e-01 4.764027453773000786e+01 3.141592653589661222e+00
1.723104929142811104e+00 4.827277425729015903e+01 3.141592653589661222e+00
8.589981392667143112e-01 4.965442635097746660e+01 3.141592653589661222e+00
1.921033891104457769e+00 5.029607611340176021e+01 3.141592653589661222e+00
7.013476267566185474e-01 5.117271027227108249e+01 3.141592653589661222e+00
1.904905403148690279e+00 5.235112731705228128e+01 3.141592653589661222e+00
7.334384480713179721e-01 5.321636692098341115e+01 3.141592653589661222e+00
1.879163922972386880e+00 5.438306146011007769e+01 3.141592653589661222e+00
6.638557126435081779e-01 5.537641565894791285e+01 3.141592653589661222e+00
1.749045716700301067e+00 5.647163719458815478e+01 3.141592653589661222e+00
9.430426276743079095e-01 5.704618265937493504e+01 3.141592653589661222e+00
1.527653470205889485e+00 5.849087875697862415e+01 3.141592653589661222e+00
1.127766063465176494e+00 5.907685536685769279e+01 3.141592653589661222e+00
1.739119593135980413e+00 6.055567781682869111e+01 3.141592653589661222e+00
7.943323735096203819e-01 6.129617673430357172e+01 3.141592653589661222e+00
1.438612203091134134e+00 6.265839744303197278e+01 3.141592653589661222e+00
1.109107601208714211e+00 6.317446510547256366e+01 3.141592653589661222e+00
1.181126721947949099e+00 6.465386647064785564e+01 3.141592653589661222e+00
1.401751623261445312e+00 6.523658328359860548e+01 3.141592653589661222e+00
1.576285034174486954e+00 6.677413536807549121e+01 3.141592653589661222e+00
9.702818084198738813e-01 6.740943497644805404e+01 3.141592653589661222e+00
1.246764872087477327e+00 6.886008073521907136e+01 3.141592653589661222e+00
1.249931089120775773e+00 6.936809959347885979e+01 3.141592653589661222e+00
9.649207768453516021e-01 7.081811814557782725e+01 3.141592653589661222e+00
1.575867080513840390e+00 7.145397117882419025e+01 3.141592653589661222e+00
1.381794516975425324e+00 7.298777626587933298e+01 3.141592653589661222e+00
1.191556525255420551e+00 7.356924551850272564e+01 3.141592653589661222e+00
1.091266875096951194e+00 7.504756566631812120e+01 3.141592653589661222e+00
1.435392567150297394e+00 7.556909409709219005e+01 3.141592653589661222e+00
7.845463888245267636e-01 7.692717175375575778e+01 3.141592653589661222e+00
1.732201426282955037e+00 7.767122850766560305e+01 3.141592653589661222e+00
1.096244637131246424e+00 7.913842221691623990e+01 3.141592653589661222e+00
1.547308218467734919e+00 7.973033481570655567e+01 3.141592653589661222e+00
9.215553002900889190e-01 8.116572340852876266e+01 3.141592653589661222e+00
1.754772905806009975e+00 8.175294349494393487e+01 3.141592653589661222e+00
6.602319373358750410e-01 8.282815134052825101e+01 3.141592653589661222e+00
1.880475838259658250e+00 8.383922423060244000e+01 3.141592653589661222e+00
7.209269870690823145e-01 8.497511232588233554e+01 3.141592653589661222e+00
1.904143105921535462e+00 8.587043253975006962e+01 3.141592653589661222e+00
6.941197788424845472e-01 8.702961740242083977e+01 3.141592653589661222e+00
1.913815184580902162e+00 8.792890648087805516e+01 3.141592653589661222e+00
8.757401153462722743e-01 8.855608884141655324e+01 3.141592653589661222e+00
1.706822686154510604e+00 8.995020393668342251e+01 3.141592653589661222e+00
1.011768930745196027e+00 9.057296714216852251e+01 3.141592653589661222e+00
1.834683932701630660e+00 9.200367349146037554e+01 3.141592653589661222e+00
7.446445087935821272e-01 9.281152782667970769e+01 3.141592653589661222e+00
1.573238133577212317e+00 9.410701079797959778e+01 3.141592653589661222e+00
1.105173424313431907e+00 9.461520359277868408e+01 3.141592653589661222e+00
1.275803013674478903e+00 9.609700217241281450e+01 3.141592653589661222e+00
1.388202489579677623e+00 9.667215909743970315e+01 3.141592653589661222e+00
1.722352881261802082e+00 9.822107306391021098e+01 3.141592653589661222e+00
9.012440622049340266e-01 9.890159161123646925e+01 3.141592653589661222e+00
1.388228198269718217e+00 1.003185346462793603e+02 3.141592653589661222e+00
1.261955642725057780e+00 1.008032753707082350e+02 3.141592653589661222e+00
1.047210971425924120e+00 1.022675523873270294e+02 3.141592653589661222e+00
1.597201532875572205e+00 1.028858444523326767e+02 3.141592653589661222e+00
1.583376312626667781e+00 1.044549634536112279e+02 3.141592653589661222e+00
1.057242862408809270e+00 1.050704948320328924e+02 3.141592653589661222e+00
1.246524733516058747e+00 1.065363321267763439e+02 3.141592653589661222e+00
1.386217879468734315e+00 1.070245155086515041e+02 3.141592653589661222e+00
8.919607610913409257e-01 1.084393306516840028e+02 3.141592653589661222e+00
1.715706286579962381e+00 1.091214816202645324e+02 3.141592653589661222e+00
1.350067141856430730e+00 1.106615003910857808e+02 3.141592653589661222e+00
1.300691286800085056e+00 1.112352684878261471e+02 3.141592653589661222e+00
1.075874055060713763e+00 1.127141097762065556e+02 3.141592653589661222e+00
1.577253479325417596e+00 1.132321404392742323e+02 3.141592653589661222e+00
7.298591731681537409e-01 1.145137445672353635e+02 3.141592653589661222e+00
1.831691227604714589e+00 1.153345203452616943e+02 3.141592653589661222e+00
9.676526851638268534e-01 1.167418192185086667e+02 3.141592653589661222e+00
1.739697732775396855e+00 1.173823482302356211e+02 3.141592653589661222e+00
8.476595682834440204e-01 1.187546869186850103e+02 3.141592653589661222e+00
1.929236173870937376e+00 1.194070956493930566e+02 3.141592653589661222e+00
7.086116807235238735e-01 1.202648329341169813e+02 3.141592653589661222e+00
1.899912742061712123e+00 1.214594409490625111e+02 3.141592653589661222e+00
7.442835329493366903e-01 1.223013804529045387e+02 3.141592653589661222e+00
1.873081463981367101e+00 1.234916238651024116e+02 3.141592653589661222e+00
6.647570057361630314e-01 1.244697116228930440e+02 3.141592653589661222e+00
1.730862596109025597e+00 1.255824440734407261e+02 3.141592653589661222e+00
9.479819298916741799e-01 1.261539158203899689e+02 3.141592653589661222e+00
1.510373800352151852e+00 1.276017532580849831e+02 3.141592653589661222e+00
1.137152105825316450e+00 1.281857228601983252e+02 3.141592653589661222e+00
1.727331112460210205e+00 1.296674524203982628e+02 3.141592653589661222e+00
8.000928988569500078e-01 1.304014145645182907e+02 3.141592653589661222e+00
1.424082614761648546e+00 1.317697021735585849e+02 3.141592653589661222e+00
1.109074951986156909e+00 1.322869345284206304e+02 3.141592653589661222e+00
1.171024276243068707e+00 1.337658601781163554e+02 3.141592653589661222e+00
1.402422112803958232e+00 1.343495727593976881e+02 3.141592653589661222e+00
1.559707144638972087e+00 1.358854106634589129e+02 3.141592653589661222e+00
9.792894037546860941e-01 1.365161867270286677e+02 3.141592653589661222e+00
1.231941967469152077e+00 1.379697559057625256e+02 3.141592653589661222e+00
1.251152166047546643e+00 1.384800850060200617e+02 3.141592653589661222e+00
9.546339298133291740e-01 1.399277754755930232e+02 3.141592653589661222e+00
1.576124515392059999e+00 1.405665758274560062e+02 3.141592653589661222e+00
1.361020707984401446e+00 1.420964261272939666e+02 3.141592653589661222e+00
1.208234819500668467e+00 1.426757595478277381e+02 3.141592653589661222e+00
1.076856801430684296e+00 1.441538492606944715e+02 3.141592653589661222e+00
1.445292463035753094e+00 1.446790121756326357e+02 3.141592653589661222e+00
7.731888310881951387e-01 1.460281332736363424e+02 3.141592653589661222e+00
1.737154769275414123e+00 1.467816150954867567e+02 3.141592653589661222e+00
1.070403727634340107e+00 1.482388736691281110e+02 3.141592653589661222e+00
1.574447754184714388e+00 1.488369061780862523e+02 3.141592653589661222e+00
9.063723665787560835e-01 1.502640087144494316e+02 3.141592653589661222e+00
1.774632413159736188e+00 1.508613445583484634e+02 3.141592653589661222e+00
6.598384432193052929e-01 1.519090923701206464e+02 3.141592653589661222e+00
1.883137256874077181e+00 1.529443971152276163e+02 3.141592653589661222e+00
7.094433803084390089e-01 1.540419176514311062e+02 3.141592653589661222e+00
1.901119087215487058e+00 1.549750259267843546e+02 3.141592653589661222e+00
6.840240671382052939e-01 1.561113126428686257e+02 3.141592653589661222e+00
1.888243651002317947e+00 1.570388383144895386e+02 3.141592653589661222e+00
8.807793006216664278e-01 1.576602553401897637e+02 3.141592653589661222e+00
1.683508516084113449e+00 1.590611196363706483e+02 3.141592653589661222e+00
1.020573912155136931e+00 1.596791162638774892e+02 3.141592653589661222e+00
1.815166242373250638e+00 1.611144464108473926e+02 3.141592653589661222e+00
7.475791338743081882e-01 1.619132440933215094e+02 3.141592653589661222e+00
1.547560124602822773e+00 1.632182527981932196e+02 3.141592653589661222e+00
1.093437911824036934e+00 1.637317844442094952e+02 3.141592653589661222e+00
1.267233635053538476e+00 1.652127337888708496e+02 3.141592653589661222e+00
1.373111066689924886e+00 1.657880119628677562e+02 3.141592653589661222e+00
1.684370048051343494e+00 1.673304840971388785e+02 3.141592653589661222e+00
9.089754785327771591e-01 1.680016294638912484e+02 3.141592653589661222e+00
1.351138882973222710e+00 1.694259154052964220e+02 3.141592653589661222e+00
1.241588495721269725e+00 1.699197263266376581e+02 3.141592653589661222e+00
1.036778503136233764e+00 1.713834817836828961e+02 3.141592653589661222e+00
1.571884531149461806e+00 1.720012681272909845e+02 3.141592653589661222e+00
1.527060973995201243e+00 1.735588878208052392e+02 3.141592653589661222e+00
1.082299033013277345e+00 1.741641431931814452e+02 3.141592653589661222e+00
1.200340878696054103e+00 1.756350612510867109e+02 3.141592653589661222e+00
1.379509383706261527e+00 1.761339775550383422e+02 3.141592653589661222e+00
8.692202759147162894e-01 1.775415823136198128e+02 3.141592653589661222e+00
1.702928439387570325e+00 1.782315704801274876e+02 3.141592653589661222e+00
1.284249576731901765e+00 1.797550335628682774e+02 3.141592653589661222e+00
1.352733348496195198e+00 1.803274678974630092e+02 3.141592653589661222e+00
1.033314107805439308e+00 1.818008154378231040e+02 3.141592653589661222e+00
1.606202739359953835e+00 1.823335884962213811e+02 3.141592653589661222e+00
7.054283937410561478e-01 1.835797593859304584e+02 3.141592653589661222e+00
1.838678365233693102e+00 1.844347588992224019e+02 3.141592653589661222e+00
8.966377709313586575e-01 1.857964977946626561e+02 3.141592653589661222e+00
1.800872893335282443e+00 1.864756884627471152e+02 3.141592653589661222e+00
8.038131469388491990e-01 1.878061148498273667e+02 3.141592653589661222e+00
1.954555781263050962e+00 1.885063410136562823e+02 3.141592653589661222e+00
7.446175297942084770e-01 1.892914229609136214e+02 3.141592653589661222e+00
1.872024001112092773e+00 1.905482562392992634e+02 3.141592653589661222e+00
8.016057748082620060e-01 1.913080059719723351e+02 3.141592653589661222e+00
1.856825532455848249e+00 1.925829671912959213e+02 3.141592653589661222e+00
6.771684791866724451e-01 1.935039144619637455e+02 3.141592653589661222e+00
1.672953020160315551e+00 1.946801523220995023e+02 3.141592653589661222e+00
9.819059611288881717e-01 1.952339952656160165e+02 3.141592653589661222e+00
1.440963526812091722e+00 1.966954449896438746e+02 3.141592653589661222e+00
1.195383380342381674e+00 1.972715584398330293e+02 3.141592653589661222e+00
1.705224269504891588e+00 1.987709502184769974e+02 3.141592653589661222e+00
8.287197125625310745e-01 1.994830324876247971e+02 3.141592653589661222e+00
1.391712296527664039e+00 2.008713229839672181e+02 3.141592653589661222e+00
1.136154193877429552e+00 2.013841764801229886e+02 3.141592653589661222e+00
1.130667961466091054e+00 2.028611513206840868e+02 3.141592653589661222e+00
1.440028580420967375e+00 2.034515708951952604e+02 3.141592653589661222e+00
1.538090051457973839e+00 2.049913045365121036e+02 3.141592653589661222e+00
1.009956427529627554e+00 2.056120494189840713e+02 3.141592653589661222e+00
1.211800907109262582e+00 2.070723809667226476e+02 3.141592653589661222e+00
1.280281167529653263e+00 2.075819016439693314e+02 3.141592653589661222e+00
9.261916442218738332e-01 2.090199955806989749e+02 3.141592653589661222e+00
1.605867748435412246e+00 2.096717932879631121e+02 3.141592653589661222e+00
1.330774299362620816e+00 2.111983467390279259e+02 3.141592653589661222e+00
1.251132812794075511e+00 2.117741737340274994e+02 3.141592653589661222e+00
1.057784650465665832e+00 2.132515854275028460e+02 3.141592653589661222e+00
1.487294792164790325e+00 2.137803400792658977e+02 3.141592653589661222e+00
7.489355049675047171e-01 2.151029575365794528e+02 3.141592653589661222e+00
1.765203066894966755e+00 2.158837641284810900e+02 3.141592653589661222e+00
1.016876726370146145e+00 2.173178893656601645e+02 3.141592653589661222e+00
1.643720701876839829e+00 2.179332159294095845e+02 3.141592653589661222e+00
8.755997183885295687e-01 2.193381422408208437e+02 3.141592653589661222e+00
1.833125590548875028e+00 2.199598128221282707e+02 3.141592653589661222e+00
6.687976621172903036e-01 2.209323018956551152e+02 3.141592653589661222e+00
1.891688425229471004e+00 2.220323685946183900e+02 3.141592653589661222e+00
6.997898673485345444e-01 2.230254495311201026e+02 3.141592653589661222e+00
1.887078230198218742e+00 2.240623839291172033e+02 3.141592653589661222e+00
6.651667223001701545e-01 2.251364717502713972e+02 3.141592653589661222e+00
1.817319261810326436e+00 2.261393470353486634e+02 3.141592653589661222e+00
8.948320430060001662e-01 2.267462804126182050e+02 3.141592653589661222e+00
1.618882995591459650e+00 2.281639529693205759e+02 3.141592653589661222e+00
1.046674831728081623e+00 2.287697766035631162e+02 3.141592653589661222e+00
1.762424359518206307e+00 2.302173427442149887e+02 3.141592653589661222e+00
7.595093311395793023e-01 2.309900108922624611e+02 3.141592653589661222e+00
1.479869359229700976e+00 2.323213715549131280e+02 3.141592653589661222e+00
1.071369142910073124e+00 2.328460213591523882e+02 3.141592653589661222e+00
1.236112756955338732e+00 2.343251201193700410e+02 3.141592653589661222e+00
1.346427327656428918e+00 2.349015755206089295e+02 3.141592653589661222e+00
1.594425201305989193e+00 2.364303261465284436e+02 3.141592653589661222e+00
9.349992081314898451e-01 2.370785342652229986e+02 3.141592653589661222e+00
1.266403803780771886e+00 2.385195069724957477e+02 3.141592653589661222e+00
1.211694400903969626e+00 2.390310716645943501e+02 3.141592653589661222e+00
9.993080504025483313e-01 2.404903750703517744e+02 3.141592653589661222e+00
1.533331256782632712e+00 2.411122217403682839e+02 3.141592653589661222e+00
1.405179551661838389e+00 2.426455055434763608e+02 3.141592653589661222e+00
1.148785837106624630e+00 2.432322663650677441e+02 3.141592653589661222e+00
1.106669438254288540e+00 2.447091635450896376e+02 3.141592653589661222e+00
1.389012592618042330e+00 2.452300355399538887e+02 3.141592653589661222e+00
8.115139735085732386e-01 2.466115571076003903e+02 3.141592653589661222e+00
1.696011038555550465e+00 2.473301645724461935e+02 3.141592653589661222e+00
1.144140987497538342e+00 2.488131588592313790e+02 3.141592653589661222e+00
1.476830477960795918e+00 2.493953066445511126e+02 3.141592653589661222e+00
9.476655145433977578e-01 2.508454696175953416e+02 3.141592653589661222e+00
1.687000202888172540e+00 2.514165318768916109e+02 3.141592653589661222e+00
6.657676992235448399e-01 2.525617022942253129e+02 3.141592653589661222e+00
1.858045145128703224e+00 2.535109444850824332e+02 3.141592653589661222e+00
7.658154763051113756e-01 2.547400014004453226e+02 3.141592653589661222e+00
1.883874540475681370e+00 2.555433329763615404e+02 3.141592653589661222e+00
7.239243927808196588e-01 2.567663205819877135e+02 3.141592653589661222e+00
1.946166951720396554e+00 2.575907663624358293e+02 3.141592653589661222e+00
8.311752982879773155e-01 2.582606586754627074e+02 3.141592653589661222e+00
1.773424569119882444e+00 2.596175316333706746e+02 3.141592653589661222e+00
9.409559922930932352e-01 2.602721826499787312e+02 3.141592653589661222e+00
1.843063753064763333e+00 2.616632531735290286e+02 3.141592653589661222e+00
7.208278588545056209e-01 2.625016133712683768e+02 3.141592653589661222e+00
1.602580300687162618e+00 2.637656141320433107e+02 3.141592653589661222e+00
1.067845959878584328e+00 2.642853020887423554e+02 3.141592653589661222e+00
1.324112736726870576e+00 2.657640261752344486e+02 3.141592653589661222e+00
1.331694695325913003e+00 2.663362500923934135e+02 3.141592653589661222e+00
1.718375226947108647e+00 2.678722826601047586e+02 3.141592653589661222e+00
8.804528702280229879e-01 2.685611108567929364e+02 3.141592653589661222e+00
1.389598437171476908e+00 2.699706159678394215e+02 3.141592653589661222e+00
1.226019618815111123e+00 2.704626696154447814e+02 3.141592653589661222e+00
1.071052151063937918e+00 2.719320920057590456e+02 3.141592653589661222e+00
1.554294199290288558e+00 2.725412031391671803e+02 3.141592653589661222e+00
1.576010745609230268e+00 2.741033412059989587e+02 3.141592653589661222e+00
1.042268552767020351e+00 2.747212056707753618e+02 3.141592653589661222e+00
1.241224101070486308e+00 2.761850700076404337e+02 3.141592653589661222e+00
1.357126905266303529e+00 2.766781662033416183e+02 3.141592653589661222e+00
9.039592183877221965e-01 2.781008696392603952e+02 3.141592653589661222e+00
1.687257948484663039e+00 2.787733598631989480e+02 3.141592653589661222e+00
1.354997954610028810e+00 2.803121762667759072e+02 3.141592653589661222e+00
1.279525661559767880e+00 2.808869902135870120e+02 3.141592653589661222e+00
1.077743943662720971e+00 2.823660405178146107e+02 3.141592653589661222e+00
1.548331109083226798e+00 2.828848617439908253e+02 3.141592653589661222e+00
7.391057299992516150e-01 2.841832495421092517e+02 3.141592653589661222e+00
1.813149035026354161e+00 2.849878674826975953e+02 3.141592653589661222e+00
9.945256184095175866e-01 2.864102197560861214e+02 3.141592653589661222e+00
1.701631416448928125e+00 2.870376751921933192e+02 3.141592653589661222e+00
8.638334385239000435e-01 2.884262306841611689e+02 3.141592653589661222e+00
1.897711183186985728e+00 2.890618555840625845e+02 3.141592653589661222e+00
6.904868183643353419e-01 2.899649620167034527e+02 3.141592653589661222e+00
1.903074095287708323e+00 2.911219358294128483e+02 3.141592653589661222e+00
7.192964375119859088e-01 2.920214294403281770e+02 3.141592653589661222e+00
1.880525816342347056e+00 2.931530789197308877e+02 3.141592653589661222e+00
6.618478493704293975e-01 2.941685321855413804e+02 3.141592653589661222e+00
1.766143001550901204e+00 2.952389165448662993e+02 3.141592653589661222e+00
9.269844660227903876e-01 2.958231745805064747e+02 3.141592653589661222e+00
1.553632354342941113e+00 2.972604317714818762e+02 3.141592653589661222e+00
1.101153776104428994e+00 2.978515899330849948e+02 3.141592653589661222e+00
1.741208507118386484e+00 2.993208221884607383e+02 3.141592653589661222e+00
7.833552478193727131e-01 3.000694633939532423e+02 3.141592653589661222e+00
1.445462432745532766e+00 3.014239644156835993e+02 3.141592653589661222e+00
1.093469043377897965e+00 3.019440522795192123e+02 3.141592653589661222e+00
1.196555764865394611e+00 3.034234468237938813e+02 3.141592653589661222e+00
1.379792491236537577e+00 3.040038212029225519e+02 3.141592653589661222e+00
1.573269096867855765e+00 3.055369829018361543e+02 3.141592653589661222e+00
9.612138345176602927e-01 3.061744048387353132e+02 3.141592653589661222e+00
1.245109959617552553e+00 3.076232859526662651e+02 3.141592653589661222e+00
1.234608549681891487e+00 3.081341303033320287e+02 3.141592653589661222e+00
9.723069577355898385e-01 3.095868773263315461e+02 3.141592653589661222e+00
1.558550383400047368e+00 3.102184934596933772e+02 3.141592653589661222e+00
1.378781690527874249e+00 3.117498876745999610e+02 3.141592653589661222e+00
1.183699678196902028e+00 3.123318985323282391e+02 3.141592653589661222e+00
1.088542758415330880e+00 3.138098131470806038e+02 3.141592653589661222e+00
1.421686803991627723e+00 3.143331445680773868e+02 3.141592653589661222e+00
7.883227332169207013e-01 3.156962471393140959e+02 3.141592653589661222e+00
1.720382432480391577e+00 3.164349052534724365e+02 3.141592653589661222e+00
1.100871682118482742e+00 3.179035785375535283e+02 3.141592653589661222e+00
1.534193921099043179e+00 3.184939936040186694e+02 3.141592653589661222e+00
9.235300223980947854e-01 3.199316114678873646e+02 3.141592653589661222e+00
1.739012175832429952e+00 3.205171744622942924e+02 3.141592653589661222e+00
6.598232731600575107e-01 3.216064172703278814e+02 3.141592653589661222e+00
1.874414651047577429e+00 3.226054364955048754e+02 3.141592653589661222e+00
7.272899461286072009e-01 3.237600302794654681e+02 3.141592653589661222e+00
1.900332716094347063e+00 3.246366302631506642e+02 3.141592653589661222e+00
6.986792560192323087e-01 3.258083623239777467e+02 3.141592653589661222e+00
1.919617424521588900e+00 3.266931116547002034e+02 3.141592653589661222e+00
8.659008697004210164e-01 3.273287894365550414e+02 3.141592653589661222e+00
1.720335253198693737e+00 3.287157727879269373e+02 3.141592653589661222e+00
9.961584902859813573e-01 3.293445028525594580e+02 3.141592653589661222e+00
1.834380174050940004e+00 3.307672452584104121e+02 3.141592653589661222e+00
7.392561303309858056e-01 3.315807470925221878e+02 3.141592653589661222e+00
1.576758110098379850e+00 3.328704974658716651e+02 3.141592653589661222e+00
1.095073116041919370e+00 3.333818621451408717e+02 3.141592653589661222e+00
1.285798953477878426e+00 3.348630575728410008e+02 3.141592653589661222e+00
1.373416913446737109e+00 3.354373365787628813e+02 3.141592653589661222e+00
1.716939752751895254e+00 3.369826281624126523e+02 3.141592653589661222e+00
8.973431394457225263e-01 3.376638649927209599e+02 3.141592653589661222e+00
1.384044950589188083e+00 3.390800681297368442e+02 3.141592653589661222e+00
1.251098971987937514e+00 3.395675676637692391e+02 3.141592653589661222e+00
1.051522132867360071e+00 3.410330924437104159e+02 3.141592653589661222e+00
1.584268344097483849e+00 3.416490932538028460e+02 3.141592653589661222e+00
1.575208002135721319e+00 3.432153103258655165e+02 3.141592653589661222e+00
1.056556809072794589e+00 3.438301261620351283e+02 3.141592653589661222e+00
1.239886650756062414e+00 3.452961829570563737e+02 3.141592653589661222e+00
1.378429774469402735e+00 3.457867464279470369e+02 3.141592653589661222e+00
8.922116552387967525e-01 3.472027309050073995e+02 3.141592653589661222e+00
1.707492818849414506e+00 3.478833802721879351e+02 3.141592653589661222e+00
1.343846683255554897e+00 3.494213520616871733e+02 3.141592653589661222e+00
1.301420892718992972e+00 3.499950216296371650e+02 3.141592653589661222e+00
1.071438775727047821e+00 3.514734765482413650e+02 3.141592653589661222e+00
1.573476356269431609e+00 3.519932474068799024e+02 3.141592653589661222e+00
7.290487240017408110e-01 3.532752204119568091e+02 3.141592653589661222e+00
1.828170953065402893e+00 3.540957252297604896e+02 3.141592653589661222e+00
9.657590969598848218e-01 3.555020798316734272e+02 3.141592653589661222e+00
1.738386492012363282e+00 3.561430981832810971e+02 3.141592653589661222e+00
8.464179056390245259e-01 3.575151330027434824e+02 3.141592653589661222e+00
1.925866477026398238e+00 3.581683392878939003e+02 3.141592653589661222e+00
7.073629000404356715e-01 3.590280544220631782e+02 3.141592653589661222e+00
1.898759078916313126e+00 3.602212686732351585e+02 3.141592653589661222e+00
7.425893024620567884e-01 3.610657284643202729e+02 3.141592653589661222e+00
1.871755889322607391e+00 3.622532598397047536e+02 3.141592653589661222e+00
6.640662042060094805e-01 3.632330094494967625e+02 3.141592653589661222e+00
1.730321505239952096e+00 3.643440319998110226e+02 3.141592653589661222e+00
9.447332251334948916e-01 3.649172698662939638e+02 3.141592653589661222e+00
1.512681054208227849e+00 3.663640641887600395e+02 3.141592653589661222e+00
1.132142751674590553e+00 3.669487393614916186e+02 3.141592653589661222e+00
1.724197273920077933e+00 3.684286577206686388e+02 3.141592653589661222e+00
7.985967752903588845e-01 3.691628735090813507e+02 3.141592653589661222e+00
1.421436669416184628e+00 3.705308946450598455e+02 3.141592653589661222e+00
1.104404517167833388e+00 3.710496490874655819e+02 3.141592653589661222e+00
1.172298793358831803e+00 3.725284860955103454e+02 3.141592653589661222e+00
1.396172833147152792e+00 3.731117581482760102e+02 3.141592653589661222e+00
1.553671500650594339e+00 3.746457989559521593e+02 3.141592653589661222e+00
9.794175696758773420e-01 3.752757854552025378e+02 3.141592653589661222e+00
1.226863431235199586e+00 3.767297436013706715e+02 3.141592653589661222e+00
1.247079153170607579e+00 3.772415946272083715e+02 3.141592653589661222e+00
9.535283640671827765e-01 3.786893922180695995e+02 3.141592653589661222e+00
1.571231577756617481e+00 3.793278532720368617e+02 3.141592653589661222e+00
1.353899978359683454e+00 3.808558143549582269e+02 3.141592653589661222e+00
1.210981167594630703e+00 3.814347064697777796e+02 3.141592653589661222e+00
1.071763103630581915e+00 3.829125640718269210e+02 3.141592653589661222e+00
1.444325851719174825e+00 3.834393573829800062e+02 3.141592653589661222e+00
7.708467624151024156e-01 3.847872394400772009e+02 3.141592653589661222e+00
1.735290670034745464e+00 3.855420102655122037e+02 3.141592653589661222e+00
1.064180389031776475e+00 3.869967447080466627e+02 3.141592653589661222e+00
1.578571586370004942e+00 3.875962151877865267e+02 3.141592653589661222e+00
9.025127305323588089e-01 3.890214841751058543e+02 3.141592653589661222e+00
1.775844943741673898e+00 3.896213502220317082e+02 3.141592653589661222e+00
6.595617859102326230e-01 3.906651464990905538e+02 3.141592653589661222e+00
1.882198137632708157e+00 3.917040600684529750e+02 3.141592653589661222e+00
7.078545211680450366e-01 3.927958924210106488e+02 3.141592653589661222e+00
1.899228084956412488e+00 3.937345143274840211e+02 3.141592653589661222e+00
6.823418775073518683e-01 3.948677154700974938e+02 3.141592653589661222e+00
1.882617712645492603e+00 3.957992838163372085e+02 3.141592653589661222e+00
8.795057871999466537e-01 3.964212949356260651e+02 3.141592653589661222e+00
1.680573970875300693e+00 3.978222197890117968e+02 3.141592653589661222e+00
1.018813005263513372e+00 3.984403748461583632e+02 3.141592653589661222e+00
1.809489780475632248e+00 3.998749332858462822e+02 3.141592653589661222e+00
7.469914580078790278e-01 4.006725800006173017e+02 3.141592653589661222e+00
1.541175683207009595e+00 4.019788345698847820e+02 3.141592653589661222e+00
1.087631410899384976e+00 4.024946447995068866e+02 3.141592653589661222e+00
1.267155204134149171e+00 4.039752002706485996e+02 3.141592653589661222e+00
1.365226634935309935e+00 4.045503019414581445e+02 3.141592653589661222e+00
1.672572345533962501e+00 4.060900820024683640e+02 3.141592653589661222e+00
9.102205526960414073e-01 4.067588461189760665e+02 3.141592653589661222e+00
1.340074094151015416e+00 4.081848922672904223e+02 3.141592653589661222e+00
1.233913132263179335e+00 4.086817314969787844e+02 3.141592653589661222e+00
1.034433397469621818e+00 4.101455311242785342e+02 3.141592653589661222e+00
1.562422721423087690e+00 4.107627940387740182e+02 3.141592653589661222e+00
1.510101986423708853e+00 4.123166366710554485e+02 3.141592653589661222e+00
1.089139553579506980e+00 4.129192039240892882e+02 3.141592653589661222e+00
1.186801439521001367e+00 4.143912382598252293e+02 3.141592653589661222e+00
1.376822216879715510e+00 4.148935088577188708e+02 3.141592653589661222e+00
8.627761910213098684e-01 4.162990818745175261e+02 3.141592653589661222e+00
1.698425451910785533e+00 4.169912508127935666e+02 3.141592653589661222e+00
1.265563631061261685e+00 4.185096687403260489e+02 3.141592653589661222e+00
1.366977659859877736e+00 4.190823483655900077e+02 3.141592653589661222e+00
1.021423558410642141e+00 4.205535999796273359e+02 3.141592653589661222e+00
1.613620168322440929e+00 4.210909540666656312e+02 3.141592653589661222e+00
6.993299664332649490e-01 4.223269149712910462e+02 3.141592653589661222e+00
1.839874419317998333e+00 4.231916860686689574e+02 3.141592653589661222e+00
8.786185637793890724e-01 4.245399286230411349e+02 3.141592653589661222e+00
1.814277063689966996e+00 4.252310734006313169e+02 3.141592653589661222e+00
7.927457891502351917e-01 4.265495695463216066e+02 3.141592653589661222e+00
1.957510339729990223e+00 4.272635020242513519e+02 3.141592653589661222e+00
7.546449201161465892e-01 4.280319321597131079e+02 3.141592653589661222e+00
1.862495379392104189e+00 4.293031593213494830e+02 3.141592653589661222e+00
8.179383043236465589e-01 4.300458472691298084e+02 3.141592653589661222e+00
1.853992160477551776e+00 4.313388174127647403e+02 3.141592653589661222e+00
6.817074743070746790e-01 4.322472141246910269e+02 3.141592653589661222e+00
1.661366331936774632e+00 4.334370753644858496e+02 3.141592653589661222e+00
9.918988270194718515e-01 4.339863311919787634e+02 3.141592653589661222e+00
1.424689359211115169e+00 4.354507578437429629e+02 3.141592653589661222e+00
1.211889594081538846e+00 4.360254829296535490e+02 3.141592653589661222e+00
1.703657964534709413e+00 4.375296161713176843e+02 3.141592653589661222e+00
8.359893806905482894e-01 4.382374397041832026e+02 3.141592653589661222e+00
1.387894738347747126e+00 4.396295887037830425e+02 3.141592653589661222e+00
1.145983885891419085e+00 4.401403397827023696e+02 3.141592653589661222e+00
1.121656398785498832e+00 4.416166622084094229e+02 3.141592653589661222e+00
1.453053497587819320e+00 4.422091457367489511e+02 3.141592653589661222e+00
1.538801360204676616e+00 4.437510832519450332e+02 3.141592653589661222e+00
1.016056342226947740e+00 4.443705412200220053e+02 3.141592653589661222e+00
1.212049512736324441e+00 4.458318473663310897e+02 3.141592653589661222e+00
1.289682765000681686e+00 4.463399718185529537e+02 3.141592653589661222e+00
9.214446335764909790e-01 4.477758127344426384e+02 3.141592653589661222e+00
1.615789292526575105e+00 4.484306849863254456e+02 3.141592653589661222e+00
1.329866478424724496e+00 4.499579342975319491e+02 3.141592653589661222e+00
1.258021963141131350e+00 4.505333921818744898e+02 3.141592653589661222e+00
1.057685072109195490e+00 4.520108168677907656e+02 3.141592653589661222e+00
1.496902662942466433e+00 4.525390998735655330e+02 3.141592653589661222e+00
7.457882630332761664e-01 4.538568575645080614e+02 3.141592653589661222e+00
1.772250798150621920e+00 4.546425596294517391e+02 3.141592653589661222e+00
1.009852638487026777e+00 4.560732773669880089e+02 3.141592653589661222e+00
1.655434117280373041e+00 4.566915595792545446e+02 3.141592653589661222e+00
8.716597174936928649e-01 4.580927316759940595e+02 3.141592653589661222e+00
1.844330297797762919e+00 4.587181314147157423e+02 3.141592653589661222e+00
6.719101412693873066e-01 4.596771769091432702e+02 3.141592653589661222e+00
1.893356849061507585e+00 4.607885397003946082e+02 3.141592653589661222e+00
7.013478972105097187e-01 4.617632094099769233e+02 3.141592653589661222e+00
1.884577315183004087e+00 4.628185993961373583e+02 3.141592653589661222e+00
6.632743549883423073e-01 4.638814437227198937e+02 3.141592653589661222e+00
1.805467722535866404e+00 4.648975922244122785e+02 3.141592653589661222e+00
8.986201785879881498e-01 4.655013468042694171e+02 3.141592653589661222e+00
1.606841018958137912e+00 4.669222536100592151e+02 3.141592653589661222e+00
1.053491780131527111e+00 4.675256486066287493e+02 3.141592653589661222e+00
1.754717185624923292e+00 4.689761112727590557e+02 3.141592653589661222e+00
7.628350381117541268e-01 4.697439245754402464e+02 3.141592653589661222e+00
1.469650909615422885e+00 4.710800193497300938e+02 3.141592653589661222e+00
1.070960650909999812e+00 4.716054117950750424e+02 3.141592653589661222e+00
1.229150163288551090e+00 4.730843791459781187e+02 3.141592653589661222e+00
1.346593164769380069e+00 4.736612684476866661e+02 3.141592653589661222e+00
1.583275309787694152e+00 4.751889776156592120e+02 3.141592653589661222e+00
9.402669243912955555e-01 4.758339442415477833e+02 3.141592653589661222e+00
1.256061393747423427e+00 4.772771713060124057e+02 3.141592653589661222e+00
1.211436831636829803e+00 4.777903361449833142e+02 3.141592653589661222e+00
9.925295635209019363e-01 4.792484774680532382e+02 3.141592653589661222e+00
1.532550341693962315e+00 4.798718301116159637e+02 3.141592653589661222e+00
1.391161280884685603e+00 4.814025697362730511e+02 3.141592653589661222e+00
1.158855008300008205e+00 4.819875056809768239e+02 3.141592653589661222e+00
1.096509645546005940e+00 4.834646463568636818e+02 3.141592653589661222e+00
1.393979865624809467e+00 4.839878755148619689e+02 3.141592653589661222e+00
8.037029505371703353e-01 4.853646289557116233e+02 3.141592653589661222e+00
1.698445708571002966e+00 4.860884349104439366e+02 3.141592653589661222e+00
1.127350147909707889e+00 4.875659002499521648e+02 3.141592653589661222e+00
1.493845444548671741e+00 4.881506613002924269e+02 3.141592653589661222e+00
9.378019617079619286e-01 4.895967121028577935e+02 3.141592653589661222e+00
1.699570595824845265e+00 4.901732464992385871e+02 3.141592653589661222e+00
6.627351001356087679e-01 4.913027247064972585e+02 3.141592653589661222e+00
1.861039639763100384e+00 4.922662113218032687e+02 3.141592653589661222e+00
7.526067500572324320e-01 4.934742087629090861e+02 3.141592653589661222e+00
1.888748648802227148e+00 4.942980059574158531e+02 3.141592653589661222e+00
7.155178581359791234e-01 4.955062901583063422e+02 3.141592653589661222e+00
1.937947090452567744e+00 4.963482093409024856e+02 3.141592653589661222e+00
8.401878797446852287e-01 4.970084459691985330e+02 3.141592653589661222e+00
1.758486661961224939e+00 4.983740512208196947e+02 3.141592653589661222e+00
9.553047655319909515e-01 4.990211088384770619e+02 3.141592653589661222e+00
1.838924483299804624e+00 5.004210436639246495e+02 3.141592653589661222e+00
7.254323805374272016e-01 5.012520737877337638e+02 3.141592653589661222e+00
1.593288531228260752e+00 5.025237644075308481e+02 3.141592653589661222e+00
1.073194349310409024e+00 5.030419205311169435e+02 3.141592653589661222e+00
1.313658507022635202e+00 5.045212752844784063e+02 3.141592653589661222e+00
1.340309784272871729e+00 5.050938937364059598e+02 3.141592653589661222e+00
1.713945731924062965e+00 5.066315783986830752e+02 3.141592653589661222e+00
8.852792888332109422e-01 5.073174818438125726e+02 3.141592653589661222e+00
1.384149628229420559e+00 5.087295025580638708e+02 3.141592653589661222e+00
1.229756005405310049e+00 5.092214340647350355e+02 3.141592653589661222e+00
1.065189526573737888e+00 5.106899201457379718e+02 3.141592653589661222e+00
1.558719179796872023e+00 5.113005742583492292e+02 3.141592653589661222e+00
1.569730209656482911e+00 5.128624860293563188e+02 3.141592653589661222e+00
1.048218503016563607e+00 5.134784300328216204e+02 3.141592653589661222e+00
1.235788932315460720e+00 5.149434661257914740e+02 3.141592653589661222e+00
1.361198141728214628e+00 5.154371189694231816e+02 3.141592653589661222e+00
8.987076653116007341e-01 5.168576026317662127e+02 3.141592653589661222e+00
1.690513498723211550e+00 5.175327249825119225e+02 3.141592653589661222e+00
1.345244992208025847e+00 5.190696595430862317e+02 3.141592653589661222e+00
1.290062899504742733e+00 5.196438300232684924e+02 3.141592653589661222e+00
1.071513293397488908e+00 5.211223600141165662e+02 3.141592653589661222e+00
1.557009480557033809e+00 5.216428887950576154e+02 3.141592653589661222e+00
7.337817852558833343e-01 5.229341150428176661e+02 3.141592653589661222e+00
1.817437679238266934e+00 5.237457498869422352e+02 3.141592653589661222e+00
9.797715830016207050e-01 5.251602080534969446e+02 3.141592653589661222e+00
1.717781141604956430e+00 5.257940415595383001e+02 3.141592653589661222e+00
8.548435505691484027e-01 5.271749581806254810e+02 3.141592653589661222e+00
1.908491850547358704e+00 5.278190789968581385e+02 3.141592653589661222e+00
6.969263599050730118e-01 5.287035614276234128e+02 3.141592653589661222e+00
1.900600320981771896e+00 5.298762971865888858e+02 3.141592653589661222e+00
7.278467051556971601e-01 5.307518055213658954e+02 3.141592653589661222e+00
1.875153072385259856e+00 5.319076210590631035e+02 3.141592653589661222e+00
6.618243269521216776e-01 5.329077477694797835e+02 3.141592653589661222e+00
1.748530798307295298e+00 5.339958466069689393e+02 3.141592653589661222e+00
9.319984042189810580e-01 5.345766648231536919e+02 3.141592653589661222e+00
1.536563365176527363e+00 5.360174305509665373e+02 3.141592653589661222e+00
1.110570086240597387e+00 5.366061896078259679e+02 3.141592653589661222e+00
1.729855780853851721e+00 5.380786423666846758e+02 3.141592653589661222e+00
7.888282384364083688e-01 5.388207031448778253e+02 3.141592653589661222e+00
1.431204254462767667e+00 5.401813830569136599e+02 3.141592653589661222e+00
1.093505220777697184e+00 5.407025037009616426e+02 3.141592653589661222e+00
1.186489445361291972e+00 5.421815339038872708e+02 3.141592653589661222e+00
1.380668555843390877e+00 5.427627913485156341e+02 3.141592653589661222e+00
1.557456797562958517e+00 5.442944240474763546e+02 3.141592653589661222e+00
9.697306081973594560e-01 5.449274364155835428e+02 3.141592653589661222e+00
1.230882947890085566e+00 5.463792028134251950e+02 3.141592653589661222e+00
1.235779250894444514e+00 5.468921963671887170e+02 3.141592653589661222e+00
9.622911944771228576e-01 5.483428077331127497e+02 3.141592653589661222e+00
1.558925055083318467e+00 5.489771747403455038e+02 3.141592653589661222e+00
1.359176015121317915e+00 5.505049013001912499e+02 3.141592653589661222e+00
1.199316429282749841e+00 5.510848372412302751e+02 3.141592653589661222e+00
1.074882895723689114e+00 5.525625850757819535e+02 3.141592653589661222e+00
1.430895773373588531e+00 5.530893141350524047e+02 3.141592653589661222e+00
7.774245930533026927e-01 5.544441847347551402e+02 3.141592653589661222e+00
1.725137218116321591e+00 5.551915789135782688e+02 3.141592653589661222e+00
1.076717017356727979e+00 5.566511855702416369e+02 3.141592653589661222e+00
1.559552765660307649e+00 5.572470465306165579e+02 3.141592653589661222e+00
9.093828053854610127e-01 5.586771962401653582e+02 3.141592653589661222e+00
1.757734984406576828e+00 5.592719525464027583e+02 3.141592653589661222e+00
6.586425371193969092e-01 5.603358933108572728e+02 3.141592653589661222e+00
1.877424160453427193e+00 5.613573641486680117e+02 3.141592653589661222e+00
7.147132047272556354e-01 5.624768656025466953e+02 3.141592653589661222e+00
1.899241699968542862e+00 5.633879763892152823e+02 3.141592653589661222e+00
6.886643174581631444e-01 5.645382529477177513e+02 3.141592653589661222e+00
1.897729446790271668e+00 5.654493164021067741e+02 3.141592653589661222e+00
8.721920592879042200e-01 5.660781391595094192e+02 3.141592653589661222e+00
1.698403869814638201e+00 5.674724943312363621e+02 3.141592653589661222e+00
1.006718462290012051e+00 5.680957596560307366e+02 3.141592653589661222e+00
1.818522337435248826e+00 5.695242373463840977e+02 3.141592653589661222e+00
7.426540787270592414e-01 5.703290481592653123e+02 3.141592653589661222e+00
1.554893975581397081e+00 5.716279461942971238e+02 3.141592653589661222e+00
1.087556368385773409e+00 5.721430240831307401e+02 3.141592653589661222e+00
1.276600409989183449e+00 5.736236385077618252e+02 3.141592653589661222e+00
1.364129929656468621e+00 5.741982104012186028e+02 3.141592653589661222e+00
1.687045794571207180e+00 5.757390000146158400e+02 3.141592653589661222e+00
9.042687485859201013e-01 5.764124264715620711e+02 3.141592653589661222e+00
1.354582994430083343e+00 5.778348057626336640e+02 3.141592653589661222e+00
1.236586010466984575e+00 5.783291520600664626e+02 3.141592653589661222e+00
1.042065212014064546e+00 5.797939885051828242e+02 3.141592653589661222e+00
1.566088007003293203e+00 5.804100304919315931e+02 3.141592653589661222e+00
1.530772092802513917e+00 5.819674298519714739e+02 3.141592653589661222e+00
1.076960809911872818e+00 5.825739654226048287e+02 3.141592653589661222e+00
1.203391239402638258e+00 5.840441574200955301e+02 3.141592653589661222e+00
1.374292304766295825e+00 5.845430176340779553e+02 3.141592653589661222e+00
8.734991787260898422e-01 5.859529785066930572e+02 3.141592653589661222e+00
1.698524288573156182e+00 5.866402302287550583e+02 3.141592653589661222e+00
1.291248908387817806e+00 5.881651294194415414e+02 3.141592653589661222e+00
1.343547397867710158e+00 5.887376130067125359e+02 3.141592653589661222e+00
1.037433806688276006e+00 5.902117614895400948e+02 3.141592653589661222e+00
1.597514675484963842e+00 5.907431874440459296e+02 3.141592653589661222e+00
7.089955996451274833e-01 5.919965602288307309e+02 3.141592653589661222e+00
1.834522112883931522e+00 5.928447530296297145e+02 3.141592653589661222e+00
9.079240777054373712e-01 5.942147164547715192e+02 3.141592653589661222e+00
1.789185831215977407e+00 5.948864645373245139e+02 3.141592653589661222e+00
8.107168407712238567e-01 5.962248916998802315e+02 3.141592653589661222e+00
1.948152927937753409e+00 5.969163983019185480e+02 3.141592653589661222e+00
7.359800017055100341e-01 5.977159988254636573e+02 3.141592653589661222e+00
1.877396986544661361e+00 5.989606655931668229e+02 3.141592653589661222e+00
7.877230418775869047e-01 5.997359400392331281e+02 3.141592653589661222e+00
1.857227914441383909e+00 6.009944769714276163e+02 3.141592653589661222e+00
6.730993965239231436e-01 6.019264458412346812e+02 3.141592653589661222e+00
1.680715712151883867e+00 6.030907896860094297e+02 3.141592653589661222e+00
9.708419633271954119e-01 6.036499638247498751e+02 3.141592653589661222e+00
1.455435828422681155e+00 6.051081073306492044e+02 3.141592653589661222e+00
1.177545838699205483e+00 6.056859579187693043e+02 3.141592653589661222e+00
1.702507151505483707e+00 6.071798364470504339e+02 3.141592653589661222e+00
8.218826610995096926e-01 6.078951779948515650e+02 3.141592653589661222e+00
1.391232309298432446e+00 6.092804450213108112e+02 3.141592653589661222e+00
1.123765607107727105e+00 6.097965368918037257e+02 3.141592653589661222e+00
1.138403464089963180e+00 6.112739149084111432e+02 3.141592653589661222e+00
1.423598446395772710e+00 6.118623274561635981e+02 3.141592653589661222e+00
1.530537761305676758e+00 6.133984135948978746e+02 3.141592653589661222e+00
1.006010325800916538e+00 6.140191929790845506e+02 3.141592653589661222e+00
1.205807711004851290e+00 6.154792110718124150e+02 3.141592653589661222e+00
1.269231610876844440e+00 6.159914586958363998e+02 3.141592653589661222e+00
9.281352978430773559e-01 6.174311877401516995e+02 3.141592653589661222e+00
1.593534502729533786e+00 6.180805392574765165e+02 3.141592653589661222e+00
1.323386062346620484e+00 6.196044085997632465e+02 3.141592653589661222e+00
1.249620146370965079e+00 6.201801842323212668e+02 3.141592653589661222e+00
1.052254647391894338e+00 6.216571454335911540e+02 3.141592653589661222e+00
1.479791562377388292e+00 6.221881456731283606e+02 3.141592653589661222e+00
7.486303971672330082e-01 6.235124520235831369e+02 3.141592653589661222e+00
1.758321699437408903e+00 6.242915713223866305e+02 3.141592653589661222e+00
1.015037004665901632e+00 6.257249070760681207e+02 3.141592653589661222e+00
1.639798716830982883e+00 6.263403041941685387e+02 3.141592653589661222e+00
8.741274903879990843e-01 6.277453716884151618e+02 3.141592653589661222e+00
1.826080893822331186e+00 6.283676699239789514e+02 3.141592653589661222e+00
6.671439742475121504e-01 6.293451342982945107e+02 3.141592653589661222e+00
1.888867882436034762e+00 6.304412939415939263e+02 3.141592653589661222e+00
6.990112984959720999e-01 6.314411208290288187e+02 3.141592653589661222e+00
1.885809407921212877e+00 6.324711283946259073e+02 3.141592653589661222e+00
6.653496114188468535e-01 6.335496023508719645e+02 3.141592653589661222e+00
1.818802825879689777e+00 6.345476023489976569e+02 3.141592653589661222e+00
8.904354006365713392e-01 6.351576628701900518e+02 3.141592653589661222e+00
1.623845053406610450e+00 6.365729632425301361e+02 3.141592653589661222e+00
1.039667866855297440e+00 6.371807331249640356e+02 3.141592653589661222e+00
1.760882451797042281e+00 6.386252470579519240e+02 3.141592653589661222e+00
7.568868213355945951e-01 6.393997172826616406e+02 3.141592653589661222e+00
1.479536478523479026e+00 6.407293254030561229e+02 3.141592653589661222e+00
1.065928179888564031e+00 6.412557541095084161e+02 3.141592653589661222e+00
1.239688916948030517e+00 6.427345185692695395e+02 3.141592653589661222e+00
1.338696895787155006e+00 6.433105801185275823e+02 3.141592653589661222e+00
1.589938462160442212e+00 6.448373221188912794e+02 3.141592653589661222e+00
9.333703743873332792e-01 6.454854004085609631e+02 3.141592653589661222e+00
1.262716838406358733e+00 6.469263358319685722e+02 3.141592653589661222e+00
1.206176572329912489e+00 6.474394607700380675e+02 3.141592653589661222e+00
9.999783586836354932e-01 6.488992025934892354e+02 3.141592653589661222e+00
1.526698704658725481e+00 6.495201300371694515e+02 3.141592653589661222e+00
1.399255602032998036e+00 6.510516057449946175e+02 3.141592653589661222e+00
1.149354487641204292e+00 6.516379652989529632e+02 3.141592653589661222e+00
1.102193580025277786e+00 6.531147781988461247e+02 3.141592653589661222e+00
1.385741025459708009e+00 6.536371391271990205e+02 3.141592653589661222e+00
8.103063798125998973e-01 6.550186853881467641e+02 3.141592653589661222e+00
1.692318444941485645e+00 6.557372111134941406e+02 3.141592653589661222e+00
1.139510952245526232e+00 6.572185504154817863e+02 3.141592653589661222e+00
1.478332461166744327e+00 6.578012483745736745e+02 3.141592653589661222e+00
9.446240263680745208e-01 6.592505533488022138e+02 3.141592653589661222e+00
1.685755088032796722e+00 6.598231986810446870e+02 3.141592653589661222e+00
6.650290761086953273e-01 6.609673783696085820e+02 3.141592653589661222e+00
1.856458262814131066e+00 6.619176477697462815e+02 3.141592653589661222e+00
7.643145721602796483e-01 6.631448972035724410e+02 3.141592653589661222e+00
1.882758586343448837e+00 6.639498356271706143e+02 3.141592653589661222e+00
7.228789093608786187e-01 6.651719862976644890e+02 3.141592653589661222e+00
1.943269298104028930e+00 6.659977483306488466e+02 3.141592653589661222e+00
8.297740974987839468e-01 6.666687008737303586e+02 3.141592653589661222e+00
1.772625902809564336e+00 6.680250035016267702e+02 3.141592653589661222e+00
9.387747145654727898e-01 6.686804241020329300e+02 3.141592653589661222e+00
1.840051598494749197e+00 6.700702908255057082e+02 3.141592653589661222e+00
7.198680961376955345e-01 6.709087518114303066e+02 3.141592653589661222e+00
1.599470636772909460e+00 6.721727488897709009e+02 3.141592653589661222e+00
1.063454569512272130e+00 6.726941765700980795e+02 3.141592653589661222e+00
1.325356789347258202e+00 6.741724551667577998e+02 3.141592653589661222e+00
1.325468305785900691e+00 6.747446354686700261e+02 3.141592653589661222e+00
1.711111035609677922e+00 6.762786724682937347e+02 3.141592653589661222e+00
8.802715207647879847e-01 6.769662951506605850e+02 3.141592653589661222e+00
1.382714280672724172e+00 6.783767361973351626e+02 3.141592653589661222e+00
1.219625571158918120e+00 6.788710122545888908e+02 3.141592653589661222e+00
1.070747605134145575e+00 6.803406386254461040e+02 3.141592653589661222e+00
1.546365619370428490e+00 6.809490358541797832e+02 3.141592653589661222e+00
1.564557903516601289e+00 6.825084871372919224e+02 3.141592653589661222e+00
1.045672773850229831e+00 6.831244085497727383e+02 3.141592653589661222e+00
1.231679930587547878e+00 6.845892688314180532e+02 3.141592653589661222e+00
1.353215408462280944e+00 6.850848113649448123e+02 3.141592653589661222e+00
9.004297275857089389e-01 6.865068981548265583e+02 3.141592653589661222e+00
1.682253402205884596e+00 6.871799690167111976e+02 3.141592653589661222e+00
1.342207859587454699e+00 6.887155585608461479e+02 3.141592653589661222e+00
1.287809232165237017e+00 6.892897900890394567e+02 3.141592653589661222e+00
1.069126076146018844e+00 6.907681287976159865e+02 3.141592653589661222e+00
1.551198158369777369e+00 6.912897698900292198e+02 3.141592653589661222e+00
7.344332834238667118e-01 6.925832601260941601e+02 3.141592653589661222e+00
1.812985284693179766e+00 6.933927442487168946e+02 3.141592653589661222e+00
9.817493297870715230e-01 6.948083931939113427e+02 3.141592653589661222e+00
1.712467456143279776e+00 6.954409727825585605e+02 3.141592653589661222e+00
8.559444685521113705e-01 6.968235939425738934e+02 3.141592653589661222e+00
1.902635959933263843e+00 6.974662524815479401e+02 3.141592653589661222e+00
6.941780989586882056e-01 6.983573000824410428e+02 3.141592653589661222e+00
1.900092808460699834e+00 6.995247251302005225e+02 3.141592653589661222e+00
7.242696001429104191e-01 7.004086932373664922e+02 3.141592653589661222e+00
1.875416145304688031e+00 7.015558450435325994e+02 3.141592653589661222e+00
6.612726659769592175e-01 7.025614688512039265e+02 3.141592653589661222e+00
1.752644871046117991e+00 7.036434128683711151e+02 3.141592653589661222e+00
9.278939199285547446e-01 7.042267346994990476e+02 3.141592653589661222e+00
1.543018025112085745e+00 7.056655898793203505e+02 3.141592653589661222e+00
1.103780078747780724e+00 7.062557024054299291e+02 3.141592653589661222e+00
1.730243282424976048e+00 7.077256840570263421e+02 3.141592653589661222e+00
7.859961913844906167e-01 7.084697974997370693e+02 3.141592653589661222e+00
1.432786068462355455e+00 7.098285376682243850e+02 3.141592653589661222e+00
1.089388899329085447e+00 7.103507458426447556e+02 3.141592653589661222e+00
1.190383715606410986e+00 7.118297394208300375e+02 3.141592653589661222e+00
1.374879256017439877e+00 7.124104199124449224e+02 3.141592653589661222e+00
1.556430921394848843e+00 7.139408656648881788e+02 3.141592653589661222e+00
9.673861015457863033e-01 7.145743765027383461e+02 3.141592653589661222e+00
1.230230239630489608e+00 7.160257210540399910e+02 3.141592653589661222e+00
1.231700185187235563e+00 7.165394939493465927e+02 3.141592653589661222e+00
9.640806616036756704e-01 7.179907974081742168e+02 3.141592653589661222e+00
1.554291348764577307e+00 7.186240746149638881e+02 3.141592653589661222e+00
1.358057932853943939e+00 7.201511029107354034e+02 3.141592653589661222e+00
1.197388321350494556e+00 7.207311451811547158e+02 3.141592653589661222e+00
1.073921774491724435e+00 7.222087874539379300e+02 3.141592653589661222e+00
1.427300557313545992e+00 7.227360514359668286e+02 3.141592653589661222e+00
7.782380894869367349e-01 7.240921839826222595e+02 3.141592653589661222e+00
1.722001988029725483e+00 7.248382288762109056e+02 3.141592653589661222e+00
1.077575755892025811e+00 7.262981258599928651e+02 3.141592653589661222e+00
1.556378666867611615e+00 7.268936198604965284e+02 3.141592653589661222e+00
9.096878172924867112e-01 7.283243012001777288e+02 3.141592653589661222e+00
1.753756427825577280e+00 7.289187147352835154e+02 3.141592653589661222e+00
6.583810216950873873e-01 7.299861284131145567e+02 3.141592653589661222e+00
1.875883318217241191e+00 7.310046442109671716e+02 3.141592653589661222e+00
7.159489811672090642e-01 7.321287824407951348e+02 3.141592653589661222e+00
1.898453950635405896e+00 7.330352345881881320e+02 3.141592653589661222e+00
6.896495918520464397e-01 7.341885663311950339e+02 3.141592653589661222e+00
1.899253353269210631e+00 7.350960925574950124e+02 3.141592653589661222e+00
8.698724066948000377e-01 7.357268945906669160e+02 3.141592653589661222e+00
1.701682436250701480e+00 7.371195857039125485e+02 3.141592653589661222e+00
1.003018902275651936e+00 7.377442462640448184e+02 3.141592653589661222e+00
1.818583684122782262e+00 7.391708614775358228e+02 3.141592653589661222e+00
7.413420931185100704e-01 7.399770499013640119e+02 3.141592653589661222e+00
1.555868977658708685e+00 7.412745569605427818e+02 3.141592653589661222e+00
1.085267334226308389e+00 7.417903526285656426e+02 3.141592653589661222e+00
1.278970309124558336e+00 7.432708113265828160e+02 3.141592653589661222e+00
1.360754923770017610e+00 7.438451967477019480e+02 3.141592653589661222e+00
1.686065288613337598e+00 7.453851768850796589e+02 3.141592653589661222e+00
9.032403882745715373e-01 7.460588500718916976e+02 3.141592653589661222e+00
1.353894100355738761e+00 7.474809933041859722e+02 3.141592653589661222e+00
1.234211941861448114e+00 7.479759100867464667e+02 3.141592653589661222e+00
1.043098054907334316e+00 7.494410232472007465e+02 3.141592653589661222e+00
1.563244819820913678e+00 7.500565477725000392e+02 3.141592653589661222e+00
1.529271465768436533e+00 7.516133476698702225e+02 3.141592653589661222e+00
1.076570428888701692e+00 7.522198110237301307e+02 3.141592653589661222e+00
1.202199395762127532e+00 7.536899925148476314e+02 3.141592653589661222e+00
1.372539674585484315e+00 7.541893239149203509e+02 3.141592653589661222e+00
8.736711658631101107e-01 7.555996044262818714e+02 3.141592653589661222e+00
1.696714756372187605e+00 7.562864574253250112e+02 3.141592653589661222e+00
1.290293733520905040e+00 7.578109957291959518e+02 3.141592653589661222e+00
1.343274428076102645e+00 7.583834972598921240e+02 3.141592653589661222e+00
1.036727859350252468e+00 7.598575701957088313e+02 3.141592653589661222e+00
1.596360936998804103e+00 7.603893075884707287e+02 3.141592653589661222e+00
7.089828010257047675e-01 7.616430636799611875e+02 3.141592653589661222e+00
1.833631597507260569e+00 7.624909159064342248e+02 3.141592653589661222e+00
9.080937463634000117e-01 7.638610554365571943e+02 3.141592653589661222e+00
1.788300882793409929e+00 7.645325827518344113e+02 3.141592653589661222e+00
8.108083695990512263e-01 7.658713277500061167e+02 3.141592653589661222e+00
1.947102275524382975e+00 7.665625874671603697e+02 3.141592653589661222e+00
7.352377288569322822e-01 7.673633315634733663e+02 3.141592653589661222e+00
1.877444395550816880e+00 7.686071023149274879e+02 3.141592653589661222e+00
7.865620122965959471e-01 7.693836403261810801e+02 3.141592653589661222e+00
1.856860780251872844e+00 7.706408126164225223e+02 3.141592653589661222e+00
6.726904916608462681e-01 7.715736414076413894e+02 3.141592653589661222e+00
1.680850561163529155e+00 7.727370828541863830e+02 3.141592653589661222e+00
9.694693508239878854e-01 7.732969320086781408e+02 3.141592653589661222e+00
1.456638116390912341e+00 7.747546964979801487e+02 3.141592653589661222e+00
1.175412488485396034e+00 7.753327594405216132e+02 3.141592653589661222e+00
1.701447219892208818e+00 7.768259349593929528e+02 3.141592653589661222e+00
8.212280633871045232e-01 7.775414257969905520e+02 3.141592653589661222e+00
1.390395294392515524e+00 7.789265405107357765e+02 3.141592653589661222e+00
1.121990305125874166e+00 7.794431724930253722e+02 3.141592653589661222e+00
1.138975556823398572e+00 7.809205611868277401e+02 3.141592653589661222e+00
1.421259067521381869e+00 7.815087601311471417e+02 3.141592653589661222e+00
1.528534472562667279e+00 7.830442107078125673e+02 3.141592653589661222e+00
1.005968318405686901e+00 7.836647710944470191e+02 3.141592653589661222e+00
1.204161864761725598e+00 7.851248736834676265e+02 3.141592653589661222e+00
1.267772568145265177e+00 7.856376409625595443e+02 3.141592653589661222e+00
9.278375390847289905e-01 7.870774426298339677e+02 3.141592653589661222e+00
1.591818052344273982e+00 7.877266406651367561e+02 3.141592653589661222e+00
1.321182493146602299e+00 7.892498863473635993e+02 3.141592653589661222e+00
1.250374675474660968e+00 7.898255873442963093e+02 3.141592653589661222e+00
1.050705286405055450e+00 7.913024231066632410e+02 3.141592653589661222e+00
1.479348886328996304e+00 7.918339663120159457e+02 3.141592653589661222e+00
7.479999249831797981e-01 7.931579206251217329e+02 3.141592653589661222e+00
1.757628633218327296e+00 7.939374033269477877e+02 3.141592653589661222e+00
1.013355579121248295e+00 7.953699591591932858e+02 3.141592653589661222e+00
1.640685931168853529e+00 7.959858638124961772e+02 3.141592653589661222e+00
8.730680779282341542e-01 7.973903522611100243e+02 3.141592653589661222e+00
1.826036730081421977e+00 7.980134362914261601e+02 3.141592653589661222e+00
6.671642182690945555e-01 7.989900232009653109e+02 3.141592653589661222e+00
1.888407920605589929e+00 8.000870011422127845e+02 3.141592653589661222e+00
6.989419663793128290e-01 8.010855982394921284e+02 3.141592653589661222e+00
1.885062759725506076e+00 8.021167900684160941e+02 3.141592653589661222e+00
6.650351308180675325e-01 8.031945915445896844e+02 3.141592653589661222e+00
1.817235768829859710e+00 8.041934760780561646e+02 3.141592653589661222e+00
8.898487950932615353e-01 8.048038595036681500e+02 3.141592653589661222e+00
1.623203701542095700e+00 8.062190574622781014e+02 3.141592653589661222e+00
1.038858666804474140e+00 8.068269482123855596e+02 3.141592653589661222e+00
1.759164671445825334e+00 8.082711094520988127e+02 3.141592653589661222e+00
7.566985683390159423e-01 8.090452643700390354e+02 3.141592653589661222e+00
1.477725780405406697e+00 8.103751850654944064e+02 3.141592653589661222e+00
1.064336528409277838e+00 8.109022353478640071e+02 3.141592653589661222e+00
1.239513900986232597e+00 8.123808835355102929e+02 3.141592653589661222e+00
1.336562480831659627e+00 8.129569080015993450e+02 3.141592653589661222e+00
1.586828980633127495e+00 8.144829164612689283e+02 3.141592653589661222e+00
9.337743192348126886e-01 8.151304177039598926e+02 3.141592653589661222e+00
1.259962319646404483e+00 8.165717200932145943e+02 3.141592653589661222e+00
1.204581553930731408e+00 8.170855463566405206e+02 3.141592653589661222e+00
9.990297207402477619e-01 8.185452202096727206e+02 3.141592653589661222e+00
1.524705869088939014e+00 8.191661374878678998e+02 3.141592653589661222e+00
1.395273072005136950e+00 8.206966860738557443e+02 3.141592653589661222e+00
1.151161667537824007e+00 8.212826313661487347e+02 3.141592653589661222e+00
1.099253695464718961e+00 8.227594604159321534e+02 3.141592653589661222e+00
1.385627184656619271e+00 8.232826292651193398e+02 3.141592653589661222e+00
8.086682392941425546e-01 8.246634056083344149e+02 3.141592653589661222e+00
1.691676258778486597e+00 8.253827582965126339e+02 3.141592653589661222e+00
1.135448895620873699e+00 8.268627287318386152e+02 3.141592653589661222e+00
1.481534264994175620e+00 8.274460045925907252e+02 3.141592653589661222e+00
9.421466283899559979e-01 8.288943995955912669e+02 3.141592653589661222e+00
1.687452512738679244e+00 8.294683841124565333e+02 3.141592653589661222e+00
6.642936749852926814e-01 8.306097364074209963e+02 3.141592653589661222e+00
1.856511255123435067e+00 8.315626150483486754e+02 3.141592653589661222e+00
7.616753226636332474e-01 8.327859531272622462e+02 3.141592653589661222e+00
1.883316534142667864e+00 8.335946458493460796e+02 3.141592653589661222e+00
7.211819929880712854e-01 8.348141544248608170e+02 3.141592653589661222e+00
1.941200555192794219e+00 8.356431386307009461e+02 3.141592653589661222e+00
8.308980155793891376e-01 8.363127327978143057e+02 3.141592653589661222e+00
1.769970902315356920e+00 8.376703661278662594e+02 3.141592653589661222e+00
9.405807866557052144e-01 8.383246830656345310e+02 3.141592653589661222e+00
1.838571451023332193e+00 8.397157434468808788e+02 3.141592653589661222e+00
7.203793419221217187e-01 8.405529864989662201e+02 3.141592653589661222e+00
1.597095277671751967e+00 8.418182888904213996e+02 3.141592653589661222e+00
1.063210388959913599e+00 8.423399038865453576e+02 3.141592653589661222e+00
1.323911268109016381e+00 8.438181828014860457e+02 3.141592653589661222e+00
1.325304364673257407e+00 8.443904076194060053e+02 3.141592653589661222e+00
1.708492579223604313e+00 8.459242108318120472e+02 3.141592653589661222e+00
8.810430246045632963e-01 8.466110274923072438e+02 3.141592653589661222e+00
1.380029052990900507e+00 8.480221332718730309e+02 3.141592653589661222e+00
1.218635998048721802e+00 8.485169521030062469e+02 3.141592653589661222e+00
1.069653691753047919e+00 8.499864732271581715e+02 3.141592653589661222e+00
1.545109089873310193e+00 8.505949507371876734e+02 3.141592653589661222e+00
1.560597425174321984e+00 8.521536821228512508e+02 3.141592653589661222e+00
1.047553797987964108e+00 8.527687974748448596e+02 3.141592653589661222e+00
1.228364030132341078e+00 8.542340935914027114e+02 3.141592653589661222e+00
1.352957449689955460e+00 8.547303444631528464e+02 3.141592653589661222e+00
8.986259185340699229e-01 8.561518864028628286e+02 3.141592653589661222e+00
1.681582487744952337e+00 8.568255669882429402e+02 3.141592653589661222e+00
1.337360144369533099e+00 8.583600214143471021e+02 3.141592653589661222e+00
1.291684346451768661e+00 8.589340285814697609e+02 3.141592653589661222e+00
1.065935822142509704e+00 8.604120729221451711e+02 3.141592653589661222e+00
1.553420571839711162e+00 8.609347211281340151e+02 3.141592653589661222e+00
7.323815907767090572e-01 8.622257308970747545e+02 3.141592653589661222e+00
1.813686728410528914e+00 8.630376588270660250e+02 3.141592653589661222e+00
9.761083539259427511e-01 8.644502461576765882e+02 3.141592653589661222e+00
1.717812869896576222e+00 8.650852602750767346e+02 3.141592653589661222e+00
8.524798129690537296e-01 8.664650549031201763e+02 3.141592653589661222e+00
1.905568378125529705e+00 8.671109593613286961e+02 3.141592653589661222e+00
6.962665999256369975e-01 8.679959081975670188e+02 3.141592653589661222e+00
1.898839339542792493e+00 8.691685566788130473e+02 3.141592653589661222e+00
7.271436670804134472e-01 8.700447566041024174e+02 3.141592653589661222e+00
1.873286274445252531e+00 8.711997127198204680e+02 3.141592653589661222e+00
6.612399965317510286e-01 8.722003304196007321e+02 3.141592653589661222e+00
1.746459438771643002e+00 8.732880758165549651e+02 3.141592653589661222e+00
9.291083780540497772e-01 8.738705140642109654e+02 3.141592653589661222e+00
1.537476746003730410e+00 8.753103875761613608e+02 3.141592653589661222e+00
1.106246363084870676e+00 8.758998109837717720e+02 3.141592653589661222e+00
1.725830836192787432e+00 8.773705993687242426e+02 3.141592653589661222e+00
7.876858299082574177e-01 8.781124862989115627e+02 3.141592653589661222e+00
1.427477934044148578e+00 8.794733010062128642e+02 3.141592653589661222e+00
1.088753483560014557e+00 8.799960832467976388e+02 3.141592653589661222e+00
1.187050575047551737e+00 8.814749282123232206e+02 3.141592653589661222e+00
1.374311210832216190e+00 8.820558639296223191e+02 3.141592653589661222e+00
1.550127698012535360e+00 8.835855222768898329e+02 3.141592653589661222e+00
9.703747296677747158e-01 8.842174240808816421e+02 3.141592653589661222e+00
1.224650528738118860e+00 8.856697853636343325e+02 3.141592653589661222e+00
1.231629136685230996e+00 8.861845015038311431e+02 3.141592653589661222e+00
9.604209335965644412e-01 8.876350536154931206e+02 3.141592653589661222e+00
1.553831786765496270e+00 8.882692710383519170e+02 3.141592653589661222e+00
1.350369226602915695e+00 8.897947672606612741e+02 3.141592653589661222e+00
1.203178532304385095e+00 8.903741022386992654e+02 3.141592653589661222e+00
1.068597267102068926e+00 8.918515918739353765e+02 3.141592653589661222e+00
1.430442745912064328e+00 8.923802645310120170e+02 3.141592653589661222e+00
7.741991035890265493e-01 8.937333030384951371e+02 3.141592653589661222e+00
1.723441827102389690e+00 8.944826156804426773e+02 3.141592653589661222e+00
1.068497780329071611e+00 8.959389635650227319e+02 3.141592653589661222e+00
1.565565523050772567e+00 8.965366794257748779e+02 3.141592653589661222e+00
9.043374102307785156e-01 8.979644199861229481e+02 3.141592653589661222e+00
1.760224386870929303e+00 8.985624460952332129e+02 3.141592653589661222e+00
6.581800138225719632e-01 8.996205754317437595e+02 3.141592653589661222e+00
1.876632463165941012e+00 9.006473213395424864e+02 3.141592653589661222e+00
7.120040140999679412e-01 9.017585278650356031e+02 3.141592653589661222e+00
1.897263930317704350e+00 9.026777033474789960e+02 3.141592653589661222e+00
6.861579021123639377e-01 9.038233086751604333e+02 3.141592653589661222e+00
1.890413668917779511e+00 9.047403799982074588e+02 3.141592653589661222e+00
8.713388114840012744e-01 9.053693357856691364e+02 3.141592653589661222e+00
1.693829495179253852e+00 9.067642659905892515e+02 3.141592653589661222e+00
1.005656867029009360e+00 9.073873365268370890e+02 3.141592653589661222e+00
1.811644614445509394e+00 9.088154112688912392e+02 3.141592653589661222e+00
7.422484040091817947e-01 9.096184767358884073e+02 3.141592653589661222e+00
1.546873602925536328e+00 9.109192570729838963e+02 3.141592653589661222e+00
1.081083107151272094e+00 9.114369445054296648e+02 3.141592653589661222e+00
1.275901130861289534e+00 9.129170812935491313e+02 3.141592653589661222e+00
1.355377812310525565e+00 9.134915239952199499e+02 3.141592653589661222e+00
1.672960369320718677e+00 9.150292341616906242e+02 3.141592653589661222e+00
9.059201569743875471e-01 9.156997136624867153e+02 3.141592653589661222e+00
1.341282414611666862e+00 9.171242989072017053e+02 3.141592653589661222e+00
1.227710341471257793e+00 9.176222105428913665e+02 3.141592653589661222e+00
1.039011656936057015e+00 9.190870323252675007e+02 3.141592653589661222e+00
1.555102401697926684e+00 9.197025431723383235e+02 3.141592653589661222e+00
1.510378947351131540e+00 9.212554651547261528e+02 3.141592653589661222e+00
1.085260663792185332e+00 9.218586993160413385e+02 3.141592653589661222e+00
1.187049999149401458e+00 9.233302999205254764e+02 3.141592653589661222e+00
1.371198033719752241e+00 9.238331589339130687e+02 3.141592653589661222e+00
8.656020621185352981e-01 9.252406547836687878e+02 3.141592653589661222e+00
1.693248669231817383e+00 9.259305627826893215e+02 3.141592653589661222e+00
1.268556778459004830e+00 9.274494137434735421e+02 3.141592653589661222e+00
1.360883780163888002e+00 9.280220718159227999e+02 3.141592653589661222e+00
1.022954691439314834e+00 9.294937818491894177e+02 3.141592653589661222e+00
1.606614290357428532e+00 9.300306890492689718e+02 3.141592653589661222e+00
7.013558284087862971e-01 9.312717776193744612e+02 3.141592653589661222e+00
1.836136728790433548e+00 9.321317672430584480e+02 3.141592653589661222e+00
8.855861807741257641e-01 9.334856080473580278e+02 3.141592653589661222e+00
1.806353049263026644e+00 9.341715145717936366e+02 3.141592653589661222e+00
7.969719099982516264e-01 9.354955631109542082e+02 3.141592653589661222e+00
1.952765850201839237e+00 9.362035696023508535e+02 3.141592653589661222e+00
7.480115697404846609e-01 9.369820717748071957e+02 3.141592653589661222e+00
1.866400851616066836e+00 9.382449523663264017e+02 3.141592653589661222e+00
8.072567335050814252e-01 9.389979720920695172e+02 3.141592653589661222e+00
1.853093605125743393e+00 9.402797952409796380e+02 3.141592653589661222e+00
6.782512290735039917e-01 9.411955698289166321e+02 3.141592653589661222e+00
1.665205008391641650e+00 9.423775942282489950e+02 3.141592653589661222e+00
9.825174338719243616e-01 9.429311766048956542e+02 3.141592653589661222e+00
1.434914326580647215e+00 9.443931919803794699e+02 3.141592653589661222e+00
1.197103838991391722e+00 9.449690536892547925e+02 3.141592653589661222e+00
1.698793332092688235e+00 9.464686425067590108e+02 3.141592653589661222e+00
8.310093393439076381e-01 9.471781607231857834e+02 3.141592653589661222e+00
1.384657667274100445e+00 9.485686905382881378e+02 3.141592653589661222e+00
1.134776143431800666e+00 9.490825705248821578e+02 3.141592653589661222e+00
1.126691323924149168e+00 9.505592380496079841e+02 3.141592653589661222e+00
1.438405360941618083e+00 9.511500445400424724e+02 3.141592653589661222e+00
1.528863052179075810e+00 9.526883669535451418e+02 3.141592653589661222e+00
1.014504799156980663e+00 9.533070572201390860e+02 3.141592653589661222e+00
1.203976653040308431e+00 9.547685443937120908e+02 3.141592653589661222e+00
1.280338577413505874e+00 9.552795372000490488e+02 3.141592653589661222e+00
9.211954057827744791e-01 9.567163178117605185e+02 3.141592653589661222e+00
1.605149072713650593e+00 9.573696805129009135e+02 3.141592653589661222e+00
1.319597030144605387e+00 9.588937808163341288e+02 3.141592653589661222e+00
1.260044706111070667e+00 9.594689865868026573e+02 3.141592653589661222e+00
1.050358710734528467e+00 9.609457991096569458e+02 3.141592653589661222e+00
1.492534482110833061e+00 9.614767886222178959e+02 3.141592653589661222e+00
7.436058318224424424e-01 9.627940135498009795e+02 3.141592653589661222e+00
1.767321702610121337e+00 9.635802957070004595e+02 3.141592653589661222e+00
1.003713803197570975e+00 9.650081254640776933e+02 3.141592653589661222e+00
1.656724969728174734e+00 9.656281559712183480e+02 3.141592653589661222e+00
8.676778386502808083e-01 9.670274573895533194e+02 3.141592653589661222e+00
1.841340964970483496e+00 9.676556976530113161e+02 3.141592653589661222e+00
6.713677158026979397e-01 9.686139016994580970e+02 3.141592653589661222e+00
1.890746693660011468e+00 9.697263507300723404e+02 3.141592653589661222e+00
7.009105701660538479e-01 9.706998184199602520e+02 3.141592653589661222e+00
1.881651117574118182e+00 9.717561948166188586e+02 3.141592653589661222e+00
6.623755162219263637e-01 9.728186005356865280e+02 3.141592653589661222e+00
1.801067073387535356e+00 9.738356502008105053e+02 3.141592653589661222e+00
8.950124329696191872e-01 9.744416183729172189e+02 3.141592653589661222e+00
1.606735962320730238e+00 9.758613135009212556e+02 3.141592653589661222e+00
1.048168323172792293e+00 9.764657877661244356e+02 3.141592653589661222e+00
1.748566549165663453e+00 9.779139740398787808e+02 3.141592653589661222e+00
7.612842184062270645e-01 9.786814019506305158e+02 3.141592653589661222e+00
1.463688537083828844e+00 9.800178732100107482e+02 3.141592653589661222e+00
1.063904818902077665e+00 9.805458778788903373e+02 3.141592653589661222e+00
1.229789593527649272e+00 9.820243776537550957e+02 3.141592653589661222e+00
1.337010866738162163e+00 9.826009840617930422e+02 3.141592653589661222e+00
1.571739922594477701e+00 9.841256342207042280e+02 3.141592653589661222e+00
9.410565380501750843e-01 9.847687368281514182e+02 3.141592653589661222e+00
1.246022116030722326e+00 9.862130733688064765e+02 3.141592653589661222e+00
1.204576246140458107e+00 9.867289960892486533e+02 3.141592653589661222e+00
9.896188385459860903e-01 9.881870489134107629e+02 3.141592653589661222e+00
1.524068937773411569e+00 9.888100970101874054e+02 3.141592653589661222e+00
1.376571236403320908e+00 9.903372613000962019e+02 3.141592653589661222e+00
1.164852917723053771e+00 9.909208725515962897e+02 3.141592653589661222e+00
1.085809072445848900e+00 9.923979116380994583e+02 3.141592653589661222e+00
1.392694242572025898e+00 9.929242354099758359e+02 3.141592653589661222e+00
7.981415510539042746e-01 9.942984187893322314e+02 3.141592653589661222e+00
1.695291186780237824e+00 9.950249565204313740e+02 3.141592653589661222e+00
1.113140997698488510e+00 9.964974185180793711e+02 3.141592653589661222e+00
1.504293187782330898e+00 9.970844575082494430e+02 3.141592653589661222e+00
9.290771012983144450e-01 9.985271388221308371e+02 3.141592653589661222e+00
1.704312695352643292e+00 9.991085947814660813e+02 3.141592653589661222e+00
6.605728638223087312e-01 1.000228707716591884e+03 3.141592653589661222e+00
1.860450588328162125e+00 1.001200833231456386e+03 3.141592653589661222e+00
7.447531156122300100e-01 1.002395633653356299e+03 3.141592653589661222e+00
1.888862618873269561e+00 1.003232120814289601e+03 3.141592653589661222e+00
7.102096264024205796e-01 1.004432044036849561e+03 3.141592653589661222e+00
1.929142607551988187e+00 1.005284397692682774e+03 3.141592653589661222e+00
8.420873425446148142e-01 1.005941933931715425e+03 3.141592653589661222e+00
1.750090140331894917e+00 1.007310615100581913e+03 3.141592653589661222e+00
9.584578165488559787e-01 1.007955408422349819e+03 3.141592653589661222e+00
1.831865932389755480e+00 1.009357479994966980e+03 3.141592653589661222e+00
7.261222046955958520e-01 1.010185134499214541e+03 3.141592653589661222e+00
1.583683834118082334e+00 1.011460496818836532e+03 3.141592653589661222e+00
1.068558599510310181e+00 1.011980744799133390e+03 3.141592653589661222e+00
1.310609227547044453e+00 1.013459713082327653e+03 3.141592653589661222e+00
1.334274136189042004e+00 1.014032408712232609e+03 3.141592653589661222e+00
1.699859253483907651e+00 1.015567626137128400e+03 3.141592653589661222e+00
