1.223322381770088230e+00 2.579589048727705114e-01 3.141592653589661222e+00
9.638038560044164260e-01 1.709851737617433587e+00 3.141592653589661222e+00
1.544341707043064726e+00 2.341922927580563307e+00 3.141592653589661222e+00
1.347549272172242629e+00 3.865887809495137883e+00 3.141592653589661222e+00
1.199573884155105574e+00 4.445390138296041904e+00 3.141592653589661222e+00
1.066251429589026856e+00 5.922654216027413376e+00 3.141592653589661222e+00
1.423259759328533436e+00 6.452517936384198016e+00 3.141592653589661222e+00
7.755591936399340858e-01 7.807944075625057323e+00 3.141592653589661222e+00
1.717081521628817109e+00 8.554701750908471070e+00 3.141592653589661222e+00
1.069577131459624519e+00 1.001140147710388462e+01 3.141592653589661222e+00
1.559692283642052368e+00 1.060849871139326339e+01 3.141592653589661222e+00
9.045565504747009600e-01 1.203714095259983452e+01 3.141592653589661222e+00
1.752502869369401806e+00 1.263470915824877849e+01 3.141592653589661222e+00
6.575548692771373549e-01 1.369933268757655398e+01 3.141592653589661222e+00
1.873526430070406423e+00 1.472058287503739926e+01 3.141592653589661222e+00
7.140971162296120278e-01 1.584041494739710032e+01 3.141592653589661222e+00
1.895663365914404652e+00 1.675089855363255964e+01 3.141592653589661222e+00
6.878761044771489752e-01 1.790221685240229732e+01 3.141592653589661222e+00
1.893001239138864200e+00 1.881271530238037926e+01 3.141592653589661222e+00
8.667833150009772725e-01 1.944553426576960575e+01 3.141592653589661222e+00
1.699960922254668105e+00 2.083725274093272972e+01 3.141592653589661222e+00
9.983956364724243526e-01 2.146304941618241813e+01 3.141592653589661222e+00
1.811455797937848944e+00 2.288746576869112204e+01 3.141592653589661222e+00
7.396386992236252400e-01 2.369316008797288831e+01 3.141592653589661222e+00
1.548410593146804626e+00 2.499129839580551504e+01 3.141592653589661222e+00
1.076307688304157795e+00 2.551052599946945421e+01 3.141592653589661222e+00
1.280492394314920457e+00 2.699030680983984354e+01 3.141592653589661222e+00
1.348354895406981724e+00 2.756440782139127421e+01 3.141592653589661222e+00
1.670437088853895746e+00 2.910038410851417723e+01 3.141592653589661222e+00
9.039090504367415235e-01 2.977123432231160294e+01 3.141592653589661222e+00
1.339374332618178842e+00 3.119543983779033880e+01 3.141592653589661222e+00
1.222668714259533385e+00 3.169462085595083067e+01 3.141592653589661222e+00
1.040869809918422595e+00 3.315996732135266711e+01 3.141592653589661222e+00
1.549026196671268618e+00 3.377445141029861730e+01 3.141592653589661222e+00
1.506549653878183292e+00 3.532599610818039793e+01 3.141592653589661222e+00
1.084789652588945552e+00 3.592896610814379699e+01 3.141592653589661222e+00
1.184019576233080073e+00 3.740058426116836898e+01 3.141592653589661222e+00
1.367604894858499121e+00 3.790454030417316744e+01 3.141592653589661222e+00
8.655671577970254216e-01 3.931256194506686796e+01 3.141592653589661222e+00
1.689449256182265602e+00 4.000179789682248099e+01 3.141592653589661222e+00
1.265725979808193458e+00 4.151967608340452642e+01 3.141592653589661222e+00
1.361003009177128575e+00 4.209240280591927785e+01 3.141592653589661222e+00
1.020959950274010986e+00 4.356384112607337045e+01 3.141592653589661222e+00
1.604638706608276122e+00 4.410160775299012670e+01 3.141592653589661222e+00
7.010047017614069453e-01 4.534298674314607780e+01 3.141592653589661222e+00
1.834414272914604904e+00 4.620276179649232517e+01 3.141592653589661222e+00
8.850564968045794290e-01 4.755634715609549801e+01 3.141592653589661222e+00
1.805222138344555471e+00 4.824234314589266859e+01 3.141592653589661222e+00
7.966184290832488690e-01 4.956650394405701121e+01 3.141592653589661222e+00
1.950830119866681089e+00 5.027462664373594237e+01 3.141592653589661222e+00
7.468602300298349261e-01 5.105462566071954456e+01 3.141592653589661222e+00
1.866160381925550560e+00 5.231640787355971867e+01 3.141592653589661222e+00
8.054543056132759116e-01 5.307101923717299741e+01 3.141592653589661222e+00
1.851986709691781918e+00 5.435104985155121682e+01 3.141592653589661222e+00
6.775101417724220809e-01 5.526786029997461469e+01 3.141592653589661222e+00
1.664608196143645191e+00 5.644884415564989411e+01 3.141592653589661222e+00
9.799170108601489293e-01 5.700365436320338119e+01 3.141592653589661222e+00
1.436558232326997642e+00 5.846506205477634666e+01 3.141592653589661222e+00
1.193166229334931216e+00 5.904123310729541174e+01 3.141592653589661222e+00
1.695979416096869974e+00 6.053952197853699602e+01 3.141592653589661222e+00
8.300432818858517470e-01 6.124899198178382420e+01 3.141592653589661222e+00
1.382195289160415896e+00 6.263952060083494899e+01 3.141592653589661222e+00
1.131222650234798177e+00 6.315453830589961370e+01 3.141592653589661222e+00
1.127282524167131816e+00 6.463122188533827739e+01 3.141592653589661222e+00
1.433783094705598504e+00 6.522164011170404763e+01 3.141592653589661222e+00
1.523976959891552019e+00 6.675859814337984233e+01 3.141592653589661222e+00
1.015012385219604019e+00 6.737663439865227133e+01 3.141592653589661222e+00
1.199950073217247448e+00 6.883840896590980662e+01 3.141592653589661222e+00
1.277637673003259255e+00 6.935055394238385418e+01 3.141592653589661222e+00
9.200279310838129776e-01 7.078731429463395841e+01 3.141592653589661222e+00
1.601892612203378308e+00 7.144058439369329960e+01 3.141592653589661222e+00
1.314194937398005525e+00 7.296322843829739213e+01 3.141592653589661222e+00
1.262533854223548246e+00 7.353825185077104720e+01 3.141592653589661222e+00
1.046632793770997383e+00 7.501473400287723337e+01 3.141592653589661222e+00
1.492376310108628923e+00 7.554700689172419459e+01 3.141592653589661222e+00
7.418343070259029171e-01 7.686290125635525783e+01 3.141592653589661222e+00
1.766319527976580872e+00 7.765054289173470181e+01 3.141592653589661222e+00
9.991231835143332685e-01 7.907614904019608559e+01 3.141592653589661222e+00
1.659810322101319624e+00 7.969774301442743081e+01 3.141592653589661222e+00
8.648260382971482141e-01 8.109526291198622516e+01 3.141592653589661222e+00
1.842122736334759647e+00 8.172577272241750279e+01 3.141592653589661222e+00
6.717994122472756846e-01 8.268072397609066115e+01 3.141592653589661222e+00
1.889715888406491962e+00 8.379609790668688163e+01 3.141592653589661222e+00
7.011475497217662944e-01 8.476511255883592355e+01 3.141592653589661222e+00
1.879600601717446917e+00 8.582584422172037364e+01 3.141592653589661222e+00
6.615739986969276787e-01 8.688564772484414789e+01 3.141592653589661222e+00
1.796333337596264679e+00 8.790594686862833385e+01 3.141592653589661222e+00
8.940065413223203805e-01 8.851235425913681354e+01 3.141592653589661222e+00
1.604105387986286768e+00 8.993212232323182320e+01 3.141592653589661222e+00
1.046960916096848493e+00 9.053662388508682568e+01 3.141592653589661222e+00
1.743854820919533699e+00 9.198428461245210030e+01 3.141592653589661222e+00
7.612485167422557986e-01 9.275047530935424334e+01 3.141592653589661222e+00
1.458562976770312325e+00 9.408814181684407174e+01 3.141592653589661222e+00
1.060407738329617988e+00 9.461757161116346992e+01 3.141592653589661222e+00
1.228525306262831185e+00 9.609580918480594391e+01 3.141592653589661222e+00
1.332425255878034287e+00 9.667238214253619333e+01 3.141592653589661222e+00
1.563782159100521429e+00 9.819532658099909384e+01 3.141592653589661222e+00
9.425898244063306564e-01 9.883685967509812542e+01 3.141592653589661222e+00
1.239013697434717454e+00 1.002821753063103785e+02 3.141592653589661222e+00
1.201337657382862467e+00 1.007997476330214965e+02 3.141592653589661222e+00
9.866691010267486517e-01 1.022574802190872418e+02 3.141592653589661222e+00
1.519952922602054279e+00 1.028807473002853499e+02 3.141592653589661222e+00
1.366671506588770457e+00 1.044056532517365667e+02 3.141592653589661222e+00
1.169882601612751483e+00 1.049883360451988352e+02 3.141592653589661222e+00
1.078644181801450497e+00 1.064652884774644690e+02 3.141592653589661222e+00
1.393258472472110210e+00 1.069936087163639939e+02 3.141592653589661222e+00
7.938464461611046685e-01 1.083654575533994660e+02 3.141592653589661222e+00
1.694387201627610473e+00 1.090944980693412418e+02 3.141592653589661222e+00
1.102949728959378595e+00 1.105633235414481703e+02 3.141592653589661222e+00
1.512718907985744154e+00 1.111521841916446789e+02 3.141592653589661222e+00
9.229183155428116736e-01 1.125922515743384906e+02 3.141592653589661222e+00
1.709059051892737102e+00 1.131773182923203080e+02 3.141592653589661222e+00
6.591621419263550274e-01 1.142896148526026963e+02 3.141592653589661222e+00
1.860639974221288684e+00 1.152688783420661878e+02 3.141592653589661222e+00
7.388689471796717756e-01 1.164528325359060119e+02 3.141592653589661222e+00
1.889138777630652744e+00 1.172998311729626124e+02 3.141592653589661222e+00
7.061520706631428945e-01 1.184928456960160190e+02 3.141592653589661222e+00
1.922408078915942342e+00 1.193537257554127535e+02 3.141592653589661222e+00
8.441241836484958405e-01 1.200086981245268021e+02 3.141592653589661222e+00
1.743114464298264110e+00 1.213801177125226474e+02 3.141592653589661222e+00
9.618170261862717396e-01 1.220228005311085298e+02 3.141592653589661222e+00
1.826729740659768453e+00 1.234270111449384899e+02 3.141592653589661222e+00
7.270453639962251025e-01 1.242517471912059790e+02 3.141592653589661222e+00
1.576441404676009350e+00 1.255302344851755549e+02 3.141592653589661222e+00
1.066026890916283998e+00 1.260517125333077928e+02 3.141592653589661222e+00
1.307535562958757058e+00 1.275304826801158100e+02 3.141592653589661222e+00
1.331147528012061043e+00 1.281032737648764339e+02 3.141592653589661222e+00
1.690184177532158216e+00 1.296370237591167722e+02 3.141592653589661222e+00
8.895351598682176286e-01 1.303169908602571923e+02 3.141592653589661222e+00
1.360738733943693157e+00 1.317337511349733461e+02 3.141592653589661222e+00
1.216655633405197001e+00 1.322313968815673775e+02 3.141592653589661222e+00
1.058449615247149422e+00 1.336995052088257125e+02 3.141592653589661222e+00
1.542323007885760600e+00 1.343098164637993648e+02 3.141592653589661222e+00
1.533897089170508155e+00 1.358644340472368128e+02 3.141592653589661222e+00
1.063254144860242612e+00 1.364737623791653505e+02 3.141592653589661222e+00
1.206202440791415142e+00 1.379421441491617486e+02 3.141592653589661222e+00
1.356002047839527824e+00 1.384426253257256576e+02 3.141592653589661222e+00
8.841342076616821588e-01 1.398589517946209355e+02 3.141592653589661222e+00
1.681612084061232082e+00 1.405386066155955689e+02 3.141592653589661222e+00
1.303289434530778390e+00 1.420652057585172088e+02 3.141592653589661222e+00
1.322034396387925748e+00 1.426380693435749265e+02 3.141592653589661222e+00
1.044052837825089508e+00 1.441135402429499948e+02 3.141592653589661222e+00
1.573823559573252373e+00 1.446432598295259027e+02 3.141592653589661222e+00
7.174455663847828513e-01 1.459136551496159768e+02 3.141592653589661222e+00
1.821474427838774224e+00 1.467456860452288367e+02 3.141592653589661222e+00
9.341885374821046195e-01 1.481335888261885430e+02 3.141592653589661222e+00
1.758286968330733169e+00 1.487891413332826005e+02 3.141592653589661222e+00
8.267308366700271138e-01 1.501457290137247469e+02 3.141592653589661222e+00
1.927645190164074984e+00 1.508178389161301141e+02 3.141592653589661222e+00
7.156294518887381662e-01 1.516553997904947551e+02 3.141592653589661222e+00
1.887176950276933329e+00 1.528684356577366543e+02 3.141592653589661222e+00
7.558344408647340584e-01 1.536867466579445534e+02 3.141592653589661222e+00
1.859818369389313109e+00 1.549004181980359647e+02 3.141592653589661222e+00
6.647008062365483694e-01 1.558623099731895820e+02 3.141592653589661222e+00
1.703588497138860625e+00 1.569939802964037767e+02 3.141592653589661222e+00
9.450339337824443797e-01 1.575665943482596276e+02 3.141592653589661222e+00
1.492959346272847876e+00 1.590155588268736437e+02 3.141592653589661222e+00
1.135237060253556418e+00 1.595989363637030465e+02 3.141592653589661222e+00
1.701153510955272008e+00 1.610791789857863421e+02 3.141592653589661222e+00
8.042643558268156578e-01 1.618046237293666820e+02 3.141592653589661222e+00
1.395885737352764222e+00 1.631805642723317362e+02 3.141592653589661222e+00
1.096165614607064409e+00 1.637036784730372005e+02 3.141592653589661222e+00
1.159692400298292458e+00 1.651816363461716151e+02 3.141592653589661222e+00
1.386199291174014414e+00 1.657656215946746272e+02 3.141592653589661222e+00
1.519521193122440605e+00 1.672939785429817050e+02 3.141592653589661222e+00
9.929884816733118846e-01 1.679164926345103481e+02 3.141592653589661222e+00
1.197490926397888344e+00 1.693748050404010996e+02 3.141592653589661222e+00
1.243034634986568854e+00 1.698924641187637974e+02 3.141592653589661222e+00
9.363831618902312970e-01 1.713367312503674214e+02 3.141592653589661222e+00
1.564419270298322617e+00 1.719793321705192000e+02 3.141592653589661222e+00
1.313049193046566643e+00 1.734983334655006217e+02 3.141592653589661222e+00
1.239760434977467130e+00 1.740744437149078010e+02 3.141592653589661222e+00
1.043866168214628853e+00 1.755506812071800766e+02 3.141592653589661222e+00
1.458118050037342961e+00 1.760856221058378139e+02 3.141592653589661222e+00
7.514810538198876122e-01 1.774174123357615258e+02 3.141592653589661222e+00
1.739894539427044418e+00 1.781888967538564259e+02 3.141592653589661222e+00
1.018601256087345641e+00 1.796240387235037588e+02 3.141592653589661222e+00
1.621982184326719922e+00 1.802368369850402416e+02 3.141592653589661222e+00
8.752706560718445106e-01 1.816455364611066727e+02 3.141592653589661222e+00
1.803394163273634332e+00 1.822655218581114980e+02 3.141592653589661222e+00
6.621933250232850954e-01 1.832638723575611266e+02 3.141592653589661222e+00
1.881821732718162110e+00 1.843428125920828222e+02 3.141592653589661222e+00
6.981933502740034214e-01 1.853710873819631217e+02 3.141592653589661222e+00
1.885453973524272797e+00 1.863723415162475874e+02 3.141592653589661222e+00
6.681991588267146565e-01 1.874686604273442470e+02 3.141592653589661222e+00
1.831878155945428910e+00 1.884460312169415204e+02 3.141592653589661222e+00
8.795391422930249892e-01 1.890646693570116952e+02 3.141592653589661222e+00
1.643163990795272422e+00 1.904725908103184793e+02 3.141592653589661222e+00
1.021661782689467390e+00 1.910863214415780362e+02 3.141592653589661222e+00
1.765520603555668755e+00 1.925227028671613425e+02 3.141592653589661222e+00
7.495474750497279626e-01 1.933049249431597048e+02 3.141592653589661222e+00
1.488727191563580243e+00 1.946269280121871361e+02 3.141592653589661222e+00
1.057345354698067119e+00 1.951556799672291902e+02 3.141592653589661222e+00
1.252270876276639688e+00 1.966338908976936750e+02 3.141592653589661222e+00
1.325681611089345013e+00 1.972090199800070138e+02 3.141592653589661222e+00
1.592945616884355209e+00 1.987333314431705844e+02 3.141592653589661222e+00
9.257726077361106976e-01 1.993843063089265399e+02 3.141592653589661222e+00
1.266370237009909916e+00 2.008229852639308035e+02 3.141592653589661222e+00
1.197345470458497374e+00 2.013372204073852174e+02 3.141592653589661222e+00
1.007482313178544420e+00 2.027986875110605069e+02 3.141592653589661222e+00
1.516415772747433000e+00 2.034167595475019539e+02 3.141592653589661222e+00
1.402433096672045520e+00 2.049475549878758898e+02 3.141592653589661222e+00
1.141003718952129597e+00 2.055350038852567707e+02 3.141592653589661222e+00
1.104247804339921313e+00 2.070113917567767601e+02 3.141592653589661222e+00
1.375805085250383364e+00 2.075340604051309299e+02 3.141592653589661222e+00
8.156135440974726647e-01 2.089199282937285886e+02 3.141592653589661222e+00
1.683898636916903779e+00 2.096336076759079390e+02 3.141592653589661222e+00
1.147229014733643693e+00 2.111171556534499416e+02 3.141592653589661222e+00
1.465207353720186401e+00 2.116985293390593483e+02 3.141592653589661222e+00
9.486186518122623479e-01 2.131500358197604896e+02 3.141592653589661222e+00
1.672092760990474769e+00 2.137204202547882232e+02 3.141592653589661222e+00
6.669698432848633063e-01 2.148771039346638361e+02 3.141592653589661222e+00
1.850806179350882541e+00 2.158161596957964434e+02 3.141592653589661222e+00
7.746759728190841798e-01 2.170591401814649544e+02 3.141592653589661222e+00
1.875230719204994623e+00 2.178485994186222285e+02 3.141592653589661222e+00
7.291857537940005241e-01 2.190828814093770234e+02 3.141592653589661222e+00
1.944515739601166970e+00 2.198948969826806774e+02 3.141592653589661222e+00
8.184119384305756917e-01 2.205776800137134614e+02 3.141592653589661222e+00
1.784777820669974258e+00 2.219240611489615560e+02 3.141592653589661222e+00
9.207544745083470206e-01 2.225889351483515668e+02 3.141592653589661222e+00
1.838076922731580742e+00 2.239673689268643670e+02 3.141592653589661222e+00
7.135776475278807762e-01 2.248134305061342104e+02 3.141592653589661222e+00
1.602467949305982131e+00 2.260696348058045544e+02 3.141592653589661222e+00
1.049540007998761126e+00 2.265961515193669129e+02 3.141592653589661222e+00
1.338115262941943495e+00 2.280727166111946929e+02 3.141592653589661222e+00
1.304591676863661620e+00 2.286446474456113549e+02 3.141592653589661222e+00
1.701123417744533350e+00 2.301729970282503643e+02 3.141592653589661222e+00
8.749918585566939244e-01 2.308612136457253143e+02 3.141592653589661222e+00
1.374552738049630296e+00 2.322709341332936503e+02 3.141592653589661222e+00
1.203310523913234009e+00 2.327697481967549891e+02 3.141592653589661222e+00
1.075869983549780917e+00 2.342405777545026240e+02 3.141592653589661222e+00
1.526178304011039932e+00 2.348461343278572429e+02 3.141592653589661222e+00
1.547894035456093276e+00 2.364004126907580883e+02 3.141592653589661222e+00
1.046459103642813915e+00 2.370144189977316103e+02 3.141592653589661222e+00
1.218068452623070286e+00 2.384800320142185797e+02 3.141592653589661222e+00
1.341463516067503470e+00 2.389798940728363448e+02 3.141592653589661222e+00
8.984385614184157154e-01 2.404028695107589328e+02 3.141592653589661222e+00
1.669044222982887682e+00 2.410745635915495200e+02 3.141592653589661222e+00
1.326156891617765288e+00 2.426054914200654764e+02 3.141592653589661222e+00
1.293945677567896579e+00 2.431793055551272857e+02 3.141592653589661222e+00
1.058021504684000913e+00 2.446566224163308902e+02 3.141592653589661222e+00
1.548338519506284650e+00 2.451822967316469146e+02 3.141592653589661222e+00
7.303550202130952851e-01 2.464729598222473896e+02 3.141592653589661222e+00
1.808340821586841951e+00 2.472853400689004673e+02 3.141592653589661222e+00
9.708219663164501245e-01 2.486952065580038038e+02 3.141592653589661222e+00
1.717849575798137796e+00 2.493319557274936074e+02 3.141592653589661222e+00
8.490646618588868488e-01 2.507101101589614416e+02 3.141592653589661222e+00
1.901352850234675262e+00 2.513586090667265580e+02 3.141592653589661222e+00
6.953227808548585465e-01 2.522441973679596288e+02 3.141592653589661222e+00
1.896274193429019705e+00 2.534167474811025045e+02 3.141592653589661222e+00
7.261496805744453997e-01 2.542938925249109730e+02 3.141592653589661222e+00
1.870568529905845656e+00 2.554476608690624744e+02 3.141592653589661222e+00
6.603961860879458134e-01 2.564489484717349796e+02 3.141592653589661222e+00
1.743418542199998811e+00 2.575362275003805621e+02 3.141592653589661222e+00
9.249713894302604711e-01 2.581209973412043155e+02 3.141592653589661222e+00
1.538713968515533992e+00 2.595595821458811656e+02 3.141592653589661222e+00
1.100066139372081198e+00 2.601499759944207995e+02 3.141592653589661222e+00
1.720065487217692812e+00 2.616183727129020440e+02 3.141592653589661222e+00
7.860407750376998681e-01 2.623600144575141258e+02 3.141592653589661222e+00
1.422153830813588815e+00 2.637210155951290744e+02 3.141592653589661222e+00
1.082006263872079099e+00 2.642461663361875139e+02 3.141592653589661222e+00
1.187782863996966976e+00 2.657247257787039416e+02 3.141592653589661222e+00
1.365278142347703616e+00 2.663052266975489601e+02 3.141592653589661222e+00
1.539747109643381684e+00 2.678320754359204443e+02 3.141592653589661222e+00
9.712398406754463309e-01 2.684624320617377862e+02 3.141592653589661222e+00
1.215858945805714741e+00 2.699156016854225868e+02 3.141592653589661222e+00
1.225783920921392323e+00 2.704327482972528287e+02 3.141592653589661222e+00
9.577165869085511041e-01 2.718832007660253680e+02 3.141592653589661222e+00
1.546646889751720488e+00 2.725172245910675315e+02 3.141592653589661222e+00
1.337977171357443540e+00 2.740395585909799365e+02 3.141592653589661222e+00
1.208554417638087575e+00 2.746181172743647494e+02 3.141592653589661222e+00
1.059787746335748349e+00 2.760951775013020324e+02 3.141592653589661222e+00
1.429770767985650837e+00 2.766266165569814461e+02 3.141592653589661222e+00
7.696849761688518976e-01 2.779770528465439838e+02 3.141592653589661222e+00
1.721013543870387963e+00 2.787290874129517988e+02 3.141592653589661222e+00
1.057063237178482273e+00 2.801808081140971467e+02 3.141592653589661222e+00
1.573763859284089461e+00 2.807812346006098778e+02 3.141592653589661222e+00
8.973059728956921388e-01 2.822055267523745670e+02 3.141592653589661222e+00
1.763422511518589531e+00 2.828082059832739787e+02 3.141592653589661222e+00
6.576353991178375269e-01 2.838583371308403116e+02 3.141592653589661222e+00
1.875360585655840406e+00 2.848923496178416599e+02 3.141592653589661222e+00
7.085650767529687588e-01 2.859921434715248552e+02 3.141592653589661222e+00
1.894184309266959687e+00 2.869224139174149855e+02 3.141592653589661222e+00
6.827674080003760526e-01 2.880616308311907687e+02 3.141592653589661222e+00
1.879994269820653985e+00 2.889869385343367867e+02 3.141592653589661222e+00
8.698183145492515145e-01 2.896163231960070448e+02 3.141592653589661222e+00
1.687562582546579204e+00 2.910118830376932806e+02 3.141592653589661222e+00
1.003708935157489490e+00 2.916348234242142894e+02 3.141592653589661222e+00
1.801721183372237300e+00 2.930621094140498712e+02 3.141592653589661222e+00
7.415802365754415870e-01 2.938627532654792844e+02 3.141592653589661222e+00
1.535456579929610932e+00 2.951661244988092108e+02 3.141592653589661222e+00
1.071818338740331278e+00 2.956875494685386343e+02 3.141592653589661222e+00
1.274815117716913582e+00 2.971669709552398331e+02 3.141592653589661222e+00
1.342856540224260931e+00 2.977412590946437376e+02 3.141592653589661222e+00
1.653115804612156792e+00 2.992745708881141127e+02 3.141592653589661222e+00
9.082563655629702914e-01 2.999409609737059554e+02 3.141592653589661222e+00
1.322746306235782709e+00 3.013685382025311696e+02 3.141592653589661222e+00
1.215703359552743557e+00 3.018713474367681329e+02 3.141592653589661222e+00
1.034264481151652815e+00 3.033360443542082976e+02 3.141592653589661222e+00
1.540193221798587642e+00 3.039509601948934119e+02 3.141592653589661222e+00
1.482239023396350275e+00 3.054976596368216519e+02 3.141592653589661222e+00
1.096937819254252044e+00 3.060965991001442603e+02 3.141592653589661222e+00
1.164844225495587748e+00 3.075698268027766176e+02 3.141592653589661222e+00
1.367681725363005807e+00 3.080781775574624817e+02 3.141592653589661222e+00
8.544017240121747347e-01 3.094819226813269211e+02 3.141592653589661222e+00
1.686622518056045239e+00 3.101758914069338857e+02 3.141592653589661222e+00
1.237683169405261241e+00 3.116862272408304761e+02 3.141592653589661222e+00
1.384733198678925525e+00 3.122597830831952024e+02 3.141592653589661222e+00
1.003491235931141201e+00 3.137275873582478312e+02 3.141592653589661222e+00
1.619387126918962139e+00 3.142723296767858301e+02 3.141592653589661222e+00
6.915807593299898581e-01 3.154958064604970218e+02 3.141592653589661222e+00
1.838280961729989338e+00 3.163725957331682253e+02 3.141592653589661222e+00
8.565144412625423920e-01 3.177032020413549276e+02 3.141592653589661222e+00
1.826895753789280263e+00 3.184100066939182625e+02 3.141592653589661222e+00
7.791641973558414147e-01 3.197139303627769777e+02 3.141592653589661222e+00
1.955716675920525338e+00 3.204451163733726275e+02 3.141592653589661222e+00
7.645151521325459498e-01 3.211974700727286063e+02 3.141592653589661222e+00
1.849747544150852185e+00 3.224830389157149284e+02 3.141592653589661222e+00
8.340962893077963347e-01 3.232099411353058827e+02 3.141592653589661222e+00
1.848578274495999541e+00 3.245195136571456942e+02 3.141592653589661222e+00
6.859802830146579655e-01 3.254156921329123406e+02 3.141592653589661222e+00
1.647138419890490146e+00 3.266188718419728048e+02 3.141592653589661222e+00
9.986650802875666200e-01 3.271652228782616589e+02 3.141592653589661222e+00
1.409174601961403317e+00 3.286317964307886541e+02 3.141592653589661222e+00
1.223658137746676422e+00 3.292056642454421080e+02 3.141592653589661222e+00
1.696748903273226805e+00 3.307127572529784061e+02 3.141592653589661222e+00
8.427126868668159965e-01 3.314156945100254461e+02 3.141592653589661222e+00
1.379136996413846905e+00 3.328121569575901617e+02 3.141592653589661222e+00
1.150886693866222554e+00 3.333225853551730893e+02 3.141592653589661222e+00
1.112499444280901306e+00 3.347981353280086978e+02 3.141592653589661222e+00
1.459623727552427308e+00 3.353923390373989832e+02 3.141592653589661222e+00
1.530612007305304223e+00 3.369342817308849476e+02 3.141592653589661222e+00
1.024199204345958902e+00 3.375510647581562012e+02 3.141592653589661222e+00
1.204938799161367369e+00 3.390140079756914702e+02 3.141592653589661222e+00
1.295687703421089632e+00 3.395226610424877549e+02 3.141592653589661222e+00
9.138821602081151907e-01 3.409557702946445943e+02 3.141592653589661222e+00
1.621291994236979672e+00 3.416141056439745398e+02 3.141592653589661222e+00
1.318647420681562821e+00 3.431394037961961203e+02 3.141592653589661222e+00
1.270933319267643524e+00 3.437141030883153690e+02 3.141592653589661222e+00
1.050595578221448223e+00 3.451909067250470571e+02 3.141592653589661222e+00
1.508060927120406625e+00 3.457210562545510584e+02 3.141592653589661222e+00
7.388855885569370896e-01 3.470303996362497969e+02 3.141592653589661222e+00
1.778626446002500305e+00 3.478245563995757834e+02 3.141592653589661222e+00
9.927954126269802337e-01 3.492467823160151283e+02 3.141592653589661222e+00
1.675140591662927170e+00 3.498718019370700176e+02 3.141592653589661222e+00
8.615137716792089506e-01 3.512648595339197755e+02 3.141592653589661222e+00
1.858852123683508717e+00 3.518992707429944176e+02 3.141592653589661222e+00
6.771533400796255764e-01 3.528360582562558534e+02 3.141592653589661222e+00
1.892841888162231978e+00 3.539664243585504551e+02 3.141592653589661222e+00
7.054021763296332015e-01 3.549109015857630425e+02 3.141592653589661222e+00
1.877542031878884243e+00 3.559964079057415915e+02 3.141592653589661222e+00
6.602593749191147943e-01 3.570408150280897530e+02 3.141592653589661222e+00
1.782493642447646742e+00 3.580788968522101072e+02 3.141592653589661222e+00
9.016942413547920365e-01 3.586795281729973226e+02 3.141592653589661222e+00
1.587229350859054033e+00 3.601044677156156126e+02 3.141592653589661222e+00
1.060145778073443790e+00 3.607049726692364970e+02 3.141592653589661222e+00
1.737042213105927990e+00 3.621581067696560012e+02 3.141592653589661222e+00
7.673061122108161269e-01 3.629176814530640627e+02 3.141592653589661222e+00
1.448278677301969797e+00 3.642617083308556971e+02 3.141592653589661222e+00
1.065086573542604498e+00 3.647902681731622465e+02 3.141592653589661222e+00
1.217927950206639354e+00 3.662686589338707108e+02 3.141592653589661222e+00
1.339825883552985930e+00 3.668460820250783740e+02 3.141592653589661222e+00
1.556288927135425659e+00 3.683697664289794602e+02 3.141592653589661222e+00
9.499354763089613574e-01 3.690081218113816703e+02 3.141592653589661222e+00
1.231815889580917034e+00 3.704556857962578533e+02 3.141592653589661222e+00
1.206704101929386930e+00 3.709734330846536636e+02 3.141592653589661222e+00
9.788202416018604302e-01 3.724294077634825157e+02 3.141592653589661222e+00
1.525827850747024872e+00 3.730552916940812338e+02 3.141592653589661222e+00
1.357800128957940444e+00 3.745792185400323433e+02 3.141592653589661222e+00
1.180241460263845577e+00 3.751606221236372676e+02 3.141592653589661222e+00
1.072618854739130878e+00 3.766376712278238301e+02 3.141592653589661222e+00
1.402222140187963095e+00 3.771670794706768106e+02 3.141592653589661222e+00
7.869743150684800348e-01 3.785334498588440511e+02 3.141592653589661222e+00
1.700848259219601255e+00 3.792684412635708782e+02 3.141592653589661222e+00
1.089977855280315433e+00 3.807326813592907797e+02 3.141592653589661222e+00
1.529155130238536442e+00 3.813243970881836731e+02 3.141592653589661222e+00
9.156339300747741161e-01 3.827604249747627136e+02 3.141592653589661222e+00
1.723388312940523415e+00 3.833501628294450256e+02 3.141592653589661222e+00
6.578605184715692333e-01 3.844462120585690172e+02 3.141592653589661222e+00
1.864766141897045593e+00 3.854399310238762268e+02 3.141592653589661222e+00
7.289261260700444778e-01 3.866021290064972504e+02 3.141592653589661222e+00
1.892093031970409678e+00 3.874705744977533755e+02 3.141592653589661222e+00
6.992453791264939822e-01 3.886491653194491960e+02 3.141592653589661222e+00
1.912825826581539657e+00 3.895272107002340931e+02 3.141592653589661222e+00
8.522106149124123453e-01 3.901740151585216836e+02 3.141592653589661222e+00
1.728289313260737092e+00 3.915528980084475279e+02 3.141592653589661222e+00
9.748061612252161279e-01 3.921892755207872483e+02 3.141592653589661222e+00
1.821729545316088439e+00 3.936009457025433562e+02 3.141592653589661222e+00
7.314207038294464613e-01 3.944189083964071187e+02 3.141592653589661222e+00
1.566840987353599779e+00 3.957044218168630323e+02 3.141592653589661222e+00
1.069970754946860003e+00 3.962249387975696777e+02 3.141592653589661222e+00
1.297939451656652698e+00 3.977041443615158869e+02 3.141592653589661222e+00
1.337694972985473907e+00 3.982773496727432985e+02 3.141592653589661222e+00
1.683920344309075334e+00 3.998120821169005694e+02 3.141592653589661222e+00
8.944562210314533912e-01 4.004889430508837336e+02 3.141592653589661222e+00
1.353799629035630891e+00 4.019082726259951528e+02 3.141592653589661222e+00
1.219098342485710251e+00 4.024062941765049004e+02 3.141592653589661222e+00
1.052426980139912427e+00 4.038734693550928796e+02 3.141592653589661222e+00
1.545124374808612755e+00 4.044852296621468213e+02 3.141592653589661222e+00
1.525221056890841309e+00 4.060389905637582046e+02 3.141592653589661222e+00
1.070320741757939675e+00 4.066461848986597829e+02 3.141592653589661222e+00
1.199080375489894434e+00 4.081157012566704907e+02 3.141592653589661222e+00
1.360011570663166580e+00 4.086172219969422486e+02 3.141592653589661222e+00
8.779962227565876187e-01 4.100308578213971487e+02 3.141592653589661222e+00
1.684459477798999627e+00 4.107136415440770065e+02 3.141592653589661222e+00
1.291147712042252538e+00 4.122375269447074970e+02 3.141592653589661222e+00
1.334745926523383197e+00 4.128101870240950007e+02 3.141592653589661222e+00
1.036540388631446374e+00 4.142844906651315000e+02 3.141592653589661222e+00
1.583977952485712493e+00 4.148167046746751225e+02 3.141592653589661222e+00
7.118282124453571003e-01 4.160778313233234940e+02 3.141592653589661222e+00
1.825932237017412030e+00 4.169187778451257032e+02 3.141592653589661222e+00
9.177561051176902351e-01 4.182959077919891797e+02 3.141592653589661222e+00
1.774593199581346203e+00 4.189608622352840825e+02 3.141592653589661222e+00
8.166511261641732355e-01 4.203071471042841836e+02 3.141592653589661222e+00
1.936488746084405133e+00 4.209906797574521988e+02 3.141592653589661222e+00
7.253932834265145457e-01 4.218085361769299766e+02 3.141592653589661222e+00
1.881210031542906114e+00 4.230382503735202704e+02 3.141592653589661222e+00
7.710847693054790897e-01 4.238338810109327710e+02 3.141592653589661222e+00
1.856259164278417861e+00 4.250709301914511684e+02 3.141592653589661222e+00
6.681231067781518984e-01 4.260170460680772635e+02 3.141592653589661222e+00
1.688890273282383392e+00 4.271661580772884577e+02 3.141592653589661222e+00
9.553711328444248752e-01 4.277331544308199227e+02 3.141592653589661222e+00
1.473840354963505739e+00 4.291863870721646776e+02 3.141592653589661222e+00
1.152779761421623750e+00 4.297671002644614191e+02 3.141592653589661222e+00
1.696692834887194357e+00 4.312529494637827838e+02 3.141592653589661222e+00
8.126904822881638735e-01 4.319723603684873297e+02 3.141592653589661222e+00
1.388505340430553181e+00 4.333538077316440535e+02 3.141592653589661222e+00
1.105651108062024157e+00 4.338749455504424759e+02 3.141592653589661222e+00
1.148272125015276091e+00 4.353525711966988183e+02 3.141592653589661222e+00
1.399402089486955214e+00 4.359384352487564342e+02 3.141592653589661222e+00
1.516815252862266705e+00 4.374687648034834524e+02 3.141592653589661222e+00
1.001396613494903054e+00 4.380890258718567338e+02 3.141592653589661222e+00
1.194780700474019852e+00 4.395488946393575702e+02 3.141592653589661222e+00
1.253167189305533391e+00 4.400655421097520730e+02 3.141592653589661222e+00
9.293349235005549103e-01 4.415071651213990549e+02 3.141592653589661222e+00
1.575225781169947270e+00 4.421534838095349755e+02 3.141592653589661222e+00
1.308962506533174697e+00 4.436726173375708413e+02 3.141592653589661222e+00
1.249987041568336732e+00 4.442481585586899087e+02 3.141592653589661222e+00
1.041738769008025089e+00 4.457242307146721032e+02 3.141592653589661222e+00
1.470236420708926905e+00 4.462592660066283088e+02 3.141592653589661222e+00
7.464332171793127690e-01 4.475843894806698700e+02 3.141592653589661222e+00
1.748667254599668652e+00 4.483627124256627212e+02 3.141592653589661222e+00
1.007998198138224000e+00 4.497928481834401850e+02 3.141592653589661222e+00
1.638038041696313618e+00 4.504098433740283554e+02 3.141592653589661222e+00
8.693280131058028770e-01 4.518133345504036242e+02 3.141592653589661222e+00
1.818107140902679442e+00 4.524386773730329878e+02 3.141592653589661222e+00
6.653916552299415921e-01 4.534190249374836981e+02 3.141592653589661222e+00
1.884290895655470477e+00 4.545132952708750054e+02 3.141592653589661222e+00
6.980184258672993414e-01 4.555168665342911254e+02 3.141592653589661222e+00
1.882109699029095973e+00 4.565427916297658157e+02 3.141592653589661222e+00
6.646334733224725788e-01 4.576240976119308357e+02 3.141592653589661222e+00
1.815660353064703747e+00 4.586193665707513674e+02 3.141592653589661222e+00
8.838232176392259998e-01 4.592339115824542546e+02 3.141592653589661222e+00
1.627334068587860560e+00 4.606462207030631930e+02 3.141592653589661222e+00
1.029511770477190558e+00 4.612565923755432209e+02 3.141592653589661222e+00
1.754108006412550269e+00 4.626966195250913074e+02 3.141592653589661222e+00
7.533879955812524676e-01 4.634722095252689087e+02 3.141592653589661222e+00
1.473857134093124355e+00 4.648007449914967992e+02 3.141592653589661222e+00
1.055218143123437757e+00 4.653310034137467142e+02 3.141592653589661222e+00
1.243110060038506326e+00 4.668089974181176558e+02 3.141592653589661222e+00
1.323821648167180731e+00 4.673845698357298488e+02 3.141592653589661222e+00
1.575914088113726130e+00 4.689069110778606273e+02 3.141592653589661222e+00
9.326168665750527165e-01 4.695532074899441568e+02 3.141592653589661222e+00
1.250650852388969447e+00 4.709951266469159918e+02 3.141592653589661222e+00
1.195390550756064263e+00 4.715120214043810734e+02 3.141592653589661222e+00
9.979124140912014607e-01 4.729720299580611709e+02 3.141592653589661222e+00
1.513487250521519112e+00 4.735919204086221157e+02 3.141592653589661222e+00
1.381147630050033825e+00 4.751186770226404406e+02 3.141592653589661222e+00
1.155076800247150759e+00 4.757034625169001174e+02 3.141592653589661222e+00
1.088746716596130426e+00 4.771801591508314004e+02 3.141592653589661222e+00
1.381675059658872939e+00 4.777065405593136234e+02 3.141592653589661222e+00
8.042353724340326471e-01 4.790858944854062997e+02 3.141592653589661222e+00
1.686250632965211382e+00 4.798067107452486653e+02 3.141592653589661222e+00
1.122732256835563103e+00 4.812822205562687259e+02 3.141592653589661222e+00
1.488955887025005698e+00 4.818672932469330021e+02 3.141592653589661222e+00
9.341372490570450937e-01 4.833129587621457972e+02 3.141592653589661222e+00
1.688921448832854555e+00 4.838912840669887032e+02 3.141592653589661222e+00
6.621738483736699932e-01 4.850263877194269071e+02 3.141592653589661222e+00
1.854654205510250176e+00 4.859851670923282541e+02 3.141592653589661222e+00
7.553895514876045603e-01 4.871993398916200704e+02 3.141592653589661222e+00
1.882664750060227821e+00 4.880166914690412909e+02 3.141592653589661222e+00
7.169763018528371168e-01 4.892305532566529109e+02 3.141592653589661222e+00
1.933741550577480428e+00 4.900668088089150274e+02 3.141592653589661222e+00
8.309249639829169309e-01 4.907355202444900897e+02 3.141592653589661222e+00
1.764338890850947861e+00 4.920946465288983518e+02 3.141592653589661222e+00
9.407444497500111469e-01 4.927481090021746013e+02 3.141592653589661222e+00
1.831980985789397609e+00 4.941395929439220822e+02 3.141592653589661222e+00
7.199997385109651038e-01 4.949748497667408742e+02 3.141592653589661222e+00
1.588865766162573800e+00 4.962424043877758209e+02 3.141592653589661222e+00
1.057054686379751640e+00 4.967666210464583401e+02 3.141592653589661222e+00
1.322932739830870341e+00 4.982443044863514388e+02 3.141592653589661222e+00
1.316903642932234275e+00 4.988165668151360137e+02 3.141592653589661222e+00
1.694545941269443468e+00 5.003473593420224574e+02 3.141592653589661222e+00
8.821783252322517033e-01 5.010312287280781334e+02 3.141592653589661222e+00
1.366557074176962372e+00 5.024446577179225528e+02 3.141592653589661222e+00
1.208966159940322305e+00 5.029432127131115067e+02 3.141592653589661222e+00
1.067067473549917933e+00 5.044127522052823451e+02 3.141592653589661222e+00
1.533042774763929028e+00 5.050205400807440128e+02 3.141592653589661222e+00
1.539249432570556797e+00 5.065746093703228325e+02 3.141592653589661222e+00
1.055262387972781823e+00 5.071859890580168440e+02 3.141592653589661222e+00
1.210748866720656070e+00 5.086531391575217071e+02 3.141592653589661222e+00
1.348078351105016282e+00 5.091536582805412081e+02 3.141592653589661222e+00
8.907626868130088527e-01 5.105732860890051938e+02 3.141592653589661222e+00
1.674571163882668579e+00 5.112489855981221467e+02 3.141592653589661222e+00
1.313022035233834650e+00 5.127773397559723207e+02 3.141592653589661222e+00
1.308963107100451051e+00 5.133505666189793146e+02 3.141592653589661222e+00
1.049863287570087955e+00 5.148269000047232566e+02 3.141592653589661222e+00
1.561277829337260004e+00 5.153549572953293136e+02 3.141592653589661222e+00
7.232013545278820343e-01 5.166350346925042913e+02 3.141592653589661222e+00
1.814859639425387305e+00 5.174577313454861951e+02 3.141592653589661222e+00
9.508729477926822771e-01 5.188560235895348569e+02 3.141592653589661222e+00
1.739556657539663043e+00 5.195025262261978014e+02 3.141592653589661222e+00
8.369070658312920408e-01 5.208694136390625999e+02 3.141592653589661222e+00
1.915409935138964403e+00 5.215303330131227995e+02 3.141592653589661222e+00
7.053977528468778901e-01 5.223903753597144259e+02 3.141592653589661222e+00
1.891853285176608113e+00 5.235845195119561595e+02 3.141592653589661222e+00
7.404646682738703634e-01 5.244298007675836288e+02 3.141592653589661222e+00
1.863987084309679521e+00 5.256158577348465997e+02 3.141592653589661222e+00
6.618149487737522429e-01 5.265960703982924542e+02 3.141592653589661222e+00
1.720896682136610734e+00 5.277072980317351494e+02 3.141592653589661222e+00
9.340490762317585904e-01 5.282862704581624484e+02 3.141592653589661222e+00
1.514644066414210011e+00 5.297301529206509940e+02 3.141592653589661222e+00
1.116405731809093638e+00 5.303168987281674163e+02 3.141592653589661222e+00
1.707535170484992371e+00 5.317908682232124420e+02 3.141592653589661222e+00
7.950382115135753436e-01 5.325235699853531059e+02 3.141592653589661222e+00
1.405728579387128807e+00 5.338928400656888016e+02 3.141592653589661222e+00
1.086761633692714391e+00 5.344178277083231023e+02 3.141592653589661222e+00
1.172887888758171293e+00 5.358960367029856116e+02 3.141592653589661222e+00
1.372808665764537972e+00 5.364781364270654649e+02 3.141592653589661222e+00
1.524686378541484366e+00 5.380046974657989267e+02 3.141592653589661222e+00
9.831726486384104735e-01 5.386301787886653756e+02 3.141592653589661222e+00
1.202398087088650147e+00 5.400864775044348107e+02 3.141592653589661222e+00
1.232580829309570136e+00 5.406048626088828541e+02 3.141592653589661222e+00
9.451189801905405252e-01 5.420520478410136320e+02 3.141592653589661222e+00
1.553272547708116846e+00 5.426905159097264004e+02 3.141592653589661222e+00
1.319782897438354086e+00 5.442098513955196495e+02 3.141592653589661222e+00
1.227235912128340933e+00 5.447867723549667289e+02 3.141592653589661222e+00
1.047787424981732274e+00 5.462632448713967506e+02 3.141592653589661222e+00
1.444500409121787676e+00 5.467976333861316789e+02 3.141592653589661222e+00
7.581113034440588594e-01 5.481372579556425535e+02 3.141592653589661222e+00
1.730155248927265133e+00 5.489006228448920410e+02 3.141592653589661222e+00
1.032251110858454668e+00 5.503419003538056131e+02 3.141592653589661222e+00
1.602521447876678051e+00 5.509497779837047347e+02 3.141592653589661222e+00
8.829433002770197270e-01 5.523646335417111004e+02 3.141592653589661222e+00
1.785986331968000496e+00 5.529781252763947350e+02 3.141592653589661222e+00
6.593594892002598851e-01 5.539978661126099269e+02 3.141592653589661222e+00
1.878639274899734479e+00 5.550584380447761532e+02 3.141592653589661222e+00
7.006086908593872620e-01 5.561161553473853019e+02 3.141592653589661222e+00
1.888994904222807358e+00 5.570880786836297602e+02 3.141592653589661222e+00
6.733554753423869332e-01 5.582021774709884312e+02 3.141592653589661222e+00
1.851118228280076661e+00 5.591581790867793416e+02 3.141592653589661222e+00
8.747311796019984209e-01 5.597816775364038904e+02 3.141592653589661222e+00
1.661736220713082579e+00 5.611842978599033813e+02 3.141592653589661222e+00
1.012915802887186079e+00 5.618020677835871766e+02 3.141592653589661222e+00
1.779370335173161344e+00 5.632341944737330550e+02 3.141592653589661222e+00
7.455243078956437230e-01 5.640241859712538144e+02 3.141592653589661222e+00
1.506844472782576938e+00 5.653384312848570517e+02 3.141592653589661222e+00
1.061076939850657874e+00 5.658649787870155023e+02 3.141592653589661222e+00
1.262503943773298332e+00 5.673435210768037678e+02 3.141592653589661222e+00
1.329599675831374839e+00 5.679182034939492496e+02 3.141592653589661222e+00
1.614621575336735670e+00 5.694453033872425749e+02 3.141592653589661222e+00
9.181390337994187467e-01 5.701021101010862822e+02 3.141592653589661222e+00
1.286571073861940917e+00 5.715366568866586476e+02 3.141592653589661222e+00
1.201664905487610513e+00 5.720471980369931089e+02 3.141592653589661222e+00
1.018604490088095060e+00 5.735101979648167116e+02 3.141592653589661222e+00
1.522268416443683936e+00 5.741264931359704633e+02 3.141592653589661222e+00
1.430295683695555153e+00 5.756626639788217972e+02 3.141592653589661222e+00
1.124021585035857029e+00 5.762539004298545251e+02 3.141592653589661222e+00
1.124972750260610388e+00 5.777295104061475968e+02 3.141592653589661222e+00
1.370380500857997896e+00 5.782472922347891426e+02 3.141592653589661222e+00
8.299784580843754256e-01 5.796405497510637588e+02 3.141592653589661222e+00
1.682637983556468431e+00 5.803460871390698230e+02 3.141592653589661222e+00
1.179081265650885113e+00 5.818395131176894211e+02 3.141592653589661222e+00
1.435448541265834876e+00 5.824171499609869898e+02 3.141592653589661222e+00
9.676489356288828780e-01 5.838752908101026833e+02 3.141592653589661222e+00
1.651599302535344371e+00 5.844360606751915839e+02 3.141592653589661222e+00
6.745851798779537445e-01 5.856186277014329562e+02 3.141592653589661222e+00
1.845871415091922652e+00 5.865337900366939721e+02 3.141592653589661222e+00
8.020410865177816095e-01 5.878109416971932433e+02 3.141592653589661222e+00
1.861479104954409047e+00 5.885676720425899475e+02 3.141592653589661222e+00
7.460090486858513836e-01 5.898277412330675133e+02 3.141592653589661222e+00
1.953082288687930657e+00 5.906095537982193946e+02 3.141592653589661222e+00
7.999580380542296032e-01 5.913141744813424339e+02 3.141592653589661222e+00
1.809927267455537780e+00 5.926412578079714422e+02 3.141592653589661222e+00
8.912560762784975665e-01 5.933244970195237329e+02 3.141592653589661222e+00
1.842753709700646336e+00 5.946820768937790262e+02 3.141592653589661222e+00
7.040388359233618054e-01 5.955438913654055568e+02 3.141592653589661222e+00
1.617963330146113599e+00 5.967835335424877030e+02 3.141592653589661222e+00
1.034007149328991071e+00 5.973156000183232663e+02 3.141592653589661222e+00
1.360909552263659394e+00 5.987896396449267513e+02 3.141592653589661222e+00
1.279990231480935048e+00 5.993615327950411711e+02 3.141592653589661222e+00
1.701778714163033834e+00 6.008838672416191002e+02 3.141592653589661222e+00
8.647011563890302233e-01 6.015769460874724928e+02 3.141592653589661222e+00
1.377852120312896611e+00 6.029823520651044646e+02 3.141592653589661222e+00
1.188134543144990563e+00 6.034841663035157353e+02 3.141592653589661222e+00
1.087727214228231931e+00 6.049567843844181425e+02 3.141592653589661222e+00
1.507263678057508161e+00 6.055586140148406002e+02 3.141592653589661222e+00
1.546250164662284377e+00 6.071098970929184588e+02 3.141592653589661222e+00
1.038303272239828656e+00 6.077253982136527384e+02 3.141592653589661222e+00
1.217068510435328266e+00 6.091898717504503793e+02 3.141592653589661222e+00
1.328009657985681047e+00 6.096917205784354792e+02 3.141592653589661222e+00
9.047196978582506821e-01 6.111183406461473169e+02 3.141592653589661222e+00
1.655580386274198679e+00 6.117854174271910779e+02 3.141592653589661222e+00
1.328856022251929225e+00 6.133158539784562890e+02 3.141592653589661222e+00
1.283344170834878728e+00 6.138901250739106672e+02 3.141592653589661222e+00
1.059069735151964231e+00 6.153676174851528913e+02 3.141592653589661222e+00
1.534254327002554819e+00 6.158935739960162437e+02 3.141592653589661222e+00
7.349274422412989116e-01 6.171923383034140898e+02 3.141592653589661222e+00
1.799045031290677388e+00 6.179968296897829987e+02 3.141592653589661222e+00
9.832752721265869411e-01 6.194136694984962332e+02 3.141592653589661222e+00
1.699802816877468592e+00 6.200442968160407418e+02 3.141592653589661222e+00
8.564516681715000912e-01 6.214299320375791922e+02 3.141592653589661222e+00
1.886061635677626969e+00 6.220707279599196227e+02 3.141592653589661222e+00
6.874631224244406313e-01 6.229777411582896320e+02 3.141592653589661222e+00
1.896974412258282783e+00 6.241324574079137619e+02 3.141592653589661222e+00
7.161686476746672581e-01 6.250373156179726948e+02 3.141592653589661222e+00
1.874758304387975194e+00 6.261630180871424045e+02 3.141592653589661222e+00
6.599642654146875564e-01 6.271821927732048607e+02 3.141592653589661222e+00
1.761124683788551470e+00 6.282490512577115851e+02 3.141592653589661222e+00
9.164167383728749616e-01 6.288395212748242784e+02 3.141592653589661222e+00
1.558922838578332026e+00 6.302730427656819074e+02 3.141592653589661222e+00
1.085062045104800088e+00 6.308670705536742389e+02 3.141592653589661222e+00
1.728992259085965877e+00 6.323299930667900526e+02 3.141592653589661222e+00
7.785100952018324527e-01 6.330791197675456488e+02 3.141592653589661222e+00
1.434659781942658308e+00 6.344330948098174758e+02 3.141592653589661222e+00
1.076814700108058576e+00 6.349589201518562049e+02 3.141592653589661222e+00
1.200206070797084079e+00 6.364376014232442458e+02 3.141592653589661222e+00
1.357256755454754993e+00 6.370168207134469185e+02 3.141592653589661222e+00
1.549887351094080268e+00 6.385432405567377145e+02 3.141592653589661222e+00
9.619186348002737308e-01 6.391773863790713222e+02 3.141592653589661222e+00
1.225207407367726375e+00 6.406280069741683292e+02 3.141592653589661222e+00
1.219400177332878199e+00 6.411446509035489498e+02 3.141592653589661222e+00
9.674246428572079726e-01 6.425975619468985087e+02 3.141592653589661222e+00
1.540026667336806598e+00 6.432281204870520241e+02 3.141592653589661222e+00
1.350268514435201572e+00 6.447521555132356070e+02 3.141592653589661222e+00
1.194786975124230155e+00 6.453321111973689312e+02 3.141592653589661222e+00
1.067946472973210881e+00 6.468093505163191139e+02 3.141592653589661222e+00
1.418165609239836922e+00 6.473390396248222487e+02 3.141592653589661222e+00
7.783687690779321766e-01 6.486972173399391295e+02 3.141592653589661222e+00
1.713240996716014930e+00 6.494410387499406170e+02 3.141592653589661222e+00
1.074805225056662872e+00 6.508997334099911996e+02 3.141592653589661222e+00
1.552103470165887344e+00 6.514953936669824088e+02 3.141592653589661222e+00
9.074278226289465010e-01 6.529259753191760183e+02 3.141592653589661222e+00
1.745421433294180646e+00 6.535214687090347070e+02 3.141592653589661222e+00
6.574611789591290334e-01 6.545939849539818169e+02 3.141592653589661222e+00
1.871569122505416294e+00 6.556083430392309310e+02 3.141592653589661222e+00
7.173734406493401661e-01 6.567389123128614301e+02 3.141592653589661222e+00
1.895300219022287180e+00 6.576387382354317879e+02 3.141592653589661222e+00
6.905874673590114421e-01 6.587968100299643766e+02 3.141592653589661222e+00
1.898566908433650724e+00 6.596992182780596750e+02 3.141592653589661222e+00
8.636570186517166237e-01 6.603350436653905717e+02 3.141592653589661222e+00
1.706977059578143052e+00 6.617239118614795643e+02 3.141592653589661222e+00
9.932736191448175989e-01 6.623519943885280554e+02 3.141592653589661222e+00
1.814706575673853628e+00 6.637737068945434658e+02 3.141592653589661222e+00
7.378304439706182549e-01 6.645823409886096442e+02 3.141592653589661222e+00
1.553594066999017587e+00 6.658774544692865902e+02 3.141592653589661222e+00
1.075762548508901961e+00 6.663966041941832827e+02 3.141592653589661222e+00
1.284474779130334587e+00 6.678763419210653183e+02 3.141592653589661222e+00
1.347166072071541487e+00 6.684502388039686593e+02 3.141592653589661222e+00
1.675356455193196537e+00 6.699863678647253664e+02 3.141592653589661222e+00
9.015540428201724854e-01 6.706589475324409477e+02 3.141592653589661222e+00
1.344371897879091948e+00 6.720817839445853679e+02 3.141592653589661222e+00
1.223012885340252653e+00 6.725802321574848293e+02 3.141592653589661222e+00
1.043896608772965751e+00 6.740460083762982322e+02 3.141592653589661222e+00
1.549584628672500353e+00 6.746599322427846346e+02 3.141592653589661222e+00
1.513453335440696046e+00 6.762125771676940076e+02 3.141592653589661222e+00
1.080399058534647017e+00 6.768169090494195643e+02 3.141592653589661222e+00
1.189538583712345998e+00 6.782878988198884826e+02 3.141592653589661222e+00
1.366224088250711510e+00 6.787907779100529524e+02 3.141592653589661222e+00
8.694284235674460959e-01 6.802004345964629692e+02 3.141592653589661222e+00
1.688966017765785477e+00 6.808878201673045396e+02 3.141592653589661222e+00
1.274443785743095248e+00 6.824078807084438267e+02 3.141592653589661222e+00
1.352753827693338851e+00 6.829805006051333294e+02 3.141592653589661222e+00
1.026349600980124954e+00 6.844529681961316783e+02 3.141592653589661222e+00
1.598713319947251188e+00 6.849887231856573635e+02 3.141592653589661222e+00
7.043668692888840344e-01 6.862362987289387775e+02 3.141592653589661222e+00
1.832298840684801977e+00 6.870901743405073603e+02 3.141592653589661222e+00
8.952434872470591554e-01 6.884513868853643999e+02 3.141592653589661222e+00
1.796367164846928155e+00 6.891305367714325030e+02 3.141592653589661222e+00
8.028587401783336963e-01 6.904617074328317585e+02 3.141592653589661222e+00
1.947399825524604555e+00 6.911619656367664675e+02 3.141592653589661222e+00
7.402709157055783473e-01 6.919530133927329416e+02 3.141592653589661222e+00
1.871320537055106925e+00 6.932053897218575003e+02 3.141592653589661222e+00
7.948151038782735878e-01 6.939716060725264697e+02 3.141592653589661222e+00
1.853165031995146705e+00 6.952393907404141373e+02 3.141592653589661222e+00
6.744748066746589776e-01 6.961646149613673060e+02 3.141592653589661222e+00
1.671506243895467314e+00 6.973364963079443442e+02 3.141592653589661222e+00
9.724818366574784489e-01 6.978948571485774437e+02 3.141592653589661222e+00
1.447469971610652051e+00 6.993539817577848225e+02 3.141592653589661222e+00
1.181013112752320016e+00 6.999313288967492781e+02 3.141592653589661222e+00
1.695716203909443553e+00 7.014259623548252875e+02 3.141592653589661222e+00
8.249487367771510815e-01 7.021381723642106181e+02 3.141592653589661222e+00
1.383532170463610100e+00 7.035262006498553546e+02 3.141592653589661222e+00
1.123366696675274889e+00 7.040431059612527633e+02 3.141592653589661222e+00
1.133290900570836479e+00 7.055201315993132312e+02 3.141592653589661222e+00
1.423327406735287237e+00 7.061091290579093993e+02 3.141592653589661222e+00
1.521222650636593343e+00 7.076440262261428416e+02 3.141592653589661222e+00
1.011255006200479478e+00 7.082625802627751455e+02 3.141592653589661222e+00
1.197881110906811486e+00 7.097238700534819600e+02 3.141592653589661222e+00
1.270302157167898516e+00 7.102374532454931568e+02 3.141592653589661222e+00
9.224873175573756745e-01 7.116756291575726436e+02 3.141592653589661222e+00
1.593912213673815526e+00 7.123268890745337103e+02 3.141592653589661222e+00
1.312065910734643959e+00 7.138483678273663600e+02 3.141592653589661222e+00
1.259278813680366538e+00 7.144235142775911527e+02 3.141592653589661222e+00
1.044801123797704401e+00 7.158998427463225198e+02 3.141592653589661222e+00
1.486058133111620716e+00 7.164330520648094307e+02 3.141592653589661222e+00
7.429199760316262946e-01 7.177514498853574878e+02 3.141592653589661222e+00
1.761232124904503538e+00 7.185365822985661453e+02 3.141592653589661222e+00
1.001217171223048430e+00 7.199632945670462050e+02 3.141592653589661222e+00
1.653921816173744341e+00 7.205837000907582706e+02 3.141592653589661222e+00
8.658553551848530150e-01 7.219827889322712053e+02 3.141592653589661222e+00
1.835407102824622161e+00 7.226120041107413954e+02 3.141592653589661222e+00
6.698773661044722383e-01 7.235739061308615874e+02 3.141592653589661222e+00
1.888193107720885999e+00 7.246835432520387030e+02 3.141592653589661222e+00
6.999333233320098602e-01 7.256619913642983875e+02 3.141592653589661222e+00
1.880186855372283583e+00 7.267132000548614315e+02 3.141592653589661222e+00
6.622280733479480874e-01 7.277789067802260661e+02 3.141592653589661222e+00
1.801434385134081495e+00 7.287923767819813747e+02 3.141592653589661222e+00
8.909559998937528480e-01 7.294011309075033296e+02 3.141592653589661222e+00
1.610536224256839288e+00 7.308188085315025546e+02 3.141592653589661222e+00
1.041774548338863404e+00 7.314249516643096740e+02 3.141592653589661222e+00
1.746288370918730015e+00 7.328703919330988583e+02 3.141592653589661222e+00
7.589325288419414006e-01 7.336391379815561322e+02 3.141592653589661222e+00
1.462373601930501144e+00 7.349743333233451494e+02 3.141592653589661222e+00
1.058469409788882931e+00 7.355041684118040166e+02 3.141592653589661222e+00
1.232601039941984222e+00 7.369823156089260010e+02 3.141592653589661222e+00
1.329372800633711549e+00 7.375585802181998361e+02 3.141592653589661222e+00
1.566361082772568025e+00 7.390811547970110951e+02 3.141592653589661222e+00
9.398390768501433401e-01 7.397238728345846539e+02 3.141592653589661222e+00
1.241541210997605171e+00 7.411683351294060458e+02 3.141592653589661222e+00
1.199174936829603855e+00 7.416859081544689616e+02 3.141592653589661222e+00
9.895902811052463832e-01 7.431442834116247695e+02 3.141592653589661222e+00
1.517542163051792681e+00 7.437665725402049475e+02 3.141592653589661222e+00
1.369696215480795010e+00 7.452917537598135596e+02 3.141592653589661222e+00
1.166128600995826048e+00 7.458749167776326203e+02 3.141592653589661222e+00
1.080703102571075602e+00 7.473518049716238920e+02 3.141592653589661222e+00
1.389884297139024172e+00 7.478797944661332622e+02 3.141592653589661222e+00
7.963442899402903841e-01 7.492536032495193012e+02 3.141592653589661222e+00
1.691875860767301454e+00 7.499804999337686695e+02 3.141592653589661222e+00
1.107509975108172950e+00 7.514508855093628199e+02 3.141592653589661222e+00
1.506762101761250250e+00 7.520387954750054860e+02 3.141592653589661222e+00
9.254582096966561533e-01 7.534802419131673332e+02 3.141592653589661222e+00
1.703734603371250600e+00 7.540637222149327954e+02 3.141592653589661222e+00
6.597508618462705199e-01 7.551818427585418476e+02 3.141592653589661222e+00
1.858974190417908456e+00 7.561559093870546349e+02 3.141592653589661222e+00
7.427500920719848354e-01 7.573475788167398832e+02 3.141592653589661222e+00
1.887618949546430835e+00 7.581869779573762571e+02 3.141592653589661222e+00
7.087415049576585302e-01 7.593852575270641410e+02 3.141592653589661222e+00
1.925331282865150317e+00 7.602399258345700446e+02 3.141592653589661222e+00
8.407737955227512217e-01 7.608982922182254924e+02 3.141592653589661222e+00
1.748509347531789437e+00 7.622666857821550366e+02 3.141592653589661222e+00
9.564666945418873745e-01 7.629119977771542835e+02 3.141592653589661222e+00
1.827997864917095816e+00 7.643130666006483125e+02 3.141592653589661222e+00
7.252362528557204646e-01 7.651404060382858461e+02 3.141592653589661222e+00
1.579475058036118984e+00 7.664161976838474857e+02 3.141592653589661222e+00
1.063695334997284636e+00 7.669383808473978661e+02 3.141592653589661222e+00
1.311393588030435264e+00 7.684168893517149854e+02 3.141592653589661222e+00
1.327475447134830677e+00 7.689895279197910440e+02 3.141592653589661222e+00
1.691150646965764448e+00 7.705225135614964529e+02 3.141592653589661222e+00
8.876849535126685176e-01 7.712034281015331771e+02 3.141592653589661222e+00
1.362069117851332667e+00 7.726193800500878979e+02 3.141592653589661222e+00
1.214617623033796390e+00 7.731172878809024951e+02 3.141592653589661222e+00
1.060590984776535350e+00 7.745857663038483452e+02 3.141592653589661222e+00
1.539871557985372341e+00 7.751954267527524962e+02 3.141592653589661222e+00
1.535064030352865538e+00 7.767498686029056216e+02 3.141592653589661222e+00
1.061294976064830919e+00 7.773596791216452857e+02 3.141592653589661222e+00
1.207193976864281870e+00 7.788277696080167516e+02 3.141592653589661222e+00
1.353947411910317422e+00 7.793282961689631065e+02 3.141592653589661222e+00
8.857366987115422585e-01 7.807454507270525710e+02 3.141592653589661222e+00
1.679772766752278157e+00 7.814241150773057143e+02 3.141592653589661222e+00
1.305560492548919482e+00 7.829511156370806475e+02 3.141592653589661222e+00
1.318851214954279261e+00 7.835240564600752577e+02 3.141592653589661222e+00
1.045391784614772446e+00 7.849997400775430378e+02 3.141592653589661222e+00
1.570693387228110138e+00 7.855290770513090592e+02 3.141592653589661222e+00
7.188114230334077259e-01 7.868018651114274462e+02 3.141592653589661222e+00
1.819816310859488473e+00 7.876315976236256802e+02 3.141592653589661222e+00
9.382081866349244459e-01 7.890220661952803312e+02 3.141592653589661222e+00
1.753755023357263632e+00 7.896753627474629411e+02 3.141592653589661222e+00
8.291837153609438182e-01 7.910345028763881601e+02 3.141592653589661222e+00
1.924699074514583552e+00 7.917038483962171540e+02 3.141592653589661222e+00
7.130215789311268315e-01 7.925468827231254636e+02 3.141592653589661222e+00
1.888403147468261212e+00 7.937553265002068201e+02 3.141592653589661222e+00
7.518573113701765287e-01 7.945801057287076219e+02 3.141592653589661222e+00
1.860691657831535561e+00 7.957871272757919314e+02 3.141592653589661222e+00
6.638603432819718542e-01 7.967534497141723477e+02 3.141592653589661222e+00
1.707588073180551280e+00 7.978802058584570887e+02 3.141592653589661222e+00
9.421077598558781352e-01 7.984544645491256460e+02 3.141592653589661222e+00
1.498274611735518791e+00 7.999021669095295692e+02 3.141592653589661222e+00
1.130282955811356294e+00 8.004863646486652442e+02 3.141592653589661222e+00
1.702303312428129489e+00 8.019649726879267746e+02 3.141592653589661222e+00
8.019248403002989800e-01 8.026921193618697998e+02 3.141592653589661222e+00
1.397881142385617004e+00 8.040664972483041311e+02 3.141592653589661222e+00
1.093455525113586679e+00 8.045902051248094722e+02 3.141592653589661222e+00
1.162887031508272884e+00 8.060682256215217194e+02 3.141592653589661222e+00
1.382402889032473325e+00 8.066517090950618467e+02 3.141592653589661222e+00
1.520104666753291589e+00 8.081794636888720333e+02 3.141592653589661222e+00
9.906845317182703115e-01 8.088025895079025531e+02 3.141592653589661222e+00
1.198113815866732379e+00 8.102604706760927229e+02 3.141592653589661222e+00
1.240156897339162345e+00 8.107784527578238567e+02 3.141592653589661222e+00
9.382977197338041586e-01 8.122234271006891504e+02 3.141592653589661222e+00
1.561309978141099508e+00 8.128650153881242204e+02 3.141592653589661222e+00
1.313939538010891583e+00 8.143839107447681727e+02 3.141592653589661222e+00
1.237058627911777009e+00 8.149601774445665114e+02 3.141592653589661222e+00
1.044294585034854173e+00 8.164364391979355560e+02 3.141592653589661222e+00
1.454792576082628575e+00 8.169714134562589152e+02 3.141592653589661222e+00
7.528075958139108792e-01 8.183049482117227171e+02 3.141592653589661222e+00
1.737418632016709319e+00 8.190746323739869013e+02 3.141592653589661222e+00
1.021269709737153919e+00 8.205110024560610782e+02 3.141592653589661222e+00
1.617723682231812177e+00 8.211227645937821080e+02 3.141592653589661222e+00
8.767420787957826978e-01 8.225327646226446632e+02 3.141592653589661222e+00
1.799358162511777159e+00 8.231514344589792245e+02 3.141592653589661222e+00
6.614376180261520854e-01 8.241545311702201388e+02 3.141592653589661222e+00
1.881009713168750874e+00 8.252294257851160637e+02 3.141592653589661222e+00
6.984956334197102157e-01 8.262642170421103174e+02 3.141592653589661222e+00
1.886162384293426975e+00 8.272589625847760999e+02 3.141592653589661222e+00
6.692222582244909956e-01 8.283592436087253645e+02 3.141592653589661222e+00
1.835984984301530787e+00 8.293318875935591450e+02 3.141592653589661222e+00
8.782822872322314511e-01 8.299517151680731786e+02 3.141592653589661222e+00
1.647330793145930450e+00 8.313584006380946221e+02 3.141592653589661222e+00
1.019419999169068447e+00 8.319730870574250048e+02 3.141592653589661222e+00
1.768329825722328108e+00 8.334084040690283928e+02 3.141592653589661222e+00
7.485211235036335342e-01 8.341923685083644386e+02 3.141592653589661222e+00
1.492483745453742738e+00 8.355126435243911374e+02 3.141592653589661222e+00
1.057743218001394592e+00 8.360410637168288304e+02 3.141592653589661222e+00
1.254670626932287147e+00 8.375193157308044647e+02 3.141592653589661222e+00
1.325951380616653408e+00 8.380943282852408629e+02 3.141592653589661222e+00
1.597141028071420443e+00 8.396190796940188648e+02 3.141592653589661222e+00
9.240345181494825644e-01 8.402712508267619569e+02 3.141592653589661222e+00
1.270287839396601948e+00 8.417090840783171188e+02 3.141592653589661222e+00
1.197779425865851843e+00 8.422226744200206667e+02 3.141592653589661222e+00
1.009885171509812940e+00 8.436845030570847257e+02 3.141592653589661222e+00
1.517074918745962453e+00 8.443021190455835949e+02 3.141592653589661222e+00
1.407736659411652491e+00 8.458338950595241386e+02 3.141592653589661222e+00
1.137486125803767623e+00 8.464220584704791008e+02 3.141592653589661222e+00
1.108149080147747378e+00 8.478983196238561959e+02 3.141592653589661222e+00
1.374342376912559782e+00 8.484200842794817845e+02 3.141592653589661222e+00
8.184922763520464661e-01 8.498075397604782211e+02 3.141592653589661222e+00
1.683287948355939312e+00 8.505194702739382819e+02 3.141592653589661222e+00
1.153409737895556786e+00 8.520049741756486128e+02 3.141592653589661222e+00
1.459182939662603484e+00 8.525855257992727729e+02 3.141592653589661222e+00
9.522766914668592264e-01 8.540384120930806375e+02 3.141592653589661222e+00
1.667767503569929088e+00 8.546068773112439203e+02 3.141592653589661222e+00
6.683469287532086689e-01 8.557689243234931382e+02 3.141592653589661222e+00
1.849716352282105625e+00 8.567030567751938861e+02 3.141592653589661222e+00
7.799169357132962332e-01 8.579531246159472175e+02 3.141592653589661222e+00
1.872768098523531988e+00 8.587357518586327387e+02 3.141592653589661222e+00
7.324337887784274637e-01 8.599752593978811319e+02 3.141592653589661222e+00
1.946578518025454008e+00 8.607811354430074289e+02 3.141592653589661222e+00
8.147975931465648580e-01 8.614680543881754602e+02 3.141592653589661222e+00
1.789944145373547846e+00 8.628107653995853070e+02 3.141592653589661222e+00
9.149871213178197848e-01 8.634790474774849827e+02 3.141592653589661222e+00
1.839121229627309617e+00 8.648535748853831819e+02 3.141592653589661222e+00
7.117027718935250435e-01 8.657026475437354520e+02 3.141592653589661222e+00
1.605583807576527633e+00 8.669556936483159006e+02 3.141592653589661222e+00
1.046668023098861644e+00 8.674831975488294802e+02 3.141592653589661222e+00
1.342489183595872104e+00 8.689593296203431692e+02 3.141592653589661222e+00
1.300043015908061372e+00 8.695312091161914623e+02 3.141592653589661222e+00
1.701521499123487935e+00 8.710584867653777792e+02 3.141592653589661222e+00
8.730055456282302950e-01 8.717476747872530041e+02 3.141592653589661222e+00
1.375437124774752329e+00 8.731565408550811753e+02 3.141592653589661222e+00
1.200597384650302413e+00 8.736558471370055940e+02 3.141592653589661222e+00
1.078176757576988720e+00 8.751270376757249778e+02 3.141592653589661222e+00
1.522823403902459960e+00 8.757318800432605030e+02 3.141592653589661222e+00
1.548050119533050495e+00 8.772856931497479991e+02 3.141592653589661222e+00
1.044739318909672088e+00 8.779000639844581428e+02 3.141592653589661222e+00
1.218264200316346635e+00 8.793654211173841304e+02 3.141592653589661222e+00
1.339001611517230517e+00 8.798655670017162720e+02 3.141592653589661222e+00
8.998102708192561305e-01 8.812892909940165964e+02 3.141592653589661222e+00
1.666644290187526245e+00 8.819600524961574592e+02 3.141592653589661222e+00
1.327260302704319272e+00 8.834910359050909392e+02 3.141592653589661222e+00
1.291507820704580700e+00 8.840649550211655878e+02 3.141592653589661222e+00
1.058610244451650306e+00 8.855423477176889264e+02 3.141592653589661222e+00
1.545459334317797362e+00 8.860679443951020176e+02 3.141592653589661222e+00
7.314431427801899588e-01 8.873604289325651280e+02 3.141592653589661222e+00
1.806552318353676467e+00 8.881710371034869240e+02 3.141592653589661222e+00
9.738310900702331629e-01 8.895826064005469789e+02 3.141592653589661222e+00
1.713873567146021903e+00 8.902178845764894959e+02 3.141592653589661222e+00
8.508696249935462363e-01 8.915978074400743481e+02 3.141592653589661222e+00
1.898217603123075969e+00 8.922444417944767565e+02 3.141592653589661222e+00
6.935432685162008504e-01 8.931347396507801477e+02 3.141592653589661222e+00
1.896631078641674018e+00 8.943033542467335337e+02 3.141592653589661222e+00
7.237857350555906288e-01 8.951865215236841777e+02 3.141592653589661222e+00
1.871566714639294915e+00 8.963341879471577158e+02 3.141592653589661222e+00
6.602334915574222807e-01 8.973393921189426692e+02 3.141592653589661222e+00
1.747371399211613330e+00 8.984222091026614407e+02 3.141592653589661222e+00
9.231291124431830752e-01 8.990081842189187000e+02 3.141592653589661222e+00
1.543159897616792398e+00 9.004456961625793383e+02 3.141592653589661222e+00
1.096817382786239303e+00 9.010368494101600163e+02 3.141592653589661222e+00
1.722093316816389885e+00 9.025040865749737122e+02 3.141592653589661222e+00
7.843742015531103284e-01 9.032473679251119165e+02 3.141592653589661222e+00
1.424947429764261253e+00 9.046068371878945982e+02 3.141592653589661222e+00
1.080903105816827692e+00 9.051321142441759093e+02 3.141592653589661222e+00
1.190516612951158182e+00 9.066107117826757076e+02 3.141592653589661222e+00
1.363574374244769682e+00 9.071909229343930292e+02 3.141592653589661222e+00
1.542074503481224435e+00 9.087177054069695714e+02 3.141592653589661222e+00
9.691527410733861148e-01 9.093489039716832849e+02 3.141592653589661222e+00
1.217985767950603426e+00 9.108015141796903436e+02 3.141592653589661222e+00
1.224391943537833649e+00 9.113185294521808828e+02 3.141592653589661222e+00
9.598868078542031057e-01 9.127695405343459925e+02 3.141592653589661222e+00
1.545221319338964561e+00 9.134027845290137293e+02 3.141592653589661222e+00
1.340800439501987240e+00 9.149255272766824874e+02 3.141592653589661222e+00
1.205435750510544857e+00 9.155043876371071292e+02 3.141592653589661222e+00
1.061654271872085609e+00 9.169815045935054059e+02 3.141592653589661222e+00
1.427167476369572752e+00 9.175125282114472611e+02 3.141592653589661222e+00
7.716337855203853069e-01 9.188647375510381607e+02 3.141592653589661222e+00
1.719299339651274572e+00 9.196148988117570298e+02 3.141592653589661222e+00
1.061101751335143506e+00 9.210682423773107530e+02 3.141592653589661222e+00
1.568882929718781849e+00 9.216675408871730042e+02 3.141592653589661222e+00
8.996183558849142337e-01 9.230933018817836455e+02 3.141592653589661222e+00
1.759417293111967151e+00 9.236943053782034667e+02 3.141592653589661222e+00
6.575091947868290099e-01 9.247495221225999558e+02 3.141592653589661222e+00
1.874587435069023256e+00 9.257790786960000560e+02 3.141592653589661222e+00
7.103425132699204836e-01 9.268858860646090534e+02 3.141592653589661222e+00
1.894643777307914778e+00 9.278092152428814643e+02 3.141592653589661222e+00
6.844731745928870348e-01 9.289526827734496237e+02 3.141592653589661222e+00
1.884418409895056712e+00 9.298728149512056689e+02 3.141592653589661222e+00
8.686147585847704411e-01 9.305034932817177378e+02 3.141592653589661222e+00
1.691936106402190498e+00 9.318976552925428223e+02 3.141592653589661222e+00
1.001623490740938482e+00 9.325216519991856785e+02 3.141592653589661222e+00
1.804930931425676954e+00 9.339478340080095222e+02 3.141592653589661222e+00
7.408006248182983366e-01 9.347502709968680392e+02 3.141592653589661222e+00
1.539794823342135466e+00 9.360517946996570799e+02 3.141592653589661222e+00
1.073040901611881148e+00 9.365725797819968648e+02 3.141592653589661222e+00
1.276934191697813636e+00 9.380521002471840575e+02 3.141592653589661222e+00
1.344288852900968445e+00 9.386263088265884562e+02 3.141592653589661222e+00
1.658663619177602300e+00 9.401604047962340474e+02 3.141592653589661222e+00
9.066995542337553671e-01 9.408282734494495116e+02 3.141592653589661222e+00
1.328077661988823488e+00 9.422547357588434807e+02 3.141592653589661222e+00
1.217652298391119992e+00 9.427564369919390401e+02 3.141592653589661222e+00
1.036574979329877744e+00 9.442213855427932003e+02 3.141592653589661222e+00
1.542686392001099582e+00 9.448360865136218081e+02 3.141592653589661222e+00
1.489942033562440260e+00 9.463842902017596543e+02 3.141592653589661222e+00
1.092907268049212899e+00 9.469845013121731654e+02 3.141592653589661222e+00
1.170883389845963629e+00 9.484572378129679464e+02 3.141592653589661222e+00
1.367356897604902644e+00 9.489642206287749104e+02 3.141592653589661222e+00
8.580627327978178620e-01 9.503694351011876051e+02 3.141592653589661222e+00
1.687247165574516483e+00 9.510617730201682889e+02 3.141592653589661222e+00
1.246621368308080013e+00 9.525745346782681509e+02 3.141592653589661222e+00
1.376986876579069596e+00 9.531477512049399365e+02 3.141592653589661222e+00
1.009019563416897025e+00 9.546167856589573830e+02 3.141592653589661222e+00
1.614416662751403608e+00 9.551592703709961825e+02 3.141592653589661222e+00
6.945366902398734110e-01 9.563887009768999405e+02 3.141592653589661222e+00
1.836927752098921784e+00 9.572598522479545409e+02 3.141592653589661222e+00
8.656009597161437030e-01 9.585980904007087702e+02 3.141592653589661222e+00
1.820121627451652513e+00 9.592979207805485657e+02 3.141592653589661222e+00
7.847082473217260601e-01 9.606085052132158353e+02 3.141592653589661222e+00
1.954422931277168152e+00 9.613321020526980192e+02 3.141592653589661222e+00
7.586760158757529515e-01 9.620932224297600897e+02 3.141592653589661222e+00
1.855296926136303037e+00 9.633712491518344905e+02 3.141592653589661222e+00
8.246282891957006367e-01 9.641067434416403330e+02 3.141592653589661222e+00
1.849458344785653852e+00 9.654070800092520130e+02 3.141592653589661222e+00
6.830939575694296995e-01 9.663097151919331509e+02 3.141592653589661222e+00
1.652387295438058956e+00 9.675059837487034429e+02 3.141592653589661222e+00
9.923569363589799242e-01 9.680551101570613355e+02 3.141592653589661222e+00
1.417908536415904974e+00 9.695200682562245902e+02 3.141592653589661222e+00
1.213489780063832679e+00 9.700945975240900907e+02 3.141592653589661222e+00
1.695898584286070987e+00 9.715987801323107078e+02 3.141592653589661222e+00
8.386569627745231736e-01 9.723036502283136997e+02 3.141592653589661222e+00
1.379504309084551128e+00 9.736983509442773084e+02 3.141592653589661222e+00
1.144129032368949916e+00 9.742103994541108705e+02 3.141592653589661222e+00
1.117100667468358122e+00 9.756863468531672652e+02 3.141592653589661222e+00
1.450810742740517911e+00 9.762792732426528346e+02 3.141592653589661222e+00
1.527601057510217686e+00 9.778194342544810524e+02 3.141592653589661222e+00
1.021542551925402664e+00 9.784364569208715920e+02 3.141592653589661222e+00
1.202602254709330021e+00 9.798991092995734107e+02 3.141592653589661222e+00
1.289663030747755235e+00 9.804090538380612543e+02 3.141592653589661222e+00
9.155151324853135764e-01 9.818432898717504713e+02 3.141592653589661222e+00
1.614782179837700449e+00 9.825000554482097641e+02 3.141592653589661222e+00
1.316302303535425766e+00 9.840242801863864770e+02 3.141592653589661222e+00
1.268853735871734223e+00 9.845990456375575377e+02 3.141592653589661222e+00
1.048710929689432803e+00 9.860756899727656446e+02 3.141592653589661222e+00
1.503267208455413284e+00 9.866067212218077884e+02 3.141592653589661222e+00
7.394581904578362286e-01 9.879178254248271287e+02 3.141592653589661222e+00
1.774730997128782350e+00 9.887102451561603402e+02 3.141592653589661222e+00
9.939471450867616298e-01 9.901331290716789226e+02 3.141592653589661222e+00
1.671004250338169683e+00 9.907573676717843227e+02 3.141592653589661222e+00
8.620491626631424653e-01 9.921514923309379128e+02 3.141592653589661222e+00
1.853910738044208140e+00 9.927850890169482909e+02 3.141592653589661222e+00
6.755418479011703337e-01 9.937268641801870217e+02 3.141592653589661222e+00
1.891768234171938401e+00 9.948531620330888927e+02 3.141592653589661222e+00
7.040049300431442392e-01 9.958043538333598690e+02 3.141592653589661222e+00
1.877825738638466913e+00 9.968830516321061168e+02 3.141592653589661222e+00
6.604610715623204786e-01 9.979317105580767020e+02 3.141592653589661222e+00
1.785899633800317465e+00 9.989649319829038632e+02 3.141592653589661222e+00
8.991356857587956553e-01 9.995673991995988672e+02 3.141592653589661222e+00
1.591948290952613476e+00 1.000990786643471893e+03 3.141592653589661222e+00
1.055850802637063879e+00 1.001592496282180605e+03 3.141592653589661222e+00
1.738255178433077308e+00 1.003043867976967363e+03 3.141592653589661222e+00
7.654245093405072087e-01 1.003805232109614280e+03 3.141592653589661222e+00
1.450472642365390419e+00 1.005147542661408465e+03 3.141592653589661222e+00
1.062989403388253207e+00 1.005676630617632441e+03 3.141592653589661222e+00
1.220937639040335032e+00 1.007154934566781890e+03 3.141592653589661222e+00
1.336696930414267293e+00 1.007732080254020389e+03 3.141592653589661222e+00
1.557115758853221843e+00 1.009255224765472917e+03 3.141592653589661222e+00
9.479581856695737940e-01 1.009894263385652721e+03 3.141592653589661222e+00
1.232728087040251497e+00 1.011341319394009133e+03 3.141592653589661222e+00
1.204455930027250155e+00 1.011859315278890676e+03 3.141592653589661222e+00
9.806755788480404634e-01 1.013315776661586256e+03 3.141592653589661222e+00
1.523269825091289720e+00 1.013940893153311777e+03 3.141592653589661222e+00
1.358717601550728959e+00 1.015464708410094090e+03 3.141592653589661222e+00
