7.980480659597857240e-01 -6.077600685202907277e-03 7.853981633974492782e-01
1.381674125149328303e+00 1.491463888023578432e+00 7.853981633974492782e-01
2.133512250740290384e+00 1.807754097977195995e+00 7.853981633974492782e-01
1.005361494171725267e+00 3.268578080372237071e+00 7.853981633974492782e-01
1.144343794620702237e+00 4.520500900916278653e+00 7.853981633974492782e-01
1.341853460741587289e+00 5.108059443128610155e+00 7.853981633974492782e-01
8.769476074162183554e-01 6.168117573676961563e+00 7.853981633974492782e-01
9.125073320205239202e-01 7.604672981688824329e+00 7.853981633974492782e-01
2.801896097815548714e+00 8.027053641403139039e+00 7.853981633974492782e-01
9.116234500147041286e-01 9.436666556936367911e+00 7.853981633974492782e-01
9.412298684226704237e-01 1.059616764602651706e+01 7.853981633974492782e-01
1.736328479595333318e+00 1.127615776385538915e+01 7.853981633974492782e-01
9.728214956878241670e-01 1.232753385461804463e+01 7.853981633974492782e-01
5.964022795703782798e-01 1.346028003698729769e+01 7.853981633974492782e-01
3.678939132598899597e+00 1.425326726992919468e+01 7.853981633974492782e-01
7.018734780691764374e-01 1.534117017040779096e+01 7.853981633974492782e-01
8.155438418924038091e-01 1.642057954853665436e+01 7.853981633974492782e-01
2.037966132739243097e+00 1.744305194578060636e+01 7.853981633974492782e-01
9.363907987993301818e-01 1.837216235139446141e+01 7.853981633974492782e-01
6.747213077817955096e-01 1.919146509559000435e+01 7.853981633974492782e-01
3.314584124912561602e+00 2.049110351462806179e+01 7.853981633974492782e-01
1.025531444983138085e+00 2.097257770186577730e+01 7.853981633974492782e-01
1.000514943435744097e+00 2.232298989323881244e+01 7.853981633974492782e-01
1.737606591704113912e+00 2.361769719590958871e+01 7.853981633974492782e-01
9.344017845225668362e-01 2.432907747812199872e+01 7.853981633974492782e-01
7.557435999614041666e-01 2.526758399603853178e+01 7.853981633974492782e-01
2.172187050663511698e+00 2.672179377749197471e+01 7.853981633974492782e-01
1.573049457268094420e+00 2.704237417109518660e+01 7.853981633974492782e-01
1.061551641876436358e+00 2.849508339994079975e+01 7.853981633974492782e-01
1.453505524812845895e+00 2.980721011803434806e+01 7.853981633974492782e-01
1.062220112424836049e+00 3.041534260321748917e+01 7.853981633974492782e-01
8.009772241759737232e-01 3.143497048054936727e+01 7.853981633974492782e-01
1.515840026513990857e+00 3.293026657498435839e+01 7.853981633974492782e-01
2.059192821675425389e+00 3.323669176543911874e+01 7.853981633974492782e-01
1.041226586436257540e+00 3.470719611788219083e+01 7.853981633974492782e-01
1.226765856136760258e+00 3.598247588024167953e+01 7.853981633974492782e-01
1.267118427594865038e+00 3.656222386376639122e+01 7.853981633974492782e-01
8.661726798884062939e-01 3.761615367369997642e+01 7.853981633974492782e-01
1.036036322189505698e+00 3.908017225263355954e+01 7.853981633974492782e-01
2.646273050403683325e+00 3.945747696259154935e+01 7.853981633974492782e-01
9.661899147790975473e-01 4.089860811630308746e+01 7.853981633974492782e-01
1.014653673615226515e+00 4.209645423210669435e+01 7.853981633974492782e-01
1.606500025231988538e+00 4.272822756114943843e+01 7.853981633974492782e-01
9.592320799100573225e-01 4.378733289510797988e+01 7.853981633974492782e-01
6.581799849115508305e-01 4.503857195607944419e+01 7.853981633974492782e-01
3.480377626656809831e+00 4.568403303370892132e+01 7.853981633974492782e-01
7.623686254352670666e-01 4.692558695261760704e+01 7.853981633974492782e-01
8.260649070152964457e-01 4.799755778442507648e+01 7.853981633974492782e-01
2.058497725791672117e+00 4.888961362806909250e+01 7.853981633974492782e-01
9.763079740876919876e-01 4.987347528850182954e+01 7.853981633974492782e-01
6.508115725483957226e-01 5.068426981727765934e+01 7.853981633974492782e-01
3.644718821703590628e+00 5.191546616088719901e+01 7.853981633974492782e-01
9.205969599863925712e-01 5.247150560772337968e+01 7.853981633974492782e-01
9.787280619982352547e-01 5.377883256645034038e+01 7.853981633974492782e-01
1.834028470050593773e+00 5.505522725375284665e+01 7.853981633974492782e-01
9.265829366030490233e-01 5.580309328858549378e+01 7.853981633974492782e-01
7.638132710385583390e-01 5.670450043100475312e+01 7.853981633974492782e-01
2.347377823703686861e+00 5.814702863948798495e+01 7.853981633974492782e-01
1.525880963017795189e+00 5.847445104099182345e+01 7.853981633974492782e-01
1.086973920151761641e+00 5.992631866064215984e+01 7.853981633974492782e-01
1.552702985404340597e+00 6.124997057220845420e+01 7.853981633974492782e-01
1.035102909516302905e+00 6.187516284529759503e+01 7.853981633974492782e-01
8.145016455761475704e-01 6.287086069143274614e+01 7.853981633974492782e-01
1.642396934126195696e+00 6.436213862237680416e+01 7.853981633974492782e-01
2.029413719144941286e+00 6.466151990120130222e+01 7.853981633974492782e-01
1.086653713559198930e+00 6.614295831127228098e+01 7.853981633974492782e-01
1.329508509258301219e+00 6.744261423683821022e+01 7.853981633974492782e-01
1.203054416325290976e+00 6.802206767944858257e+01 7.853981633974492782e-01
8.669249391204865152e-01 6.906316856114369784e+01 7.853981633974492782e-01
1.170470651031838116e+00 7.054168429156791831e+01 7.853981633974492782e-01
2.539049450143074260e+00 7.088640375849583108e+01 7.853981633974492782e-01
1.026429574303505676e+00 7.235345453267393623e+01 7.853981633974492782e-01
1.110638908785054335e+00 7.359100371725203615e+01 7.853981633974492782e-01
1.478766909574809496e+00 7.418696725235740530e+01 7.853981633974492782e-01
9.446612441126434057e-01 7.524691921326072475e+01 7.853981633974492782e-01
7.642777500785342681e-01 7.659312377908580061e+01 7.853981633974492782e-01
3.254782995609338592e+00 7.711631041467531134e+01 7.853981633974492782e-01
8.540945671803780170e-01 7.846829830668900740e+01 7.853981633974492782e-01
8.782353637965553128e-01 7.957713806660800060e+01 7.853981633974492782e-01
1.962797158744672865e+00 8.034409141869832638e+01 7.853981633974492782e-01
1.004374958792229489e+00 8.137212153872415854e+01 7.853981633974492782e-01
6.008585797580620058e-01 8.226740472218861555e+01 7.853981633974492782e-01
3.899967605400200377e+00 8.334464791879000245e+01 7.853981633974492782e-01
7.619016451337267126e-01 8.408441930429772526e+01 7.853981633974492782e-01
8.997031955323906427e-01 8.529225980377810856e+01 7.853981633974492782e-01
1.913197600369088036e+00 8.650312124538169201e+01 7.853981633974492782e-01
9.078938813647856598e-01 8.731594545756007619e+01 7.853981633974492782e-01
7.230181045406623985e-01 8.818621538872572785e+01 7.853981633974492782e-01
2.694181052100357299e+00 8.958368470079030033e+01 7.853981633974492782e-01
1.291667266800293090e+00 8.995794318775742227e+01 7.853981633974492782e-01
1.043694294696796865e+00 9.137432733016954955e+01 7.853981633974492782e-01
1.590958413553083872e+00 9.268825245326789286e+01 7.853981633974492782e-01
9.847118548721365272e-01 9.333917086174477618e+01 7.853981633974492782e-01
7.745419750038895490e-01 9.432469920276159314e+01 7.853981633974492782e-01
1.827035523345303059e+00 9.580589461839096543e+01 7.853981633974492782e-01
1.794680957892148321e+00 9.611020652719979296e+01 7.853981633974492782e-01
1.054836860790756115e+00 9.757589607128372222e+01 7.853981633974492782e-01
1.337375981508799994e+00 9.887376985937389406e+01 7.853981633974492782e-01
1.147883767058385240e+00 9.946044931277609180e+01 7.853981633974492782e-01
8.261597776589321152e-01 1.005011814014373641e+02 7.853981633974492782e-01
1.274505738152918788e+00 1.019937617721166987e+02 7.853981633974492782e-01
2.308290565032753872e+00 1.023209681491848215e+02 7.853981633974492782e-01
1.012284312816901455e+00 1.037843393868330111e+02 7.853981633974492782e-01
1.123561446515057405e+00 1.050285434152323631e+02 7.853981633974492782e-01
1.405963273656710255e+00 1.056201314456174032e+02 7.853981633974492782e-01
9.072211023296516963e-01 1.066804087177120550e+02 7.853981633974492782e-01
8.368268222532468936e-01 1.080802311842707439e+02 7.853981633974492782e-01
3.006754468778301437e+00 1.085453911585943985e+02 7.853981633974492782e-01
8.876696089524220845e-01 1.099328846417087391e+02 7.853981633974492782e-01
9.098245353028708848e-01 1.110691117417492535e+02 7.853981633974492782e-01
1.841578128574531625e+00 1.117850401924480792e+02 7.853981633974492782e-01
9.912063018684688087e-01 1.128280498322773013e+02 7.853981633974492782e-01
5.820502688121893531e-01 1.138501538413473924e+02 7.853981633974492782e-01
3.833279890960195502e+00 1.147729023854609949e+02 7.853981633974492782e-01
6.969883961808789330e-01 1.157080720050566924e+02 7.853981633974492782e-01
8.390943296485493530e-01 1.168308520718339736e+02 7.853981633974492782e-01
1.982776454177409775e+00 1.179494646001574836e+02 7.853981633974492782e-01
9.126317684162384980e-01 1.188273867556141568e+02 7.853981633974492782e-01
6.895733572611281170e-01 1.196712000723488813e+02 7.853981633974492782e-01
3.037098737348232991e+00 1.210142232119443975e+02 7.853981633974492782e-01
1.115349767342541654e+00 1.214485220611698111e+02 7.853981633974492782e-01
1.009923962337438308e+00 1.228263075428444608e+02 7.853981633974492782e-01
1.653448094028075577e+00 1.241286620856182452e+02 7.853981633974492782e-01
9.468270446439509547e-01 1.248114984087617074e+02 7.853981633974492782e-01
7.495901801596932534e-01 1.257786935179938723e+02 7.853981633974492782e-01
2.022768769494736052e+00 1.272430277828838996e+02 7.853981633974492782e-01
1.620294231340878799e+00 1.275587490282269272e+02 7.853981633974492782e-01
1.039045505222417676e+00 1.290113651034650672e+02 7.853981633974492782e-01
1.372345141064056806e+00 1.303117573167613727e+02 7.853981633974492782e-01
1.094501439428287259e+00 1.309082680399940273e+02 7.853981633974492782e-01
7.966239237152584751e-01 1.319439777420352016e+02 7.853981633974492782e-01
1.396892722610702631e+00 1.334415461740938156e+02 7.853981633974492782e-01
2.118602976690545425e+00 1.337565984672733919e+02 7.853981633974492782e-01
1.007289797732752401e+00 1.352179300392184871e+02 7.853981633974492782e-01
1.150731268234107763e+00 1.364718492403071082e+02 7.853981633974492782e-01
1.333145309209799789e+00 1.370584832311536445e+02 7.853981633974492782e-01
8.744155112205327374e-01 1.381182482218624443e+02 7.853981633974492782e-01
9.247663543733301017e-01 1.395587736809324610e+02 7.853981633974492782e-01
2.779713660647111784e+00 1.399756428418726841e+02 7.853981633974492782e-01
9.163663500537831963e-01 1.413886065148899718e+02 7.853981633974492782e-01
9.473872570626764578e-01 1.425518481823270065e+02 7.853981633974492782e-01
1.722145643089906253e+00 1.432265236326194042e+02 7.853981633974492782e-01
9.709167104645899382e-01 1.442789679586090870e+02 7.853981633974492782e-01
6.007936118031091954e-01 1.454257558675359689e+02 7.853981633974492782e-01
3.657430440973596486e+00 1.462017321893900998e+02 7.853981633974492782e-01
7.059819596168824818e-01 1.473084135364188967e+02 7.853981633974492782e-01
8.146049653473463881e-01 1.483845134303700206e+02 7.853981633974492782e-01
2.043992310852521754e+00 1.493931677752560176e+02 7.853981633974492782e-01
9.405838838606013219e-01 1.503286878385237344e+02 7.853981633974492782e-01
6.731629001052065187e-01 1.511449417621149678e+02 7.853981633974492782e-01
3.350847750552960136e+00 1.524388507150803775e+02 7.853981633974492782e-01
1.015892372095329677e+00 1.529264261437604375e+02 7.853981633974492782e-01
9.998450280707180671e-01 1.542733701499535357e+02 7.853981633974492782e-01
1.749731839978192260e+00 1.555670155959772103e+02 7.853981633974492782e-01
9.338228708139426626e-01 1.562820959856339584e+02 7.853981633974492782e-01
7.579110050693541600e-01 1.572161574659605492e+02 7.853981633974492782e-01
2.189741221111213942e+00 1.586695137487626539e+02 7.853981633974492782e-01
1.572144675087437049e+00 1.589902407769819490e+02 7.853981633974492782e-01
1.066297079730060826e+00 1.604435973048784376e+02 7.853981633974492782e-01
1.466804809638837748e+00 1.617576696799671652e+02 7.853981633974492782e-01
1.059126321678405480e+00 1.623675853890116514e+02 7.853981633974492782e-01
8.034681644801621170e-01 1.633842489183274154e+02 7.853981633974492782e-01
1.530954618225131014e+00 1.648790650274766278e+02 7.853981633974492782e-01
2.058571066116556381e+00 1.651844190905601693e+02 7.853981633974492782e-01
1.048074787345812275e+00 1.666567684012479162e+02 7.853981633974492782e-01
1.240360016359740580e+00 1.679355629735169657e+02 7.853981633974492782e-01
1.258686549430767743e+00 1.685146762298676322e+02 7.853981633974492782e-01
8.666253073213309177e-01 1.695671947091024663e+02 7.853981633974492782e-01
1.052757331296961585e+00 1.710333864289209771e+02 7.853981633974492782e-01
2.633832594872786093e+00 1.714059589374886627e+02 7.853981633974492782e-01
9.746168950049094448e-01 1.728510541230254773e+02 7.853981633974492782e-01
1.026579715845382212e+00 1.740542655888972376e+02 7.853981633974492782e-01
1.590112960523859753e+00 1.746803742336754226e+02 7.853981633974492782e-01
9.580089402565771239e-01 1.757400092004156420e+02 7.853981633974492782e-01
6.693923515731616813e-01 1.770044611221631214e+02 7.853981633974492782e-01
3.455141325196879887e+00 1.776328718018445727e+02 7.853981633974492782e-01
7.730725477419635450e-01 1.788909014937993334e+02 7.853981633974492782e-01
8.305021403298020743e-01 1.799654294461004724e+02 7.853981633974492782e-01
2.053981754593946274e+00 1.808407867117396108e+02 7.853981633974492782e-01
9.811272592897803957e-01 1.818309697629914865e+02 7.853981633974492782e-01
6.456387663837159785e-01 1.826454988551903114e+02 7.853981633974492782e-01
3.685624259517724877e+00 1.838636683819806592e+02 7.853981633974492782e-01
9.029144107767250738e-01 1.844344520311187239e+02 7.853981633974492782e-01
9.722272420624349376e-01 1.857332773756053541e+02 7.853981633974492782e-01
1.843576497555361016e+00 1.870051342330946795e+02 7.853981633974492782e-01
9.245556988746066462e-01 1.877587467161335155e+02 7.853981633974492782e-01
7.614635664669472392e-01 1.886563061343807703e+02 7.853981633974492782e-01
2.377243001529597333e+00 1.900958171587585923e+02 7.853981633974492782e-01
1.507504337471767375e+00 1.904260351037040664e+02 7.853981633974492782e-01
1.085241725228329512e+00 1.918757460782456121e+02 7.853981633974492782e-01
1.559286610127202044e+00 1.931993210141192208e+02 7.853981633974492782e-01
1.030751357913504807e+00 1.938268102255138388e+02 7.853981633974492782e-01
8.126025249684116769e-01 1.948207680446725760e+02 7.853981633974492782e-01
1.658975624518450820e+00 1.963115123268981392e+02 7.853981633974492782e-01
2.013233064435204778e+00 1.966106503945057966e+02 7.853981633974492782e-01
1.086809592867797658e+00 1.980916612151525271e+02 7.853981633974492782e-01
1.334891264745699857e+00 1.993922962362270823e+02 7.853981633974492782e-01
1.197017767650557785e+00 1.999723420720230820e+02 7.853981633974492782e-01
8.646563739061403631e-01 2.010126685124272115e+02 7.853981633974492782e-01
1.182938930358429230e+00 2.024927012134440929e+02 7.853981633974492782e-01
2.520644362332707722e+00 2.028349239923618370e+02 7.853981633974492782e-01
1.028659759159874065e+00 2.043029340376121752e+02 7.853981633974492782e-01
1.116650493914780551e+00 2.055428252465671051e+02 7.853981633974492782e-01
1.468307634792545002e+00 2.061371365034475787e+02 7.853981633974492782e-01
9.417547452707549782e-01 2.071969473278623184e+02 7.853981633974492782e-01
7.746526870943795107e-01 2.085505820747070231e+02 7.853981633974492782e-01
3.228704694672237530e+00 2.090647930475986982e+02 7.853981633974492782e-01
8.612915036391041168e-01 2.104236926805454004e+02 7.853981633974492782e-01
8.837940723347649241e-01 2.115368282612143105e+02 7.853981633974492782e-01
1.948020372192390104e+00 2.122946979212839267e+02 7.853981633974492782e-01
1.004755166620592721e+00 2.133255716042444590e+02 7.853981633974492782e-01
5.967820241687039617e-01 2.142351977381666472e+02 7.853981633974492782e-01
3.906415344992810290e+00 2.152930459075620604e+02 7.853981633974492782e-01
7.491075481421131110e-01 2.160571561993897660e+02 7.853981633974492782e-01
8.907747708118067820e-01 2.172530605983017438e+02 7.853981633974492782e-01
1.922323354197747136e+00 2.184538763867753346e+02 7.853981633974492782e-01
9.071817976561240560e-01 2.192749044065898545e+02 7.853981633974492782e-01
7.182883615347536166e-01 2.201416670583388395e+02 7.853981633974492782e-01
2.737371797374429594e+00 2.215327099928623511e+02 7.853981633974492782e-01
1.266229427204445868e+00 2.219139463452250993e+02 7.853981633974492782e-01
1.038689318300992648e+00 2.233255650371709464e+02 7.853981633974492782e-01
1.597011496305610123e+00 2.246380899514525709e+02 7.853981633974492782e-01
9.790888521834509861e-01 2.252926559116698115e+02 7.853981633974492782e-01
7.702766113583322527e-01 2.262765164846508128e+02 7.853981633974492782e-01
1.850976406290455900e+00 2.277558347471139086e+02 7.853981633974492782e-01
1.768615430004636835e+00 2.280613657702291448e+02 7.853981633974492782e-01
1.051448302119466716e+00 2.295251010806244096e+02 7.853981633974492782e-01
1.339460550940204220e+00 2.308228924488332439e+02 7.853981633974492782e-01
1.141004319484974161e+00 2.314106178132194600e+02 7.853981633974492782e-01
8.214709476310616543e-01 2.324511419133220613e+02 7.853981633974492782e-01
1.288361589664547058e+00 2.339448609907461503e+02 7.853981633974492782e-01
2.281267045015431094e+00 2.342703213818211054e+02 7.853981633974492782e-01
1.010472162343160729e+00 2.357331249699466014e+02 7.853981633974492782e-01
1.125232679915215472e+00 2.369780939858543434e+02 7.853981633974492782e-01
1.397224204296776406e+00 2.375692361820180452e+02 7.853981633974492782e-01
9.026263301672541317e-01 2.386295542612661507e+02 7.853981633974492782e-01
8.462805034323441777e-01 2.400350273380317390e+02 7.853981633974492782e-01
2.976942467646038981e+00 2.404939647721766107e+02 7.853981633974492782e-01
8.908673314196274839e-01 2.418847237838431852e+02 7.853981633974492782e-01
9.136423332561391941e-01 2.430240799484668344e+02 7.853981633974492782e-01
1.826952411166645751e+00 2.437348644244194702e+02 7.853981633974492782e-01
9.888052813626642124e-01 2.447791890044524337e+02 7.853981633974492782e-01
5.823147467768667873e-01 2.458169457035835990e+02 7.853981633974492782e-01
3.815354848384115538e+00 2.467213186792581894e+02 7.853981633974492782e-01
6.947672729417770920e-01 2.476790704936960026e+02 7.853981633974492782e-01
8.342146437023212346e-01 2.487938722594406329e+02 7.853981633974492782e-01
1.991668997288027265e+00 2.498998745730440589e+02 7.853981633974492782e-01
9.151759459430176546e-01 2.507853109114860786e+02 7.853981633974492782e-01
6.872568147957009987e-01 2.516253708070969992e+02 7.853981633974492782e-01
3.076756006561538470e+00 2.529623712029081730e+02 7.853981633974492782e-01
1.101023800917842133e+00 2.534032588054183464e+02 7.853981633974492782e-01
1.008302458007902302e+00 2.547771666037231739e+02 7.853981633974492782e-01
1.664769196467843937e+00 2.560785483923662582e+02 7.853981633974492782e-01
9.442843837878245328e-01 2.567654229005526076e+02 7.853981633974492782e-01
7.496147741130654296e-01 2.577289801254428312e+02 7.853981633974492782e-01
2.045121547984326771e+00 2.591916248725932519e+02 7.853981633974492782e-01
1.610191567484526409e+00 2.595082603481512251e+02 7.853981633974492782e-01
1.041198380365836895e+00 2.609605411285882042e+02 7.853981633974492782e-01
1.382355680540402032e+00 2.622623917328510856e+02 7.853981633974492782e-01
1.089079903451577458e+00 2.628603618879209307e+02 7.853981633974492782e-01
7.960726031338289932e-01 2.638942892135113425e+02 7.853981633974492782e-01
1.414015178570375841e+00 2.653917321151280362e+02 7.853981633974492782e-01
2.105681785390495886e+00 2.657054121764686556e+02 7.853981633974492782e-01
1.010791904132226415e+00 2.671677214726998955e+02 7.853981633974492782e-01
1.159581165154660365e+00 2.684243216447619034e+02 7.853981633974492782e-01
1.323365841696922063e+00 2.690097793294896746e+02 7.853981633974492782e-01
8.723154601881759618e-01 2.700690594111718497e+02 7.853981633974492782e-01
9.394153514590370957e-01 2.715137126639225471e+02 7.853981633974492782e-01
2.757295901418705064e+00 2.719244121628112225e+02 7.853981633974492782e-01
9.226117187249128770e-01 2.733414437702875830e+02 7.853981633974492782e-01
9.553647651342174196e-01 2.745092581754333310e+02 7.853981633974492782e-01
1.705986470610225236e+00 2.751776157417712056e+02 7.853981633974492782e-01
9.691425353587956870e-01 2.762312684225242378e+02 7.853981633974492782e-01
6.065909210193037859e-01 2.773936433209005372e+02 7.853981633974492782e-01
3.633859565342781650e+00 2.781504201672633485e+02 7.853981633974492782e-01
7.115961742509681054e-01 2.792779864772612086e+02 7.853981633974492782e-01
8.142402334182303747e-01 2.803510515187522856e+02 7.853981633974492782e-01
2.050436386810513767e+00 2.813437324135297786e+02 7.853981633974492782e-01
9.456499366956169217e-01 2.822864287545021398e+02 7.853981633974492782e-01
6.715162547619240030e-01 2.830992466395042584e+02 7.853981633974492782e-01
3.391998804241503240e+00 2.843866681572325774e+02 7.853981633974492782e-01
1.005549281496861402e+00 2.848810896516583284e+02 7.853981633974492782e-01
9.992661115172933872e-01 2.862241595617311987e+02 7.853981633974492782e-01
1.763818941699226706e+00 2.875165961482372836e+02 7.853981633974492782e-01
9.334707563441810851e-01 2.882358349789940917e+02 7.853981633974492782e-01
7.608191314714917164e-01 2.891646380555672522e+02 7.853981633974492782e-01
2.208794827659277704e+00 2.906172068569689486e+02 7.853981633974492782e-01
1.572885043922563897e+00 2.909379003626759754e+02 7.853981633974492782e-01
1.072301379744358352e+00 2.923922228705719704e+02 7.853981633974492782e-01
1.482844097264062633e+00 2.937086470264471814e+02 7.853981633974492782e-01
1.055975905539768611e+00 2.943206682494566166e+02 7.853981633974492782e-01
8.069871059665097990e-01 2.953336484332990608e+02 7.853981633974492782e-01
1.547751544078321606e+00 2.968278938764456711e+02 7.853981633974492782e-01
2.060486388014737713e+00 2.971320137701546287e+02 7.853981633974492782e-01
1.056755393324424919e+00 2.986067078856540888e+02 7.853981633974492782e-01
1.257223527628957616e+00 2.998897680505035055e+02 7.853981633974492782e-01
1.249122832860791732e+00 3.004682840124465315e+02 7.853981633974492782e-01
8.677188172729275450e-01 3.015189138341139596e+02 7.853981633974492782e-01
1.072511088145701619e+00 3.029873180497281169e+02 7.853981633974492782e-01
2.621517065882212449e+00 3.033546126610482361e+02 7.853981633974492782e-01
9.850001435504222025e-01 3.048043693771388121e+02 7.853981633974492782e-01
1.041451920706211398e+00 3.060140337045690444e+02 7.853981633974492782e-01
1.570856706147221837e+00 3.066336725387467936e+02 7.853981633974492782e-01
9.567441946670750541e-01 3.076937651055251308e+02 7.853981633974492782e-01
6.835608422665746531e-01 3.089731782098489248e+02 7.853981633974492782e-01
3.425724084675513481e+00 3.095820706249557475e+02 7.853981633974492782e-01
7.863779630855879388e-01 3.108586746686218589e+02 7.853981633974492782e-01
8.366800812792327680e-01 3.119371240034957964e+02 7.853981633974492782e-01
2.046298860552163479e+00 3.127929148305927924e+02 7.853981633974492782e-01
9.866388285143116166e-01 3.137903461440362207e+02 7.853981633974492782e-01
6.390231583530815440e-01 3.146111397697317784e+02 7.853981633974492782e-01
3.732647273769861052e+00 3.158121955892774508e+02 7.853981633974492782e-01
8.810007998076233582e-01 3.164025688681584825e+02 7.853981633974492782e-01
9.634271206158161460e-01 3.176902109379536228e+02 7.853981633974492782e-01
1.854580640283937099e+00 3.189558084819850592e+02 7.853981633974492782e-01
9.219263817984846288e-01 3.197167877972598262e+02 7.853981633974492782e-01
7.577146989773693164e-01 3.206099033252966137e+02 7.853981633974492782e-01
2.416094310289653713e+00 3.220451845149399901e+02 7.853981633974492782e-01
1.481995552964919138e+00 3.223794963225304286e+02 7.853981633974492782e-01
1.081819623242190609e+00 3.238259720133238488e+02 7.853981633974492782e-01
1.565784757066211119e+00 3.251490456863607506e+02 7.853981633974492782e-01
1.025093530010787513e+00 3.257793965709442432e+02 7.853981633974492782e-01
8.092174350680579886e-01 3.267716176421838554e+02 7.853981633974492782e-01
1.679872708253053792e+00 3.282616174911143503e+02 7.853981633974492782e-01
1.989668142404376505e+00 3.285606933788535002e+02 7.853981633974492782e-01
1.085362791077334021e+00 3.300406506434304674e+02 7.853981633974492782e-01
1.339140330522375910e+00 3.313419029477318531e+02 7.853981633974492782e-01
1.190040664604207432e+00 3.319227336886746116e+02 7.853981633974492782e-01
8.610548720674869871e-01 3.329624676278638162e+02 7.853981633974492782e-01
1.196987232382654254e+00 3.344443468270850417e+02 7.853981633974492782e-01
2.496094609983108725e+00 3.347838643291762537e+02 7.853981633974492782e-01
1.029706119679885790e+00 3.362524275496732571e+02 7.853981633974492782e-01
1.121822561255304773e+00 3.374943822421440700e+02 7.853981633974492782e-01
1.457165487873197218e+00 3.380872928630230945e+02 7.853981633974492782e-01
9.378771279293840468e-01 3.391469888114704077e+02 7.853981633974492782e-01
7.858590830457048426e-01 3.405086518681594612e+02 7.853981633974492782e-01
3.197759089099946994e+00 3.410134763050244260e+02 7.853981633974492782e-01
8.683926009386492284e-01 3.423791965653826992e+02 7.853981633974492782e-01
8.896092832223403413e-01 3.434969301894903992e+02 7.853981633974492782e-01
1.931005081728871531e+00 3.442455917521829178e+02 7.853981633974492782e-01
1.004458301171384349e+00 3.452792775748708891e+02 7.853981633974492782e-01
5.927556634551511827e-01 3.462058529011374048e+02 7.853981633974492782e-01
3.908201773382262267e+00 3.472416485335718335e+02 7.853981633974492782e-01
7.362834059963496713e-01 3.480336385600544418e+02 7.853981633974492782e-01
8.810497743552261340e-01 3.492162846058139962e+02 7.853981633974492782e-01
1.932761923665371473e+00 3.504051486966228026e+02 7.853981633974492782e-01
9.068798341606436608e-01 3.512355270258373139e+02 7.853981633974492782e-01
7.131946005248217535e-01 3.520982729613919560e+02 7.853981633974492782e-01
2.786440694830829123e+00 3.534819012479252933e+02 7.853981633974492782e-01
1.238774621431935952e+00 3.538712281206679791e+02 7.853981633974492782e-01
1.033412085868638419e+00 3.552774517813420516e+02 7.853981633974492782e-01
1.604758995011571043e+00 3.565884158249889424e+02 7.853981633974492782e-01
9.730183007706535436e-01 3.572472748410737040e+02 7.853981633974492782e-01
7.659394313346382654e-01 3.582289609176916656e+02 7.853981633974492782e-01
1.878487030916317746e+00 3.597060403081281947e+02 7.853981633974492782e-01
1.740811911272584167e+00 3.600130291471195392e+02 7.853981633974492782e-01
1.048263590956624025e+00 3.614747022880077338e+02 7.853981633974492782e-01
1.342917267978189555e+00 3.627726075208986458e+02 7.853981633974492782e-01
1.133161076819945157e+00 3.633615833245302724e+02 7.853981633974492782e-01
8.165530827675110404e-01 3.644016877037683457e+02 7.853981633974492782e-01
1.304858784047614462e+00 3.658965054803834391e+02 7.853981633974492782e-01
2.251786479527076335e+00 3.662200271160309626e+02 7.853981633974492782e-01
1.008978573907747256e+00 3.676823493974112012e+02 7.853981633974492782e-01
1.127958626867557212e+00 3.689284276673332670e+02 7.853981633974492782e-01
1.386953500492156266e+00 3.695189369667442065e+02 7.853981633974492782e-01
8.975758494214385319e-01 3.705792619413003308e+02 7.853981633974492782e-01
8.577933616940665029e-01 3.719910566639545664e+02 7.853981633974492782e-01
2.943285442280033415e+00 3.724428334873584276e+02 7.853981633974492782e-01
8.947939258420906095e-01 3.738373890398545996e+02 7.853981633974492782e-01
9.184263882313624672e-01 3.749804824342620009e+02 7.853981633974492782e-01
1.809963049339691432e+00 3.756852495553227982e+02 7.853981633974492782e-01
9.860442931790478482e-01 3.767310607113360561e+02 7.853981633974492782e-01
5.833547661378284399e-01 3.777868867592319475e+02 7.853981633974492782e-01
3.793311919290029088e+00 3.786699965841468156e+02 7.853981633974492782e-01
6.935015255985592653e-01 3.796535273974564006e+02 7.853981633974492782e-01
8.292456132617417319e-01 3.807598032845215243e+02 7.853981633974492782e-01
2.001939276678605939e+00 3.818508032360376205e+02 7.853981633974492782e-01
9.185937123744811750e-01 3.827448238001841219e+02 7.853981633974492782e-01
6.849492326263355579e-01 3.835803917537457437e+02 7.853981633974492782e-01
3.122314301799932856e+00 3.849106104438201896e+02 7.853981633974492782e-01
1.085915304068040488e+00 3.853588714351420208e+02 7.853981633974492782e-01
1.006959848118289758e+00 3.867285013213920024e+02 7.853981633974492782e-01
1.678641028089583820e+00 3.880288483797189087e+02 7.853981633974492782e-01
9.418831567822570916e-01 3.887203780295300817e+02 7.853981633974492782e-01
7.504126655069961460e-01 3.896793697264760681e+02 7.853981633974492782e-01
2.070223908313013617e+00 3.911402628719325776e+02 7.853981633974492782e-01
1.601345983181904131e+00 3.914577340551096540e+02 7.853981633974492782e-01
1.044712594024637120e+00 3.929099721722810727e+02 7.853981633974492782e-01
1.395355979882229480e+00 3.942137778069782712e+02 7.853981633974492782e-01
1.083253035743475756e+00 3.948135257172818342e+02 7.853981633974492782e-01
7.963163018625452061e-01 3.958450362918258065e+02 7.853981633974492782e-01
1.434059931326244985e+00 3.973421976709724959e+02 7.853981633974492782e-01
2.093819313117939451e+00 3.976543134822391039e+02 7.853981633974492782e-01
1.015995083475608851e+00 3.991180827320190474e+02 7.853981633974492782e-01
1.171415589805513413e+00 4.003781678794197205e+02 7.853981633974492782e-01
1.311989641159003073e+00 4.009622215970425714e+02 7.853981633974492782e-01
8.705056996092149779e-01 4.020207558612786443e+02 7.853981633974492782e-01
9.574112787991193585e-01 4.034698641159299655e+02 7.853981633974492782e-01
2.733260774282114891e+00 4.038734762693177345e+02 7.853981633974492782e-01
9.306822375154958360e-01 4.052954345387736339e+02 7.853981633974492782e-01
9.657424882870361271e-01 4.064689233419309176e+02 7.853981633974492782e-01
1.686781314619388183e+00 4.071297214724430660e+02 7.853981633974492782e-01
9.672883312946842782e-01 4.081847284792712571e+02 7.853981633974492782e-01
6.144826946413158852e-01 4.093651582411135905e+02 7.853981633974492782e-01
3.606028485613750334e+00 4.100994610174197419e+02 7.853981633974492782e-01
7.194043349672483156e-01 4.112510456839209496e+02 7.853981633974492782e-01
8.146895021961242378e-01 4.123215525578712572e+02 7.853981633974492782e-01
2.056807487372030785e+00 4.132950107740755357e+02 7.853981633974492782e-01
9.518333829465506213e-01 4.142460520432255180e+02 7.853981633974492782e-01
6.692774074343309509e-01 4.150553724860602074e+02 7.853981633974492782e-01
3.440813558072407297e+00 4.163346597107143339e+02 7.853981633974492782e-01
9.929175267455699894e-01 4.168376808990320228e+02 7.853981633974492782e-01
9.981374059129825005e-01 4.181758528717725198e+02 7.853981633974492782e-01
1.780093102241580238e+00 4.194666019812505624e+02 7.853981633974492782e-01
9.330898075967567484e-01 4.201907956236685209e+02 7.853981633974492782e-01
7.640860026744537015e-01 4.211134126302844720e+02 7.853981633974492782e-01
2.231146636941709449e+00 4.225650352863512467e+02 7.853981633974492782e-01
1.573378167374062775e+00 4.228857428817263440e+02 7.853981633974492782e-01
1.079116112438617492e+00 4.243411121196890008e+02 7.853981633974492782e-01
1.501553473088478086e+00 4.256601789685922768e+02 7.853981633974492782e-01
1.052479779184576580e+00 4.262747573461840602e+02 7.853981633974492782e-01
8.112293169911573010e-01 4.272833045245150174e+02 7.853981633974492782e-01
1.566846960182264326e+00 4.287768894804192428e+02 7.853981633974492782e-01
2.063496250761112982e+00 4.290796214822095180e+02 7.853981633974492782e-01
1.066964801755807990e+00 4.305570325003911876e+02 7.853981633974492782e-01
1.277315682927879559e+00 4.318450317873642916e+02 7.853981633974492782e-01
1.238239132718182312e+00 4.324231327594607137e+02 7.853981633974492782e-01
8.692449346340408445e-01 4.334713305210019030e+02 7.853981633974492782e-01
1.095675287708625101e+00 4.349420341063497517e+02 7.853981633974492782e-01
2.608240802149890403e+00 4.353035016221757587e+02 7.853981633974492782e-01
9.972292641318551976e-01 4.367585141612445341e+02 7.853981633974492782e-01
1.059496047989655354e+00 4.379757300673543341e+02 7.853981633974492782e-01
1.548323026248934697e+00 4.385882678698519044e+02 7.853981633974492782e-01
9.551768648902710934e-01 4.396486514650878235e+02 7.853981633974492782e-01
7.014164001263355486e-01 4.409449352729357088e+02 7.853981633974492782e-01
3.390361051685934601e+00 4.415317121757073551e+02 7.853981633974492782e-01
8.027128867355312059e-01 4.428289150268061007e+02 7.853981633974492782e-01
8.451615382102429797e-01 4.439131529573116381e+02 7.853981633974492782e-01
2.033489558486087478e+00 4.447462649396478582e+02 7.853981633974492782e-01
9.926437796566854876e-01 4.457518892920890607e+02 7.853981633974492782e-01
6.304658185360153544e-01 4.465832861504110269e+02 7.853981633974492782e-01
3.785038654312048667e+00 4.477611798009522772e+02 7.853981633974492782e-01
8.535572219175430186e-01 4.483785039462679265e+02 7.853981633974492782e-01
9.512002564992579901e-01 4.496509965595018912e+02 7.853981633974492782e-01
1.867297392332061268e+00 4.509075947401884150e+02 7.853981633974492782e-01
9.184550899548081793e-01 4.516783338697102295e+02 7.853981633974492782e-01
7.516728204383046341e-01 4.525663451511682069e+02 7.853981633974492782e-01
2.468373512412201265e+00 4.539953962027371972e+02 7.853981633974492782e-01
1.445567871626189937e+00 4.543359978678477660e+02 7.853981633974492782e-01
1.075538095302907449e+00 4.557774603328467720e+02 7.853981633974492782e-01
1.571624916603727273e+00 4.570992764959335659e+02 7.853981633974492782e-01
1.017406230342305262e+00 4.577333266185492562e+02 7.853981633974492782e-01
8.033012630722831116e-01 4.587239790628372020e+02 7.853981633974492782e-01
1.707257880203657319e+00 4.602128327261642085e+02 7.853981633974492782e-01
1.954169916844055610e+00 4.605122473926546149e+02 7.853981633974492782e-01
1.080982447472245589e+00 4.619900407366519630e+02 7.853981633974492782e-01
1.340840419591315724e+00 4.632911808118640238e+02 7.853981633974492782e-01
1.181745495499694876e+00 4.638730617703809571e+02 7.853981633974492782e-01
8.551568274386869284e-01 4.649126324710142626e+02 7.853981633974492782e-01
1.212867439195180363e+00 4.663968506127501428e+02 7.853981633974492782e-01
2.461676003065760288e+00 4.667334598909473584e+02 7.853981633974492782e-01
1.028344167822995425e+00 4.682017596979324594e+02 7.853981633974492782e-01
1.124794958533005040e+00 4.694450661896253223e+02 7.853981633974492782e-01
1.445574590741374177e+00 4.700371022639988610e+02 7.853981633974492782e-01
9.324241297884674484e-01 4.710967862513965656e+02 7.853981633974492782e-01
7.974784950157020047e-01 4.724671123053275323e+02 7.853981633974492782e-01
3.159965612891553643e+00 4.729623914345472144e+02 7.853981633974492782e-01
8.746030045463739633e-01 4.743343603765951570e+02 7.853981633974492782e-01
8.951258763773713989e-01 4.754567250936052005e+02 7.853981633974492782e-01
1.911704433296742334e+00 4.761966164608427903e+02 7.853981633974492782e-01
1.002981749995994321e+00 4.772329178254550470e+02 7.853981633974492782e-01
5.889350863559745797e-01 4.781793754223587030e+02 7.853981633974492782e-01
3.902531569706263692e+00 4.791904742492166633e+02 7.853981633974492782e-01
7.239470086506502033e-01 4.800139089687075966e+02 7.853981633974492782e-01
8.706097385183008130e-01 4.811821700407900266e+02 7.853981633974492782e-01
1.944055210449375348e+00 4.823569292401400048e+02 7.853981633974492782e-01
9.070406919192071094e-01 4.831977866526574417e+02 7.853981633974492782e-01
7.075306071331433078e-01 4.840562483943895700e+02 7.853981633974492782e-01
2.841515075246486166e+00 4.854312627892787759e+02 7.853981633974492782e-01
1.208933068655058118e+00 4.858300646302592440e+02 7.853981633974492782e-01
1.027556722941891154e+00 4.872300818143220340e+02 7.853981633974492782e-01
1.613840660802214000e+00 4.885391909435318212e+02 7.853981633974492782e-01
9.664650748586788298e-01 4.892030221420171756e+02 7.853981633974492782e-01
7.612978321049139740e-01 4.901821213272742739e+02 7.853981633974492782e-01
1.909710075809324392e+00 4.916565266270739016e+02 7.853981633974492782e-01
1.710562534481641750e+00 4.919653279478326340e+02 7.853981633974492782e-01
1.044898059919231015e+00 4.934246911773186071e+02 7.853981633974492782e-01
1.347214153541451687e+00 4.947227669561520997e+02 7.853981633974492782e-01
1.124422722383269013e+00 4.953132184738247474e+02 7.853981633974492782e-01
8.112052098250349674e-01 4.963527761977638875e+02 7.853981633974492782e-01
1.323726550401057800e+00 4.978486250997476645e+02 7.853981633974492782e-01
2.219387316095947860e+00 4.981701173161865199e+02 7.853981633974492782e-01
1.007378374356657558e+00 4.996318899170797749e+02 7.853981633974492782e-01
1.131174897155316161e+00 5.008792266209966328e+02 7.853981633974492782e-01
1.375503479203707746e+00 5.014690499439849418e+02 7.853981633974492782e-01
8.919716401137990358e-01 5.025293719805549699e+02 7.853981633974492782e-01
8.709453502764893384e-01 5.039479427858325948e+02 7.853981633974492782e-01
2.905961375702122318e+00 5.043919661130146892e+02 7.853981633974492782e-01
8.989637305899229602e-01 5.057905044835474087e+02 7.853981633974492782e-01
9.238000769007380653e-01 5.069377089720736080e+02 7.853981633974492782e-01
1.791104884853875756e+00 5.076360284068836108e+02 7.853981633974492782e-01
9.827555233167423188e-01 5.086833749465323535e+02 7.853981633974492782e-01
5.853482304026892402e-01 5.097591994613205202e+02 7.853981633974492782e-01
3.766395468883076525e+00 5.106188988325276341e+02 7.853981633974492782e-01
6.935859962315760185e-01 5.116303471411208648e+02 7.853981633974492782e-01
8.245061447090050732e-01 5.127281607109188144e+02 7.853981633974492782e-01
2.012568588498055089e+00 5.138021134463772341e+02 7.853981633974492782e-01
9.227316009291242072e-01 5.147054477073888847e+02 7.853981633974492782e-01
6.824213251950237424e-01 5.155362933313459735e+02 7.853981633974492782e-01
3.172305486559272136e+00 5.168589235052974118e+02 7.853981633974492782e-01
1.069847245851933915e+00 5.173154296833714625e+02 7.853981633974492782e-01
1.005488727950148986e+00 5.186802880861987433e+02 7.853981633974492782e-01
1.694013609994677871e+00 5.199793968004507860e+02 7.853981633974492782e-01
9.395753990512762943e-01 5.206760544938739486e+02 7.853981633974492782e-01
7.515807598331026851e-01 5.216298711311648049e+02 7.853981633974492782e-01
2.097301636560312765e+00 5.230889344464163742e+02 7.853981633974492782e-01
1.592886092734904002e+00 5.234072571639512717e+02 7.853981633974492782e-01
1.048897072211460335e+00 5.248595550546848472e+02 7.853981633974492782e-01
1.410121776544348782e+00 5.261655487064272165e+02 7.853981633974492782e-01
1.077256977265166782e+00 5.267673463765401038e+02 7.853981633974492782e-01
7.970402784413562758e-01 5.277960010751409072e+02 7.853981633974492782e-01
1.455852991981596567e+00 5.292927624517562890e+02 7.853981633974492782e-01
2.082651248429463475e+00 5.296032598988928157e+02 7.853981633974492782e-01
1.022155317356026938e+00 5.310687229592628000e+02 7.853981633974492782e-01
1.185105034429656978e+00 5.323327255460582137e+02 7.853981633974492782e-01
1.299797859847199089e+00 5.329153851197667109e+02 7.853981633974492782e-01
8.689028888163338182e-01 5.339729465347634232e+02 7.853981633974492782e-01
9.775611183690052775e-01 5.354265184686854582e+02 7.853981633974492782e-01
2.708473230326620129e+00 5.358227157319421394e+02 7.853981633974492782e-01
9.397640753455047680e-01 5.372499369717040736e+02 7.853981633974492782e-01
9.777409675359021168e-01 5.384297382767655336e+02 7.853981633974492782e-01
1.665706016118864374e+00 5.390824883429006604e+02 7.853981633974492782e-01
9.652400804443481697e-01 5.401388203141538042e+02 7.853981633974492782e-01
6.242837473302104145e-01 5.413385876089862450e+02 7.853981633974492782e-01
3.574478928511612974e+00 5.420487432798771579e+02 7.853981633974492782e-01
7.291780350839962566e-01 5.432255771438091188e+02 7.853981633974492782e-01
8.161849656958872767e-01 5.442946010117092328e+02 7.853981633974492782e-01
2.061381579845133150e+00 5.452467833835520423e+02 7.853981633974492782e-01
9.585457576798075419e-01 5.462067524685897979e+02 7.853981633974492782e-01
6.659457500961285525e-01 5.470136563618525543e+02 7.853981633974492782e-01
3.494430411114177737e+00 5.482828370026834364e+02 7.853981633974492782e-01
9.772430116732282457e-01 5.487967036394687739e+02 7.853981633974492782e-01
9.955335569465378898e-01 5.501286128006437366e+02 7.853981633974492782e-01
1.796471960840903437e+00 5.514168740054433329e+02 7.853981633974492782e-01
9.322570754041765717e-01 5.521466853658110949e+02 7.853981633974492782e-01
7.664507031645436674e-01 5.530629677927263401e+02 7.853981633974492782e-01
2.257031118864814445e+00 5.545131734752063721e+02 7.853981633974492782e-01
1.569781331962482485e+00 5.548344131441845093e+02 7.853981633974492782e-01
1.084768475170088120e+00 5.562902677289018811e+02 7.853981633974492782e-01
1.519657186703441631e+00 5.576116367712470492e+02 7.853981633974492782e-01
1.048561501625620451e+00 5.582290187205678649e+02 7.853981633974492782e-01
8.147642560614970497e-01 5.592331427818963903e+02 7.853981633974492782e-01
1.586782357159921331e+00 5.607260693975875938e+02 7.853981633974492782e-01
2.063563557876894272e+00 5.610275019988049507e+02 7.853981633974492782e-01
1.076277325677572394e+00 5.625072785215012345e+02 7.853981633974492782e-01
1.296848165279588017e+00 5.637999053536312886e+02 7.853981633974492782e-01
1.227396086655017315e+00 5.643779641680529267e+02 7.853981633974492782e-01
8.703681656444743897e-01 5.654236231620891431e+02 7.853981633974492782e-01
1.119062996817283828e+00 5.668965411371143546e+02 7.853981633974492782e-01
2.593429259094378825e+00 5.672524594016817900e+02 7.853981633974492782e-01
1.008867975770139314e+00 5.687123003852417469e+02 7.853981633974492782e-01
1.077605222508070781e+00 5.699368510700832076e+02 7.853981633974492782e-01
1.525728751288584872e+00 5.705429754567104510e+02 7.853981633974492782e-01
9.531158339404827151e-01 5.716033951656862655e+02 7.853981633974492782e-01
7.206217678795160397e-01 5.729160792530553863e+02 7.853981633974492782e-01
3.352331713467877616e+00 5.734814521803650678e+02 7.853981633974492782e-01
8.196066966323066749e-01 5.747980105197548255e+02 7.853981633974492782e-01
8.549249560563391137e-01 5.758892515137563350e+02 7.853981633974492782e-01
2.015991159431437474e+00 5.767000402802775625e+02 7.853981633974492782e-01
9.978916416013587920e-01 5.777134986161682946e+02 7.853981633974492782e-01
6.211170280677769107e-01 5.785598647581333580e+02 7.853981633974492782e-01
3.832601619089900158e+00 5.797104104445305666e+02 7.853981633974492782e-01
8.243219716527226959e-01 5.803601934346605731e+02 7.853981633974492782e-01
9.366898133181470465e-01 5.816148492759626834e+02 7.853981633974492782e-01
1.880449782668399239e+00 5.828600811149277661e+02 7.853981633974492782e-01
9.146937323042678702e-01 5.836422175242671528e+02 7.853981633974492782e-01
7.438063652054622832e-01 5.845250350589135451e+02 7.853981633974492782e-01
2.529897159798078388e+00 5.859460974731749729e+02 7.853981633974492782e-01
1.401736613618101090e+00 5.862950242473857543e+02 7.853981633974492782e-01
1.066852396236879441e+00 5.877299639653058421e+02 7.853981633974492782e-01
1.576429584012536411e+00 5.890498010845624322e+02 7.853981633974492782e-01
1.008289208158865247e+00 5.896881817143784019e+02 7.853981633974492782e-01
7.952980427866415125e-01 5.906775572204542186e+02 7.853981633974492782e-01
1.739233764088023992e+00 5.921647718978171042e+02 7.853981633974492782e-01
1.909647793295744744e+00 5.924650760188879985e+02 7.853981633974492782e-01
1.073889017552716485e+00 5.939396896790821074e+02 7.853981633974492782e-01
1.339743012754769591e+00 5.952399623526160894e+02 7.853981633974492782e-01
1.172659112176996921e+00 5.958230810822867625e+02 7.853981633974492782e-01
8.473043639617116041e-01 5.968629690351699537e+02 7.853981633974492782e-01
1.229360364211546708e+00 5.983497703240630017e+02 7.853981633974492782e-01
2.419763674828799171e+00 5.986835606411549406e+02 7.853981633974492782e-01
1.024403051188373048e+00 6.001507067979913472e+02 7.853981633974492782e-01
1.124961360603122351e+00 6.013944432102003930e+02 7.853981633974492782e-01
1.434519161041760249e+00 6.019862335161965348e+02 7.853981633974492782e-01
9.257045247609846372e-01 6.030460448542231688e+02 7.853981633974492782e-01
8.083548324181623057e-01 6.044249215958709556e+02 7.853981633974492782e-01
3.118102496201379470e+00 6.049113799796886042e+02 7.853981633974492782e-01
8.790459527577928478e-01 6.062883417971880817e+02 7.853981633974492782e-01
8.995695424505393278e-01 6.074148106831394216e+02 7.853981633974492782e-01
1.892055509222210219e+00 6.081473199238955658e+02 7.853981633974492782e-01
1.000294792886608164e+00 6.091857729805717554e+02 7.853981633974492782e-01
5.858165671306594380e-01 6.101531342589069027e+02 7.853981633974492782e-01
3.888946322627071073e+00 6.111393486254057734e+02 7.853981633974492782e-01
7.136154121535690509e-01 6.119945637903367697e+02 7.853981633974492782e-01
8.606236975263761302e-01 6.131489495710592337e+02 7.853981633974492782e-01
1.954859767748694521e+00 6.143087293857730629e+02 7.853981633974492782e-01
9.076969178225884338e-01 6.151601275670217319e+02 7.853981633974492782e-01
7.017993192013133319e-01 6.160145896898923183e+02 7.853981633974492782e-01
2.897100159023207944e+00 6.173805452916479908e+02 7.853981633974492782e-01
1.179638646555897230e+00 6.177893920194007933e+02 7.853981633974492782e-01
1.021618258771043619e+00 6.191829336211626469e+02 7.853981633974492782e-01
1.623289491341376012e+00 6.204900217046242688e+02 7.853981633974492782e-01
9.600966330872355847e-01 6.211590370617528833e+02 7.853981633974492782e-01
7.567654753547846669e-01 6.221354052848006404e+02 7.853981633974492782e-01
1.941634473049977494e+00 6.236069331612383166e+02 7.853981633974492782e-01
1.680744104997381028e+00 6.239177710863033326e+02 7.853981633974492782e-01
1.041600686706029677e+00 6.253747660422375247e+02 7.853981633974492782e-01
1.351828842969778011e+00 6.266730176689184191e+02 7.853981633974492782e-01
1.115679304374042724e+00 6.272650398352442380e+02 7.853981633974492782e-01
8.059197299511586809e-01 6.283039913772316822e+02 7.853981633974492782e-01
1.343070370713239203e+00 6.298006776177845722e+02 7.853981633974492782e-01
2.187210822041872671e+00 6.301202898304491100e+02 7.853981633974492782e-01
1.005733961012384547e+00 6.315814602275538618e+02 7.853981633974492782e-01
1.134442993236741470e+00 6.328300349349892713e+02 7.853981633974492782e-01
1.364090559911304679e+00 6.334192208505857025e+02 7.853981633974492782e-01
8.863482184389960272e-01 6.344795356026435229e+02 7.853981633974492782e-01
8.843540282910279382e-01 6.359045966896275104e+02 7.853981633974492782e-01
2.868732575916491001e+00 6.363411372891231395e+02 7.853981633974492782e-01
9.028283537801515823e-01 6.377433608456043430e+02 7.853981633974492782e-01
9.291268095106951508e-01 6.388945743159678159e+02 7.853981633974492782e-01
1.772403523050899876e+00 6.395867721322483703e+02 7.853981633974492782e-01
9.792189249115110794e-01 6.406355215873309135e+02 7.853981633974492782e-01
5.881764289770935461e-01 6.417310939085714381e+02 7.853981633974492782e-01
3.737142845023853077e+00 6.425678181222434660e+02 7.853981633974492782e-01
6.950852818543290512e-01 6.436061333290610946e+02 7.853981633974492782e-01
8.205842674089981470e-01 6.446966376380074735e+02 7.853981633974492782e-01
2.021961204151568214e+00 6.457533327261884324e+02 7.853981633974492782e-01
9.270618421466831904e-01 6.466656695160526169e+02 7.853981633974492782e-01
6.797221841960027211e-01 6.474923443648555121e+02 7.853981633974492782e-01
3.221344527303295457e+00 6.488071844419195031e+02 7.853981633974492782e-01
1.054008354365946198e+00 6.492721788768868691e+02 7.853981633974492782e-01
1.003713743308309425e+00 6.506321081223978808e+02 7.853981633974492782e-01
1.708793695555593795e+00 6.519297842148880591e+02 7.853981633974492782e-01
9.374638755680770874e-01 6.526315069374782070e+02 7.853981633974492782e-01
7.526622226593479015e-01 6.535802433485303027e+02 7.853981633974492782e-01
2.123649123704105079e+00 6.550375111915029720e+02 7.853981633974492782e-01
1.584622811665558961e+00 6.553567249923179361e+02 7.853981633974492782e-01
1.052816777560733330e+00 6.568090127263626528e+02 7.853981633974492782e-01
1.424392580449864054e+00 6.581170378789389588e+02 7.853981633974492782e-01
1.071688888015327468e+00 6.587209258316896694e+02 7.853981633974492782e-01
7.978511315738242571e-01 6.597467192402539240e+02 7.853981633974492782e-01
1.476743945149943338e+00 6.612430385152832741e+02 7.853981633974492782e-01
2.072451279231485088e+00 6.615520831122515801e+02 7.853981633974492782e-01
1.028099555585631819e+00 6.630191281693714700e+02 7.853981633974492782e-01
1.198487873907692070e+00 6.642868522487626706e+02 7.853981633974492782e-01
1.288347918019451699e+00 6.648683803289403613e+02 7.853981633974492782e-01
8.675023808296516981e-01 6.659248882669829754e+02 7.853981633974492782e-01
9.971652598400613243e-01 6.673824111380854447e+02 7.853981633974492782e-01
2.685366718742256964e+00 6.677718500730367168e+02 7.853981633974492782e-01
9.484209774065202048e-01 6.692038747512261807e+02 7.853981633974492782e-01
9.896036858131024294e-01 6.703897129033109650e+02 7.853981633974492782e-01
1.645494214813910006e+00 6.710351138824529471e+02 7.853981633974492782e-01
9.631081139907845534e-01 6.720925407260962174e+02 7.853981633974492782e-01
6.347565225879749917e-01 6.733104255512015470e+02 7.853981633974492782e-01
3.542706707290855572e+00 6.739979695987234436e+02 7.853981633974492782e-01
7.395693234246487613e-01 6.751978859020446180e+02 7.853981633974492782e-01
8.185648426430840452e-01 6.762667685979296266e+02 7.853981633974492782e-01
2.062921943955858151e+00 6.771984663647394882e+02 7.853981633974492782e-01
9.647512654468569648e-01 6.781667809486843908e+02 7.853981633974492782e-01
6.616211668822167269e-01 6.789732476041499467e+02 7.853981633974492782e-01
3.545921171354567747e+00 6.802310854044892494e+02 7.853981633974492782e-01
9.597087472220734439e-01 6.807573653547726735e+02 7.853981633974492782e-01
9.912361138254556225e-01 6.820820322860813576e+02 7.853981633974492782e-01
1.810368562447327134e+00 6.833670552080906191e+02 7.853981633974492782e-01
9.307900183651595105e-01 6.841026000255866393e+02 7.853981633974492782e-01
7.669317142289819866e-01 6.850134310782293596e+02 7.853981633974492782e-01
2.284733938208889370e+00 6.864616330532448956e+02 7.853981633974492782e-01
1.559936690716805296e+00 6.867842149289699591e+02 7.853981633974492782e-01
1.087546414931305661e+00 6.882395363775101487e+02 7.853981633974492782e-01
1.533472512094849138e+00 6.895622975087612758e+02 7.853981633974492782e-01
1.044403847236962779e+00 6.901823263469657377e+02 7.853981633974492782e-01
8.162362881334549458e-01 6.911829862016365951e+02 7.853981633974492782e-01
1.605421520978645544e+00 6.926753496809210446e+02 7.853981633974492782e-01
2.057364708666912900e+00 6.929758347965328085e+02 7.853981633974492782e-01
1.082195583831578878e+00 6.944569321993634503e+02 7.853981633974492782e-01
1.311335009703113119e+00 6.957528340841781755e+02 7.853981633974492782e-01
1.218284776082149579e+00 6.963311879955396080e+02 7.853981633974492782e-01
8.702577457449462983e-01 6.973748653211171131e+02 7.853981633974492782e-01
1.138574420559710809e+00 6.988497421819663487e+02 7.853981633974492782e-01
2.577206155490841422e+00 6.992012507613287653e+02 7.853981633974492782e-01
1.017157354256587709e+00 7.006644741920390516e+02 7.853981633974492782e-01
1.091658510153478812e+00 7.018945940445207725e+02 7.853981633974492782e-01
1.507280659318052329e+00 7.024961705357638948e+02 7.853981633974492782e-01
9.506477436561610039e-01 7.035564648669894723e+02 7.853981633974492782e-01
7.371966057678919215e-01 7.048823405151035786e+02 7.853981633974492782e-01
3.317696983111658504e+00 7.054307809302777059e+02 7.853981633974492782e-01
8.334422415227952241e-01 7.067620845675357941e+02 7.853981633974492782e-01
8.636883693219600255e-01 7.078598239252321491e+02 7.853981633974492782e-01
1.997854963271873396e+00 7.086528787711357609e+02 7.853981633974492782e-01
1.001296988428271861e+00 7.096723781509704168e+02 7.853981633974492782e-01
6.130946327450595978e-01 7.105348759534293777e+02 7.853981633974492782e-01
3.865455261914951812e+00 7.116594334591651432e+02 7.853981633974492782e-01
7.995910935866578084e-01 7.123406700324986787e+02 7.853981633974492782e-01
9.231229569469295848e-01 7.135785041973249463e+02 7.853981633974492782e-01
1.892074151352657330e+00 7.148122015026979170e+02 7.853981633974492782e-01
9.116392598403642022e-01 7.156051631129806765e+02 7.853981633974492782e-01
7.361394633748703509e-01 7.164834842894314306e+02 7.853981633974492782e-01
2.588261190787986887e+00 7.178964480883134911e+02 7.853981633974492782e-01
1.360797126548954461e+00 7.182539865450016805e+02 7.853981633974492782e-01
1.058226484653266297e+00 7.196823919298386727e+02 7.853981633974492782e-01
1.580613028618985449e+00 7.210001208292205774e+02 7.853981633974492782e-01
9.996772530742237262e-01 7.216427396619920955e+02 7.853981633974492782e-01
7.874547490814710615e-01 7.226310208914319446e+02 7.853981633974492782e-01
1.769863364002789208e+00 7.241163562602350794e+02 7.853981633974492782e-01
1.867032174797255584e+00 7.244178800697333145e+02 7.853981633974492782e-01
1.066545937857622750e+00 7.258892213328467733e+02 7.853981633974492782e-01
1.337850448955426153e+00 7.271884426643598545e+02 7.853981633974492782e-01
1.164100799420992871e+00 7.277727673711424359e+02 7.853981633974492782e-01
8.395200293520286294e-01 7.288131114338568750e+02 7.853981633974492782e-01
1.244532838230075100e+00 7.303021826196011261e+02 7.853981633974492782e-01
2.379453247140209005e+00 7.306335823502847688e+02 7.853981633974492782e-01
1.019733528390827093e+00 7.320992877398660994e+02 7.853981633974492782e-01
1.123863698684433032e+00 7.333430004856464848e+02 7.853981633974492782e-01
1.424840945657768199e+00 7.339348391909425118e+02 7.853981633974492782e-01
9.191246043943134270e-01 7.349948338620030199e+02 7.853981633974492782e-01
8.177671058738202881e-01 7.363811720685278033e+02 7.853981633974492782e-01
3.078962905488562551e+00 7.368601920022292688e+02 7.853981633974492782e-01
8.819999589211513502e-01 7.382408828912881518e+02 7.853981633974492782e-01
9.029358914402666469e-01 7.393706912071047554e+02 7.853981633974492782e-01
1.874545580773353537e+00 7.400974145213612019e+02 7.853981633974492782e-01
9.972209102087992161e-01 7.411375107545294441e+02 7.853981633974492782e-01
5.837490711424959677e-01 7.421238553883451914e+02 7.853981633974492782e-01
3.871766910270184159e+00 7.430880265643233997e+02 7.853981633974492782e-01
7.062399392334206549e-01 7.439712909527437432e+02 7.853981633974492782e-01
8.523894568037982955e-01 7.451140272008065040e+02 7.853981633974492782e-01
1.964214819761001873e+00 7.462599496484573365e+02 7.853981633974492782e-01
9.087852955787136811e-01 7.471206395486420888e+02 7.853981633974492782e-01
6.969378190075313784e-01 7.479716668247091320e+02 7.853981633974492782e-01
2.946178495295839639e+00 7.493294411773116508e+02 7.853981633974492782e-01
1.155004783481072161e+00 7.497473956450611468e+02 7.853981633974492782e-01
1.016668591556792789e+00 7.511351729340221937e+02 7.853981633974492782e-01
1.632370915193774641e+00 7.524404438104664905e+02 7.853981633974492782e-01
9.548256233862830733e-01 7.531141887177439003e+02 7.853981633974492782e-01
7.532185173467424999e-01 7.540878783120322169e+02 7.853981633974492782e-01
1.970130770719295432e+00 7.555567819035866250e+02 7.853981633974492782e-01
1.656048083654276804e+00 7.558694941114822541e+02 7.853981633974492782e-01
1.039268524967960072e+00 7.573245258432710898e+02 7.853981633974492782e-01
1.356870436619404208e+00 7.586230966142570651e+02 7.853981633974492782e-01
1.108038292798518620e+00 7.592165903971421130e+02 7.853981633974492782e-01
8.016605941212501252e-01 7.602548254126520533e+02 7.853981633974492782e-01
1.360810125683025396e+00 7.617520495189149869e+02 7.853981633974492782e-01
2.160097437617971572e+00 7.620700837899797762e+02 7.853981633974492782e-01
1.004799655776652534e+00 7.635308603172044286e+02 7.853981633974492782e-01
1.138094266745776961e+00 7.647807293154991157e+02 7.853981633974492782e-01
1.353819921899184431e+00 7.653692748118140798e+02 7.853981633974492782e-01
8.815849679566996056e-01 7.664295364615311428e+02 7.853981633974492782e-01
8.968943011984669145e-01 7.678601314180129975e+02 7.853981633974492782e-01
2.836366452166431795e+00 7.682900944992840095e+02 7.853981633974492782e-01
9.064586526608103823e-01 7.696955915344220784e+02 7.853981633974492782e-01
9.342312235489638184e-01 7.708504720262368437e+02 7.853981633974492782e-01
1.755704091191010896e+00 7.715371970768906067e+02 7.853981633974492782e-01
9.760615940794669099e-01 7.725871531972696857e+02 7.853981633974492782e-01
5.914884274141981590e-01 7.737001498839538272e+02 7.853981633974492782e-01
3.709937357794250268e+00 7.745165444883848522e+02 7.853981633974492782e-01
6.975807828795587140e-01 7.755781586461854431e+02 7.853981633974492782e-01
8.178009796835971068e-01 7.766630441643409313e+02 7.853981633974492782e-01
2.029567128839713686e+00 7.777040552220554446e+02 7.853981633974492782e-01
9.311706252500943082e-01 7.786242458435075378e+02 7.853981633974492782e-01
6.772742312143442689e-01 7.794475080693904374e+02 7.853981633974492782e-01
3.264711972727247780e+00 7.807552530903107026e+02 7.853981633974492782e-01
1.040240597084181484e+00 7.812279737903010073e+02 7.853981633974492782e-01
1.002046883732125915e+00 7.825834205873999281e+02 7.853981633974492782e-01
1.721876799118946089e+00 7.838797046882382347e+02 7.853981633974492782e-01
9.358051412323794560e-01 7.845859291332474186e+02 7.853981633974492782e-01
7.537561585320395885e-01 7.855300778170945932e+02 7.853981633974492782e-01
2.146658731609814019e+00 7.869858099363422070e+02 7.853981633974492782e-01
1.577971396620216238e+00 7.873057845729497330e+02 7.853981633974492782e-01
1.056417053123702487e+00 7.887581056380386144e+02 7.853981633974492782e-01
1.437251001536546724e+00 7.900679229932945873e+02 7.853981633974492782e-01
1.067054031952004101e+00 7.906737316912310689e+02 7.853981633974492782e-01
7.988535933098543929e-01 7.916968583500483874e+02 7.853981633974492782e-01
1.494957237314440190e+00 7.931927389957759260e+02 7.853981633974492782e-01
2.064663298668862002e+00 7.935005702374927523e+02 7.853981633974492782e-01
1.033607525687547879e+00 7.949690567977024784e+02 7.853981633974492782e-01
1.210751286504519131e+00 7.962401035128585818e+02 7.853981633974492782e-01
1.278493473312690476e+00 7.968207731958806335e+02 7.853981633974492782e-01
8.665368665752609667e-01 7.978762239657384043e+02 7.853981633974492782e-01
1.014694743201468352e+00 7.993369265247948761e+02 7.853981633974492782e-01
2.666137243202005180e+00 7.997206866460744550e+02 7.853981633974492782e-01
9.561889618265595470e-01 8.011568275652449529e+02 7.853981633974492782e-01
1.000515002150056620e+00 8.023480276168487535e+02 7.853981633974492782e-01
1.627717430239021601e+00 8.029871809454720051e+02 7.853981633974492782e-01
9.612113821593528673e-01 8.040454405655489154e+02 7.853981633974492782e-01
6.448782846077893982e-01 8.052788410231022453e+02 7.853981633974492782e-01
3.514069933523494615e+00 8.059469456021520273e+02 7.853981633974492782e-01
7.494975115433260004e-01 8.071662860446865579e+02 7.853981633974492782e-01
8.214721441253718393e-01 8.082360425622513276e+02 7.853981633974492782e-01
2.062017955159800131e+00 8.091496904644508277e+02 7.853981633974492782e-01
9.700463819432844081e-01 8.101251801240906616e+02 7.853981633974492782e-01
6.570001891694692286e-01 8.109328338768218600e+02 7.853981633974492782e-01
3.591124178106886777e+00 8.121792659226482556e+02 7.853981633974492782e-01
9.425011408099092103e-01 8.127182122044744119e+02 7.853981633974492782e-01
9.860958147242571137e-01 8.140354771246451264e+02 7.853981633974492782e-01
1.821445237764975689e+00 8.153169330694619248e+02 7.853981633974492782e-01
9.290183865572620991e-01 8.160578801110747236e+02 7.853981633974492782e-01
7.660106319200761238e-01 8.169643208704313793e+02 7.853981633974492782e-01
2.311868694449852768e+00 8.184101995265111782e+02 7.853981633974492782e-01
1.546323606607275192e+00 8.187346663418833259e+02 7.853981633974492782e-01
1.088013233209882191e+00 8.201887330690830140e+02 7.853981633974492782e-01
1.543066104025983210e+00 8.215121205353877940e+02 7.853981633974492782e-01
1.040346913808142260e+00 8.221344704917092940e+02 7.853981633974492782e-01
8.160118639213378433e-01 8.231326766821285901e+02 7.853981633974492782e-01
1.621966507080645936e+00 8.246245633134367381e+02 7.853981633974492782e-01
2.046684214620292597e+00 8.249244471666514755e+02 7.853981633974492782e-01
1.085076272107686091e+00 8.264059748896490873e+02 7.853981633974492782e-01
1.320778596412318873e+00 8.277038930193226633e+02 7.853981633974492782e-01
1.211101422703993125e+00 8.282826853288408984e+02 7.853981633974492782e-01
8.691406310563578597e-01 8.293250342984144936e+02 7.853981633974492782e-01
1.153706394787254563e+00 8.308015831573322885e+02 7.853981633974492782e-01
2.560797465680853424e+00 8.311498019271873545e+02 7.853981633974492782e-01
1.022207824371668794e+00 8.326150953212270451e+02 7.853981633974492782e-01
1.101299525932545986e+00 8.338489995739028018e+02 7.853981633974492782e-01
1.493458882695376522e+00 8.344476493180035277e+02 7.853981633974492782e-01
9.480850382979841839e-01 8.355077921443241848e+02 7.853981633974492782e-01
7.501005208501878574e-01 8.368435341931252651e+02 7.853981633974492782e-01
3.288649527306336751e+00 8.373795928423257919e+02 7.853981633974492782e-01
8.436024542559231731e-01 8.387212493909347586e+02 7.853981633974492782e-01
8.706054810786080234e-01 8.398242344139731586e+02 7.853981633974492782e-01
1.981867586866273179e+00 8.406044154254730074e+02 7.853981633974492782e-01
1.003140513456908467e+00 8.416281833821595910e+02 7.853981633974492782e-01
6.070366269458807862e-01 8.425053982150972161e+02 7.853981633974492782e-01
3.885006984504764560e+00 8.436080735946696905e+02 7.853981633974492782e-01
7.809944825141850178e-01 8.443162081326718180e+02 7.853981633974492782e-01
9.120285488633116389e-01 8.455400405804110733e+02 7.853981633974492782e-01
1.901693727466083228e+00 8.467634683911134061e+02 7.853981633974492782e-01
9.095710205135919546e-01 8.475655861553763089e+02 7.853981633974492782e-01
7.298312933576213135e-01 8.484402398736199302e+02 7.853981633974492782e-01
2.637333531872645409e+00 8.498461034447531119e+02 7.853981633974492782e-01
1.327669483678996398e+00 8.502112787149786755e+02 7.853981633974492782e-01
1.051155052378070831e+00 8.516340825565623618e+02 7.853981633974492782e-01
1.584699108598751405e+00 8.529500002600594826e+02 7.853981633974492782e-01
9.925775057680416014e-01 8.535963507255615923e+02 7.853981633974492782e-01
7.811061817599579404e-01 8.545835600340986957e+02 7.853981633974492782e-01
1.796061049281461930e+00 8.560670785516318801e+02 7.853981633974492782e-01
1.832235158889221172e+00 8.563698360120290545e+02 7.853981633974492782e-01
1.060620354251297082e+00 8.578384396173148616e+02 7.853981633974492782e-01
1.336782815294934812e+00 8.591368640485401329e+02 7.853981633974492782e-01
1.156727454035463509e+00 8.597222465936961271e+02 7.853981633974492782e-01
8.330718028945540699e-01 8.607629030379796404e+02 7.853981633974492782e-01
1.257781709287856042e+00 8.622537154576441480e+02 7.853981633974492782e-01
2.345833505623073023e+00 8.625831828559610130e+02 7.853981633974492782e-01
1.015861810655900976e+00 8.640476757080100469e+02 7.853981633974492782e-01
1.123093123006921656e+00 8.652914141769255139e+02 7.853981633974492782e-01
1.416509613914906041e+00 8.658832634944023994e+02 7.853981633974492782e-01
9.135428575546031826e-01 8.669434131534932249e+02 7.853981633974492782e-01
8.259774208871626389e-01 8.683359285467762447e+02 7.853981633974492782e-01
3.045767802208213748e+00 8.688087465376652290e+02 7.853981633974492782e-01
8.843322620040353632e-01 8.701924199605764443e+02 7.853981633974492782e-01
9.057829102707950497e-01 8.713250221594546474e+02 7.853981633974492782e-01
1.859722093884732308e+00 8.720470076353045670e+02 7.853981633974492782e-01
9.944399895778502918e-01 8.730884094581651880e+02 7.853981633974492782e-01
5.825998942909091927e-01 8.740908941097387697e+02 7.853981633974492782e-01
3.854944113015851048e+00 8.750364441320791684e+02 7.853981633974492782e-01
7.013332320567419176e-01 8.759432031572746382e+02 7.853981633974492782e-01
8.460197951724593990e-01 8.770766393876940583e+02 7.853981633974492782e-01
1.972284479133731061e+00 8.782104758532766482e+02 7.853981633974492782e-01
9.101849239470209962e-01 8.790789572805180114e+02 7.853981633974492782e-01
6.932507737546594884e-01 8.799269494320083140e+02 7.853981633974492782e-01
2.987317516956801366e+00 8.812779070239448629e+02 7.853981633974492782e-01
1.135871809453078640e+00 8.817034421362033072e+02 7.853981633974492782e-01
1.013093334798823797e+00 8.830865195807491546e+02 7.853981633974492782e-01
1.641043894929360425e+00 8.843903549699301720e+02 7.853981633974492782e-01
9.508465976346280879e-01 8.850681702525624814e+02 7.853981633974492782e-01
7.509559154015679194e-01 8.860392362929857200e+02 7.853981633974492782e-01
1.994084786732611247e+00 8.875059771849867047e+02 7.853981633974492782e-01
1.637768983339549234e+00 8.878201849170412743e+02 7.853981633974492782e-01
1.038295036176418717e+00 8.892738519397493064e+02 7.853981633974492782e-01
1.362593470181391764e+00 8.905729847729708126e+02 7.853981633974492782e-01
1.101763925335305538e+00 8.911677901570639051e+02 7.853981633974492782e-01
7.987662555491750194e-01 8.922051376755621277e+02 7.853981633974492782e-01
1.376522692010085702e+00 8.937026326799767730e+02 7.853981633974492782e-01
2.139428774588787885e+00 8.940193465877803192e+02 7.853981633974492782e-01
1.005007451678901820e+00 8.954800917054695901e+02 7.853981633974492782e-01
1.142544106799670223e+00 8.967314370210243624e+02 7.853981633974492782e-01
1.344803005634739312e+00 8.973192697282458994e+02 7.853981633974492782e-01
8.779712291792632906e-01 8.983793974302277547e+02 7.853981633974492782e-01
9.085336732114180913e-01 8.998145377143811174e+02 7.853981633974492782e-01
2.809976888642667703e+00 9.002387850472451873e+02 7.853981633974492782e-01
9.102155183756955870e-01 9.016473347839763619e+02 7.853981633974492782e-01
9.393599727122708964e-01 9.028056460035533064e+02 7.853981633974492782e-01
1.741107226077490244e+00 9.034873530713479113e+02 7.853981633974492782e-01
9.735561463610040711e-01 9.045383741325858864e+02 7.853981633974492782e-01
5.950755798868834212e-01 9.056663073625592233e+02 7.853981633974492782e-01
3.686430854647572364e+00 9.064650510937617582e+02 7.853981633974492782e-01
7.006725492419452195e-01 9.075465391865310494e+02 7.853981633974492782e-01
8.159970192187977478e-01 9.086271967772557900e+02 7.853981633974492782e-01
2.035911363931264262e+00 9.096542776198491538e+02 7.853981633974492782e-01
9.350488840409713065e-01 9.105812058697182465e+02 7.853981633974492782e-01
6.753050071696549139e-01 9.114015060980390217e+02 7.853981633974492782e-01
3.302323318339741132e+00 9.127031146056010584e+02 7.853981633974492782e-01
1.028991031385622312e+00 9.131824733289952292e+02 7.853981633974492782e-01
1.000826330714055690e+00 9.145340959330518444e+02 7.853981633974492782e-01
1.733637039281431091e+00 9.158291788517849454e+02 7.853981633974492782e-01
9.346820211917830079e-01 9.165392975127140289e+02 7.853981633974492782e-01
7.551503048455501244e-01 9.174792413801941393e+02 7.853981633974492782e-01
2.166047301200446196e+00 9.189337897387516705e+02 7.853981633974492782e-01
1.573874399652923861e+00 9.192542625115889905e+02 7.853981633974492782e-01
1.060143119843271364e+00 9.207068240664806353e+02 7.853981633974492782e-01
1.449296265175930687e+00 9.220183443626095823e+02 7.853981633974492782e-01
1.063348339256364294e+00 9.226258921252172058e+02 7.853981633974492782e-01
8.003203848646203156e-01 9.236464396701049964e+02 7.853981633974492782e-01
1.510707134826855036e+00 9.251418883177202588e+02 7.853981633974492782e-01
2.060063633405387229e+00 9.254486655772694803e+02 7.853981633974492782e-01
1.039167435952186525e+00 9.269186200898360539e+02 7.853981633974492782e-01
1.222553866587317017e+00 9.281927967668755173e+02 7.853981633974492782e-01
1.269937884508733683e+00 9.287727682875704431e+02 7.853981633974492782e-01
8.661612496244817105e-01 9.298271135079412488e+02 7.853981633974492782e-01
1.030617099362206801e+00 9.312903510318622011e+02 7.853981633974492782e-01
2.650875120781142069e+00 9.316692486128055180e+02 7.853981633974492782e-01
9.635691987521267654e-01 9.331091050896341130e+02 7.853981633974492782e-01
1.010949874522298231e+00 9.343052426013109653e+02 7.853981633974492782e-01
1.611847781135498980e+00 9.349388747407843994e+02 7.853981633974492782e-01
9.596872122673230088e-01 9.359977826676168888e+02 7.853981633974492782e-01
6.546974014397762831e-01 9.372446033391938727e+02 7.853981633974492782e-01
3.488756883714231982e+00 9.378957128526839142e+02 7.853981633974492782e-01
7.590167677030099647e-01 9.391317620812316136e+02 7.853981633974492782e-01
8.247855362645419852e-01 9.402030570418847901e+02 7.853981633974492782e-01
2.059623139448628848e+00 9.411005603472744951e+02 7.853981633974492782e-01
9.747295083756126743e-01 9.420823313366270213e+02 7.853981633974492782e-01
6.524250353819333048e-01 9.428921648495200998e+02 7.853981633974492782e-01
3.631262499011234546e+00 9.441273636170625423e+02 7.853981633974492782e-01
9.262204444072151821e-01 9.446788973539920562e+02 7.853981633974492782e-01
9.806921555752809994e-01 9.459888359396888973e+02 7.853981633974492782e-01
1.830885533813441324e+00 9.472665866898846616e+02 7.853981633974492782e-01
9.272165574770960816e-01 9.480126584407611290e+02 7.853981633974492782e-01
7.644536310431340187e-01 9.489153273443179160e+02 7.853981633974492782e-01
2.338119811363988720e+00 9.503587542543181144e+02 7.853981633974492782e-01
1.531374093436012718e+00 9.506853665193027609e+02 7.853981633974492782e-01
1.087360069616987834e+00 9.521378480725038571e+02 7.853981633974492782e-01
1.550394588279170094e+00 9.534614711275274885e+02 7.853981633974492782e-01
1.036461119577128720e+00 9.540859350712555624e+02 7.853981633974492782e-01
8.149785893327882169e-01 9.550822379332446417e+02 7.853981633974492782e-01
1.637155459591490114e+00 9.565736763925808646e+02 7.853981633974492782e-01
2.034134094257961767e+00 9.568731655115963122e+02 7.853981633974492782e-01
1.086397640709804602e+00 9.583546738431731455e+02 7.853981633974492782e-01
1.327491725422978996e+00 9.596539411297204651e+02 7.853981633974492782e-01
1.205052327282027713e+00 9.602332162681263981e+02 7.853981633974492782e-01
8.675544838425739425e-01 9.612746070163511831e+02 7.853981633974492782e-01
1.166318572334844372e+00 9.627526292613478063e+02 7.853981633974492782e-01
2.544725555256729166e+00 9.630982002707537504e+02 7.853981633974492782e-01
1.025503054975660078e+00 9.645648622549539368e+02 7.853981633974492782e-01
1.108444895193907209e+00 9.658015572755981566e+02 7.853981633974492782e-01
1.482343261344101437e+00 9.663981381404990998e+02 7.853981633974492782e-01
9.455565178631166745e-01 9.674581386185294605e+02 7.853981633974492782e-01
7.607815840386839001e-01 9.688018021449177013e+02 7.853981633974492782e-01
3.263289865636943343e+00 9.693280938966653366e+02 7.853981633974492782e-01
8.515722908889573617e-01 9.706776302988907901e+02 7.853981633974492782e-01
8.763526117862927567e-01 9.717850220548689322e+02 7.853981633974492782e-01
1.967619392471577244e+00 9.725551499859028581e+02 7.853981633974492782e-01
1.004142839130137466e+00 9.735821699335599533e+02 7.853981633974492782e-01
6.023190556847211052e-01 9.744728374608575905e+02 7.853981633974492782e-01
3.896916861026135770e+00 9.755564633451735972e+02 7.853981633974492782e-01
7.664411441416948412e-01 9.762882632344783360e+02 7.853981633974492782e-01
9.027302042595312104e-01 9.775000833299728811e+02 7.853981633974492782e-01
1.910256158761577616e+00 9.787141618721159375e+02 7.853981633974492782e-01
9.082343971262524240e-01 9.795242928114831784e+02 7.853981633974492782e-01
7.246599170776730769e-01 9.803956873207107492e+02 7.853981633974492782e-01
2.679939291895153008e+00 9.817952673095932141e+02 7.853981633974492782e-01
1.300408737818146365e+00 9.821672384656683334e+02 7.853981633974492782e-01
1.045466536319219042e+00 9.835852145288486099e+02 7.853981633974492782e-01
1.589200217896048928e+00 9.848996216020026395e+02 7.853981633974492782e-01
9.866346522941484842e-01 9.855493695988996024e+02 7.853981633974492782e-01
7.760831048440132163e-01 9.865353752405408159e+02 7.853981633974492782e-01
1.819212791837483190e+00 9.880171703478450809e+02 7.853981633974492782e-01
1.803737040310610995e+00 9.883210866053894961e+02 7.853981633974492782e-01
1.056140798704039652e+00 9.897874689203349590e+02 7.853981633974492782e-01
1.336989955387319684e+00 9.910854314656369297e+02 7.853981633974492782e-01
1.150128344429942384e+00 9.916717777485836223e+02 7.853981633974492782e-01
8.278126917314659883e-01 9.927125289668400683e+02 7.853981633974492782e-01
1.270145968516312118e+00 9.942046947991685784e+02 7.853981633974492782e-01
2.317492661106288931e+00 9.945324734918137892e+02 7.853981633974492782e-01
1.013050450377956713e+00 9.959960844699464815e+02 7.853981633974492782e-01
1.123254199743542125e+00 9.972401116258662341e+02 7.853981633974492782e-01
1.408717798496271323e+00 9.978318022186026610e+02 7.853981633974492782e-01
9.087779510852692644e-01 9.988920553260280712e+02 7.853981633974492782e-01
8.339320258434563815e-01 1.000290026384594512e+03 7.853981633974492782e-01
3.016573541419134141e+00 1.000757170033461875e+03 7.853981633974492782e-01
8.867352962815620021e-01 1.002143649627302011e+03 7.853981633974492782e-01
9.087043115564099605e-01 1.003278912795009205e+03 7.853981633974492782e-01
1.846252485986578540e+00 1.003996442658104343e+03 7.853981633974492782e-01
9.920079436121403971e-01 1.005039033816873371e+03 7.853981633974492782e-01
5.820977106882523344e-01 1.006056105704685478e+03 7.853981633974492782e-01
3.838909575142836150e+00 1.006984730464935865e+03 7.853981633974492782e-01
6.979350885494652879e-01 1.007912619375967324e+03 7.853981633974492782e-01
8.407836095614642513e-01 1.009038066570579304e+03 7.853981633974492782e-01
1.979999516327017206e+00 1.010160646237609512e+03 7.853981633974492782e-01
9.119209926019586909e-01 1.011036147253693230e+03 7.853981633974492782e-01
6.904255466134595620e-01 1.011881095463652400e+03 7.853981633974492782e-01
3.024335783653579135e+00 1.013226109547339547e+03 7.853981633974492782e-01
1.120316365441174966e+00 1.013658218098664747e+03 7.853981633974492782e-01
