1.168494769596271521e+00 2.670161953181822145e-01 3.141592653589661222e+00
9.549334063281031959e-01 1.721055746569984057e+00 3.141592653589661222e+00
1.478021284879190267e+00 2.347076522773487550e+00 3.141592653589661222e+00
1.268567897530233690e+00 3.848444028136024819e+00 3.141592653589661222e+00
1.218146001140032464e+00 4.425029615261172999e+00 3.141592653589661222e+00
1.009361073391285446e+00 5.898152513753815107e+00 3.141592653589661222e+00
1.398194473663977089e+00 6.447691015402877035e+00 3.141592653589661222e+00
7.527925043402562411e-01 7.794732680929398860e+00 3.141592653589661222e+00
1.684015729158115926e+00 8.550095175136927850e+00 3.141592653589661222e+00
1.007427637308870416e+00 9.980541145673665682e+00 3.141592653589661222e+00
1.586132192341328295e+00 1.059257349394630410e+01 3.141592653589661222e+00
8.647846561791531217e-01 1.200341603863400941e+01 3.141592653589661222e+00
1.744173504632787086e+00 1.262714672267483174e+01 3.141592653589661222e+00
6.519041977928590192e-01 1.366720731242658715e+01 3.141592653589661222e+00
1.855127055321349694e+00 1.471227757315389972e+01 3.141592653589661222e+00
7.005698268931964678e-01 1.579500557683643258e+01 3.141592653589661222e+00
1.871771748800260093e+00 1.674045378168038312e+01 3.141592653589661222e+00
6.733380498780529022e-01 1.787329457304609193e+01 3.141592653589661222e+00
1.840584296319021984e+00 1.881007159717812627e+01 3.141592653589661222e+00
8.434632498837919545e-01 1.945780131007489544e+01 3.141592653589661222e+00
1.682005716767107639e+00 2.084278321073798068e+01 3.141592653589661222e+00
9.643925632361303180e-01 2.147693216094281610e+01 3.141592653589661222e+00
1.755278827000073649e+00 2.288501920391942335e+01 3.141592653589661222e+00
7.274306539103226887e-01 2.368539098372291107e+01 3.141592653589661222e+00
1.490040771296555988e+00 2.498957389094571013e+01 3.141592653589661222e+00
1.013265350259164865e+00 2.553376017775397244e+01 3.141592653589661222e+00
1.284247426160202821e+00 2.700744970780669263e+01 3.141592653589661222e+00
1.261493759489135558e+00 2.758108667407109138e+01 3.141592653589661222e+00
1.560549956679796679e+00 2.908843100553584193e+01 3.141592653589661222e+00
9.083190828047976728e-01 2.974037227765400004e+01 3.141592653589661222e+00
1.240531065084406137e+00 3.117723045014739114e+01 3.141592653589661222e+00
1.151007238587610226e+00 3.170401735857394598e+01 3.141592653589661222e+00
1.015814820814014974e+00 3.316879488711148127e+01 3.141592653589661222e+00
1.459797596417984344e+00 3.377908446765786010e+01 3.141592653589661222e+00
1.357507533430948099e+00 3.529526416879514983e+01 3.141592653589661222e+00
1.139724883931299004e+00 3.588035178182430229e+01 3.141592653589661222e+00
1.070067569393100104e+00 3.735563099912290852e+01 3.141592653589661222e+00
1.344335749721926820e+00 3.789020966585511729e+01 3.141592653589661222e+00
8.083054823056436966e-01 3.927835272310982617e+01 3.141592653589661222e+00
1.649327244686024541e+00 3.998889429365929260e+01 3.141592653589661222e+00
1.113050496940378942e+00 4.145993276875974942e+01 3.141592653589661222e+00
1.469813126022074812e+00 4.204523661787609257e+01 3.141592653589661222e+00
9.254538344461509247e-01 4.349075744394711052e+01 3.141592653589661222e+00
1.653940123726447498e+00 4.407309596341298885e+01 3.141592653589661222e+00
6.615577596710973118e-01 4.522838093853484764e+01 3.141592653589661222e+00
1.833955461600340175e+00 4.616979834574641472e+01 3.141592653589661222e+00
7.668956271159009797e-01 4.740588648404351346e+01 3.141592653589661222e+00
1.861981309478543345e+00 4.820059055874275344e+01 3.141592653589661222e+00
7.233160640348089698e-01 4.943395128157789031e+01 3.141592653589661222e+00
1.920636727299718016e+00 5.025008862051647895e+01 3.141592653589661222e+00
8.017347007966098005e-01 5.094776707637155511e+01 3.141592653589661222e+00
1.782979947007363952e+00 5.228421061139007975e+01 3.141592653589661222e+00
8.947830853504972204e-01 5.296110048831398132e+01 3.141592653589661222e+00
1.814202309557381376e+00 5.432337887240655760e+01 3.141592653589661222e+00
7.026659614607992932e-01 5.517500262349300755e+01 3.141592653589661222e+00
1.580924156291667604e+00 5.642625173347580869e+01 3.141592653589661222e+00
1.009954036887316997e+00 5.696899220160482002e+01 3.141592653589661222e+00
1.352991077189965585e+00 5.844015621972150143e+01 3.141592653589661222e+00
1.247432212336003321e+00 5.901294898671873312e+01 3.141592653589661222e+00
1.645074716191617936e+00 6.052322223007291058e+01 3.141592653589661222e+00
8.688001504526079444e-01 6.120420631479439777e+01 3.141592653589661222e+00
1.323462783516467400e+00 6.261904530202341590e+01 3.141592653589661222e+00
1.151620765888781817e+00 6.313534479999457005e+01 3.141592653589661222e+00
1.073695419767477732e+00 6.460715216218412138e+01 3.141592653589661222e+00
1.461183352103327726e+00 6.520725910962167404e+01 3.141592653589661222e+00
1.461941208970767292e+00 6.674009093176755414e+01 3.141592653589661222e+00
1.068188484975871377e+00 6.734184973987873946e+01 3.141592653589661222e+00
1.148826831113050506e+00 6.881235353089175533e+01 3.141592653589661222e+00
1.311407803583935827e+00 6.933070480791582213e+01 3.141592653589661222e+00
8.711327176382375193e-01 7.074874501022958384e+01 3.141592653589661222e+00
1.630382094201497489e+00 7.142506723094493282e+01 3.141592653589661222e+00
1.234652901210604670e+00 7.293106057541260157e+01 3.141592653589661222e+00
1.349549886070161131e+00 7.350476638882537372e+01 3.141592653589661222e+00
9.977638785335724014e-01 7.497343773805555145e+01 3.141592653589661222e+00
1.564532346029687160e+00 7.552163164995226907e+01 3.141592653589661222e+00
7.003307410174951508e-01 7.677657075083230609e+01 3.141592653589661222e+00
1.803256545768310293e+00 7.762421572020599569e+01 3.141592653589661222e+00
8.901852086916722806e-01 7.898397920576144315e+01 3.141592653589661222e+00
1.774796503759662247e+00 7.966209712758664807e+01 3.141592653589661222e+00
7.990725550503505747e-01 8.099723378654758221e+01 3.141592653589661222e+00
1.914485549640055462e+00 8.169691178465883752e+01 3.141592653589661222e+00
7.211875671810198396e-01 8.251590360018624892e+01 3.141592653589661222e+00
1.867192660250838410e+00 8.374716063854013726e+01 3.141592653589661222e+00
7.659163523215889446e-01 8.454471218092946572e+01 3.141592653589661222e+00
1.839352538471796583e+00 8.577835479143496400e+01 3.141592653589661222e+00
6.633978623440220934e-01 8.672461178488707390e+01 3.141592653589661222e+00
1.668939377941738966e+00 8.787477782133605331e+01 3.141592653589661222e+00
9.336898515964943135e-01 8.845288692230887762e+01 3.141592653589661222e+00
1.476511276171884601e+00 8.990080400123947868e+01 3.141592653589661222e+00
1.121281629309807792e+00 9.048502560377734483e+01 3.141592653589661222e+00
1.662258593655964178e+00 9.195928497347753705e+01 3.141592653589661222e+00
8.066278526760637391e-01 9.267482254500852434e+01 3.141592653589661222e+00
1.356477265730069881e+00 9.405926841714378384e+01 3.141592653589661222e+00
1.072894461007280364e+00 9.459202931769743827e+01 3.141592653589661222e+00
1.146166186386975427e+00 9.606850540003087247e+01 3.141592653589661222e+00
1.356528651063145796e+00 9.665231709936500692e+01 3.141592653589661222e+00
1.461589756686991759e+00 9.816855200621309052e+01 3.141592653589661222e+00
1.010011178289716760e+00 9.878091717331929544e+01 3.141592653589661222e+00
1.149463451227268340e+00 1.002441944427311995e+02 3.141592653589661222e+00
1.229327988610283473e+00 1.007728355559589346e+02 3.141592653589661222e+00
9.112339598035861243e-01 1.022123134980634802e+02 3.141592653589661222e+00
1.545163875724607783e+00 1.028600705023637545e+02 3.141592653589661222e+00
1.247357801095177576e+00 1.043628624512281817e+02 3.141592653589661222e+00
1.280746372781984332e+00 1.049372446095055835e+02 3.141592653589661222e+00
9.998346799494559622e-01 1.064085597582244844e+02 3.141592653589661222e+00
1.473099239350343703e+00 1.069584131461504342e+02 3.141592653589661222e+00
7.244560192545798083e-01 1.082655585192890015e+02 3.141592653589661222e+00
1.740636438718944135e+00 1.090622754925670250e+02 3.141592653589661222e+00
9.536436426963147417e-01 1.104649690960916928e+02 3.141592653589661222e+00
1.675394546301846255e+00 1.111021971907034498e+02 3.141592653589661222e+00
8.356727556367330445e-01 1.124833558729380627e+02 3.141592653589661222e+00
1.828814111332262904e+00 1.131366528643749660e+02 3.141592653589661222e+00
6.707859973690856181e-01 1.140763015778927496e+02 3.141592653589661222e+00
1.872360970840578176e+00 1.152071549877722987e+02 3.141592653589661222e+00
7.003355949107781253e-01 1.161551106314204844e+02 3.141592653589661222e+00
1.857078749210942181e+00 1.172354448749164817e+02 3.141592653589661222e+00
6.544529781716633687e-01 1.182834590745328853e+02 3.141592653589661222e+00
1.757535271993519332e+00 1.193199190601199859e+02 3.141592653589661222e+00
8.733965537344710039e-01 1.199383548788763960e+02 3.141592653589661222e+00
1.592584732632632560e+00 1.213526428619295388e+02 3.141592653589661222e+00
1.017994319856158958e+00 1.219624418725494053e+02 3.141592653589661222e+00
1.698493141971342490e+00 1.233975568291205178e+02 3.141592653589661222e+00
7.540896501175899935e-01 1.241573479774894508e+02 3.141592653589661222e+00
1.413274157873229298e+00 1.255009898234019801e+02 3.141592653589661222e+00
1.018294026716250578e+00 1.260467142555555711e+02 3.141592653589661222e+00
1.223586164791054198e+00 1.275214969360579005e+02 3.141592653589661222e+00
1.276070129068292980e+00 1.280973707684348994e+02 3.141592653589661222e+00
1.487846349121731304e+00 1.296012788790003754e+02 3.141592653589661222e+00
9.503789857466641289e-01 1.302305073147049654e+02 3.141592653589661222e+00
1.174137834341628217e+00 1.316825691202321025e+02 3.141592653589661222e+00
1.163830969156668615e+00 1.322168484613266344e+02 3.141592653589661222e+00
9.615841361023420575e-01 1.336724033418089448e+02 3.141592653589661222e+00
1.472878034382563373e+00 1.342961311655501504e+02 3.141592653589661222e+00
1.275530349911626615e+00 1.357984128265338484e+02 3.141592653589661222e+00
1.209322478895392905e+00 1.363755238842952338e+02 3.141592653589661222e+00
1.013716123475430608e+00 1.378490366387102029e+02 3.141592653589661222e+00
1.390217125882269755e+00 1.383975253032517116e+02 3.141592653589661222e+00
7.579626488196464784e-01 1.397496456818011552e+02 3.141592653589661222e+00
1.678319564180128287e+00 1.404995824760202083e+02 3.141592653589661222e+00
1.016994398276199529e+00 1.419342770686956214e+02 3.141592653589661222e+00
1.573745057423501459e+00 1.425429461385521108e+02 3.141592653589661222e+00
8.701356523357425266e-01 1.439578246663277525e+02 3.141592653589661222e+00
1.733657591049923452e+00 1.445771465660451156e+02 3.141592653589661222e+00
6.512533446061413711e-01 1.456303663302470000e+02 3.141592653589661222e+00
1.852785635945737530e+00 1.466638692752113684e+02 3.141592653589661222e+00
7.044527014212615956e-01 1.477643184926288598e+02 3.141592653589661222e+00
1.873040964796221841e+00 1.486921772001511499e+02 3.141592653589661222e+00
6.775184628455191982e-01 1.498360421199919301e+02 3.141592653589661222e+00
1.851558448776632559e+00 1.507595620082586265e+02 3.141592653589661222e+00
8.401923133403859101e-01 1.514111204760376381e+02 3.141592653589661222e+00
1.693346399298814031e+00 1.527920801181951731e+02 3.141592653589661222e+00
9.585757398336646196e-01 1.534295647088989654e+02 3.141592653589661222e+00
1.763478274846197236e+00 1.548342304798113673e+02 3.141592653589661222e+00
7.249524478913161873e-01 1.556398468215589332e+02 3.141592653589661222e+00
1.501144033900448260e+00 1.569387473408465041e+02 3.141592653589661222e+00
1.014693070674567599e+00 1.574820031038675268e+02 3.141592653589661222e+00
1.291425269943388132e+00 1.589557096969920451e+02 3.141592653589661222e+00
1.262494275021662116e+00 1.595291533986015509e+02 3.141592653589661222e+00
1.572459226315915837e+00 1.610377083984361661e+02 3.141592653589661222e+00
9.037231389406704674e-01 1.616930488985451007e+02 3.141592653589661222e+00
1.251607834824675081e+00 1.631275172414896986e+02 3.141592653589661222e+00
1.152257899006252861e+00 1.636525659084941537e+02 3.141592653589661222e+00
1.022961993684446735e+00 1.651182748195509760e+02 3.141592653589661222e+00
1.461534918566983698e+00 1.657273439114694895e+02 3.141592653589661222e+00
1.371870604066733668e+00 1.672461878969248801e+02 3.141592653589661222e+00
1.130450143470648205e+00 1.678330122772428297e+02 3.141592653589661222e+00
1.080518345707652816e+00 1.693081613172360278e+02 3.141592653589661222e+00
1.340468916282145706e+00 1.698402358291783401e+02 3.141592653589661222e+00
8.162267437765335920e-01 1.712326154559852114e+02 3.141592653589661222e+00
1.647618899048773677e+00 1.719384284652326755e+02 3.141592653589661222e+00
1.128978502374998527e+00 1.734146856212023806e+02 3.141592653589661222e+00
1.454671984121826744e+00 1.739975134289193761e+02 3.141592653589661222e+00
9.348617989838102771e-01 1.754468521796581229e+02 3.141592653589661222e+00
1.643342424316291295e+00 1.760240022582268580e+02 3.141592653589661222e+00
6.651514716842317210e-01 1.771928457552398299e+02 3.141592653589661222e+00
1.831285948621739434e+00 1.781217195622350005e+02 3.141592653589661222e+00
7.799406018969395893e-01 1.793754682501827631e+02 3.141592653589661222e+00
1.856193264042822699e+00 1.801531386211705694e+02 3.141592653589661222e+00
7.315621352572840852e-01 1.813994441629848495e+02 3.141592653589661222e+00
1.926123639392970155e+00 1.822003205297982902e+02 3.141592653589661222e+00
7.936525796735526272e-01 1.829081704543110618e+02 3.141592653589661222e+00
1.795355880884573763e+00 1.842354394851960251e+02 3.141592653589661222e+00
8.817592416125589194e-01 1.849212431377666235e+02 3.141592653589661222e+00
1.818508451798633629e+00 1.862737305490122139e+02 3.141592653589661222e+00
6.984339127983153483e-01 1.871334538462160140e+02 3.141592653589661222e+00
1.590634476189780155e+00 1.883761889051906735e+02 3.141592653589661222e+00
1.004614495638082250e+00 1.889209122747469962e+02 3.141592653589661222e+00
1.364030629806223249e+00 1.903908322122453569e+02 3.141592653589661222e+00
1.238406977963642630e+00 1.909638712776815908e+02 3.141592653589661222e+00
1.649643329119607760e+00 1.924721173731024919e+02 3.141592653589661222e+00
8.631969467040675470e-01 1.931563869366416100e+02 3.141592653589661222e+00
1.328985215960753141e+00 1.945684732942689266e+02 3.141592653589661222e+00
1.146688610974682554e+00 1.950852681662584018e+02 3.141592653589661222e+00
1.080553494163974948e+00 1.965578538498314742e+02 3.141592653589661222e+00
1.454871062063872955e+00 1.971563515958240203e+02 3.141592653589661222e+00
1.466743525362117495e+00 1.986889505199905841e+02 3.141592653589661222e+00
1.061585625619070772e+00 1.992922380556334190e+02 3.141592653589661222e+00
1.152649525811404896e+00 2.007619436982015770e+02 3.141592653589661222e+00
1.305201689939991638e+00 2.012801819002225727e+02 3.141592653589661222e+00
8.764618055033012167e-01 2.027008250265700440e+02 3.141592653589661222e+00
1.624720762609517699e+00 2.033739607881256006e+02 3.141592653589661222e+00
1.241694623999431979e+00 2.048813736155150309e+02 3.141592653589661222e+00
1.339562593264794321e+00 2.054549284553142741e+02 3.141592653589661222e+00
1.001746534904592645e+00 2.069245991195619752e+02 3.141592653589661222e+00
1.554792240226695599e+00 2.074713813671335458e+02 3.141592653589661222e+00
7.042033812321055741e-01 2.087340112449951164e+02 3.141592653589661222e+00
1.798053825293780994e+00 2.095742678216335833e+02 3.141592653589661222e+00
9.014193969429802333e-01 2.109422269558427843e+02 3.141592653589661222e+00
1.762584624281023915e+00 2.116128316221693240e+02 3.141592653589661222e+00
8.058665316028811310e-01 2.129558647060270857e+02 3.141592653589661222e+00
1.907120275664605957e+00 2.136469798904328457e+02 3.141592653589661222e+00
7.134325891423773935e-01 2.144811603713244779e+02 3.141592653589661222e+00
1.871325070461657525e+00 2.156996203334708184e+02 3.141592653589661222e+00
7.540811908075750747e-01 2.165146523720875393e+02 3.141592653589661222e+00
1.841838100911714626e+00 2.177302641774843721e+02 3.141592653589661222e+00
6.605462519385425502e-01 2.186889537865250190e+02 3.141592653589661222e+00
1.679820345731340314e+00 2.198255034741232521e+02 3.141592653589661222e+00
9.251358370771767259e-01 2.204085036978123355e+02 3.141592653589661222e+00
1.491452760587866688e+00 2.218526787068023225e+02 3.141592653589661222e+00
1.106805139801550153e+00 2.224394325520803477e+02 3.141592653589661222e+00
1.665373641225464718e+00 2.239088548459558581e+02 3.141592653589661222e+00
7.993475918182193496e-01 2.246293697785077086e+02 3.141592653589661222e+00
1.361901150522468296e+00 2.260093274064867330e+02 3.141592653589661222e+00
1.064308017414456353e+00 2.265440721788747567e+02 3.141592653589661222e+00
1.155579170611846118e+00 2.280206007306437073e+02 3.141592653589661222e+00
1.344481219439546349e+00 2.286029780957805144e+02 3.141592653589661222e+00
1.462612747284991466e+00 2.301172281061805620e+02 3.141592653589661222e+00
1.002592263793992799e+00 2.307312303958024984e+02 3.141592653589661222e+00
1.150534925153918975e+00 2.321933993372759062e+02 3.141592653589661222e+00
1.219742557453185272e+00 2.327231754116069169e+02 3.141592653589661222e+00
9.167026017946823258e-01 2.341649358709736362e+02 3.141592653589661222e+00
1.534782226520274628e+00 2.348094216078949330e+02 3.141592653589661222e+00
1.248937432813443937e+00 2.363117128148545874e+02 3.141592653589661222e+00
1.272362274234430934e+00 2.368862906561187174e+02 3.141592653589661222e+00
1.000143807328762513e+00 2.383578306361246746e+02 3.141592653589661222e+00
1.462157706763986820e+00 2.389079449708850973e+02 3.141592653589661222e+00
7.277676990263506340e-01 2.402208473139854448e+02 3.141592653589661222e+00
1.732521807308468720e+00 2.410117429274010306e+02 3.141592653589661222e+00
9.606614213981204964e-01 2.424184830682483778e+02 3.141592653589661222e+00
1.663198319895285548e+00 2.430518868694743162e+02 3.141592653589661222e+00
8.395265202471169363e-01 2.444374987405921900e+02 3.141592653589661222e+00
1.817247049514959079e+00 2.450864275278534308e+02 3.141592653589661222e+00
6.668314784411645268e-01 2.460402920795810644e+02 3.141592653589661222e+00
1.870773331761460545e+00 2.471591807285905134e+02 3.141592653589661222e+00
6.973464544996040848e-01 2.481260535001250673e+02 3.141592653589661222e+00
1.859778127851412943e+00 2.491873760098739865e+02 3.141592653589661222e+00
6.558131723762541387e-01 2.502475151732342624e+02 3.141592653589661222e+00
1.769489169780203097e+00 2.512699581003391813e+02 3.141592653589661222e+00
8.687320961331906899e-01 2.518924516858431844e+02 3.141592653589661222e+00
1.605648368706924956e+00 2.533027996146549867e+02 3.141592653589661222e+00
1.009580613409251759e+00 2.539158275721254938e+02 3.141592653589661222e+00
1.706165627615299663e+00 2.553471343564152107e+02 3.141592653589661222e+00
7.495451607375809289e-01 2.561126773551658289e+02 3.141592653589661222e+00
1.423539691841312127e+00 2.574508674202177758e+02 3.141592653589661222e+00
1.016239191483471860e+00 2.579967863514462465e+02 3.141592653589661222e+00
1.232665380335885574e+00 2.594713692697849865e+02 3.141592653589661222e+00
1.272187984793160975e+00 2.600467951465212764e+02 3.141592653589661222e+00
1.496823855006646609e+00 2.615507728909737466e+02 3.141592653589661222e+00
9.437072358381078940e-01 2.621829491872885569e+02 3.141592653589661222e+00
1.182176755501747500e+00 2.636331231563331698e+02 3.141592653589661222e+00
1.160162589374095887e+00 2.641667483460906851e+02 3.141592653589661222e+00
9.692444557972598185e-01 2.656238720393758399e+02 3.141592653589661222e+00
1.468938275686221262e+00 2.662452757486567521e+02 3.141592653589661222e+00
1.285239874822925454e+00 2.677491051486126707e+02 3.141592653589661222e+00
1.199279343684165999e+00 2.683269344348533991e+02 3.141592653589661222e+00
1.020041316045298130e+00 2.698009277445352723e+02 3.141592653589661222e+00
1.382249236374617940e+00 2.703477831221651968e+02 3.141592653589661222e+00
7.643538744478975966e-01 2.717055347122268358e+02 3.141592653589661222e+00
1.672950549555233701e+00 2.724494228004620595e+02 3.141592653589661222e+00
1.029090270111741701e+00 2.738892860576224280e+02 3.141592653589661222e+00
1.559505258244114234e+00 2.744940901559125450e+02 3.141592653589661222e+00
8.770138893701077132e-01 2.759136651063872705e+02 3.141592653589661222e+00
1.722267960970203404e+00 2.765276588470797492e+02 3.141592653589661222e+00
6.511266193568239213e-01 2.775957304248661330e+02 3.141592653589661222e+00
1.850434280233197448e+00 2.786160647771018830e+02 3.141592653589661222e+00
7.100019716993833940e-01 2.797365356743247844e+02 3.141592653589661222e+00
1.874274869273835797e+00 2.806445872500427186e+02 3.141592653589661222e+00
6.827669462730198147e-01 2.818009228273282361e+02 3.141592653589661222e+00
1.864069558678869365e+00 2.827093573366274200e+02 3.141592653589661222e+00
8.366729226722440238e-01 2.833652342776666728e+02 3.141592653589661222e+00
1.706115791452459840e+00 2.847415976925660175e+02 3.141592653589661222e+00
9.523349047633128395e-01 2.853828692857019291e+02 3.141592653589661222e+00
1.773009182407200290e+00 2.867837196285209416e+02 3.141592653589661222e+00
7.224394751023451855e-01 2.875952198427245889e+02 3.141592653589661222e+00
1.514047848875903046e+00 2.888881360585467064e+02 3.141592653589661222e+00
1.016995106726283460e+00 2.894300764853374517e+02 3.141592653589661222e+00
1.299250639024402076e+00 2.909038775641047891e+02 3.141592653589661222e+00
1.264612842055996111e+00 2.914771101514844531e+02 3.141592653589661222e+00
1.586799774607365876e+00 2.929873138973798063e+02 3.141592653589661222e+00
8.987947188672322785e-01 2.936466447117976486e+02 3.141592653589661222e+00
1.265009152976046991e+00 2.950782703280751207e+02 3.141592653589661222e+00
1.154723672454328387e+00 2.956010544658043386e+02 3.141592653589661222e+00
1.031007598356624033e+00 2.970677489331162064e+02 3.141592653589661222e+00
1.464779713329822819e+00 2.976756052673957242e+02 3.141592653589661222e+00
1.389566096603843226e+00 2.991978033413907951e+02 3.141592653589661222e+00
1.119792861524713690e+00 2.997868800418797264e+02 3.141592653589661222e+00
1.093576986872268897e+00 3.012617189411650429e+02 3.141592653589661222e+00
1.336852640043721951e+00 3.017906849123505140e+02 3.141592653589661222e+00
8.256885279095250718e-01 3.031877500361217699e+02 3.141592653589661222e+00
1.646487857145425782e+00 3.038883179264678347e+02 3.141592653589661222e+00
1.148498081604626408e+00 3.053707466389724914e+02 3.141592653589661222e+00
1.436740494827466241e+00 3.059509764230454607e+02 3.141592653589661222e+00
9.464934995593833333e-01 3.074046061402298733e+02 3.141592653589661222e+00
1.631165043521971336e+00 3.079756722829654336e+02 3.141592653589661222e+00
6.700397561264823665e-01 3.091601162882798235e+02 3.141592653589661222e+00
1.828220240990455103e+00 3.100744603740672574e+02 3.141592653589661222e+00
7.965709815472417077e-01 3.113484302361725895e+02 3.141592653589661222e+00
1.847807675826671270e+00 3.121067474568296234e+02 3.141592653589661222e+00
7.419126557764793573e-01 3.133683859250918431e+02 3.141592653589661222e+00
1.930964885620692684e+00 3.141512961373462645e+02 3.141592653589661222e+00
7.833708041125897470e-01 3.148725862003699945e+02 3.141592653589661222e+00
1.809676176239590761e+00 3.161878676053820527e+02 3.141592653589661222e+00
8.651964785969616933e-01 3.168857349032542743e+02 3.141592653589661222e+00
1.822991765269528441e+00 3.182250443292096520e+02 3.141592653589661222e+00
6.931127846950392302e-01 3.190952148361220111e+02 3.141592653589661222e+00
1.602099292195894975e+00 3.203269296487439988e+02 3.141592653589661222e+00
9.968452493777745227e-01 3.208747228509266733e+02 3.141592653589661222e+00
1.378228561137248676e+00 3.223427662600396957e+02 3.141592653589661222e+00
1.225478643141136192e+00 3.229163282365153123e+02 3.141592653589661222e+00
1.653676579204524488e+00 3.244214088714773538e+02 3.141592653589661222e+00
8.560806410053779514e-01 3.251096479069935299e+02 3.141592653589661222e+00
1.334452728895570761e+00 3.265183491249663916e+02 3.141592653589661222e+00
1.139152218639113201e+00 3.270362905669500719e+02 3.141592653589661222e+00
1.089009041598740346e+00 3.285097709875861938e+02 3.141592653589661222e+00
1.445145929329646473e+00 3.291062073458070358e+02 3.141592653589661222e+00
1.470163561850190481e+00 3.306378431537254414e+02 3.141592653589661222e+00
1.054058313039177852e+00 3.312427406382586241e+02 3.141592653589661222e+00
1.155426462862111370e+00 3.327115192705907134e+02 3.141592653589661222e+00
1.296745850532980748e+00 3.332301754449824216e+02 3.141592653589661222e+00
8.822561764816959640e-01 3.346537801828044394e+02 3.141592653589661222e+00
1.616581344683047261e+00 3.353232077432335814e+02 3.141592653589661222e+00
1.247606842359994195e+00 3.368315357730418214e+02 3.141592653589661222e+00
1.328943000971587018e+00 3.374050468142497152e+02 3.141592653589661222e+00
1.004881326198181268e+00 3.388755595970438890e+02 3.141592653589661222e+00
1.543313984923361470e+00 3.394213702117691014e+02 3.141592653589661222e+00
7.082735093468598420e-01 3.406921601881329593e+02 3.141592653589661222e+00
1.791343648466538374e+00 3.415245496942465024e+02 3.141592653589661222e+00
9.130261340030262351e-01 3.429006597767182711e+02 3.141592653589661222e+00
1.748592381993508749e+00 3.435637663058210478e+02 3.141592653589661222e+00
8.128326781094094011e-01 3.449149052893468479e+02 3.141592653589661222e+00
1.897481367339036051e+00 3.455973873914825845e+02 3.141592653589661222e+00
7.051667380293953347e-01 3.464488083119175599e+02 3.141592653589661222e+00
1.874720810143301053e+00 3.476528144742183031e+02 3.141592653589661222e+00
7.418610117172291796e-01 3.484882963188683789e+02 3.141592653589661222e+00
1.844702302011266504e+00 3.496829232864774895e+02 3.141592653589661222e+00
6.579233854402064541e-01 3.506559109376319157e+02 3.141592653589661222e+00
1.692432035742163388e+00 3.517766965833578752e+02 3.141592653589661222e+00
9.158930582269632081e-01 3.523652556661057815e+02 3.141592653589661222e+00
1.508323399607711890e+00 3.538050279916246268e+02 3.141592653589661222e+00
1.091052098905078260e+00 3.543948941453043062e+02 3.141592653589661222e+00
1.669641756764995044e+00 3.558588571281214854e+02 3.141592653589661222e+00
7.913065571492945427e-01 3.565852742907768516e+02 3.141592653589661222e+00
1.368868469318118342e+00 3.579598808881261220e+02 3.141592653589661222e+00
1.055309264715841078e+00 3.584967039959544763e+02 3.141592653589661222e+00
1.166441735775141320e+00 3.599731899527109249e+02 3.141592653589661222e+00
1.331649182224669659e+00 3.605541082586287303e+02 3.141592653589661222e+00
1.464864914893618586e+00 3.620663225219277024e+02 3.141592653589661222e+00
9.940282581639909854e-01 3.626823914419956054e+02 3.141592653589661222e+00
1.152687445887121021e+00 3.641431880845838691e+02 3.141592653589661222e+00
1.209376597474684401e+00 3.646740466649765153e+02 3.141592653589661222e+00
9.233351731532248863e-01 3.661183319262425471e+02 3.141592653589661222e+00
1.523507624600976440e+00 3.667591576647243414e+02 3.141592653589661222e+00
1.251685731758801712e+00 3.682611073997517224e+02 3.141592653589661222e+00
1.262433665570244834e+00 3.688359457194262063e+02 3.141592653589661222e+00
1.001161162645680669e+00 3.703077970222930730e+02 3.141592653589661222e+00
1.449820012565490313e+00 3.708579859793131845e+02 3.141592653589661222e+00
7.319430903365992114e-01 3.721775156461027905e+02 3.141592653589661222e+00
1.723370904033466156e+00 3.729616497868353235e+02 3.141592653589661222e+00
9.691969188138421787e-01 3.743731121895386309e+02 3.141592653589661222e+00
1.648935686234720643e+00 3.750021385591640524e+02 3.141592653589661222e+00
8.442110953683721331e-01 3.763928499782480799e+02 3.141592653589661222e+00
1.803863499173298690e+00 3.770367165903628006e+02 3.141592653589661222e+00
6.628226197591470248e-01 3.780070062067458707e+02 3.141592653589661222e+00
1.868684584889394040e+00 3.791119871491869162e+02 3.141592653589661222e+00
6.951713565724713106e-01 3.801008666413138144e+02 3.141592653589661222e+00
1.862943490042506589e+00 3.811401232323802333e+02 3.141592653589661222e+00
6.580037793738758856e-01 3.822142111769915687e+02 3.141592653589661222e+00
1.783598246302971591e+00 3.832203945284722977e+02 3.141592653589661222e+00
8.638932846830832402e-01 3.838473691331656141e+02 3.141592653589661222e+00
1.620545409256424874e+00 3.852532259352655615e+02 3.141592653589661222e+00
1.000750621887995351e+00 3.858699442819607839e+02 3.141592653589661222e+00
1.715695117252467039e+00 3.872970875061288325e+02 3.141592653589661222e+00
7.447968628893419929e-01 3.880692774013983239e+02 3.141592653589661222e+00
1.436113835938725325e+00 3.894011122126912028e+02 3.141592653589661222e+00
1.015021747027555765e+00 3.899468675592761997e+02 3.141592653589661222e+00
1.242914702022397178e+00 3.914212858473726442e+02 3.141592653589661222e+00
1.269264056126209406e+00 3.919962677400691291e+02 3.141592653589661222e+00
1.508587806276057819e+00 3.935007452027366526e+02 3.141592653589661222e+00
9.363185784609681095e-01 3.941365466818793379e+02 3.141592653589661222e+00
1.192731009328226399e+00 3.955843826964076584e+02 3.141592653589661222e+00
1.157216106370781761e+00 3.961168894321542098e+02 3.141592653589661222e+00
9.783489209730581448e-01 3.975757141354727082e+02 3.141592653589661222e+00
1.465887047410343591e+00 3.981946383717126423e+02 3.141592653589661222e+00
1.298199120677650864e+00 3.997006863460954946e+02 3.141592653589661222e+00
1.187455625453376573e+00 4.002795405474664108e+02 3.141592653589661222e+00
1.028703731765606255e+00 4.017540613297866230e+02 3.141592653589661222e+00
1.373823037408935299e+00 4.022986590076522475e+02 3.141592653589661222e+00
7.723850898786287500e-01 4.036628468025875236e+02 3.141592653589661222e+00
1.667547551600225164e+00 4.043997771920637092e+02 3.141592653589661222e+00
1.044463792637396304e+00 4.058459281720503782e+02 3.141592653589661222e+00
1.542442303087057764e+00 4.064462883474614046e+02 3.141592653589661222e+00
8.858347383963417476e-01 4.078713824247142270e+02 3.141592653589661222e+00
1.709119752629162381e+00 4.084789284919964416e+02 3.141592653589661222e+00
6.517204965463517796e-01 4.095644225195953823e+02 3.141592653589661222e+00
1.847742550784614801e+00 4.105691913466628762e+02 3.141592653589661222e+00
7.180480381123987010e-01 4.117131109694490192e+02 3.141592653589661222e+00
1.874966453979920900e+00 4.125980335459762500e+02 3.141592653589661222e+00
6.895524276443285583e-01 4.137691205256045919e+02 3.141592653589661222e+00
1.878283728638370231e+00 4.146596746998557137e+02 3.141592653589661222e+00
8.321702908710119084e-01 4.153211002938487013e+02 3.141592653589661222e+00
1.721134419893413092e+00 4.166916663555785476e+02 3.141592653589661222e+00
9.445302922843040738e-01 4.173377495817692306e+02 3.141592653589661222e+00
1.783808186202019863e+00 4.187336907638958223e+02 3.141592653589661222e+00
7.195224534027353513e-01 4.195521708310194526e+02 3.141592653589661222e+00
1.529032892243205710e+00 4.208379193216167664e+02 3.141592653589661222e+00
1.019508420388266945e+00 4.213783975593818809e+02 3.141592653589661222e+00
1.308366292011521104e+00 4.228522755973759786e+02 3.141592653589661222e+00
1.266854192010359759e+00 4.234252765010512576e+02 3.141592653589661222e+00
1.603349999029984208e+00 4.249373093942643322e+02 3.141592653589661222e+00
8.932052367102032431e-01 4.256013493341965273e+02 3.141592653589661222e+00
1.280668241031730270e+00 4.270295421956839164e+02 3.141592653589661222e+00
1.157874689847991911e+00 4.275496594869243268e+02 3.141592653589661222e+00
1.040157728994981268e+00 4.290174333148152641e+02 3.141592653589661222e+00
1.468874617829427187e+00 4.296239866019643046e+02 3.141592653589661222e+00
1.410401382976468998e+00 4.311500825559256782e+02 3.141592653589661222e+00
1.107540134259065168e+00 4.317420405625493913e+02 3.141592653589661222e+00
1.109175490697347000e+00 4.332162669773307471e+02 3.141592653589661222e+00
1.333116780750035701e+00 4.337416306661842214e+02 3.141592653589661222e+00
8.368138477839501821e-01 4.351438652977414563e+02 3.141592653589661222e+00
1.645529341290842051e+00 4.358386133657266441e+02 3.141592653589661222e+00
1.171711684882532412e+00 4.373280577864496763e+02 3.141592653589661222e+00
1.415591492682711561e+00 4.379057592195261464e+02 3.141592653589661222e+00
9.604107365644302119e-01 4.393640147509875646e+02 3.141592653589661222e+00
1.616822087314204293e+00 4.399282300171776114e+02 3.141592653589661222e+00
6.765502732011908771e-01 4.411304916737105941e+02 3.141592653589661222e+00
1.824319754946357452e+00 4.420281301988282507e+02 3.141592653589661222e+00
8.176521697226145635e-01 4.433249288737894176e+02 3.141592653589661222e+00
1.835389561387188895e+00 4.440616015864071642e+02 3.141592653589661222e+00
7.548809273307995893e-01 4.453413347235950255e+02 3.141592653589661222e+00
1.933778782706185195e+00 4.461032547217128013e+02 3.141592653589661222e+00
7.700693845642270219e-01 4.468428286374649474e+02 3.141592653589661222e+00
1.825919649790891386e+00 4.481420296015589884e+02 3.141592653589661222e+00
8.437640314876213576e-01 4.488568903607611560e+02 3.141592653589661222e+00
1.827401972202661540e+00 4.501777790037513682e+02 3.141592653589661222e+00
6.863013895687576360e-01 4.510619219352791447e+02 3.141592653589661222e+00
1.615815245995953164e+00 4.522788420799668074e+02 3.141592653589661222e+00
9.852372938205893327e-01 4.528315316672543531e+02 3.141592653589661222e+00
1.397081609405884439e+00 4.542965963627386827e+02 3.141592653589661222e+00
1.206395411044031363e+00 4.548712522573808883e+02 3.141592653589661222e+00
1.656422253605452921e+00 4.563712722288040595e+02 3.141592653589661222e+00
8.466603099306848623e-01 4.570644723254068253e+02 3.141592653589661222e+00
1.339400217596637743e+00 4.584688581887471628e+02 3.141592653589661222e+00
1.127322154953309230e+00 4.589890950465552919e+02 3.141592653589661222e+00
1.099809983808925473e+00 4.604635758405258343e+02 3.141592653589661222e+00
1.429735944773169454e+00 4.610572981810585134e+02 3.141592653589661222e+00
1.470660571187101695e+00 4.625866602977129105e+02 3.141592653589661222e+00
1.045301737389497276e+00 4.631931635193732291e+02 3.141592653589661222e+00
1.155935398390975033e+00 4.646608783163773637e+02 3.141592653589661222e+00
1.284602520363212985e+00 4.651809294146820548e+02 3.141592653589661222e+00
8.884438298815493518e-01 4.666079646280269344e+02 3.141592653589661222e+00
1.604280270433169564e+00 4.672729553308617483e+02 3.141592653589661222e+00
1.250743989643654075e+00 4.687811651972366462e+02 3.141592653589661222e+00
1.317972243595598281e+00 4.693547598853712657e+02 3.141592653589661222e+00
1.006015157588278752e+00 4.708258043354083497e+02 3.141592653589661222e+00
1.529380558720347283e+00 4.713715492675752330e+02 3.141592653589661222e+00
7.122295734331440809e-01 4.726508252508215833e+02 3.141592653589661222e+00
1.782272784637139340e+00 4.734750053968386965e+02 3.141592653589661222e+00
9.240673861259004473e-01 4.748586479627592212e+02 3.141592653589661222e+00
1.732810669389707181e+00 4.755146943010741438e+02 3.141592653589661222e+00
8.193418270549028826e-01 4.768737387148095195e+02 3.141592653589661222e+00
1.884773264596058207e+00 4.775480928909694285e+02 3.141592653589661222e+00
6.964822468034207459e-01 4.784188220042932471e+02 3.141592653589661222e+00
1.876703215004959846e+00 4.796067630474925068e+02 3.141592653589661222e+00
7.296727806226104285e-01 4.804658644228866820e+02 3.141592653589661222e+00
1.847610281879904948e+00 4.816363437335169806e+02 3.141592653589661222e+00
6.556844858818822175e-01 4.826255389895420649e+02 3.141592653589661222e+00
1.706450689437590595e+00 4.837283480882358617e+02 3.141592653589661222e+00
9.057199938745940093e-01 4.843233573212503984e+02 3.141592653589661222e+00
1.527105272477461861e+00 4.857579014310452976e+02 3.141592653589661222e+00
1.073690688617151778e+00 4.863516235030682537e+02 3.141592653589661222e+00
1.674693282718503706e+00 4.878092877603227748e+02 3.141592653589661222e+00
7.824860168699024898e-01 4.885425592973119251e+02 3.141592653589661222e+00
1.377095721483167168e+00 4.899109016823839511e+02 3.141592653589661222e+00
1.045592523826301301e+00 4.904500428364705726e+02 3.141592653589661222e+00
1.178759140860431653e+00 4.919263312630484393e+02 3.141592653589661222e+00
1.317589383138883186e+00 4.925057966550118635e+02 3.141592653589661222e+00
1.467783363614909575e+00 4.940157524462322840e+02 3.141592653589661222e+00
9.844178780179332344e-01 4.946342703091241901e+02 3.141592653589661222e+00
1.155489618661625029e+00 4.960934313259688793e+02 3.141592653589661222e+00
1.198019820247817391e+00 4.966254546864467443e+02 3.141592653589661222e+00
9.309637947016790038e-01 4.980724388190527065e+02 3.141592653589661222e+00
1.511021179136737613e+00 4.987092701639326151e+02 3.141592653589661222e+00
1.254921005252506383e+00 5.002108370909008954e+02 3.141592653589661222e+00
1.251312015392442412e+00 5.007860184420185874e+02 3.141592653589661222e+00
1.002438618965960426e+00 5.022581883821645761e+02 3.141592653589661222e+00
1.436152088334886390e+00 5.028084453624692287e+02 3.141592653589661222e+00
7.367768294887049318e-01 5.041351979339089553e+02 3.141592653589661222e+00
1.713059588195605665e+00 5.049118902721299378e+02 3.141592653589661222e+00
9.785794202079316495e-01 5.063283362340177405e+02 3.141592653589661222e+00
1.633017674448955958e+00 5.069527700199819265e+02 3.141592653589661222e+00
