8.464000000000000412e-01 0.000000000000000000e+00 0.000000000000000000e+00
1.256707738381224182e+00 1.268966837059120278e+00 6.283185307179259382e+00
2.142649562953645948e+00 1.671453490788871621e+00 6.283185307179259382e+00
1.155808228066492749e+00 3.118115758695355400e+00 6.283185307179259382e+00
1.774773674113843569e+00 4.551916410150218972e+00 6.283185307179259382e+00
1.575501601032032184e+00 4.923209008960728106e+00 6.283185307179259382e+00
8.324869656565435649e-01 6.211890534165132038e+00 6.283185307179259382e+00
1.010752393511767711e+00 7.436282115822264061e+00 6.283185307179259382e+00
2.440897893603091617e+00 7.914287988176442745e+00 6.283185307179259382e+00
1.057723072202443548e+00 9.330383871816890107e+00 6.283185307179259382e+00
1.270122197207123493e+00 1.069336387640349351e+01 6.283185307179259382e+00
2.217800920602971182e+00 1.111361960658410197e+01 6.283185307179259382e+00
8.183016321624903000e-01 1.236675621798083569e+01 6.283185307179259382e+00
7.586109872257024156e-01 1.342270779824678861e+01 6.283185307179259382e+00
2.958009711627690663e+00 1.414178905153447552e+01 6.283185307179259382e+00
8.137005585063948887e-01 1.536257229158461968e+01 6.283185307179259382e+00
7.742794534752761582e-01 1.651613683085083295e+01 6.283185307179259382e+00
3.235211067186230860e+00 1.731568562470985384e+01 6.283185307179259382e+00
7.454991972265289091e-01 1.832583684782238365e+01 6.283185307179259382e+00
8.139308007253621691e-01 1.916845074442951713e+01 6.283185307179259382e+00
2.854547791686250502e+00 2.034711157944354909e+01 6.283185307179259382e+00
1.008116276079633611e+00 2.087997542374879245e+01 6.283185307179259382e+00
9.847929281156087011e-01 2.216317008130738841e+01 6.283185307179259382e+00
2.836065930664540602e+00 2.353251340752674636e+01 6.283185307179259382e+00
8.807654961888549128e-01 2.410656426030111277e+01 6.283185307179259382e+00
8.785905413397923081e-01 2.524142741851774119e+01 6.283185307179259382e+00
1.790492652355127889e+00 2.652297526236084479e+01 6.283185307179259382e+00
1.702429247893240793e+00 2.688804106086589130e+01 6.283185307179259382e+00
1.210333377721277914e+00 2.832324733145602025e+01 6.283185307179259382e+00
2.629790309351650812e+00 2.978494503279519634e+01 6.283185307179259382e+00
1.104295615916791595e+00 3.023653832058926128e+01 6.283185307179259382e+00
9.373092683000602277e-01 3.144204986556194825e+01 6.283185307179259382e+00
1.342618227950914234e+00 3.269440408455983516e+01 6.283185307179259382e+00
2.304066101145328727e+00 3.308253461353743319e+01 6.283185307179259382e+00
1.298764540528742462e+00 3.456184542452567143e+01 6.283185307179259382e+00
2.415199388640316247e+00 3.604364455901824726e+01 6.283185307179259382e+00
1.277275680317096818e+00 3.644434344271972037e+01 6.283185307179259382e+00
9.436307210400909362e-01 3.768628687671763799e+01 6.283185307179259382e+00
1.152342914230457982e+00 3.890139931232010895e+01 6.283185307179259382e+00
2.567564103032943912e+00 3.933651712256835253e+01 6.283185307179259382e+00
1.237438426669674518e+00 4.080495901182764840e+01 6.283185307179259382e+00
1.854720341153088148e+00 4.225603292631600993e+01 6.283185307179259382e+00
1.638389472276020165e+00 4.261929122925423030e+01 6.283185307179259382e+00
8.812676997366336584e-01 4.390248856789727938e+01 6.283185307179259382e+00
9.541210399665437381e-01 4.507730408131433819e+01 6.283185307179259382e+00
2.696532659365718398e+00 4.559589772416451581e+01 6.283185307179259382e+00
1.055714387183075420e+00 4.700379266917198606e+01 6.283185307179259382e+00
1.184388590449586109e+00 4.834580412617973622e+01 6.283185307179259382e+00
2.479923790417063234e+00 4.879404074150534854e+01 6.283185307179259382e+00
8.337326009837727758e-01 5.002664540588878594e+01 6.283185307179259382e+00
7.331692710016425307e-01 5.097264668147402489e+01 6.283185307179259382e+00
3.185617281993279093e+00 5.182144725673124697e+01 6.283185307179259382e+00
7.514874096710301155e-01 5.287580096469513791e+01 6.283185307179259382e+00
7.459227594421622420e-01 5.398448359082993875e+01 6.283185307179259382e+00
3.233949625639518821e+00 5.499632674001183119e+01 6.283185307179259382e+00
7.341190401483318473e-01 5.587347422717461143e+01 6.283185307179259382e+00
8.443610841436062220e-01 5.679090500469143876e+01 6.283185307179259382e+00
2.525509526923440884e+00 5.802154888470590066e+01 6.283185307179259382e+00
1.184429135328833427e+00 5.847148603842828862e+01 6.283185307179259382e+00
1.065354393899852425e+00 5.981276406831173631e+01 6.283185307179259382e+00
2.791106945365510406e+00 6.122223683563010610e+01 6.283185307179259382e+00
9.476754290635239775e-01 6.175000697610835232e+01 6.283185307179259382e+00
9.059296365185457445e-01 6.290859459465924175e+01 6.283185307179259382e+00
1.621539053794498031e+00 6.418716075431687784e+01 6.283185307179259382e+00
1.923592773992969684e+00 6.454908368111318850e+01 6.283185307179259382e+00
1.270129122869002813e+00 6.600867419229416555e+01 6.283185307179259382e+00
2.711877808739412643e+00 6.748510076252776457e+01 6.283185307179259382e+00
1.137531299911814342e+00 6.792867927852373100e+01 6.283185307179259382e+00
9.832563999974808233e-01 6.912508801379370027e+01 6.283185307179259382e+00
1.231287181035474854e+00 7.034409477968274871e+01 6.283185307179259382e+00
2.570293024884095168e+00 7.075824487852966627e+01 6.283185307179259382e+00
1.316606692637037668e+00 7.224459417903646852e+01 6.283185307179259382e+00
2.278060793758609925e+00 7.372696033476108823e+01 6.283185307179259382e+00
1.378331146456468259e+00 7.410871457020130038e+01 6.283185307179259382e+00
9.375858102409719841e-01 7.536624402261340094e+01 6.283185307179259382e+00
1.076439556109495044e+00 7.656169240376642904e+01 6.283185307179259382e+00
2.662421312463305156e+00 7.702492837178579066e+01 6.283185307179259382e+00
1.186318678906935542e+00 7.847888165247600512e+01 6.283185307179259382e+00
1.590561618126615784e+00 7.990038449117760422e+01 6.283185307179259382e+00
1.914495510759643082e+00 8.027131799594832273e+01 6.283185307179259382e+00
8.674285166728074037e-01 8.155046117577735743e+01 6.283185307179259382e+00
8.373499491426106278e-01 8.265661765337149802e+01 6.283185307179259382e+00
2.899478423790728510e+00 8.327308566573093174e+01 6.283185307179259382e+00
9.282083580470712469e-01 8.460327357269407855e+01 6.283185307179259382e+00
9.071174057413199376e-01 8.584057153955642150e+01 6.283185307179259382e+00
3.083500454903156829e+00 8.645157999522967884e+01 6.283185307179259382e+00
7.908675558395648064e-01 8.757752725961938722e+01 6.283185307179259382e+00
7.815941071690265529e-01 8.838005484954562974e+01 6.283185307179259382e+00
3.147704269419872691e+00 8.948245796903636062e+01 6.283185307179259382e+00
8.726703918396121473e-01 9.013032376221720199e+01 6.283185307179259382e+00
9.047412481857561861e-01 9.134804640749746341e+01 6.283185307179259382e+00
2.939874191301207418e+00 9.265980551373277763e+01 6.283185307179259382e+00
8.194328601085915098e-01 9.329780900019075318e+01 6.283185307179259382e+00
8.663935334184172943e-01 9.438912812257552787e+01 6.283185307179259382e+00
1.966736394953465528e+00 9.566493773076591367e+01 6.283185307179259382e+00
1.538008961030712385e+00 9.604116567252984282e+01 6.283185307179259382e+00
1.168628657182503749e+00 9.745427204411534206e+01 6.283185307179259382e+00
2.640190532030738613e+00 9.890400042035480510e+01 6.283185307179259382e+00
1.062910530254063790e+00 9.937067728859892668e+01 6.283185307179259382e+00
9.197161063734270448e-01 1.005708935453462090e+02 6.283185307179259382e+00
1.420741652538619393e+00 1.018362253121352268e+02 6.283185307179259382e+00
2.165759694371025557e+00 1.022129048128215345e+02 6.283185307179259382e+00
1.286124383719731590e+00 1.036861866005500019e+02 6.283185307179259382e+00
2.486558795731141469e+00 1.051661577898163102e+02 6.283185307179259382e+00
1.230109983957963227e+00 1.055783630335892127e+02 6.283185307179259382e+00
9.477352516252683934e-01 1.068104559485300058e+02 6.283185307179259382e+00
1.190648282750787601e+00 1.080332074027533480e+02 6.283185307179259382e+00
2.526034791316031480e+00 1.084566380540605621e+02 6.283185307179259382e+00
1.260628125995051363e+00 1.099306159194328245e+02 6.283185307179259382e+00
1.995766369799781392e+00 1.113932481676636712e+02 6.283185307179259382e+00
1.526058827446675314e+00 1.117604048721796630e+02 6.283185307179259382e+00
8.932637090110461253e-01 1.130390304250635722e+02 6.283185307179259382e+00
1.013303374519755717e+00 1.142330143660449551e+02 6.283185307179259382e+00
2.630732059697884928e+00 1.147197059859004611e+02 6.283185307179259382e+00
1.109339139406096741e+00 1.161497983676624557e+02 6.283185307179259382e+00
1.347919243732719652e+00 1.175299143031528217e+02 6.283185307179259382e+00
2.203631201955376540e+00 1.179339533195650205e+02 6.283185307179259382e+00
8.455955255503058154e-01 1.191940023575697580e+02 6.283185307179259382e+00
7.639703292893703646e-01 1.202256978795668090e+02 6.283185307179259382e+00
3.048855082034971353e+00 1.209537048519715654e+02 6.283185307179259382e+00
8.166017292037176523e-01 1.221670921810360113e+02 6.283185307179259382e+00
7.750039334817707681e-01 1.233151526073166906e+02 6.283185307179259382e+00
3.313845761701081027e+00 1.241277814507683672e+02 6.283185307179259382e+00
7.517347069600074372e-01 1.251248268274375732e+02 6.283185307179259382e+00
8.446895263160862921e-01 1.259482113125494180e+02 6.283185307179259382e+00
2.784789720285231418e+00 1.271523041220731471e+02 6.283185307179259382e+00
1.099453023785160966e+00 1.276398994827897724e+02 6.283185307179259382e+00
1.046765594232155205e+00 1.289540170543710644e+02 6.283185307179259382e+00
2.989344143972813228e+00 1.303475159622575177e+02 6.283185307179259382e+00
9.186498238079535694e-01 1.309076895339963471e+02 6.283185307179259382e+00
9.530065316324465297e-01 1.320207585428983919e+02 6.283185307179259382e+00
1.606652115072509934e+00 1.332911206207307373e+02 6.283185307179259382e+00
2.064467933288563373e+00 1.336493987950003373e+02 6.283185307179259382e+00
1.350014230263576254e+00 1.351279719815788098e+02 6.283185307179259382e+00
3.186891370702290782e+00 1.366186506053808785e+02 6.283185307179259382e+00
1.130372043219056266e+00 1.370816079011123634e+02 6.283185307179259382e+00
1.166388563029544079e+00 1.382061807846716022e+02 6.283185307179259382e+00
8.922245849975461995e-01 1.391718531116050599e+02 6.283185307179259382e+00
3.602532232489857655e+00 1.398085281193695835e+02 6.283185307179259382e+00
9.568887740154470301e-01 1.411120532277716961e+02 6.283185307179259382e+00
8.879982316253537400e-01 1.423162033080630238e+02 6.283185307179259382e+00
3.681399467743468268e+00 1.429827805436042354e+02 6.283185307179259382e+00
8.134169041994310234e-01 1.440221646152194239e+02 6.283185307179259382e+00
1.035274512146588277e+00 1.446747702473266486e+02 6.283185307179259382e+00
2.286718551360232166e+00 1.459415113583475829e+02 6.283185307179259382e+00
1.759407271126693262e+00 1.462877378424890367e+02 6.283185307179259382e+00
1.456978067928629939e+00 1.477494484549802678e+02 6.283185307179259382e+00
6.446341283823368684e+00 1.491747033156933924e+02 6.283185307179259382e+00
