7.921000000000001373e-01 0.000000000000000000e+00 0.000000000000000000e+00
1.263412576640766449e+00 1.285484013857568719e+00 6.283185307179259382e+00
1.966553534476024323e+00 1.686203163428932061e+00 6.283185307179259382e+00
1.078206150260480722e+00 3.111336259843215046e+00 6.283185307179259382e+00
1.583194109140268369e+00 4.519226829313716998e+00 6.283185307179259382e+00
1.657453238241822113e+00 4.898296416781959373e+00 6.283185307179259382e+00
7.914266575477457710e-01 6.187773494259601215e+00 6.283185307179259382e+00
9.646387013255460774e-01 7.419001935872397979e+00 6.283185307179259382e+00
2.377767080762941188e+00 7.912646949817610853e+00 6.283185307179259382e+00
9.957559461958662705e-01 9.306126208410217870e+00 6.283185307179259382e+00
1.134591183573391060e+00 1.063610040107268340e+01 6.283185307179259382e+00
2.365042706490107172e+00 1.109627924925397835e+01 6.283185307179259382e+00
7.936735319918969411e-01 1.232634340445473420e+01 6.283185307179259382e+00
7.309096435659729885e-01 1.335684064959134254e+01 6.283185307179259382e+00
2.975475121586586891e+00 1.413345442048323619e+01 6.283185307179259382e+00
7.697573586779871135e-01 1.528505825680972841e+01 6.283185307179259382e+00
7.426493992952047929e-01 1.641196983470288728e+01 6.283185307179259382e+00
3.178572198821580930e+00 1.730769030027347455e+01 6.283185307179259382e+00
7.269996134804068699e-01 1.826248709624421451e+01 6.283185307179259382e+00
8.018376044374943001e-01 1.915746902935878992e+01 6.283185307179259382e+00
2.742238347680393762e+00 2.034335593679451293e+01 6.283185307179259382e+00
1.009720545073375053e+00 2.087011177342286317e+01 6.283185307179259382e+00
9.701350396399776033e-01 2.215671778386115420e+01 6.283185307179259382e+00
2.678160808883669475e+00 2.352618398009996525e+01 6.283185307179259382e+00
8.829940721291180683e-01 2.408483040372335182e+01 6.283185307179259382e+00
8.332068488202716283e-01 2.525302943903583142e+01 6.283185307179259382e+00
1.813244063259171757e+00 2.653485231986276816e+01 6.283185307179259382e+00
1.561808259439328772e+00 2.691143557798891450e+01 6.283185307179259382e+00
1.127169630968029246e+00 2.832318849137639560e+01 6.283185307179259382e+00
2.291543193554135271e+00 2.976400968079709131e+01 6.283185307179259382e+00
1.138722270625033950e+00 3.019449333396882196e+01 6.283185307179259382e+00
8.417087228023254486e-01 3.144817904811143450e+01 6.283185307179259382e+00
1.393548143442103315e+00 3.272984604631088956e+01 6.283185307179259382e+00
1.971250771729810891e+00 3.311233814685438404e+01 6.283185307179259382e+00
1.163468086502188248e+00 3.455650824412022359e+01 6.283185307179259382e+00
1.960524445402795246e+00 3.600077378056624156e+01 6.283185307179259382e+00
1.400178087127515125e+00 3.638213744493356216e+01 6.283185307179259382e+00
8.360761337918137803e-01 3.766643950674197328e+01 6.283185307179259382e+00
1.135766727723410474e+00 3.892064010971927246e+01 6.283185307179259382e+00
2.267112380642434921e+00 3.935183094375290835e+01 6.283185307179259382e+00
1.113297720664042423e+00 4.078822307006265646e+01 6.283185307179259382e+00
1.523521223480132303e+00 4.219463351042616495e+01 6.283185307179259382e+00
1.840606858000926715e+00 4.257416472692305121e+01 6.283185307179259382e+00
8.224089874448609061e-01 4.385548455907944998e+01 6.283185307179259382e+00
8.730266277539788788e-01 4.502355757371670819e+01 6.283185307179259382e+00
2.659042740584523390e+00 4.558790990286008338e+01 6.283185307179259382e+00
9.542160823686867133e-01 4.694872547629678650e+01 6.283185307179259382e+00
9.830152115751576991e-01 4.822577718089586796e+01 6.283185307179259382e+00
2.779915557305797869e+00 4.876790834657812468e+01 6.283185307179259382e+00
7.933279460832924901e-01 4.994391445907638882e+01 6.283185307179259382e+00
7.287286528848793132e-01 5.083430368808684818e+01 6.283185307179259382e+00
3.174161268236289413e+00 5.180480891822917755e+01 6.283185307179259382e+00
7.484783386245272840e-01 5.267522873205248146e+01 6.283185307179259382e+00
7.788243807017556364e-01 5.380803262809574505e+01 6.283185307179259382e+00
2.971169921602349273e+00 5.497915071443847523e+01 6.283185307179259382e+00
7.367200901605387431e-01 5.574101603600919930e+01 6.283185307179259382e+00
8.020699939611358742e-01 5.677775615672883447e+01 6.283185307179259382e+00
2.327046551579404099e+00 5.801410587066952473e+01 6.283185307179259382e+00
1.165683073523242630e+00 5.846412207692343088e+01 6.283185307179259382e+00
1.009954038968288170e+00 5.980187561397693941e+01 6.283185307179259382e+00
2.391150974446416111e+00 6.120158920918954237e+01 6.283185307179259382e+00
9.741233466836368704e-01 6.169129999871285719e+01 6.283185307179259382e+00
7.979544410274350685e-01 6.292345222848324937e+01 6.283185307179259382e+00
1.640717061397469756e+00 6.421231775765507166e+01 6.283185307179259382e+00
1.604377733806639394e+00 6.459087956165384981e+01 6.283185307179259382e+00
1.083051426263063721e+00 6.600081492112266801e+01 6.283185307179259382e+00
1.964483265563008452e+00 6.742762617728223518e+01 6.283185307179259382e+00
1.270237166705058707e+00 6.782673375615274836e+01 6.283185307179259382e+00
7.902859848880733340e-01 6.911429139187232806e+01 6.283185307179259382e+00
1.260526379140599618e+00 7.040001096944949666e+01 6.283185307179259382e+00
1.964220323185950967e+00 7.080119489782329367e+01 6.283185307179259382e+00
1.075231950317389717e+00 7.222554347707496447e+01 6.283185307179259382e+00
1.573408403858694182e+00 7.363216621041242149e+01 6.283185307179259382e+00
1.664484811429924660e+00 7.401176313048586053e+01 6.283185307179259382e+00
7.901029556647367613e-01 7.530095151199178360e+01 6.283185307179259382e+00
9.604905775741798823e-01 7.653149319338068324e+01 6.283185307179259382e+00
2.380141420145385212e+00 7.702709833064085387e+01 6.283185307179259382e+00
9.923918775712710083e-01 7.841906213356904232e+01 6.283185307179259382e+00
1.126068681854680342e+00 7.974669888161390929e+01 6.283185307179259382e+00
2.378160863037043438e+00 8.021007617923206112e+01 6.283185307179259382e+00
7.926346737119678298e-01 8.143818774682610240e+01 6.283185307179259382e+00
7.291397039500792099e-01 8.246526164752151544e+01 6.283185307179259382e+00
2.980627285133131465e+00 8.324764218202612653e+01 6.283185307179259382e+00
7.665525765841086914e-01 8.439212516809963915e+01 6.283185307179259382e+00
7.409222338234524585e-01 8.551709186276362118e+01 6.283185307179259382e+00
3.173499615493085901e+00 8.642194546399410626e+01 6.283185307179259382e+00
7.258230145806614519e-01 8.737122035069522497e+01 6.283185307179259382e+00
8.012824133713158936e-01 8.827074551467534036e+01 6.283185307179259382e+00
2.730623465783986958e+00 8.945784396476440747e+01 6.283185307179259382e+00
1.011780180087029191e+00 8.998299817193888828e+01 6.283185307179259382e+00
9.700138000577862574e-01 9.127057656538102037e+01 6.283185307179259382e+00
2.666189335122639559e+00 9.264057623250165818e+01 6.283185307179259382e+00
8.842708433648102107e-01 9.319734970882751668e+01 6.283185307179259382e+00
8.305058934583842145e-01 9.436822620780908721e+01 6.283185307179259382e+00
1.811162182693178524e+00 9.565010159450635285e+01 6.283185307179259382e+00
1.556059355908996134e+00 9.602730769392799459e+01 6.283185307179259382e+00
1.122627221473166736e+00 9.743793340943916803e+01 6.283185307179259382e+00
2.272015917181963829e+00 9.887752507871587682e+01 6.283185307179259382e+00
1.142293969730632242e+00 9.930657024694497181e+01 6.283185307179259382e+00
8.370464677376928675e-01 1.005627708402158902e+02 6.283185307179259382e+00
1.391409136831174509e+00 1.018453455523983848e+02 6.283185307179259382e+00
1.959760346001414577e+00 1.022282780968712785e+02 6.283185307179259382e+00
1.156037220954605260e+00 1.036705825763137909e+02 6.283185307179259382e+00
1.933949362887878110e+00 1.051124205785771011e+02 6.283185307179259382e+00
1.411476184327989936e+00 1.054929587561118893e+02 6.283185307179259382e+00
8.311966326280606498e-01 1.067787895225970942e+02 6.283185307179259382e+00
1.128279556105715953e+00 1.080335009286890227e+02 6.283185307179259382e+00
2.261962242522157940e+00 1.084665207528715740e+02 6.283185307179259382e+00
1.105053807464722482e+00 1.099005650906005371e+02 6.283185307179259382e+00
1.497064187450376060e+00 1.113030163229632166e+02 6.283185307179259382e+00
1.865387857414707806e+00 1.116851047759446800e+02 6.283185307179259382e+00
8.194919177163642043e-01 1.129649280262661790e+02 6.283185307179259382e+00
8.628052924005018554e-01 1.141285321782352753e+02 6.283185307179259382e+00
2.670735856506655903e+00 1.147011271660981322e+02 6.283185307179259382e+00
9.434707276583598201e-01 1.160551629349418761e+02 6.283185307179259382e+00
9.624518826519374848e-01 1.173237162920950851e+02 6.283185307179259382e+00
2.819830780083926847e+00 1.178799676647631145e+02 6.283185307179259382e+00
7.892585138785537247e-01 1.190470699801246042e+02 6.283185307179259382e+00
7.314127921732572757e-01 1.199294386053087607e+02 6.283185307179259382e+00
3.169486027338802803e+00 1.209173058474681568e+02 6.283185307179259382e+00
7.552491709135098485e-01 1.217599411095806801e+02 6.283185307179259382e+00
7.885575664461820233e-01 1.229004902553385961e+02 6.283185307179259382e+00
2.941213561646637942e+00 1.240914544743943964e+02 6.283185307179259382e+00
7.416883880507644244e-01 1.248360600730593291e+02 6.283185307179259382e+00
8.006334693126999635e-01 1.258865457126576217e+02 6.283185307179259382e+00
2.290325953006646653e+00 1.271263252872089851e+02 6.283185307179259382e+00
1.179619249763269373e+00 1.275712974979517327e+02 6.283185307179259382e+00
1.011621514383501452e+00 1.289126453064596376e+02 6.283185307179259382e+00
2.361028503015527580e+00 1.303139109322083868e+02 6.283185307179259382e+00
9.845339230672408570e-01 1.307976065249644080e+02 6.283185307179259382e+00
7.940939677264735597e-01 1.320352811752159994e+02 6.283185307179259382e+00
1.623059777890648814e+00 1.333248740591968442e+02 6.283185307179259382e+00
1.608629528624352600e+00 1.337038964970407449e+02 6.283185307179259382e+00
1.077940487757149679e+00 1.351133911330824731e+02 6.283185307179259382e+00
1.931898270575672427e+00 1.365383062322802630e+02 6.283185307179259382e+00
1.286742460496394402e+00 1.369350190149225455e+02 6.283185307179259382e+00
7.859658354736915875e-01 1.382247585296948955e+02 6.283185307179259382e+00
1.244094238600529589e+00 1.395104019069356127e+02 6.283185307179259382e+00
1.969939902082337602e+00 1.399142883516516349e+02 6.283185307179259382e+00
1.067165721092548480e+00 1.413366673379954648e+02 6.283185307179259382e+00
1.538829711489382968e+00 1.427390503895755671e+02 6.283185307179259382e+00
1.696221920308104147e+00 1.431205742374140186e+02 6.283185307179259382e+00
7.872888607606580713e-01 1.444082470089233254e+02 6.283185307179259382e+00
9.424654756214916329e-01 1.456338617688254260e+02 6.283185307179259382e+00
2.401208596538745965e+00 1.461390060625207923e+02 6.283185307179259382e+00
9.801893893889545017e-01 1.475248406435017330e+02 6.283185307179259382e+00
1.092500838648120309e+00 1.488427900995897915e+02 6.283185307179259382e+00
2.438019301089661806e+00 1.493199400236522081e+02 6.283185307179259382e+00
7.895714704391647576e-01 1.505394985304509987e+02 6.283185307179259382e+00
7.226451127390089990e-01 1.515492940430754345e+02 6.283185307179259382e+00
3.008494208348293064e+00 1.523587111066232467e+02 6.283185307179259382e+00
7.536953371309251803e-01 1.534689637415181949e+02 6.283185307179259382e+00
7.355274429867220132e-01 1.545864697181999361e+02 6.283185307179259382e+00
3.148987572743881636e+00 1.555333220599095796e+02 6.283185307179259382e+00
7.215233895391240937e-01 1.564566305010762335e+02 6.283185307179259382e+00
7.993052106431165482e-01 1.573768906639911904e+02 6.283185307179259382e+00
2.675860444564486684e+00 1.585700761147241451e+02 6.283185307179259382e+00
1.023673669082572291e+00 1.590867961842507441e+02 6.283185307179259382e+00
9.708164049169953902e-01 1.603795527883226839e+02 6.283185307179259382e+00
2.613942455894614714e+00 1.617525247524073677e+02 6.283185307179259382e+00
8.916434201721772368e-01 1.623001912943246055e+02 6.283185307179259382e+00
8.197528479795734846e-01 1.634828319671870247e+02 6.283185307179259382e+00
1.797134495506365059e+00 1.647651374232911792e+02 6.283185307179259382e+00
1.537495912123892028e+00 1.651445478313397643e+02 6.283185307179259382e+00
1.105244356565675989e+00 1.665511981815635920e+02 6.283185307179259382e+00
2.193687622010797256e+00 1.679859745318516673e+02 6.283185307179259382e+00
1.159307226489088016e+00 1.684089788879321645e+02 6.283185307179259382e+00
8.194851534920405411e-01 1.696748195923574372e+02 6.283185307179259382e+00
1.377285177474207423e+00 1.709604880556753699e+02 6.283185307179259382e+00
1.922588610538058518e+00 1.713457319940429215e+02 6.283185307179259382e+00
1.127805215076901568e+00 1.727810480331546046e+02 6.283185307179259382e+00
1.831622804444234864e+00 1.742131815373198833e+02 6.283185307179259382e+00
1.460086024524393622e+00 1.745913520484367893e+02 6.283185307179259382e+00
8.137162345317469070e-01 1.758817543658351781e+02 6.283185307179259382e+00
1.094496853187324925e+00 1.771369451221990801e+02 6.283185307179259382e+00
2.253012447748674152e+00 1.775790009380421566e+02 6.283185307179259382e+00
1.073341705577466776e+00 1.790035362107515482e+02 6.283185307179259382e+00
1.395585243049413338e+00 1.803895706087619430e+02 6.283185307179259382e+00
1.970139863457278873e+00 1.807843958503478348e+02 6.283185307179259382e+00
8.092232856786549799e-01 1.820563700461945587e+02 6.283185307179259382e+00
8.231699603863343873e-01 1.831986161698397098e+02 6.283185307179259382e+00
2.725529021104681870e+00 1.838083601787946293e+02 6.283185307179259382e+00
8.999035547012914638e-01 1.851309546228962120e+02 6.283185307179259382e+00
8.871405968105083861e-01 1.863640006964070039e+02 6.283185307179259382e+00
2.968069676094227116e+00 1.869837647421393001e+02 6.283185307179259382e+00
7.724070470935348043e-01 1.881105350152165556e+02 6.283185307179259382e+00
7.473138570238540002e-01 1.889688568801698239e+02 6.283185307179259382e+00
3.122076797917619828e+00 1.900219779956800039e+02 6.283185307179259382e+00
7.988661722931942322e-01 1.907593265436765364e+02 6.283185307179259382e+00
8.347173937498562069e-01 1.919371059412430611e+02 6.283185307179259382e+00
2.844742842028159746e+00 1.931959217343022601e+02 6.283185307179259382e+00
7.708476671687775061e-01 1.938767488194261546e+02 6.283185307179259382e+00
8.033341757040927122e-01 1.949722393175283912e+02 6.283185307179259382e+00
2.144672014883607147e+00 1.962273302546078071e+02 6.283185307179259382e+00
1.262758722993635230e+00 1.966484204721930666e+02 6.283185307179259382e+00
1.033790806238220394e+00 1.980088428136737377e+02 6.283185307179259382e+00
2.291797480482150817e+00 1.994201656178672977e+02 6.283185307179259382e+00
1.031529180106661947e+00 1.998828701456101271e+02 6.283185307179259382e+00
7.950735953030042547e-01 2.011333485369268601e+02 6.283185307179259382e+00
1.549477002242357626e+00 2.024247888864276206e+02 6.283185307179259382e+00
1.677642648618525412e+00 2.028032867779002402e+02 6.283185307179259382e+00
1.084939302020145657e+00 2.042188062861468723e+02 6.283185307179259382e+00
1.881342998635278985e+00 2.056440656645605429e+02 6.283185307179259382e+00
1.339071638347226090e+00 2.060341558455705808e+02 6.283185307179259382e+00
7.884187921583637459e-01 2.073259089926337424e+02 6.283185307179259382e+00
1.195481950136985105e+00 2.086062433478784612e+02 6.283185307179259382e+00
2.036938091175485521e+00 2.090194118080362955e+02 6.283185307179259382e+00
1.064304730068392768e+00 2.104417077754469005e+02 6.283185307179259382e+00
1.484338031500613608e+00 2.118382073761728464e+02 6.283185307179259382e+00
1.776372537463777102e+00 2.122232405194090745e+02 6.283185307179259382e+00
7.906508003475103408e-01 2.135065664790806750e+02 6.283185307179259382e+00
9.015815731623137985e-01 2.147126065718616132e+02 6.283185307179259382e+00
2.487769777357363932e+00 2.152449693082011777e+02 6.283185307179259382e+00
9.577456848635182984e-01 2.166163625446586991e+02 6.283185307179259382e+00
1.024182985350176045e+00 2.179116084190594904e+02 6.283185307179259382e+00
2.593942879737138885e+00 2.184235201352621516e+02 6.283185307179259382e+00
7.861181098720446681e-01 2.196209624962856140e+02 6.283185307179259382e+00
7.158291058881995905e-01 2.205813683655817101e+02 6.283185307179259382e+00
3.083214671372640048e+00 2.214633677481636482e+02 6.283185307179259382e+00
7.344718477623415342e-01 2.224734250700551286e+02 6.283185307179259382e+00
7.390541299081567761e-01 2.235849998078114993e+02 6.283185307179259382e+00
3.062341221162417693e+00 2.246383289758295803e+02 6.283185307179259382e+00
7.177670892988093909e-01 2.254907616341016023e+02 6.283185307179259382e+00
7.932708307211330245e-01 2.264679234438305571e+02 6.283185307179259382e+00
2.528252405990530693e+00 2.276768863239135214e+02 6.283185307179259382e+00
1.059769973060425752e+00 2.281709861193010624e+02 6.283185307179259382e+00
9.733646679747854913e-01 2.294778123856023910e+02 6.283185307179259382e+00
2.476334436844349618e+00 2.308582754544941906e+02 6.283185307179259382e+00
9.174173398794540635e-01 2.313804732199936325e+02 6.283185307179259382e+00
7.945185628012826351e-01 2.325927680652330878e+02 6.283185307179259382e+00
1.743755160198821486e+00 2.338770284867091789e+02 6.283185307179259382e+00
1.509383686067148567e+00 2.342605509800592358e+02 6.283185307179259382e+00
1.067051163362882749e+00 2.356596303106902326e+02 6.283185307179259382e+00
2.014550428536383997e+00 2.370830401337042588e+02 6.283185307179259382e+00
1.211650264682438971e+00 2.374923453822342196e+02 6.283185307179259382e+00
7.842299152264111672e-01 2.387768059401983010e+02 6.283185307179259382e+00
1.320801589844952328e+00 2.400675803855946526e+02 6.283185307179259382e+00
1.876518204754720642e+00 2.404605906375250015e+02 6.283185307179259382e+00
1.070353709047464408e+00 2.418818810724212653e+02 6.283185307179259382e+00
1.621103346833144165e+00 2.432915401997237268e+02 6.283185307179259382e+00
1.587298545603586630e+00 2.436709371522512129e+02 6.283185307179259382e+00
7.834308888286639627e-01 2.449632477764007774e+02 6.283185307179259382e+00
1.006400140862421022e+00 2.462116469156184735e+02 6.283185307179259382e+00
2.282456777033917028e+00 2.466834602390635212e+02 6.283185307179259382e+00
1.007044022752799917e+00 2.480843189889312157e+02 6.283185307179259382e+00
1.194005415249634661e+00 2.494296083029002489e+02 6.283185307179259382e+00
2.227580708315439306e+00 2.498684768020846718e+02 6.283185307179259382e+00
7.906883519593813636e-01 2.511127905088838759e+02 6.283185307179259382e+00
7.513281253166447238e-01 2.521915369818659087e+02 6.283185307179259382e+00
2.867540493767935406e+00 2.529047248631844980e+02 6.283185307179259382e+00
8.062092999427676876e-01 2.541273104128444800e+02 6.283185307179259382e+00
7.700783712735647102e-01 2.552837976701774778e+02 6.283185307179259382e+00
3.153339155763138724e+00 2.560781104074203540e+02 6.283185307179259382e+00
7.371718398262390171e-01 2.570960006843890255e+02 6.283185307179259382e+00
7.853435503958081654e-01 2.579637432803924639e+02 6.283185307179259382e+00
2.890522376251445369e+00 2.591155861599968944e+02 6.283185307179259382e+00
9.325188988432326909e-01 2.596963058726432223e+02 6.283185307179259382e+00
9.290761952860553397e-01 2.609505772177174663e+02 6.283185307179259382e+00
2.721855721957630703e+00 2.622939324724148946e+02 6.283185307179259382e+00
8.456319960616869302e-01 2.628838494460517268e+02 6.283185307179259382e+00
8.229176182656741112e-01 2.640344911398670433e+02 6.283185307179259382e+00
1.906367923028208233e+00 2.653110519734228774e+02 6.283185307179259382e+00
1.465199912631764301e+00 2.656969503449566901e+02 6.283185307179259382e+00
1.098036315376881955e+00 2.670943460767388729e+02 6.283185307179259382e+00
2.279044453263217473e+00 2.685268453489173908e+02 6.283185307179259382e+00
1.110210839277349759e+00 2.689646869633976962e+02 6.283185307179259382e+00
8.255043543481482837e-01 2.702193217574789514e+02 6.283185307179259382e+00
1.435973635254825131e+00 2.715060625205187534e+02 6.283185307179259382e+00
1.878408781411206707e+00 2.718857185299121397e+02 6.283185307179259382e+00
1.138754976274431785e+00 2.733215412546732637e+02 6.283185307179259382e+00
1.928754937062960639e+00 2.747597834699140549e+02 6.283185307179259382e+00
1.387558967750710748e+00 2.751431891134237162e+02 6.283185307179259382e+00
8.209839253212093402e-01 2.764300952106400473e+02 6.283185307179259382e+00
1.150595665473106433e+00 2.776928046850281362e+02 6.283185307179259382e+00
2.199173850634205341e+00 2.781185889541499705e+02 6.283185307179259382e+00
1.098758801692437892e+00 2.795509779635734162e+02 6.283185307179259382e+00
1.509697227886221960e+00 2.809542402722375982e+02 6.283185307179259382e+00
1.825711481408298864e+00 2.813355631786980098e+02 6.283185307179259382e+00
8.133069865557941425e-01 2.826172688413798824e+02 6.283185307179259382e+00
8.798331835678405710e-01 2.837960574435505237e+02 6.283185307179259382e+00
2.612333279803934705e+00 2.843517640388428731e+02 6.283185307179259382e+00
9.555545486690807389e-01 2.857157990689105986e+02 6.283185307179259382e+00
9.940629844520892933e-01 2.869980329556190100e+02 6.283185307179259382e+00
2.728656681237157322e+00 2.875315073899914751e+02 6.283185307179259382e+00
7.917420262895459304e-01 2.887137480802105074e+02 6.283185307179259382e+00
7.234854933908519969e-01 2.896228382579579375e+02 6.283185307179259382e+00
3.155278986864261448e+00 2.905692875628325851e+02 6.283185307179259382e+00
7.402261398249266877e-01 2.914792403005869801e+02 6.283185307179259382e+00
7.645179425877155488e-01 2.926030809409538733e+02 6.283185307179259382e+00
2.994883076866220240e+00 2.937438543952459327e+02 6.283185307179259382e+00
7.289633396651697961e-01 2.945304211190327806e+02 6.283185307179259382e+00
7.982589318005731682e-01 2.955517776923833821e+02 6.283185307179259382e+00
2.383637001958303525e+00 2.967804234133390651e+02 6.283185307179259382e+00
1.130555199208872041e+00 2.972430818373626948e+02 6.283185307179259382e+00
9.970005822318084299e-01 2.985714415716487906e+02 6.283185307179259382e+00
2.405757954265683285e+00 2.999652793498620440e+02 6.283185307179259382e+00
9.569599705778429888e-01 3.004633869841424598e+02 6.283185307179259382e+00
7.939882111826416233e-01 3.016918143936630372e+02 6.283185307179259382e+00
1.670091122441833553e+00 3.029796210722527121e+02 6.283185307179259382e+00
1.568032890426449555e+00 3.033599104193646667e+02 6.283185307179259382e+00
1.073582682884368422e+00 3.047654110921479287e+02 6.283185307179259382e+00
1.964003436277736991e+00 3.061898605313474491e+02 6.283185307179259382e+00
1.256046048933564974e+00 3.065912352635339175e+02 6.283185307179259382e+00
7.849424947771304062e-01 3.078792146136633505e+02 6.283185307179259382e+00
1.274390610421665793e+00 3.091673156413625065e+02 6.283185307179259382e+00
1.931224996059457188e+00 3.095664067405845685e+02 6.283185307179259382e+00
1.068498484220269606e+00 3.109884853158932856e+02 6.283185307179259382e+00
1.571582743748179078e+00 3.123939700671513719e+02 6.283185307179259382e+00
1.650992800014370987e+00 3.127742225719851490e+02 6.283185307179259382e+00
7.855075628231206197e-01 3.140640247147359787e+02 6.283185307179259382e+00
9.677888216143317734e-01 3.152996783442440574e+02 6.283185307179259382e+00
2.351813587299379282e+00 3.157904480055778436e+02 6.283185307179259382e+00
9.918054372176496880e-01 3.171831079301351224e+02 6.283185307179259382e+00
1.133424750341229803e+00 3.185128972374045588e+02 6.283185307179259382e+00
2.349960487940415454e+00 3.189729391084155168e+02 6.283185307179259382e+00
7.904626036232453856e-01 3.202034566029538496e+02 6.283185307179259382e+00
7.317974187199942637e-01 3.212421069193720200e+02 6.283185307179259382e+00
2.954284749543774957e+00 3.220108247928058063e+02 6.283185307179259382e+00
7.727174053825205391e-01 3.231715548467888652e+02 6.283185307179259382e+00
7.441237014010385620e-01 3.243015142539555882e+02 6.283185307179259382e+00
3.170709753963740329e+00 3.251849200121769741e+02 6.283185307179259382e+00
7.269864499316441853e-01 3.261477660697118495e+02 6.283185307179259382e+00
7.975818869003558076e-01 3.270410901622387883e+02 6.283185307179259382e+00
2.762767990954778430e+00 3.282214008070041587e+02 6.283185307179259382e+00
9.938681999239606935e-01 3.287574864955395242e+02 6.283185307179259382e+00
9.608425123878384655e-01 3.300382085685981224e+02 6.283185307179259382e+00
2.672664854617285535e+00 3.314029462775874890e+02 6.283185307179259382e+00
8.759101012328950331e-01 3.319658945564466421e+02 6.283185307179259382e+00
8.274619977665640391e-01 3.331338004396151291e+02 6.283185307179259382e+00
1.831031811650508656e+00 3.344146872740022332e+02 6.283185307179259382e+00
1.532607680666320693e+00 3.347938678869437013e+02 6.283185307179259382e+00
1.114999419129837355e+00 3.362010845809147668e+02 6.283185307179259382e+00
2.264169922187300621e+00 3.376385569284233270e+02 6.283185307179259382e+00
1.136859344264635086e+00 3.380688029169969582e+02 6.283185307179259382e+00
8.322542700700162888e-01 3.393258802807192751e+02 6.283185307179259382e+00
1.400065169985846625e+00 3.406099100473357453e+02 6.283185307179259382e+00
1.936223079274447478e+00 3.409922172427621376e+02 6.283185307179259382e+00
1.148818054054360660e+00 3.424322583744443591e+02 6.283185307179259382e+00
1.920786527212683614e+00 3.438721948934798434e+02 6.283185307179259382e+00
1.411326579397957692e+00 3.442530138967600237e+02 6.283185307179259382e+00
8.267386745235388856e-01 3.455397347109924340e+02 6.283185307179259382e+00
1.129702584494980622e+00 3.467965027132972295e+02 6.283185307179259382e+00
2.245817974013015306e+00 3.472287083885764218e+02 6.283185307179259382e+00
1.100071489349870646e+00 3.486613704091175805e+02 6.283185307179259382e+00
1.488375246169017396e+00 3.500622659950615798e+02 6.283185307179259382e+00
1.867391246467893451e+00 3.504453464711955348e+02 6.283185307179259382e+00
8.168553039767010304e-01 3.517248907641943561e+02 6.283185307179259382e+00
8.620513493681575268e-01 3.528899790421704665e+02 6.283185307179259382e+00
2.662912926308243389e+00 3.534623838863949459e+02 6.283185307179259382e+00
9.416011267869678347e-01 3.548157764463459785e+02 6.283185307179259382e+00
9.606027083736826677e-01 3.560837533866193212e+02 6.283185307179259382e+00
2.816602770509297304e+00 3.566409479202357602e+02 6.283185307179259382e+00
7.881167572949744349e-01 3.578076537518046507e+02 6.283185307179259382e+00
7.305221219605658733e-01 3.586924085217544302e+02 6.283185307179259382e+00
3.165376904675612391e+00 3.596785907568518610e+02 6.283185307179259382e+00
7.540223034252021561e-01 3.605243081311808737e+02 6.283185307179259382e+00
7.868730357776929640e-01 3.616640288892102717e+02 6.283185307179259382e+00
2.939406966971603641e+00 3.628527360553164272e+02 6.283185307179259382e+00
7.405308880314246389e-01 3.635991368530158638e+02 6.283185307179259382e+00
7.990982479738889532e-01 3.646493887952759678e+02 6.283185307179259382e+00
2.295453953843583417e+00 3.658881009500202595e+02 6.283185307179259382e+00
1.173292770635687488e+00 3.663349997085929317e+02 6.283185307179259382e+00
1.008339514824516447e+00 3.676747731985453242e+02 6.283185307179259382e+00
2.355747424420799874e+00 3.690748744429658359e+02 6.283185307179259382e+00
9.826403247421466869e-01 3.695590534644927629e+02 6.283185307179259382e+00
7.916864759828504683e-01 3.707974422711898796e+02 6.283185307179259382e+00
1.625950084112232075e+00 3.720870120809746595e+02 6.283185307179259382e+00
1.599183455039864254e+00 3.724665999316271154e+02 6.283185307179259382e+00
1.073584685574112685e+00 3.738746833457144021e+02 6.283185307179259382e+00
1.921713124661203809e+00 3.752983267260100888e+02 6.283185307179259382e+00
1.287673938537828855e+00 3.756949629412806644e+02 6.283185307179259382e+00
7.830784657518133907e-01 3.769854717113984748e+02 6.283185307179259382e+00
1.242916080340384255e+00 3.782718334641110118e+02 6.283185307179259382e+00
1.962150152723296292e+00 3.786759036119404982e+02 6.283185307179259382e+00
1.062797792678986442e+00 3.800970394247536319e+02 6.283185307179259382e+00
1.528004742513994874e+00 3.814978069449378495e+02 6.283185307179259382e+00
1.701859206267800628e+00 3.818801645706575414e+02 6.283185307179259382e+00
7.851259404296163646e-01 3.831674969064711718e+02 6.283185307179259382e+00
9.391229060905145198e-01 3.843931437076147404e+02 6.283185307179259382e+00
2.399383573389096025e+00 3.848997531775156631e+02 6.283185307179259382e+00
9.764579238022215169e-01 3.862839646564711984e+02 6.283185307179259382e+00
1.084869051893380565e+00 3.875996759301139605e+02 6.283185307179259382e+00
2.447280584807959958e+00 3.880799956783566813e+02 6.283185307179259382e+00
7.880478083886922613e-01 3.892976817682308024e+02 6.283185307179259382e+00
7.214579365052610216e-01 3.903058421433686931e+02 6.283185307179259382e+00
3.009035136092421236e+00 3.911192017992639194e+02 6.283185307179259382e+00
7.517198816584900189e-01 3.922242744604210998e+02 6.283185307179259382e+00
7.347660891264999883e-01 3.933410022916544904e+02 6.283185307179259382e+00
3.141383261677512362e+00 3.942938436777446327e+02 6.283185307179259382e+00
7.205802899574278442e-01 3.952134944005287593e+02 6.283185307179259382e+00
7.977361968462164388e-01 3.961378625537059293e+02 6.283185307179259382e+00
2.669071877523379044e+00 3.973310139077521512e+02 6.283185307179259382e+00
1.022085718704700774e+00 3.978481774498591790e+02 6.283185307179259382e+00
9.685640923078323583e-01 3.991405822610660721e+02 6.283185307179259382e+00
2.600833489323818970e+00 4.005130226823972635e+02 6.283185307179259382e+00
8.915386998113299377e-01 4.010596788953549208e+02 6.283185307179259382e+00
8.159622619508671848e-01 4.022448781353063509e+02 6.283185307179259382e+00
1.797817891171269222e+00 4.035270461774120463e+02 6.283185307179259382e+00
1.526565435904764234e+00 4.039075668651328215e+02 6.283185307179259382e+00
1.098511053354841671e+00 4.053122642678404191e+02 6.283185307179259382e+00
2.170679638183329097e+00 4.067451398499099469e+02 6.283185307179259382e+00
1.162758327897616129e+00 4.071668596131329423e+02 6.283185307179259382e+00
8.136930039123104752e-01 4.084353726881579973e+02 6.283185307179259382e+00
1.374561637696779526e+00 4.097221474189258856e+02 6.283185307179259382e+00
1.908076134716571337e+00 4.101079638543396868e+02 6.283185307179259382e+00
1.118582171260751545e+00 4.115408737860587394e+02 6.283185307179259382e+00
1.802021630610972425e+00 4.129698672831898989e+02 6.283185307179259382e+00
1.473588334545492984e+00 4.133478296571151986e+02 6.283185307179259382e+00
8.083186125203335459e-01 4.146392208169797868e+02 6.283185307179259382e+00
1.085070369755267272e+00 4.158947628828590837e+02 6.283185307179259382e+00
2.248797600077685921e+00 4.163394072819538678e+02 6.283185307179259382e+00
1.063877052456610128e+00 4.177609750468897687e+02 6.283185307179259382e+00
1.367856455142049343e+00 4.191420780844119918e+02 6.283185307179259382e+00
1.999253935717230757e+00 4.195413035707769609e+02 6.283185307179259382e+00
8.060540205734562091e-01 4.208105970734682728e+02 6.283185307179259382e+00
8.131523097792966448e-01 4.219469214100283239e+02 6.283185307179259382e+00
2.739001669197899780e+00 4.225673253326422127e+02 6.283185307179259382e+00
8.880424684581781358e-01 4.238803200369220576e+02 6.283185307179259382e+00
8.692497236646627989e-01 4.251038038494398279e+02 6.283185307179259382e+00
3.000322531992342334e+00 4.257420801953944078e+02 6.283185307179259382e+00
7.676766967103015871e-01 4.268571689485892762e+02 6.283185307179259382e+00
7.518948493440227310e-01 4.277126447063862429e+02 6.283185307179259382e+00
3.101584646403112711e+00 4.287804195071299773e+02 6.283185307179259382e+00
8.128190149809066956e-01 4.294942948725130236e+02 6.283185307179259382e+00
8.468008580981610800e-01 4.306819739022551516e+02 6.283185307179259382e+00
2.824997813118291567e+00 4.319545309153828043e+02 6.283185307179259382e+00
7.794781773072460007e-01 4.326214649717522889e+02 6.283185307179259382e+00
8.050789196738701303e-01 4.337260182888669533e+02 6.283185307179259382e+00
2.110989367735785383e+00 4.349845929063284302e+02 6.283185307179259382e+00
1.286523260111437139e+00 4.354001318242001162e+02 6.283185307179259382e+00
1.041027730624825010e+00 4.367654819779028799e+02 6.283185307179259382e+00
2.282987233605525468e+00 4.381795342514599838e+02 6.283185307179259382e+00
1.042968584602961268e+00 4.386379946357267841e+02 6.283185307179259382e+00
7.974937004415529884e-01 4.398901479624100261e+02 6.283185307179259382e+00
1.532682465028132546e+00 4.411816293439348442e+02 6.283185307179259382e+00
1.700405383821523619e+00 4.415599748060576530e+02 6.283185307179259382e+00
1.089974857548630105e+00 4.429777859317804882e+02 6.283185307179259382e+00
1.879690762459394593e+00 4.444041156410645499e+02 6.283185307179259382e+00
1.348949186387542243e+00 4.447930035659700820e+02 6.283185307179259382e+00
7.913426386082395014e-01 4.460845243027726497e+02 6.283185307179259382e+00
1.186806718834256813e+00 4.473629214736527615e+02 6.283185307179259382e+00
2.057227913387888574e+00 4.477780748786303207e+02 6.283185307179259382e+00
1.066970559994153023e+00 4.492012274449115239e+02 6.283185307179259382e+00
1.481176824755945809e+00 4.505976907447686131e+02 6.283185307179259382e+00
1.788979387142288768e+00 4.509828445119871958e+02 6.283185307179259382e+00
7.929890787888612680e-01 4.522655454868057632e+02 6.283185307179259382e+00
8.957909679778988110e-01 4.534671773865317732e+02 6.283185307179259382e+00
2.507362562796610295e+00 4.540043886589806448e+02 6.283185307179259382e+00
9.553854135626757005e-01 4.553736326750288868e+02 6.283185307179259382e+00
1.015254255508337700e+00 4.566654693778414753e+02 6.283185307179259382e+00
2.620827234910783510e+00 4.571828803894017597e+02 6.283185307179259382e+00
7.862569893968802681e-01 4.583767033940409874e+02 6.283185307179259382e+00
7.161953520230301962e-01 4.593279050768377374e+02 6.283185307179259382e+00
3.096191682843365989e+00 4.602226137063586293e+02 6.283185307179259382e+00
7.336447100022236434e-01 4.612138255666771443e+02 6.283185307179259382e+00
7.422673275604371179e-01 4.623265037812429341e+02 6.283185307179259382e+00
3.046370634131164934e+00 4.633975399760700498e+02 6.283185307179259382e+00
7.185957258953737936e-01 4.642372281846469377e+02 6.283185307179259382e+00
7.928352264680716965e-01 4.652240217568124194e+02 6.283185307179259382e+00
2.501330699013849301e+00 4.664361592188562895e+02 6.283185307179259382e+00
1.068895102531930208e+00 4.669254356058896178e+02 6.283185307179259382e+00
9.752409680501697986e-01 4.682353726249423289e+02 6.283185307179259382e+00
2.455548782951248121e+00 4.696175916581676688e+02 6.283185307179259382e+00
9.235834685435441171e-01 4.701350792655783835e+02 6.283185307179259382e+00
7.917787384901761039e-01 4.713517924473370613e+02 6.283185307179259382e+00
1.731292905545068983e+00 4.726366285332474035e+02 6.283185307179259382e+00
1.511617135890613639e+00 4.730202293335161698e+02 6.283185307179259382e+00
1.063636384833279047e+00 4.744190967110218935e+02 6.283185307179259382e+00
1.992259432451094270e+00 4.758413618766425657e+02 6.283185307179259382e+00
1.221382591859730748e+00 4.762487330076229455e+02 6.283185307179259382e+00
7.809616360642800403e-01 4.775350714272070718e+02 6.283185307179259382e+00
1.309944975717684867e+00 4.788260896885103080e+02 6.283185307179259382e+00
1.878376396850977681e+00 4.792205125967717549e+02 6.283185307179259382e+00
1.064777835630431380e+00 4.806405337422060597e+02 6.283185307179259382e+00
1.597375952709379821e+00 4.820475280040618031e+02 6.283185307179259382e+00
1.606278231763319964e+00 4.824276694702638792e+02 6.283185307179259382e+00
7.810793130239964688e-01 4.837193826670696808e+02 6.283185307179259382e+00
9.941224895833890018e-01 4.849655766432677524e+02 6.283185307179259382e+00
2.293620178288986455e+00 4.854425458449131270e+02 6.283185307179259382e+00
9.994653344308369602e-01 4.868401218511149864e+02 6.283185307179259382e+00
1.171028619879773913e+00 4.881798177385167605e+02 6.283185307179259382e+00
2.263771925517886530e+00 4.886259182617636156e+02 6.283185307179259382e+00
7.889429500002304030e-01 4.898656809002596333e+02 6.283185307179259382e+00
7.442293951334751911e-01 4.909342403772903936e+02 6.283185307179259382e+00
2.888276968828216607e+00 4.916631982847341646e+02 6.283185307179259382e+00
7.951548213552187550e-01 4.928687303867651508e+02 6.283185307179259382e+00
7.603662532080366354e-01 4.940166371473066533e+02 6.283185307179259382e+00
3.159323156397495946e+00 4.948367263165544614e+02 6.283185307179259382e+00
7.333141057600220947e-01 4.958388916261603754e+02 6.283185307179259382e+00
7.883275476284005157e-01 4.967140947759051528e+02 6.283185307179259382e+00
2.854317624903184303e+00 4.978741528782160231e+02 6.283185307179259382e+00
9.481604018384873767e-01 4.984422142672740392e+02 6.283185307179259382e+00
9.371838739193474321e-01 4.997037591027698227e+02 6.283185307179259382e+00
2.703992217930908826e+00 5.010531737594465085e+02 6.283185307179259382e+00
8.535449582705916249e-01 5.016351551372841300e+02 6.283185307179259382e+00
8.228538384009848050e-01 5.027916024394406804e+02 6.283185307179259382e+00
1.885971905397365367e+00 5.040693570238822190e+02 6.283185307179259382e+00
1.479590696885895618e+00 5.044536859974256799e+02 6.283185307179259382e+00
1.100389373348761524e+00 5.058531329735272379e+02 6.283185307179259382e+00
2.266848985773723513e+00 5.072863949448311587e+02 6.283185307179259382e+00
1.118328908415529233e+00 5.077216372467880205e+02 6.283185307179259382e+00
8.251915328468973909e-01 5.089780190816836125e+02 6.283185307179259382e+00
1.425712991698761423e+00 5.102644858867496964e+02 6.283185307179259382e+00
1.888151314668970127e+00 5.106449644088513651e+02 6.283185307179259382e+00
1.138145374647603569e+00 5.120810733456562502e+02 6.283185307179259382e+00
1.915615367364336574e+00 5.135187181711862650e+02 6.283185307179259382e+00
1.398158671612484971e+00 5.139011309605721181e+02 6.283185307179259382e+00
8.203746812908770947e-01 5.151886068415439013e+02 6.283185307179259382e+00
1.141972362660110818e+00 5.164500869039720783e+02 6.283185307179259382e+00
2.208814216499324079e+00 5.168782150974711840e+02 6.283185307179259382e+00
1.095688000163317355e+00 5.183097169191072453e+02 6.283185307179259382e+00
1.493385644552768454e+00 5.197107600185520369e+02 6.283185307179259382e+00
1.846171359085898800e+00 5.200935711634864447e+02 6.283185307179259382e+00
8.129645106631253615e-01 5.213741047190169411e+02 6.283185307179259382e+00
8.709657380347902711e-01 5.225477949263624851e+02 6.283185307179259382e+00
2.629697281849463941e+00 5.231109304080925995e+02 6.283185307179259382e+00
9.477781873129077495e-01 5.244697318702457096e+02 6.283185307179259382e+00
9.769815266071142368e-01 5.257450356253186783e+02 6.283185307179259382e+00
2.767082579733274983e+00 5.262898866134527225e+02 6.283185307179259382e+00
7.892748280660579763e-01 5.274648546166936285e+02 6.283185307179259382e+00
7.257231834882741373e-01 5.283641877390607533e+02 6.283185307179259382e+00
3.158303680606681763e+00 5.293278685428766721e+02 6.283185307179259382e+00
7.447105174668644523e-01 5.302103897876050951e+02 6.283185307179259382e+00
7.730207558896178277e-01 5.313404141026992420e+02 6.283185307179259382e+00
2.967011261600081440e+00 5.325022362608370941e+02 6.283185307179259382e+00
7.328627543213934725e-01 5.332714500302411125e+02 6.283185307179259382e+00
7.970720422622628032e-01 5.343064298546912596e+02 6.283185307179259382e+00
2.346861009243803142e+00 5.355387690021627805e+02 6.283185307179259382e+00
1.144101445318154164e+00 5.359959035358126584e+02 6.283185307179259382e+00
9.989668594441646343e-01 5.373280662409400747e+02 6.283185307179259382e+00
2.376372250284474408e+00 5.387236993017751274e+02 6.283185307179259382e+00
9.668731084897177475e-01 5.392156663532791754e+02 6.283185307179259382e+00
7.902700444920501832e-01 5.404496929709105189e+02 6.283185307179259382e+00
1.652351711176991200e+00 5.417382745767489496e+02 6.283185307179259382e+00
1.572418368552015000e+00 5.421188604239968072e+02 6.283185307179259382e+00
1.068841335185281016e+00 5.435240458947464504e+02 6.283185307179259382e+00
1.932866864758931547e+00 5.449467538643423268e+02 6.283185307179259382e+00
1.271621584544622152e+00 5.453457328275513873e+02 6.283185307179259382e+00
7.808235900055465750e-01 5.466358526010529886e+02 6.283185307179259382e+00
1.258335347790262349e+00 5.479239623071355254e+02 6.283185307179259382e+00
1.936828573271084597e+00 5.483255255594738173e+02 6.283185307179259382e+00
1.060962516215661955e+00 5.497458031010506829e+02 6.283185307179259382e+00
1.538930561911159955e+00 5.511473337593458837e+02 6.283185307179259382e+00
1.680614734240329033e+00 5.515293349718629088e+02 6.283185307179259382e+00
7.828310688549796614e-01 5.528177184041124974e+02 6.283185307179259382e+00
9.505027053975042550e-01 5.540489529639764896e+02 6.283185307179259382e+00
2.371544152956734486e+00 5.545484981292336215e+02 6.283185307179259382e+00
9.805609927385220415e-01 5.559356025258930458e+02 6.283185307179259382e+00
1.101792826032981676e+00 5.572564888529767586e+02 6.283185307179259382e+00
2.405467302361201654e+00 5.577290732132073572e+02 6.283185307179259382e+00
7.877308940097826895e-01 5.589517866893621658e+02 6.283185307179259382e+00
7.248630106106876969e-01 5.599743917384428187e+02 6.283185307179259382e+00
2.981698875462796217e+00 5.607681258125553541e+02 6.283185307179259382e+00
7.596754462258229479e-01 5.618981606260978197e+02 6.283185307179259382e+00
7.373046072588774758e-01 5.630198403761745567e+02 6.283185307179259382e+00
3.153365821596758600e+00 5.639425330780663899e+02 6.283185307179259382e+00
7.225646202617290736e-01 5.648812800883972614e+02 6.283185307179259382e+00
7.968789307308861147e-01 5.657926343837032164e+02 6.283185307179259382e+00
2.710827092300870156e+00 5.669796406421945676e+02 6.283185307179259382e+00
1.007234580772131460e+00 5.675061429839402081e+02 6.283185307179259382e+00
9.636040223672003302e-01 5.687927105937554870e+02 6.283185307179259382e+00
2.628428268435909487e+00 5.701611998692120551e+02 6.283185307179259382e+00
8.835090773191830449e-01 5.707152526321185633e+02 6.283185307179259382e+00
8.192772589637596914e-01 5.718935889826663015e+02 6.283185307179259382e+00
1.815151939514231483e+00 5.731749957321433158e+02 6.283185307179259382e+00
1.522361922047648308e+00 5.735555917266466395e+02 6.283185307179259382e+00
1.102379101107082704e+00 5.749602712490411704e+02 6.283185307179259382e+00
2.201858084459364040e+00 5.763942577047477016e+02 6.283185307179259382e+00
1.151556996586441617e+00 5.768192952892486574e+02 6.283185307179259382e+00
8.188551355132849263e-01 5.780841256043634075e+02 6.283185307179259382e+00
1.386653911902984815e+00 5.793703471014074466e+02 6.283185307179259382e+00
1.910597143108094365e+00 5.797546884344531009e+02 6.283185307179259382e+00
1.127145849212279893e+00 5.811894574131656555e+02 6.283185307179259382e+00
1.839783745483999366e+00 5.826218460616854600e+02 6.283185307179259382e+00
1.450692683190698773e+00 5.830006424307476891e+02 6.283185307179259382e+00
8.132702455296791921e-01 5.842909502340396557e+02 6.283185307179259382e+00
1.101689943159502194e+00 5.855477954950033563e+02 6.283185307179259382e+00
2.241403053936978917e+00 5.859874478687299870e+02 6.283185307179259382e+00
1.075128206501141825e+00 5.874126438430979533e+02 6.283185307179259382e+00
1.407014764242961125e+00 5.888004895401312524e+02 6.283185307179259382e+00
1.951942935377959598e+00 5.891936358981034800e+02 6.283185307179259382e+00
8.089084716294245858e-01 5.904669002066633539e+02 6.283185307179259382e+00
8.295170750181490860e-01 5.916146281229589476e+02 6.283185307179259382e+00
2.708725048239144506e+00 5.922170157169230151e+02 6.283185307179259382e+00
9.065414392443147396e-01 5.935453946317053351e+02 6.283185307179259382e+00
8.987598626161894533e-01 5.947846640289515108e+02 6.283185307179259382e+00
2.939512097376194344e+00 5.953927504956096755e+02 6.283185307179259382e+00
7.746687441585934364e-01 5.965271511672247016e+02 6.283185307179259382e+00
7.429472351434643906e-01 5.973907572125328898e+02 6.283185307179259382e+00
3.131686340986678196e+00 5.984311607041448724e+02 6.283185307179259382e+00
7.874246124378718736e-01 5.991893984725112432e+02 6.283185307179259382e+00
8.238179543574766228e-01 6.003589050339471669e+02 6.283185307179259382e+00
2.856896113393130765e+00 6.016049883403553622e+02 6.283185307179259382e+00
7.633042399418553670e-01 6.022980066838500761e+02 6.283185307179259382e+00
8.002596548106891694e-01 6.033865660151958537e+02 6.283185307179259382e+00
2.175075295577015844e+00 6.046379685028430231e+02 6.283185307179259382e+00
1.238043634368968693e+00 6.050652110907717542e+02 6.283185307179259382e+00
1.024669177048849189e+00 6.064202507760381877e+02 6.283185307179259382e+00
2.291703591059315759e+00 6.078282541546321909e+02 6.283185307179259382e+00
1.021322045722203864e+00 6.082945155516860041e+02 6.283185307179259382e+00
7.905330884828078997e-01 6.095446038234688331e+02 6.283185307179259382e+00
1.564511611537612756e+00 6.108360630672049183e+02 6.283185307179259382e+00
1.650550205643391388e+00 6.112152562033412551e+02 6.283185307179259382e+00
1.076311811981588207e+00 6.126275302030626335e+02 6.283185307179259382e+00
1.870806270487249234e+00 6.140505308979204528e+02 6.283185307179259382e+00
1.333537294908185622e+00 6.144414744723815147e+02 6.283185307179259382e+00
7.831065996540683694e-01 6.157341406672234143e+02 6.283185307179259382e+00
1.200027648821440751e+00 6.170166515217664482e+02 6.283185307179259382e+00
2.014176887752590517e+00 6.174286988455586425e+02 6.283185307179259382e+00
1.057496536525366126e+00 6.188489571168427119e+02 6.283185307179259382e+00
1.474630631551510085e+00 6.202435798421140589e+02 6.283185307179259382e+00
1.774392209496402861e+00 6.206297259525034633e+02 6.283185307179259382e+00
7.866581616182893866e-01 6.219129203266510331e+02 6.283185307179259382e+00
9.020356508056903699e-01 6.231218552570358042e+02 6.283185307179259382e+00
2.472469950937412619e+00 6.236527857338098784e+02 6.283185307179259382e+00
9.551544056459073673e-01 6.250235853754173831e+02 6.283185307179259382e+00
1.022616256754408370e+00 6.263185380307187415e+02 6.283185307179259382e+00
2.585066625036884780e+00 6.268307480198125177e+02 6.283185307179259382e+00
7.841840459153939236e-01 6.280282516086671194e+02 6.283185307179259382e+00
7.150846692592627285e-01 6.289936746391953193e+02 6.283185307179259382e+00
3.072514442732663831e+00 6.298710818919437315e+02 6.283185307179259382e+00
7.344616396132598313e-01 6.308879663065223440e+02 6.283185307179259382e+00
7.375160612593821829e-01 6.319994253789609502e+02 6.283185307179259382e+00
3.062379315176501748e+00 6.330460343188570960e+02 6.283185307179259382e+00
7.168581844373715928e-01 6.339032592144370710e+02 6.283185307179259382e+00
7.915181572883048799e-01 6.348784325411995724e+02 6.283185307179259382e+00
2.539530621544281885e+00 6.360850369634111985e+02 6.283185307179259382e+00
1.051382029224811054e+00 6.365831165501952000e+02 6.283185307179259382e+00
9.691877822319368008e-01 6.378872627473706416e+02 6.283185307179259382e+00
2.475615790341116895e+00 6.392657468506080249e+02 6.283185307179259382e+00
9.135847547274149605e-01 6.397899419371068461e+02 6.283185307179259382e+00
7.923656185419414300e-01 6.410019236389098296e+02 6.283185307179259382e+00
1.750960164196628588e+00 6.422857016227005715e+02 6.283185307179259382e+00
1.497670674475574115e+00 6.426702676308999571e+02 6.283185307179259382e+00
1.062543036100388250e+00 6.440675701370827255e+02 6.283185307179259382e+00
2.007601963752327912e+00 6.454896990894906139e+02 6.283185307179259382e+00
1.209610218786398628e+00 6.458993287551804769e+02 6.283185307179259382e+00
7.813127404646772467e-01 6.471844923077917429e+02 6.283185307179259382e+00
1.322659323210826132e+00 6.484759851209391854e+02 6.283185307179259382e+00
1.865370666431473534e+00 6.488689037410366609e+02 6.283185307179259382e+00
1.065915143198888693e+00 6.502888587403218708e+02 6.283185307179259382e+00
1.612273186325979157e+00 6.516971524682227255e+02 6.283185307179259382e+00
1.588935262798992998e+00 6.520770662071689685e+02 6.283185307179259382e+00
7.809261612871808422e-01 6.533694195770884789e+02 6.283185307179259382e+00
1.005012725140591368e+00 6.546187261326610951e+02 6.283185307179259382e+00
2.275969498900889842e+00 6.550907327953924550e+02 6.283185307179259382e+00
1.003824046728270192e+00 6.564905037619912491e+02 6.283185307179259382e+00
1.188185503570925006e+00 6.578344005707285760e+02 6.283185307179259382e+00
2.230984233779738979e+00 6.582748961842120252e+02 6.283185307179259382e+00
7.891113811184676807e-01 6.595183211981094473e+02 6.283185307179259382e+00
7.502732356035606287e-01 6.605973595888327736e+02 6.283185307179259382e+00
2.864651662488999051e+00 6.613116404180868813e+02 6.283185307179259382e+00
8.047546464294110802e-01 6.625327772541378408e+02 6.283185307179259382e+00
7.688891657875178698e-01 6.636886004519151356e+02 6.283185307179259382e+00
3.149730097019106001e+00 6.644850006978869033e+02 6.283185307179259382e+00
7.363463840538700955e-01 6.655018295548620699e+02 6.283185307179259382e+00
7.842113006312000367e-01 6.663715831639581211e+02 6.283185307179259382e+00
2.888450505391969791e+00 6.675227659554570891e+02 6.283185307179259382e+00
9.303793372197559641e-01 6.681048467498497985e+02 6.283185307179259382e+00
9.271149181394422456e-01 6.693583444038091557e+02 6.283185307179259382e+00
2.715354767273604253e+00 6.707008729456169931e+02 6.283185307179259382e+00
8.445741398069394057e-01 6.712909675387818424e+02 6.283185307179259382e+00
8.204515872916686714e-01 6.724427788127983376e+02 6.283185307179259382e+00
1.909322289017743923e+00 6.737189664411123431e+02 6.283185307179259382e+00
1.456503360907464684e+00 6.741059568443687340e+02 6.283185307179259382e+00
1.093311380983401193e+00 6.755017822558730813e+02 6.283185307179259382e+00
2.264866710995615318e+00 6.769329589860687975e+02 6.283185307179259382e+00
1.110858959070654128e+00 6.773701908037052135e+02 6.283185307179259382e+00
8.213808700628514314e-01 6.786266695289280051e+02 6.283185307179259382e+00
1.436400319402851844e+00 6.799141669945919375e+02 6.283185307179259382e+00
1.865761334397717297e+00 6.802941120345343506e+02 6.283185307179259382e+00
1.132080430098120649e+00 6.817281220214621271e+02 6.283185307179259382e+00
1.908283210421546139e+00 6.831642844677894573e+02 6.283185307179259382e+00
1.394569241413704530e+00 6.835472506873944667e+02 6.283185307179259382e+00
8.166806155568209213e-01 6.848353306925463357e+02 6.283185307179259382e+00
1.145692177439891601e+00 6.860988603815457054e+02 6.283185307179259382e+00
2.192007807116903351e+00 6.865256726383511250e+02 6.283185307179259382e+00
1.091995500206079051e+00 6.879561420704060311e+02 6.283185307179259382e+00
1.489851832183085589e+00 6.893563782144309471e+02 6.283185307179259382e+00
1.842319681759126748e+00 6.897396579835010471e+02 6.283185307179259382e+00
8.106393212177451790e-01 6.910202733843352689e+02 6.283185307179259382e+00
8.726103025451762418e-01 6.921966742159876276e+02 6.283185307179259382e+00
2.617858091967792067e+00 6.927576423880324228e+02 6.283185307179259382e+00
9.480116646538601088e-01 6.941172211136147325e+02 6.283185307179259382e+00
9.795420086999976350e-01 6.953937780585170003e+02 6.283185307179259382e+00
2.754391554290498867e+00 6.959365075347850507e+02 6.283185307179259382e+00
7.888242674605966398e-01 6.971130114599991430e+02 6.283185307179259382e+00
7.243728405665925685e-01 6.980170032080804958e+02 6.283185307179259382e+00
3.153514607219856991e+00 6.989747265552315412e+02 6.283185307179259382e+00
7.425866629899808835e-01 6.998670399967945741e+02 6.283185307179259382e+00
7.694285702274188399e-01 7.009948135195786563e+02 6.283185307179259382e+00
2.972681604585492465e+00 7.021491514575212705e+02 6.283185307179259382e+00
7.308760469941582016e-01 7.029244956866122038e+02 6.283185307179259382e+00
7.960487544574667007e-01 7.039557435388669546e+02 6.283185307179259382e+00
2.360909816719025223e+00 7.051860998828365155e+02 6.283185307179259382e+00
1.135200819341535050e+00 7.056464951598716198e+02 6.283185307179259382e+00
9.956164578107065122e-01 7.069762570164944009e+02 6.283185307179259382e+00
2.379766436238478722e+00 7.083703700831981678e+02 6.283185307179259382e+00
9.624672105766575170e-01 7.088644553858898689e+02 6.283185307179259382e+00
7.891654470338723693e-01 7.100976074993783413e+02 6.283185307179259382e+00
1.659784889064311209e+00 7.113858831867567005e+02 6.283185307179259382e+00
1.562959765796877010e+00 7.117669695644368630e+02 6.283185307179259382e+00
1.066263268338753178e+00 7.131709707248853647e+02 6.283185307179259382e+00
1.932311046079456363e+00 7.145930260786725512e+02 6.283185307179259382e+00
1.267977713412893781e+00 7.149925657989160754e+02 6.283185307179259382e+00
7.793347215871663236e-01 7.162828405049654066e+02 6.283185307179259382e+00
1.261738433266735404e+00 7.175715724121694166e+02 6.283185307179259382e+00
1.928134430229840879e+00 7.179726196436115515e+02 6.283185307179259382e+00
1.059038858301645458e+00 7.193922604701629098e+02 6.283185307179259382e+00
1.537939927062464962e+00 7.207934294900765053e+02 6.283185307179259382e+00
1.677326106449957832e+00 7.211756243413150287e+02 6.283185307179259382e+00
7.815387681880855419e-01 7.224641527718307543e+02 6.283185307179259382e+00
9.521509677766012425e-01 7.236967326487754235e+02 6.283185307179259382e+00
2.364155130164247165e+00 7.241950760385545891e+02 6.283185307179259382e+00
9.802369355189530786e-01 7.255823051630874261e+02 6.283185307179259382e+00
1.103228832528208025e+00 7.269036577180394261e+02 6.283185307179259382e+00
2.398591900337639693e+00 7.273754805555728353e+02 6.283185307179259382e+00
7.871084117714786110e-01 7.285987545015008209e+02 6.283185307179259382e+00
7.253353104621524938e-01 7.296242728592317235e+02 6.283185307179259382e+00
2.975145136580478411e+00 7.304146480686991936e+02 6.283185307179259382e+00
7.609766166928992881e-01 7.315488021375257404e+02 6.283185307179259382e+00
7.377824811111156622e-01 7.326715047638720080e+02 6.283185307179259382e+00
3.153185287360221967e+00 7.335890054008135621e+02 6.283185307179259382e+00
7.227449341653546799e-01 7.345310780477874459e+02 6.283185307179259382e+00
7.960411575209720425e-01 7.354408389208158496e+02 6.283185307179259382e+00
2.718558496902081956e+00 7.366262525220338375e+02 6.283185307179259382e+00
1.002958104551386453e+00 7.371553275205352520e+02 6.283185307179259382e+00
9.614750961619080716e-01 7.384402795402186257e+02 6.283185307179259382e+00
2.630270411850397227e+00 7.398075407086159885e+02 6.283185307179259382e+00
8.814584537544879472e-01 7.403630860665632554e+02 6.283185307179259382e+00
8.186299358664905768e-01 7.415406798640376564e+02 6.283185307179259382e+00
1.819836648646366850e+00 7.428218245089079801e+02 6.283185307179259382e+00
1.517031917732805546e+00 7.432028985707654556e+02 6.283185307179259382e+00
1.100705760113914300e+00 7.446067986725113315e+02 6.283185307179259382e+00
2.200676642267726635e+00 7.460403157605379647e+02 6.283185307179259382e+00
1.150063200471335589e+00 7.464656884677258404e+02 6.283185307179259382e+00
8.178698418285128557e-01 7.477306474422873634e+02 6.283185307179259382e+00
1.388688690357801958e+00 7.490171583155854478e+02 6.283185307179259382e+00
1.905457096884289880e+00 7.494013587207634828e+02 6.283185307179259382e+00
1.125649173795933544e+00 7.508356404423811910e+02 6.283185307179259382e+00
1.837559324287136642e+00 7.522676455486812301e+02 6.283185307179259382e+00
1.450216632561293073e+00 7.526465544818499893e+02 6.283185307179259382e+00
8.123649880796163236e-01 7.539370007827690188e+02 6.283185307179259382e+00
1.102183098160339547e+00 7.551943241774306443e+02 6.283185307179259382e+00
2.237767561304304209e+00 7.556337263570858340e+02 6.283185307179259382e+00
1.074198434098248667e+00 7.570586635625811596e+02 6.283185307179259382e+00
1.405822160671720722e+00 7.584462615419868143e+02 6.283185307179259382e+00
1.951516608788062657e+00 7.588395840277470370e+02 6.283185307179259382e+00
8.083592401227169821e-01 7.601128106981761903e+02 6.283185307179259382e+00
8.296340118698748434e-01 7.612610948971494054e+02 6.283185307179259382e+00
2.706388699178428059e+00 7.618631281187477953e+02 6.283185307179259382e+00
9.064846338289980210e-01 7.631916296160611637e+02 6.283185307179259382e+00
8.989762354287657020e-01 7.644310788545387823e+02 6.283185307179259382e+00
2.937300939729885041e+00 7.650388363230861160e+02 6.283185307179259382e+00
7.745470828168500299e-01 7.661735071901418905e+02 6.283185307179259382e+00
7.424994963676277981e-01 7.670378967949054640e+02 6.283185307179259382e+00
3.131407962884130924e+00 7.680773217962091621e+02 6.283185307179259382e+00
7.864799447999968329e-01 7.688372478297357020e+02 6.283185307179259382e+00
8.228387204599804106e-01 7.700061172702244221e+02 6.283185307179259382e+00
2.856870974669674101e+00 7.712511344655432595e+02 6.283185307179259382e+00
7.626255953304418300e-01 7.719450974255303208e+02 6.283185307179259382e+00
7.997007185907514248e-01 7.730333317996891083e+02 6.283185307179259382e+00
2.177658622639511155e+00 7.742843305257459861e+02 6.283185307179259382e+00
1.235209348670422758e+00 7.747122899486989809e+02 6.283185307179259382e+00
1.023374986956099963e+00 7.760666939508669202e+02 6.283185307179259382e+00
2.290078996839104875e+00 7.774742541758930656e+02 6.283185307179259382e+00
1.020448135306294413e+00 7.779407503891718534e+02 6.283185307179259382e+00
7.896699892309136937e-01 7.791910401532884407e+02 6.283185307179259382e+00
1.565748282753007370e+00 7.804825248568190545e+02 6.283185307179259382e+00
1.646901671217139373e+00 7.808618714283816189e+02 6.283185307179259382e+00
1.074769534983711194e+00 7.822736393270342887e+02 6.283185307179259382e+00
1.867553736410828558e+00 7.836961943550890055e+02 6.283185307179259382e+00
1.333706606349631230e+00 7.840871653889672643e+02 6.283185307179259382e+00
7.821255754098400681e-01 7.853800450888146543e+02 6.283185307179259382e+00
1.199763298583893523e+00 7.866628387509283584e+02 6.283185307179259382e+00
2.011337771353929771e+00 7.870749093173092206e+02 6.283185307179259382e+00
1.056067666960174511e+00 7.884947515147007380e+02 6.283185307179259382e+00
1.471407331800118623e+00 7.898888480859726542e+02 6.283185307179259382e+00
1.775985564366059366e+00 7.902753277484516730e+02 6.283185307179259382e+00
7.859512309528572382e-01 7.915583732519693285e+02 6.283185307179259382e+00
9.011599480310130694e-01 7.927673714689559574e+02 6.283185307179259382e+00
2.471571574326977050e+00 7.932987227625695823e+02 6.283185307179259382e+00
9.540564801472869449e-01 7.946690058189311685e+02 6.283185307179259382e+00
1.020683562705509972e+00 7.959633117835827534e+02 6.283185307179259382e+00
2.587112556248511108e+00 7.964765173559770801e+02 6.283185307179259382e+00
7.836843532587901562e-01 7.976734377284674338e+02 6.283185307179259382e+00
7.148966181967021383e-01 7.986386916654909101e+02 6.283185307179259382e+00
3.071865059187481428e+00 7.995169670710653236e+02 6.283185307179259382e+00
7.342285802580712506e-01 8.005326181557082919e+02 6.283185307179259382e+00
7.375442698519200091e-01 8.016441476374009198e+02 6.283185307179259382e+00
3.059798311046197039e+00 8.026919148783671289e+02 6.283185307179259382e+00
7.166972941888593018e-01 8.035483285541580472e+02 6.283185307179259382e+00
7.909633980904728912e-01 8.045245634989047403e+02 6.283185307179259382e+00
2.538124293696029543e+00 8.057310544726803982e+02 6.283185307179259382e+00
1.050563538355424154e+00 8.062294171023071385e+02 6.283185307179259382e+00
9.683465669623488870e-01 8.075333464109617125e+02 6.283185307179259382e+00
2.471928996723568694e+00 8.089115827550421045e+02 6.283185307179259382e+00
9.135280291216807402e-01 8.094355376852067820e+02 6.283185307179259382e+00
7.913038466625793577e-01 8.106481841085181941e+02 6.283185307179259382e+00
1.750865288825468991e+00 8.119319201045468617e+02 6.283185307179259382e+00
1.494775204270083258e+00 8.123167921280121391e+02 6.283185307179259382e+00
1.060714527424636788e+00 8.137135635845301067e+02 6.283185307179259382e+00
2.001956568889644128e+00 8.151351446956284690e+02 6.283185307179259382e+00
1.210629991947838491e+00 8.155445406517376341e+02 6.283185307179259382e+00
7.799502390996401191e-01 8.168302164118053952e+02 6.283185307179259382e+00
1.321357197016954421e+00 8.181219515846638615e+02 6.283185307179259382e+00
1.862554895314593173e+00 8.185150766938118068e+02 6.283185307179259382e+00
1.063746037661986943e+00 8.199344473224471130e+02 6.283185307179259382e+00
1.605878163435594086e+00 8.213419178375927459e+02 6.283185307179259382e+00
1.592497956856476771e+00 8.217221000617397522e+02 6.283185307179259382e+00
7.798295964666153157e-01 8.230143646365319228e+02 6.283185307179259382e+00
1.002582409244039408e+00 8.242635744291007995e+02 6.283185307179259382e+00
2.275966926161190784e+00 8.247364762052902734e+02 6.283185307179259382e+00
1.001675402633958489e+00 8.261354054744281257e+02 6.283185307179259382e+00
1.182768830561572448e+00 8.274779963390172952e+02 6.283185307179259382e+00
2.237837379884644484e+00 8.279201302295033429e+02 6.283185307179259382e+00
7.883801602571729461e-01 8.291625608932851037e+02 6.283185307179259382e+00
7.487788260048422462e-01 8.302400321850085447e+02 6.283185307179259382e+00
2.867243422068958214e+00 8.309571853545303384e+02 6.283185307179259382e+00
8.025172396134527819e-01 8.321751753689059115e+02 6.283185307179259382e+00
7.668954134899010899e-01 8.333293786955773612e+02 6.283185307179259382e+00
3.149927381301416585e+00 8.341305602432865953e+02 6.283185307179259382e+00
7.354705762148623371e-01 8.351445277588503586e+02 6.283185307179259382e+00
7.844161780790087635e-01 8.360159910142047011e+02 6.283185307179259382e+00
2.881978759894855191e+00 8.371683968900833861e+02 6.283185307179259382e+00
9.323827288283417225e-01 8.377486821455008794e+02 6.283185307179259382e+00
9.279586301817481786e-01 8.390031974811145119e+02 6.283185307179259382e+00
2.710663283785748057e+00 8.403465460751342562e+02 6.283185307179259382e+00
8.456118550873867878e-01 8.409353401526836933e+02 6.283185307179259382e+00
8.198006610803162397e-01 8.420884387289210053e+02 6.283185307179259382e+00
1.906630801278528242e+00 8.433647390268786239e+02 6.283185307179259382e+00
1.456656379362635700e+00 8.437517342410396850e+02 6.283185307179259382e+00
1.092488052864576398e+00 8.451475030290238237e+02 6.283185307179259382e+00
2.259179740739213571e+00 8.465784676276185792e+02 6.283185307179259382e+00
1.112400130819854782e+00 8.470151045314519251e+02 6.283185307179259382e+00
8.202769654474223460e-01 8.482723444901424728e+02 6.283185307179259382e+00
1.434729238489050207e+00 8.495599920255900770e+02 6.283185307179259382e+00
1.864214061312220450e+00 8.499401470024113223e+02 6.283185307179259382e+00
1.130285242274893687e+00 8.513737463801249987e+02 6.283185307179259382e+00
1.900924488016596747e+00 8.528092764569942119e+02 6.283185307179259382e+00
1.398158556057333746e+00 8.531919807846253434e+02 6.283185307179259382e+00
8.155045007196958240e-01 8.544804314100871352e+02 6.283185307179259382e+00
1.142953999201482107e+00 8.557439532818706311e+02 6.283185307179259382e+00
2.191917124471825407e+00 8.561714341635281471e+02 6.283185307179259382e+00
1.089783812631898163e+00 8.576012674990158757e+02 6.283185307179259382e+00
1.482179718088938891e+00 8.590003589488355829e+02 6.283185307179259382e+00
1.849988285893663376e+00 8.593844208885069520e+02 6.283185307179259382e+00
8.099234298794248943e-01 8.606645357823850873e+02 6.283185307179259382e+00
8.693237347696037842e-01 8.618394482656856326e+02 6.283185307179259382e+00
2.622232547683769344e+00 8.624030317806722223e+02 6.283185307179259382e+00
9.448112653450324583e-01 8.637605672867690600e+02 6.283185307179259382e+00
9.731418857806628520e-01 8.650345200174847378e+02 6.283185307179259382e+00
2.767122003245201967e+00 8.655815642133622987e+02 6.283185307179259382e+00
7.876663369578871254e-01 8.667553535145005981e+02 6.283185307179259382e+00
7.250428428529637204e-01 8.676565381141373337e+02 6.283185307179259382e+00
3.153224564588972267e+00 8.686199167033270214e+02 6.283185307179259382e+00
7.441377024486418579e-01 8.695032726826498219e+02 6.283185307179259382e+00
7.721893832810002856e-01 8.706331821390919004e+02 6.283185307179259382e+00
2.962627862848426830e+00 8.717942703205706039e+02 6.283185307179259382e+00
7.321314610232612097e-01 8.725639400355787529e+02 6.283185307179259382e+00
7.953818683508715459e-01 8.735998357905750709e+02 6.283185307179259382e+00
2.349041184855441333e+00 8.748312791999790079e+02 6.283185307179259382e+00
1.138916725341201142e+00 8.752901033216336373e+02 6.283185307179259382e+00
9.957658765780460497e-01 8.766209166807078645e+02 6.283185307179259382e+00
2.368850267472362603e+00 8.780154475636735469e+02 6.283185307179259382e+00
9.656442401739325776e-01 8.785075046436286357e+02 6.283185307179259382e+00
7.875374621458876012e-01 8.797426666507909658e+02 6.283185307179259382e+00
1.654010310446512255e+00 8.810312014255564463e+02 6.283185307179259382e+00
1.563186232508104734e+00 8.814124810185694514e+02 6.283185307179259382e+00
1.064006695095492727e+00 8.828161700644860730e+02 6.283185307179259382e+00
1.920231628862223872e+00 8.842374327700158574e+02 6.283185307179259382e+00
1.273536203325461802e+00 8.846361730036530844e+02 6.283185307179259382e+00
7.775437519588959123e-01 8.859272420037311804e+02 6.283185307179259382e+00
1.255952496973820942e+00 8.872160604857095905e+02 6.283185307179259382e+00
1.929178608018338181e+00 8.876180133207552672e+02 6.283185307179259382e+00
1.055863509695835534e+00 8.890368572105392104e+02 6.283185307179259382e+00
1.525384724084657417e+00 8.904364253318285591e+02 6.283185307179259382e+00
1.688385634570219729e+00 8.908194218731382534e+02 6.283185307179259382e+00
7.803595985549551806e-01 8.921073464991676474e+02 6.283185307179259382e+00
9.457867835758646535e-01 8.933383441393910971e+02 6.283185307179259382e+00
2.370867499672438150e+00 8.938399980155846833e+02 6.283185307179259382e+00
9.758539735240409074e-01 8.952250244568859898e+02 6.283185307179259382e+00
1.091559650786249502e+00 8.965429618479885221e+02 6.283185307179259382e+00
2.418838117926531694e+00 8.970197030807555620e+02 6.283185307179259382e+00
7.859275975013588766e-01 8.982399350072229254e+02 6.283185307179259382e+00
7.230571685330828835e-01 8.992597728645545203e+02 6.283185307179259382e+00
2.984129487410264403e+00 9.000593033596167061e+02 6.283185307179259382e+00
7.565879905384476078e-01 9.011819336262182105e+02 6.283185307179259382e+00
7.358780846638688367e-01 9.023021068167836347e+02 6.283185307179259382e+00
3.144500255784004050e+00 9.032337668548159400e+02 6.283185307179259382e+00
7.212134594659399545e-01 9.041670728401307997e+02 6.283185307179259382e+00
7.952296053425808031e-01 9.050839200745326707e+02 6.283185307179259382e+00
2.700110545622003588e+00 9.062713456463363855e+02 6.283185307179259382e+00
1.006562586597618880e+00 9.067976631823744356e+02 6.283185307179259382e+00
9.614997656354709044e-01 9.080842768679578967e+02 6.283185307179259382e+00
2.612011296719533249e+00 9.094524720907708115e+02 6.283185307179259382e+00
8.838649180820637996e-01 9.100049017725621070e+02 6.283185307179259382e+00
8.148304474832818167e-01 9.111865824411180483e+02 6.283185307179259382e+00
1.814783174030935475e+00 9.124678394300702848e+02 6.283185307179259382e+00
1.510479448726645302e+00 9.128497224706783300e+02 6.283185307179259382e+00
1.094604414070385223e+00 9.142522087562023216e+02 6.283185307179259382e+00
2.174176291155698770e+00 9.156840005566256195e+02 6.283185307179259382e+00
1.155934964485349159e+00 9.161073857213308429e+02 6.283185307179259382e+00
8.120100170927970762e-01 9.173754778602091164e+02 6.283185307179259382e+00
1.382936044775805673e+00 9.186629527696028390e+02 6.283185307179259382e+00
1.893983036741505366e+00 9.190480378185607151e+02 6.283185307179259382e+00
1.116195332378347338e+00 9.204799684743338730e+02 6.283185307179259382e+00
1.804046226697457955e+00 9.219086200450519755e+02 6.283185307179259382e+00
1.467029380318658260e+00 9.222870837129825077e+02 6.283185307179259382e+00
8.068108560349643854e-01 9.235786295310697369e+02 6.283185307179259382e+00
1.090095601615664656e+00 9.248358667454448323e+02 6.283185307179259382e+00
2.236695488639410367e+00 9.252786520572484505e+02 6.283185307179259382e+00
1.063733736121791784e+00 9.267003023111453786e+02 6.283185307179259382e+00
1.373159238343724553e+00 9.280822206500176890e+02 6.283185307179259382e+00
1.987252025972546132e+00 9.284805566448245600e+02 6.283185307179259382e+00
8.051016550709499953e-01 9.297506440073269687e+02 6.283185307179259382e+00
8.170265799389333505e-01 9.308912400730171157e+02 6.283185307179259382e+00
2.725422653899115755e+00 9.315064702916969281e+02 6.283185307179259382e+00
8.920765140509333557e-01 9.328234613582351358e+02 6.283185307179259382e+00
8.762373929795895799e-01 9.340510427133133362e+02 6.283185307179259382e+00
2.980898829505531644e+00 9.346813487590694649e+02 6.283185307179259382e+00
7.689137281580722405e-01 9.358017210371588135e+02 6.283185307179259382e+00
7.483944863434673911e-01 9.366608636637831751e+02 6.283185307179259382e+00
3.109018499473154229e+00 9.377199592628204528e+02 6.283185307179259382e+00
8.036289902550060038e-01 9.384481855269511925e+02 6.283185307179259382e+00
8.385520188054207402e-01 9.396298042243818145e+02 6.283185307179259382e+00
2.830521664674018112e+00 9.408938873257701516e+02 6.283185307179259382e+00
7.735701401248149534e-01 9.415689593491048299e+02 6.283185307179259382e+00
8.019437738758390388e-01 9.426695309693903937e+02 6.283185307179259382e+00
2.132481589982305969e+00 9.439254215235814627e+02 6.283185307179259382e+00
1.266072858666813739e+00 9.443455844346505046e+02 6.283185307179259382e+00
1.032855769516485500e+00 9.457066409973381269e+02 6.283185307179259382e+00
2.277079009332497961e+00 9.471179119130210893e+02 6.283185307179259382e+00
1.035891358138176788e+00 9.475784918225026559e+02 6.283185307179259382e+00
7.926419011402859871e-01 9.488312345807681822e+02 6.283185307179259382e+00
1.542880993241624310e+00 9.501229889180757482e+02 6.283185307179259382e+00
1.676637495971150749e+00 9.505019505550502572e+02 6.283185307179259382e+00
1.081242200594550784e+00 9.519167699712834292e+02 6.283185307179259382e+00
1.864184787006636146e+00 9.533406826494435791e+02 6.283185307179259382e+00
1.347594456407170904e+00 9.537299927565519511e+02 6.283185307179259382e+00
7.858767410292976097e-01 9.550225934034922375e+02 6.283185307179259382e+00
1.187696653550149639e+00 9.563028994519545449e+02 6.283185307179259382e+00
2.038475709505523259e+00 9.567176332827305032e+02 6.283185307179259382e+00
1.059510030709463146e+00 9.581386024389321392e+02 6.283185307179259382e+00
1.466588657673568052e+00 9.595325593509376176e+02 6.283185307179259382e+00
1.793715649107824106e+00 9.599192935234792685e+02 6.283185307179259382e+00
7.890791385877558017e-01 9.612014289459478960e+02 6.283185307179259382e+00
8.930996331955438627e-01 9.624044010552607915e+02 6.283185307179259382e+00
2.498426975031599273e+00 9.629424705455026015e+02 6.283185307179259382e+00
9.508066178778398214e-01 9.643097715449484895e+02 6.283185307179259382e+00
1.008474537655798420e+00 9.655993752563491626e+02 6.283185307179259382e+00
2.623874017371152334e+00 9.661202165275656171e+02 6.283185307179259382e+00
7.838747630900637642e-01 9.673121241990928638e+02 6.283185307179259382e+00
7.153370446368361169e-01 9.682648380626773132e+02 6.283185307179259382e+00
3.089736953240781681e+00 9.691605064217549170e+02 6.283185307179259382e+00
7.329908617437379537e-01 9.701504994859432145e+02 6.283185307179259382e+00
7.417942074445235123e-01 9.712634230910554152e+02 6.283185307179259382e+00
3.038080320450346150e+00 9.723354105667016256e+02 6.283185307179259382e+00
7.177651513150854479e-01 9.731743902381837188e+02 6.283185307179259382e+00
7.903733517360838068e-01 9.741637452254194613e+02 6.283185307179259382e+00
2.501290119249646171e+00 9.753746486779608631e+02 6.283185307179259382e+00
1.062955464702163511e+00 9.758662971798410126e+02 6.283185307179259382e+00
9.709214728535012773e-01 9.771745188543294489e+02 6.283185307179259382e+00
2.443419773283671326e+00 9.785552004068696306e+02 6.283185307179259382e+00
9.220241480420727775e-01 9.790726358601167476e+02 6.283185307179259382e+00
7.875927285454874527e-01 9.802913444482014711e+02 6.283185307179259382e+00
1.733422197959444189e+00 9.815759065583272331e+02 6.283185307179259382e+00
1.498153068673313104e+00 9.819608199567431939e+02 6.283185307179259382e+00
1.056177004721834400e+00 9.833573632890336285e+02 6.283185307179259382e+00
1.971919907614061884e+00 9.847774072728182091e+02 6.283185307179259382e+00
1.224036784995416127e+00 9.851842026584818086e+02 6.283185307179259382e+00
7.756467297353565327e-01 9.864723258124706717e+02 6.283185307179259382e+00
1.306240939715048732e+00 9.877643743788315760e+02 6.283185307179259382e+00
1.865831727603706636e+00 9.881594382549498050e+02 6.283185307179259382e+00
1.056404293966261232e+00 9.895771428194426562e+02 6.283185307179259382e+00
1.574413421577423255e+00 9.909810266282821658e+02 6.283185307179259382e+00
1.618291937070526654e+00 9.913623594773679315e+02 6.283185307179259382e+00
7.768238808055576428e-01 9.926536627857136637e+02 6.283185307179259382e+00
9.860044017525587678e-01 9.938997735064589278e+02 6.283185307179259382e+00
2.291709753022939111e+00 9.943797801455524450e+02 6.283185307179259382e+00
9.916090418621852365e-01 9.957742324365801778e+02 6.283185307179259382e+00
1.152493529719009757e+00 9.971092605818960237e+02 6.283185307179259382e+00
2.286376290181276971e+00 9.975613821655667834e+02 6.283185307179259382e+00
7.860651196553951614e-01 9.987975336368903072e+02 6.283185307179259382e+00
7.396455087431865749e-01 9.998612888280831612e+02 6.283185307179259382e+00
2.894785039906626167e+00 1.000599747539107966e+03 6.283185307179259382e+00
7.880871076529599728e-01 1.001794423510354704e+03 6.283185307179259382e+00
7.547459651361926314e-01 1.002937580421827533e+03 6.283185307179259382e+00
3.154920535432271134e+00 1.003773348471799636e+03 6.283185307179259382e+00
7.304289377550067242e-01 1.004766236780885265e+03 6.283185307179259382e+00
7.878052926593488436e-01 1.005648432474010406e+03 6.283185307179259382e+00
2.833924330663220026e+00 1.006811205901266703e+03 6.283185307179259382e+00
9.520388224928901799e-01 1.007375594049136794e+03 6.283185307179259382e+00
9.376984504100726037e-01 1.008639260211980400e+03 6.283185307179259382e+00
2.684638687861427897e+00 1.009990121237402036e+03 6.283185307179259382e+00
8.556961431264675788e-01 1.010568599999413891e+03 6.283185307179259382e+00
8.187654984929546576e-01 1.011729698025729476e+03 6.283185307179259382e+00
1.880907912986346409e+00 1.013007471835192860e+03 6.283185307179259382e+00
1.472225079331220376e+00 1.013392768311237774e+03 6.283185307179259382e+00
1.093771443690063627e+00 1.014790646092142310e+03 6.283185307179259382e+00
2.237807963535396016e+00 1.016222096106150502e+03 6.283185307179259382e+00
