8.364891373189381474e-01 -8.374882712180968872e-03 7.853981633974492782e-01
1.385474488526098780e+00 1.484772919560658044e+00 7.853981633974492782e-01
2.269151567328078212e+00 1.798496862422320763e+00 7.853981633974492782e-01
1.059556416554657376e+00 3.276779984701229775e+00 7.853981633974492782e-01
1.213010275361517731e+00 4.548633660703211845e+00 7.853981633974492782e-01
1.326746116029079214e+00 5.127198635577983055e+00 7.853981633974492782e-01
9.014232780449251692e-01 6.181660075237505936e+00 7.853981633974492782e-01
9.502376253234733339e-01 7.617348064668811425e+00 7.853981633974492782e-01
2.865951816280824183e+00 8.027231244962168333e+00 7.853981633974492782e-01
9.550935937396527464e-01 9.457786138955389887e+00 7.853981633974492782e-01
9.842240079784272400e-01 1.063668516697338973e+01 7.853981633974492782e-01
1.708472738093234966e+00 1.129045495417088141e+01 7.853981633974492782e-01
9.885457794647928287e-01 1.234639598988413312e+01 7.853981633974492782e-01
6.113072631673658330e-01 1.349658256840679549e+01 7.853981633974492782e-01
3.716141268666855790e+00 1.425544151265600590e+01 7.853981633974492782e-01
7.164298085401544780e-01 1.538270700544137881e+01 7.853981633974492782e-01
8.202001183787898109e-01 1.645487924926724688e+01 7.853981633974492782e-01
2.080628552404638842e+00 1.744863106679450127e+01 7.853981633974492782e-01
9.554368789083191871e-01 1.839015913313122752e+01 7.853981633974492782e-01
6.943373075972690822e-01 1.917912759687815338e+01 7.853981633974492782e-01
3.372322870220251012e+00 2.048957443972520664e+01 7.853981633974492782e-01
1.067739632229973701e+00 2.095465787046092387e+01 7.853981633974492782e-01
1.033455589498308846e+00 2.231743858049386731e+01 7.853981633974492782e-01
1.805331690215188800e+00 2.362183270852641215e+01 7.853981633974492782e-01
9.519472948428697734e-01 2.433641838004683322e+01 7.853981633974492782e-01
8.013073180550305263e-01 2.524922410267734918e+01 7.853981633974492782e-01
2.147718391972840202e+00 2.671384742312392291e+01 7.853981633974492782e-01
1.723121194019721081e+00 2.701896278150366015e+01 7.853981633974492782e-01
1.131793370550665312e+00 2.849449980361010759e+01 7.853981633974492782e-01
1.570628609649862506e+00 2.982827394843336677e+01 7.853981633974492782e-01
1.067539488153042671e+00 3.044402755819831441e+01 7.853981633974492782e-01
8.558921889615123124e-01 3.143522232744449241e+01 7.853981633974492782e-01
1.550907452944217058e+00 3.292628367512487131e+01 7.853981633974492782e-01
2.228513508393154652e+00 3.322539841803044425e+01 7.853981633974492782e-01
1.130390470711266193e+00 3.472218147141547462e+01 7.853981633974492782e-01
1.369076291191440919e+00 3.603245623235306994e+01 7.853981633974492782e-01
1.221523515017409300e+00 3.660870643790361356e+01 7.853981633974492782e-01
9.011966605578655143e-01 3.764323726374497880e+01 7.853981633974492782e-01
1.143977634902994200e+00 3.911032095407863096e+01 7.853981633974492782e-01
2.691954265917765543e+00 3.946177289028157986e+01 7.853981633974492782e-01
1.055738175910551080e+00 4.093807069168089185e+01 7.853981633974492782e-01
1.135321547554460908e+00 4.218297347081780657e+01 7.853981633974492782e-01
1.492479310899863743e+00 4.277370657155368860e+01 7.853981633974492782e-01
9.669853505116655645e-01 4.383238235745064060e+01 7.853981633974492782e-01
7.545121397577433386e-01 4.515951240224637786e+01 7.853981633974492782e-01
3.364789108072589574e+00 4.569660315765761283e+01 7.853981633974492782e-01
8.547229640846899512e-01 4.704347822600129803e+01 7.853981633974492782e-01
8.781910639252646922e-01 4.814788422599467310e+01 7.853981633974492782e-01
2.002379670242441456e+00 4.892299641477431749e+01 7.853981633974492782e-01
1.014118258952534379e+00 4.994779106789019352e+01 7.853981633974492782e-01
6.172199464244724210e-01 5.080013969367681170e+01 7.853981633974492782e-01
3.916441475489674140e+00 5.192470493159699174e+01 7.853981633974492782e-01
8.055326431327860526e-01 5.260250797238175124e+01 7.853981633974492782e-01
9.312179037789688474e-01 5.384228407137823780e+01 7.853981633974492782e-01
1.915467538932198677e+00 5.507827100269400233e+01 7.853981633974492782e-01
9.186243452141716892e-01 5.587183848686851206e+01 7.853981633974492782e-01
7.530143511040509052e-01 5.673883622713061214e+01 7.853981633974492782e-01
2.575678009052649653e+00 5.815930447545775905e+01 7.853981633974492782e-01
1.412795077539657607e+00 5.850708223512452832e+01 7.853981633974492782e-01
1.083823250181205733e+00 5.994516702670887298e+01 7.853981633974492782e-01
1.621594740942336355e+00 6.127038498095634367e+01 7.853981633974492782e-01
1.007576446712825646e+00 6.191510970019741222e+01 7.853981633974492782e-01
8.117847420359838306e-01 6.289147720063692049e+01 7.853981633974492782e-01
1.768536256735145473e+00 6.437791081744136079e+01 7.853981633974492782e-01
1.947998416444240544e+00 6.467509134201496579e+01 7.853981633974492782e-01
1.103852952090938810e+00 6.615772600440934070e+01 7.853981633974492782e-01
1.396540927309052993e+00 6.746988202508299537e+01 7.853981633974492782e-01
1.156593398451718491e+00 6.805542269447666115e+01 7.853981633974492782e-01
8.601268982957436249e-01 6.908552342711331562e+01 7.853981633974492782e-01
1.279481948805889502e+00 7.057214935456502758e+01 7.853981633974492782e-01
2.430582818374182885e+00 7.089811805051428450e+01 7.853981633974492782e-01
1.058631075796896637e+00 7.237667809198306657e+01 7.853981633974492782e-01
1.180156655122223119e+00 7.363836897303716000e+01 7.853981633974492782e-01
1.389960802175829846e+00 7.422006804852354378e+01 7.853981633974492782e-01
9.270448856177764263e-01 7.527673578324439063e+01 7.853981633974492782e-01
8.655724351147571216e-01 7.667737741232851079e+01 7.853981633974492782e-01
3.058660123738444980e+00 7.712991004506118031e+01 7.853981633974492782e-01
9.212529079612576943e-01 7.853611312820436297e+01 7.853981633974492782e-01
9.390372943769119685e-01 7.968654266345062354e+01 7.853981633974492782e-01
1.825431850744367646e+00 8.037894702698520177e+01 7.853981633974492782e-01
1.005699465213968136e+00 8.142737976765646124e+01 7.853981633974492782e-01
5.872864363963654633e-01 8.245746090915865523e+01 7.853981633974492782e-01
3.883605305019106169e+00 8.335812379387044757e+01 7.853981633974492782e-01
6.986137194114799831e-01 8.431870150665945118e+01 7.853981633974492782e-01
8.398537150923095496e-01 8.543199992075292926e+01 7.853981633974492782e-01
2.019973939480947500e+00 8.653722432602066306e+01 7.853981633974492782e-01
9.243386639653339287e-01 8.742366280411393120e+01 7.853981633974492782e-01
7.065660546122476404e-01 8.824563624590165034e+01 7.853981633974492782e-01
3.070072591024568975e+00 8.959689697705739775e+01 7.853981633974492782e-01
1.153451746603394001e+00 9.001950754913038111e+01 7.853981633974492782e-01
1.037051388837155086e+00 9.140701902217469410e+01 7.853981633974492782e-01
1.706006787034881622e+00 9.271746997528124723e+01 7.853981633974492782e-01
9.583148934756212656e-01 9.340381007697753546e+01 7.853981633974492782e-01
7.806606984477223454e-01 9.435304621892473165e+01 7.853981633974492782e-01
2.024385737815102893e+00 9.582260014300034356e+01 7.853981633974492782e-01
1.716161889673976981e+00 9.612941588288261130e+01 7.853981633974492782e-01
1.087048811058213493e+00 9.759700908214433923e+01 7.853981633974492782e-01
1.449511882060535717e+00 9.891319933286277433e+01 7.853981633974492782e-01
1.093065413109302275e+00 9.951322516479406488e+01 7.853981633974492782e-01
8.277310217016803362e-01 1.005332841134361672e+02 7.853981633974492782e-01
1.439826355374380196e+00 1.020276223178309749e+02 7.853981633974492782e-01
2.201498289605750003e+00 1.023369117692319890e+02 7.853981633974492782e-01
1.061780012747680191e+00 1.038151982311046737e+02 7.853981633974492782e-01
1.232142703857259214e+00 1.050922942712152377e+02 7.853981633974492782e-01
1.297706281307764664e+00 1.056699996972431990e+02 7.853981633974492782e-01
8.906728236746512817e-01 1.067228438430444157e+02 7.853981633974492782e-01
9.942676963996124329e-01 1.081716936605024841e+02 7.853981633974492782e-01
2.781086913551423123e+00 1.085642691427863582e+02 7.853981633974492782e-01
9.698419267126486831e-01 1.100040616753544356e+02 7.853981633974492782e-01
1.007595842980216982e+00 1.111958851837924556e+02 7.853981633974492782e-01
1.655230112100275042e+00 1.118343825052259035e+02 7.853981633974492782e-01
9.787762210227676229e-01 1.128924911136787159e+02 7.853981633974492782e-01
6.338273536234038108e-01 1.140943408555201017e+02 7.853981633974492782e-01
3.618176209441020585e+00 1.147925163949298053e+02 7.853981633974492782e-01
7.396766746512555279e-01 1.159842762457826524e+02 7.853981633974492782e-01
8.218267662445170041e-01 1.170522697630746762e+02 7.853981633974492782e-01
2.085795344852380051e+00 1.179919949004121662e+02 7.853981633974492782e-01
9.700179551482466245e-01 1.189563242835476302e+02 7.853981633974492782e-01
6.802925940887560863e-01 1.197428438439738869e+02 7.853981633974492782e-01
3.514381566744297469e+00 1.210246040829299261e+02 7.853981633974492782e-01
1.011882112984696214e+00 1.215210626254506678e+02 7.853981633974492782e-01
1.018886088879647378e+00 1.228646635209176594e+02 7.853981633974492782e-01
1.834454608339313841e+00 1.241607508925183367e+02 7.853981633974492782e-01
9.455154166357627732e-01 1.248892673942521014e+02 7.853981633974492782e-01
7.983044993467294237e-01 1.257903635786153842e+02 7.853981633974492782e-01
2.218018248152631600e+00 1.272499055617735877e+02 7.853981633974492782e-01
1.682668777854296138e+00 1.275586034034030831e+02 7.853981633974492782e-01
1.132883061401108282e+00 1.290311881406872487e+02 7.853981633974492782e-01
1.596358441989528698e+00 1.303666628932425624e+02 7.853981633974492782e-01
1.056939102523784646e+00 1.309884937521272832e+02 7.853981633974492782e-01
8.560723697510633778e-01 1.319726814454458861e+02 7.853981633974492782e-01
1.591129169081608508e+00 1.334632830548780476e+02 7.853981633974492782e-01
2.203444400484512844e+00 1.337600690304384443e+02 7.853981633974492782e-01
1.139813258634618798e+00 1.352585684308918133e+02 7.853981633974492782e-01
1.398324155162532056e+00 1.365746620512653351e+02 7.853981633974492782e-01
1.202551624452198542e+00 1.371530186914368983e+02 7.853981633974492782e-01
9.000715370466298992e-01 1.381825557006356746e+02 7.853981633974492782e-01
1.184693386323503406e+00 1.396539902476752388e+02 7.853981633974492782e-01
2.654140962038781471e+00 1.399966644705609724e+02 7.853981633974492782e-01
1.072584514092793428e+00 1.414791306388082432e+02 7.853981633974492782e-01
1.167756879388616387e+00 1.427355752211347522e+02 7.853981633974492782e-01
1.452167090370853231e+00 1.433192687971779264e+02 7.853981633974492782e-01
9.605584456871389953e-01 1.443762936872616933e+02 7.853981633974492782e-01
7.956265731859887280e-01 1.457304808125824707e+02 7.853981633974492782e-01
3.282611037575196455e+00 1.462331228649030095e+02 7.853981633974492782e-01
8.874944732319669516e-01 1.476087754178611249e+02 7.853981633974492782e-01
9.034089942494676340e-01 1.487314483474301596e+02 7.853981633974492782e-01
1.945455752699639884e+00 1.494691142312963450e+02 7.853981633974492782e-01
1.018827280901787757e+00 1.505055048208338349e+02 7.853981633974492782e-01
5.996928253349236293e-01 1.514099324807420430e+02 7.853981633974492782e-01
3.964072596966183859e+00 1.524613106006876819e+02 7.853981633974492782e-01
7.502223338000317820e-01 1.532300200895074340e+02 7.853981633974492782e-01
8.953127855393715473e-01 1.544236211469996931e+02 7.853981633974492782e-01
1.948006311016634573e+00 1.556233756581395937e+02 7.853981633974492782e-01
9.141804864811424736e-01 1.564471467083600373e+02 7.853981633974492782e-01
7.336110708428155158e-01 1.573006569977464721e+02 7.853981633974492782e-01
2.738397179660729375e+00 1.586989247604960838e+02 7.853981633974492782e-01
1.308280260389972360e+00 1.590705723643360159e+02 7.853981633974492782e-01
1.062180086239434829e+00 1.604910117359601429e+02 7.853981633974492782e-01
1.636703519611867330e+00 1.618105216324810556e+02 7.853981633974492782e-01
9.870830824974859974e-01 1.624673571010785906e+02 7.853981633974492782e-01
7.935318672134467066e-01 1.634391125625672032e+02 7.853981633974492782e-01
1.852365863592266626e+00 1.649204891987334634e+02 7.853981633974492782e-01
1.842953099150451246e+00 1.652209757000642867e+02 7.853981633974492782e-01
1.087339002045654812e+00 1.666956699469962757e+02 7.853981633974492782e-01
1.395934759124181967e+00 1.680057453186846601e+02 7.853981633974492782e-01
1.135861774201162078e+00 1.685949199474569582e+02 7.853981633974492782e-01
8.420837942579825208e-01 1.696253549176430795e+02 7.853981633974492782e-01
1.322764826276202843e+00 1.711166166716570274e+02 7.853981633974492782e-01
2.332869212465054964e+00 1.714371349971586937e+02 7.853981633974492782e-01
1.048684343874028091e+00 1.729124191209238006e+02 7.853981633974492782e-01
1.180606642088389391e+00 1.741746312847780302e+02 7.853981633974492782e-01
1.366283256170371940e+00 1.747565155659391962e+02 7.853981633974492782e-01
9.115594635513375454e-01 1.758134275343379613e+02 7.853981633974492782e-01
8.936962327256906535e-01 1.772301134922134622e+02 7.853981633974492782e-01
2.964161980363183346e+00 1.776659552963106705e+02 7.853981633974492782e-01
9.287281796693583891e-01 1.790796631528503440e+02 7.853981633974492782e-01
9.504985621007489005e-01 1.802390184675610669e+02 7.853981633974492782e-01
1.780257246770283297e+00 1.809186713534422779e+02 7.853981633974492782e-01
9.964437110501046524e-01 1.819699255891651148e+02 7.853981633974492782e-01
5.915336765500696092e-01 1.830490851339370693e+02 7.853981633974492782e-01
3.814167260650525915e+00 1.838938662487629756e+02 7.853981633974492782e-01
6.982430492242875930e-01 1.849225711723568395e+02 7.853981633974492782e-01
8.273399086872729180e-01 1.860149731891805800e+02 7.853981633974492782e-01
2.043776824531517544e+00 1.870786745364092383e+02 7.853981633974492782e-01
9.336865216580894078e-01 1.879874363622914473e+02 7.853981633974492782e-01
6.991368221156668561e-01 1.887979826919927575e+02 7.853981633974492782e-01
3.191189305847864421e+00 1.901315167639132540e+02 7.853981633974492782e-01
1.110187752586093035e+00 1.905732353710067457e+02 7.853981633974492782e-01
1.031643006524399331e+00 1.919492013222962612e+02 7.853981633974492782e-01
1.739141337257889441e+00 1.932563962180328190e+02 7.853981633974492782e-01
9.523882231774744023e-01 1.939542240645393747e+02 7.853981633974492782e-01
7.825635790302262196e-01 1.948918087513221735e+02 7.853981633974492782e-01
2.082807069786603460e+00 1.963577662570541520e+02 7.853981633974492782e-01
1.694777579260478229e+00 1.966659638598376603e+02 7.853981633974492782e-01
1.095731204344236653e+00 1.981336073760688237e+02 7.853981633974492782e-01
1.483021290540927017e+00 1.994543407595628821e+02 7.853981633974492782e-01
1.080294149453280284e+00 2.000595437389176823e+02 7.853981633974492782e-01
8.302505586895098100e-01 2.010722434381926575e+02 7.853981633974492782e-01
1.485417344416294361e+00 2.025660720936464543e+02 7.853981633974492782e-01
2.180772142060429797e+00 2.028716929091532108e+02 7.853981633974492782e-01
1.076739727653595047e+00 2.043538413830936804e+02 7.853981633974492782e-01
1.266583354207051260e+00 2.056398715273039670e+02 7.853981633974492782e-01
1.270737162067027803e+00 2.062162195734790373e+02 7.853981633974492782e-01
8.882789808383625418e-01 2.072653530494631866e+02 7.853981633974492782e-01
1.041966004560588965e+00 2.087231020545869455e+02 7.853981633974492782e-01
2.728779331124875362e+00 2.091003127669234232e+02 7.853981633974492782e-01
9.923339253066596477e-01 2.105512365136922881e+02 7.853981633974492782e-01
1.040424659083139192e+00 2.117585419047475170e+02 7.853981633974492782e-01
1.602893946218656218e+00 2.123805955601006872e+02 7.853981633974492782e-01
9.728526486126924944e-01 2.134402628105815438e+02 7.853981633974492782e-01
6.643373949892306118e-01 2.146874767820932561e+02 7.853981633974492782e-01
3.531807199273815367e+00 2.153295275835213829e+02 7.853981633974492782e-01
7.704484519504332107e-01 2.165777323502229024e+02 7.853981633974492782e-01
8.313876190635455243e-01 2.176498119981959007e+02 7.853981633974492782e-01
2.078491498687409678e+00 2.185359114739442248e+02 7.853981633974492782e-01
9.852099424900166991e-01 2.195212987070378006e+02 7.853981633974492782e-01
6.636554664093727851e-01 2.203131807180274109e+02 7.853981633974492782e-01
3.653719288796095643e+00 2.215597216122920372e+02 7.853981633974492782e-01
9.528613528649680919e-01 2.220952124297370176e+02 7.853981633974492782e-01
9.995644884364375260e-01 2.234153413805419461e+02 7.853981633974492782e-01
1.860321065366353999e+00 2.246999836008895102e+02 7.853981633974492782e-01
9.383064143752817277e-01 2.254439873256329747e+02 7.853981633974492782e-01
7.910269937303914256e-01 2.263342761072424878e+02 7.853981633974492782e-01
2.299902618973519441e+00 2.277868152681753315e+02 7.853981633974492782e-01
1.625995659582224251e+00 2.281015832234772347e+02 7.853981633974492782e-01
1.127330367749774354e+00 2.295685213876766397e+02 7.853981633974492782e-01
1.612919953618838997e+00 2.309036461833983367e+02 7.853981633974492782e-01
1.045600562741353157e+00 2.315314242508224538e+02 7.853981633974492782e-01
8.509585270836781401e-01 2.325108260087069709e+02 7.853981633974492782e-01
1.633329806183537292e+00 2.340010467399574736e+02 7.853981633974492782e-01
2.159412127567046813e+00 2.342963304094651278e+02 7.853981633974492782e-01
1.140893814521719785e+00 2.357939872388267872e+02 7.853981633974492782e-01
1.414541362517546697e+00 2.371127539826260886e+02 7.853981633974492782e-01
1.187527334850575267e+00 2.376933381433096883e+02 7.853981633974492782e-01
8.953214633291149971e-01 2.387199366767618471e+02 7.853981633974492782e-01
1.217782733461813649e+00 2.401953228124712609e+02 7.853981633974492782e-01
2.609565339386979321e+00 2.405315011157134109e+02 7.853981633974492782e-01
1.080711196433232546e+00 2.420168894208710526e+02 7.853981633974492782e-01
1.188334369257415313e+00 2.432803359298192731e+02 7.853981633974492782e-01
1.423376184236212039e+00 2.438604954138977519e+02 7.853981633974492782e-01
9.535599259467307798e-01 2.449161940206901988e+02 7.853981633974492782e-01
8.279540557125210087e-01 2.462892945644774159e+02 7.853981633974492782e-01
3.213068363230819902e+00 2.467685030962587689e+02 7.853981633974492782e-01
9.100413817701290542e-01 2.481621272309211008e+02 7.853981633974492782e-01
9.237224620419267618e-01 2.492990737802130070e+02 7.853981633974492782e-01
1.896331107157855911e+00 2.500119163750061944e+02 7.853981633974492782e-01
1.019011739298345098e+00 2.510551629634175583e+02 7.853981633974492782e-01
5.913730007291365665e-01 2.520074080479119800e+02 7.853981633974492782e-01
3.965486662710592913e+00 2.529969310176289810e+02 7.853981633974492782e-01
7.201945374128235766e-01 2.538440689451208812e+02 7.853981633974492782e-01
8.702636706402929745e-01 2.550016072051706146e+02 7.853981633974492782e-01
1.981225636217792907e+00 2.561662369694969357e+02 7.853981633974492782e-01
9.165152462144176004e-01 2.570158245432627382e+02 7.853981633974492782e-01
7.235387527408101427e-01 2.578546801070071979e+02 7.853981633974492782e-01
2.872421042498750854e+00 2.592354723422461689e+02 7.853981633974492782e-01
1.244557574837554359e+00 2.596257347358675815e+02 7.853981633974492782e-01
1.053363568261970862e+00 2.610339859394341033e+02 7.853981633974492782e-01
1.666157177651804933e+00 2.623507360877082988e+02 7.853981633974492782e-01
9.746828418841195774e-01 2.630192404382199811e+02 7.853981633974492782e-01
7.887975536897969819e-01 2.639817211871240374e+02 7.853981633974492782e-01
1.921765100891327904e+00 2.654587251318420726e+02 7.853981633974492782e-01
1.792063658810162829e+00 2.657610720987370314e+02 7.853981633974492782e-01
1.088598333482075242e+00 2.672334471789045551e+02 7.853981633974492782e-01
1.419763941251805717e+00 2.685466598842527901e+02 7.853981633974492782e-01
1.117274099437643775e+00 2.691400540020255221e+02 7.853981633974492782e-01
8.365045336521842456e-01 2.701660501581734479e+02 7.853981633974492782e-01
1.372010955539443078e+00 2.716590469929943197e+02 7.853981633974492782e-01
2.278382011019870035e+00 2.719741553331252248e+02 7.853981633974492782e-01
1.055751332248747731e+00 2.734513677912519256e+02 7.853981633974492782e-01
1.204060198805817494e+00 2.747206550541741308e+02 7.853981633974492782e-01
1.335426686809471297e+00 2.753000208619914702e+02 7.853981633974492782e-01
9.028319577570891319e-01 2.763552421259681751e+02 7.853981633974492782e-01
9.369684594740927963e-01 2.777872334697563019e+02 7.853981633974492782e-01
2.884603942970091150e+00 2.782026436451282621e+02 7.853981633974492782e-01
9.484686676345348566e-01 2.796293350308365007e+02 7.853981633974492782e-01
9.756675883973968677e-01 2.808035995030252252e+02 7.853981633974492782e-01
1.724485461421977117e+00 2.814632038730231329e+02 7.853981633974492782e-01
9.900370236567215265e-01 2.825182047499133091e+02 7.853981633974492782e-01
6.056450697840434216e-01 2.836530908428042039e+02 7.853981633974492782e-01
3.738250302524029234e+00 2.844307041253754846e+02 7.853981633974492782e-01
7.107019657831166182e-01 2.855370586617215736e+02 7.853981633974492782e-01
8.206348401626466504e-01 2.866123281436076127e+02 7.853981633974492782e-01
2.073796262938276236e+00 2.876220602118697229e+02 7.853981633974492782e-01
9.502789962392486078e-01 2.885565401855508298e+02 7.853981633974492782e-01
6.956181329676760505e-01 2.893498451802083764e+02 7.853981633974492782e-01
3.332168049800538157e+00 2.906656722298280897e+02 7.853981633974492782e-01
1.077172774281603518e+00 2.911253305110142833e+02 7.853981633974492782e-01
1.033353340260982023e+00 2.924912078892375007e+02 7.853981633974492782e-01
1.791028057448586397e+00 2.937964136021281547e+02 7.853981633974492782e-01
9.518377274392805232e-01 2.945073581727822898e+02 7.853981633974492782e-01
7.970223788868450177e-01 2.954256762062692587e+02 7.853981633974492782e-01
2.134734708044264906e+00 2.968904823681054381e+02 7.853981633974492782e-01
1.715771359450624978e+00 2.971963658376999433e+02 7.853981633974492782e-01
1.123662264434699853e+00 2.986700776892683393e+02 7.853981633974492782e-01
1.550735353234620861e+00 3.000010241420466173e+02 7.853981633974492782e-01
1.069824846803582474e+00 3.006143161067147958e+02 7.853981633974492782e-01
8.494343921333578074e-01 3.016106449106337664e+02 7.853981633974492782e-01
1.538389168021193631e+00 3.031023622306718721e+02 7.853981633974492782e-01
2.213998752987276664e+00 3.034028246521884853e+02 7.853981633974492782e-01
1.117716212591366887e+00 3.048961886772944467e+02 7.853981633974492782e-01
1.344609039095170155e+00 3.062009874982649649e+02 7.853981633974492782e-01
1.231870034312331663e+00 3.067767003029371722e+02 7.853981633974492782e-01
8.972989717569591628e-01 3.078151415372972792e+02 7.853981633974492782e-01
1.121496420129801441e+00 3.092807933827571105e+02 7.853981633974492782e-01
2.695735594788813749e+00 3.096373280910336234e+02 7.853981633974492782e-01
1.040842433459452154e+00 3.111081354650813182e+02 7.853981633974492782e-01
1.112006504271930485e+00 3.123444734901411834e+02 7.853981633974492782e-01
1.517158478121406251e+00 3.129412652261597145e+02 7.853981633974492782e-01
9.681269802055924023e-01 3.140007787555292680e+02 7.853981633974492782e-01
7.314235772664110513e-01 3.153116212072923759e+02 7.853981633974492782e-01
3.402635081582094490e+00 3.158705629253312281e+02 7.853981633974492782e-01
8.341688603592493090e-01 3.171976815721633898e+02 7.853981633974492782e-01
8.644916357695705544e-01 3.182923483367299582e+02 7.853981633974492782e-01
2.027902204851121049e+00 3.190916366048322175e+02 7.853981633974492782e-01
1.008601766548878453e+00 3.201084046491272375e+02 7.853981633974492782e-01
6.282399863989241995e-01 3.209393829461977816e+02 7.853981633974492782e-01
3.867280912900944667e+00 3.220988447854479091e+02 7.853981633974492782e-01
8.398045199570329800e-01 3.227347849450744093e+02 7.853981633974492782e-01
9.498194924496611291e-01 3.239972311186691627e+02 7.853981633974492782e-01
1.900488461290456899e+00 3.252484791499474568e+02 7.853981633974492782e-01
9.227734911805343110e-01 3.260278854405003131e+02 7.853981633974492782e-01
7.634570946107467337e-01 3.269011333894159748e+02 7.853981633974492782e-01
2.497850320765861110e+00 3.283315397966593991e+02 7.853981633974492782e-01
1.469268657913845422e+00 3.286688084557828802e+02 7.853981633974492782e-01
1.095889377012488008e+00 3.301153843351577279e+02 7.853981633974492782e-01
1.618238606307225380e+00 3.314435396964994425e+02 7.853981633974492782e-01
1.018136131468571737e+00 3.320831364084444886e+02 7.853981633974492782e-01
8.224867130443667129e-01 3.330605799829043008e+02 7.853981633974492782e-01
1.729679830322786049e+00 3.345487544327178284e+02 7.853981633974492782e-01
2.005554920007855735e+00 3.348447800553867637e+02 7.853981633974492782e-01
1.114329845470785951e+00 3.363317968246985288e+02 7.853981633974492782e-01
1.401455476564103408e+00 3.376458364061697353e+02 7.853981633974492782e-01
1.165589431521435015e+00 3.382299132290188481e+02 7.853981633974492782e-01
8.701313528792777863e-01 3.392590297664452237e+02 7.853981633974492782e-01
1.261905806355235526e+00 3.407428374429314886e+02 7.853981633974492782e-01
2.480893065863488456e+00 3.410713815090796288e+02 7.853981633974492782e-01
1.065541031909382541e+00 3.425521342709920987e+02 7.853981633974492782e-01
1.183398133816223607e+00 3.438146184114279436e+02 7.853981633974492782e-01
1.398920290706897385e+00 3.443957391663428780e+02 7.853981633974492782e-01
9.347201495310756281e-01 3.454520517059570466e+02 7.853981633974492782e-01
8.555628783170687868e-01 3.468454875130141772e+02 7.853981633974492782e-01
3.101893605644193030e+00 3.473048055390063382e+02 7.853981633974492782e-01
9.193487835368745476e-01 3.487083365660422487e+02 7.853981633974492782e-01
9.356152550464960083e-01 3.498555514150818340e+02 7.853981633974492782e-01
1.844056328333884887e+00 3.505526454947198545e+02 7.853981633974492782e-01
1.009971568005027409e+00 3.515999452732382906e+02 7.853981633974492782e-01
5.872531142533931048e-01 3.526092066622839525e+02 7.853981633974492782e-01
3.911191748719890615e+00 3.535331464951664771e+02 7.853981633974492782e-01
7.017648528423583443e-01 3.544644115182666724e+02 7.853981633974492782e-01
8.467850976265203222e-01 3.555881064730263006e+02 7.853981633974492782e-01
2.010367263912280489e+00 3.567097644636916698e+02 7.853981633974492782e-01
9.216016611382785717e-01 3.575866605278346810e+02 7.853981633974492782e-01
7.107992324352866431e-01 3.584128667016448162e+02 7.853981633974492782e-01
3.018439920143654476e+00 3.597720592809960749e+02 7.853981633974492782e-01
1.175755614813352334e+00 3.601859648437763894e+02 7.853981633974492782e-01
1.040997730239536567e+00 3.615789468568566463e+02 7.853981633974492782e-01
1.694791741250596839e+00 3.628911032383035717e+02 7.853981633974492782e-01
9.621011914716670610e-01 3.635726542922747626e+02 7.853981633974492782e-01
7.821592377950363772e-01 3.645257009147790654e+02 7.853981633974492782e-01
1.997733082122310488e+00 3.659972037092225037e+02 7.853981633974492782e-01
1.733597663860153792e+00 3.663028568190432566e+02 7.853981633974492782e-01
1.086656854070571221e+00 3.677714852925629998e+02 7.853981633974492782e-01
1.440439277795008577e+00 3.690866940808796244e+02 7.853981633974492782e-01
1.099123024335103338e+00 3.696848573592148455e+02 7.853981633974492782e-01
8.293242971897507587e-01 3.707067903259014088e+02 7.853981633974492782e-01
1.421702783042779084e+00 3.722009824920344840e+02 7.853981633974492782e-01
2.219124591205275276e+00 3.725117042250691952e+02 7.853981633974492782e-01
1.059342637850208657e+00 3.739894855112900132e+02 7.853981633974492782e-01
1.223487106633065480e+00 3.752642493650279221e+02 7.853981633974492782e-01
1.307683671513715229e+00 3.758423770571025102e+02 7.853981633974492782e-01
8.933963898589138974e-01 3.768960181493290520e+02 7.853981633974492782e-01
9.783281769004873452e-01 3.783407949973024529e+02 7.853981633974492782e-01
2.806768842970769118e+00 3.787392180002778446e+02 7.853981633974492782e-01
9.637382694752764101e-01 3.801755222997097690e+02 7.853981633974492782e-01
9.983345731406028101e-01 3.813625140001680620e+02 7.853981633974492782e-01
1.673679042056459343e+00 3.820065629902015871e+02 7.853981633974492782e-01
9.816994331968968979e-01 3.830639540417797662e+02 7.853981633974492782e-01
6.250427552497078709e-01 3.842485367883086838e+02 7.853981633974492782e-01
3.650907240385521391e+00 3.849673622774545265e+02 7.853981633974492782e-01
7.306304150915268192e-01 3.861376211276713661e+02 7.853981633974492782e-01
8.203365562589314264e-01 3.872060797782858685e+02 7.853981633974492782e-01
2.085205520145235525e+00 3.881646138158797044e+02 7.853981633974492782e-01
9.648064168703778254e-01 3.891212118637620847e+02 7.853981633974492782e-01
6.853751974404259650e-01 3.899079022333535249e+02 7.853981633974492782e-01
3.465251096704076605e+00 3.912001698716801457e+02 7.853981633974492782e-01
1.031374950102913690e+00 3.916851145031764077e+02 7.853981633974492782e-01
1.024308357648705536e+00 3.930357209132026242e+02 7.853981633974492782e-01
1.824578376873414509e+00 3.943349517951869529e+02 7.853981633974492782e-01
9.477458600903636565e-01 3.950585192069190157e+02 7.853981633974492782e-01
7.996129926741855076e-01 3.959636397949892057e+02 7.853981633974492782e-01
2.192884000896564434e+00 3.974250670217875836e+02 7.853981633974492782e-01
1.697684659958435205e+00 3.977323554536276902e+02 7.853981633974492782e-01
1.132940707340140740e+00 3.992061420731493513e+02 7.853981633974492782e-01
1.588020354545575108e+00 4.005411741326549873e+02 7.853981633974492782e-01
1.060586287888012569e+00 4.011608971826433390e+02 7.853981633974492782e-01
8.562900513351365817e-01 4.021473960879500851e+02 7.853981633974492782e-01
1.577207046993781114e+00 4.036381570226541839e+02 7.853981633974492782e-01
2.213043251990693516e+00 4.039356834827037233e+02 7.853981633974492782e-01
1.137039185818611076e+00 4.054337432929976330e+02 7.853981633974492782e-01
1.388928204536954425e+00 4.067480279931195355e+02 7.853981633974492782e-01
1.208760354218800570e+00 4.073256038128712362e+02 7.853981633974492782e-01
9.005896070648607976e-01 4.083567882028536360e+02 7.853981633974492782e-01
1.171154704079956588e+00 4.098268171691536281e+02 7.853981633974492782e-01
2.667163864133565099e+00 4.101723052181496882e+02 7.853981633974492782e-01
1.067273213743530569e+00 4.116528666616621877e+02 7.853981633974492782e-01
1.157140157684972248e+00 4.129056201625898552e+02 7.853981633974492782e-01
1.465243431694126075e+00 4.134914201457479521e+02 7.853981633974492782e-01
9.627598730755805301e-01 4.145490523410872470e+02 7.853981633974492782e-01
7.817442708473472113e-01 4.158946782392517321e+02 7.853981633974492782e-01
3.309925227020623417e+00 4.164082467036377011e+02 7.853981633974492782e-01
8.767917048701394656e-01 4.177749559304324976e+02 7.853981633974492782e-01
8.946834634119346097e-01 4.188914170906762706e+02 7.853981633974492782e-01
1.965264958504801651e+00 4.196409831211167329e+02 7.853981633974492782e-01
1.017658433665650231e+00 4.206738400486037222e+02 7.853981633974492782e-01
6.047284515626737411e-01 4.215597812419841262e+02 7.853981633974492782e-01
3.953311476300258587e+00 4.226363709171752703e+02 7.853981633974492782e-01
7.666587451961333066e-01 4.233734887505816573e+02 7.853981633974492782e-01
9.068434072212232522e-01 4.245826369482330733e+02 7.853981633974492782e-01
1.935621270538853356e+00 4.257954638046875289e+02 7.853981633974492782e-01
9.147446611123803972e-01 4.266087489903140977e+02 7.853981633974492782e-01
7.391595131298424048e-01 4.274674920748694831e+02 7.853981633974492782e-01
2.683019761485816002e+00 4.288732106740487779e+02 7.853981633974492782e-01
1.339928923304037456e+00 4.292368775553233036e+02 7.853981633974492782e-01
1.067925618954515432e+00 4.306629112390120326e+02 7.853981633974492782e-01
1.628452724371258986e+00 4.319839898033562235e+02 7.853981633974492782e-01
9.934302786236395288e-01 4.326363727091300575e+02 7.853981633974492782e-01
7.980061505758568874e-01 4.336106423352745765e+02 7.853981633974492782e-01
1.823451071791796885e+00 4.350938553120323036e+02 7.853981633974492782e-01
1.872789653285020783e+00 4.353933188506295551e+02 7.853981633974492782e-01
1.090401180350454746e+00 4.368700047396040418e+02 7.853981633974492782e-01
1.391861039746798978e+00 4.381799151901288951e+02 7.853981633974492782e-01
1.143466412145477173e+00 4.387676616006980908e+02 7.853981633974492782e-01
8.467616180150484562e-01 4.397987722786963332e+02 7.853981633974492782e-01
1.305383098515982221e+00 4.412887750159130178e+02 7.853981633974492782e-01
2.362383752889691380e+00 4.416113865314478062e+02 7.853981633974492782e-01
1.049482766114219867e+00 4.430869815460301879e+02 7.853981633974492782e-01
1.176509051264846395e+00 4.443478267991805524e+02 7.853981633974492782e-01
1.376680944157937736e+00 4.449302037859749248e+02 7.853981633974492782e-01
9.163129603034914084e-01 4.459873191925206015e+02 7.853981633974492782e-01
8.805520101315716941e-01 4.473978582661897576e+02 7.853981633974492782e-01
2.997711848680692182e+00 4.478408811033375514e+02 7.853981633974492782e-01
9.237276384810796381e-01 4.492506385396281416e+02 7.853981633974492782e-01
9.439658993549748800e-01 4.504055703585941046e+02 7.853981633974492782e-01
1.799194914779489674e+00 4.510915286951728262e+02 7.853981633974492782e-01
9.993447393081675845e-01 4.521414464594321885e+02 7.853981633974492782e-01
5.888200511121375325e-01 4.532007577805263736e+02 7.853981633974492782e-01
3.840362519511925310e+00 4.540688534804134520e+02 7.853981633974492782e-01
6.970349244648955667e-01 4.550695880189678064e+02 7.853981633974492782e-01
8.315910681110018077e-01 4.561700018179145673e+02 7.853981633974492782e-01
2.032681618273262547e+00 4.572513201149698148e+02 7.853981633974492782e-01
9.289717084926797375e-01 4.581509021172579423e+02 7.853981633974492782e-01
7.009568709098972228e-01 4.589671738903224991e+02 7.853981633974492782e-01
3.141883282284864798e+00 4.603071920931578802e+02 7.853981633974492782e-01
1.124225873649719043e+00 4.607421239425365229e+02 7.853981633974492782e-01
1.031999161025823897e+00 4.621220085111320373e+02 7.853981633974492782e-01
1.722649849156993485e+00 4.634300313831690232e+02 7.853981633974492782e-01
9.536938930582089524e-01 4.641231569998229247e+02 7.853981633974492782e-01
7.794445608259230607e-01 4.650666175375108651e+02 7.853981633974492782e-01
2.060992143271105359e+00 4.665335444785057462e+02 7.853981633974492782e-01
1.695188037546453863e+00 4.668418759695524614e+02 7.853981633974492782e-01
1.088739177941156377e+00 4.683083638244251574e+02 7.853981633974492782e-01
1.463979097126390183e+00 4.696262119485126618e+02 7.853981633974492782e-01
1.085055913690603946e+00 4.702290035475517129e+02 7.853981633974492782e-01
8.265562530687764475e-01 4.712459714146463057e+02 7.853981633974492782e-01
1.465424625443136231e+00 4.727402893207703301e+02 7.853981633974492782e-01
2.180649884600385668e+00 4.730476575899307932e+02 7.853981633974492782e-01
1.066516838275053392e+00 4.745270087785100941e+02 7.853981633974492782e-01
1.246252525427691271e+00 4.758078036428468636e+02 7.853981633974492782e-01
1.283627131039747571e+00 4.763849580744532659e+02 7.853981633974492782e-01
8.876027833117349219e-01 4.774363930103455118e+02 7.853981633974492782e-01
1.017879361161226015e+00 4.788904986394848038e+02 7.853981633974492782e-01
2.747439305513231123e+00 4.792750337263610163e+02 7.853981633974492782e-01
9.792987953242158206e-01 4.807198820469832299e+02 7.853981633974492782e-01
1.022043026389246378e+00 4.819188766561356942e+02 7.853981633974492782e-01
1.628820262870075197e+00 4.825494984440893518e+02 7.853981633974492782e-01
9.748101445502859175e-01 4.836084797948321352e+02 7.853981633974492782e-01
6.480599018290468250e-01 4.848341927028538976e+02 7.853981633974492782e-01
3.571113082723775367e+00 4.855035341584514299e+02 7.853981633974492782e-01
7.541130222965203300e-01 4.867245221399958837e+02 7.853981633974492782e-01
8.254960633704094830e-01 4.877936251570891386e+02 7.853981633974492782e-01
2.083066645351483004e+00 4.887063608021857135e+02 7.853981633974492782e-01
9.773493865744293796e-01 4.896814894368453110e+02 7.853981633974492782e-01
6.717364696433629767e-01 4.904702418167549922e+02 7.853981633974492782e-01
3.585129727882282680e+00 4.917346756265671956e+02 7.853981633974492782e-01
9.812863423776658767e-01 4.922503713343010077e+02 7.853981633974492782e-01
1.009010479039079922e+00 4.935823074871215113e+02 7.853981633974492782e-01
1.846784408489145823e+00 4.948728040310766687e+02 7.853981633974492782e-01
9.415578853275915483e-01 4.956089821986604989e+02 7.853981633974492782e-01
7.941795971441597546e-01 4.965049580625533281e+02 7.853981633974492782e-01
2.259249825403478962e+00 4.979609544682998035e+02 7.853981633974492782e-01
1.652450698279521735e+00 4.982727508775374758e+02 7.853981633974492782e-01
1.129412159910500701e+00 4.997423143156069045e+02 7.853981633974492782e-01
1.603378513919714310e+00 5.010774373264601422e+02 7.853981633974492782e-01
1.051072765151241928e+00 5.017021232488717146e+02 7.853981633974492782e-01
8.528044317687587528e-01 5.026842819513142899e+02 7.853981633974492782e-01
1.612258908490164400e+00 5.041747813986118558e+02 7.853981633974492782e-01
2.178854945288153377e+00 5.044708294467548058e+02 7.853981633974492782e-01
1.139354413754174900e+00 5.059686300270374204e+02 7.853981633974492782e-01
1.404741098325395843e+00 5.072857183371452265e+02 7.853981633974492782e-01
1.195304096504025804e+00 5.078651076212329372e+02 7.853981633974492782e-01
8.971197730998105024e-01 5.088935002112311281e+02 7.853981633974492782e-01
1.200326770769328366e+00 5.103670441816468610e+02 7.853981633974492782e-01
2.630295655816178080e+00 5.107065518040666916e+02 7.853981633974492782e-01
1.075675245313581829e+00 5.121901867679380302e+02 7.853981633974492782e-01
1.176511864801292218e+00 5.134496860302308505e+02 7.853981633974492782e-01
1.438685153724846622e+00 5.140317822911270014e+02 7.853981633974492782e-01
9.568776113977837117e-01 5.150882802573501067e+02 7.853981633974492782e-01
8.103841581148630846e-01 5.164516937197912512e+02 7.853981633974492782e-01
3.248462871249656381e+00 5.169431449108958532e+02 7.853981633974492782e-01
8.978046348842390056e-01 5.183273397347737728e+02 7.853981633974492782e-01
9.124396601914498417e-01 5.194565475330603022e+02 7.853981633974492782e-01
1.922607480957208681e+00 5.201824977103464107e+02 7.853981633974492782e-01
1.018901841085704474e+00 5.212222332223966532e+02 7.853981633974492782e-01
5.949762339468900318e-01 5.221488712328473412e+02 7.853981633974492782e-01
3.967050411182729608e+00 5.231714246644233981e+02 7.853981633974492782e-01
7.343106155631877741e-01 5.239766865100607447e+02 7.853981633974492782e-01
8.828296951018816952e-01 5.251530141963851293e+02 7.853981633974492782e-01
1.962345851950221265e+00 5.263368770397278240e+02 7.853981633974492782e-01
9.143959200506962537e-01 5.271726923821343007e+02 7.853981633974492782e-01
7.277679414520875634e-01 5.280200804620666304e+02 7.853981633974492782e-01
2.801732153861673957e+00 5.294097136786834881e+02 7.853981633974492782e-01
1.274583519012541188e+00 5.297906516083579618e+02 7.853981633974492782e-01
1.056358734056826121e+00 5.312047866780012555e+02 7.853981633974492782e-01
1.647677854541526932e+00 5.325225879332484737e+02 7.853981633974492782e-01
9.803782859509085901e-01 5.331847290550082334e+02 7.853981633974492782e-01
7.893877461318011823e-01 5.341530869319202566e+02 7.853981633974492782e-01
1.885554239451796787e+00 5.356322605527464020e+02 7.853981633974492782e-01
1.812368113215216736e+00 5.359339496612406037e+02 7.853981633974492782e-01
1.085132541430106734e+00 5.374067075594557537e+02 7.853981633974492782e-01
1.402713071884411633e+00 5.387173690077260062e+02 7.853981633974492782e-01
1.127162496042750206e+00 5.393083138573020960e+02 7.853981633974492782e-01
8.376029217714046071e-01 5.403375584315791684e+02 7.853981633974492782e-01
1.343799544709230132e+00 5.418299660018886925e+02 7.853981633974492782e-01
2.301794481153743188e+00 5.421481282539464246e+02 7.853981633974492782e-01
1.049002824843550341e+00 5.436234074563552667e+02 7.853981633974492782e-01
1.187150665191525345e+00 5.448876874650263744e+02 7.853981633974492782e-01
1.353690854074750760e+00 5.454688376379892816e+02 7.853981633974492782e-01
9.065301993409429215e-01 5.465253584539722169e+02 7.853981633974492782e-01
9.103403554599243108e-01 5.479489539911119209e+02 7.853981633974492782e-01
2.926300052604353663e+00 5.483763371903800135e+02 7.853981633974492782e-01
9.352959251861536760e-01 5.497948627774937904e+02 7.853981633974492782e-01
9.591640715979996568e-01 5.509597586294246412e+02 7.853981633974492782e-01
1.757515213137619492e+00 5.516317474880116833e+02 7.853981633974492782e-01
9.931136182263144985e-01 5.526845297026475237e+02 7.853981633974492782e-01
5.960978419527770411e-01 5.537871227998740551e+02 7.853981633974492782e-01
3.781503310021195663e+00 5.546042039685258942e+02 7.853981633974492782e-01
7.017162761375875801e-01 5.556654527074985026e+02 7.853981633974492782e-01
8.234655647652552313e-01 5.567497047932108671e+02 7.853981633974492782e-01
2.056193579273967398e+00 5.577917335911332657e+02 7.853981633974492782e-01
9.398707761725938470e-01 5.587112318912547835e+02 7.853981633974492782e-01
6.971219840090290276e-01 5.595150659440956815e+02 7.853981633974492782e-01
3.249675291073347072e+00 5.608408940939473268e+02 7.853981633974492782e-01
1.094559777159688885e+00 5.612906046627623482e+02 7.853981633974492782e-01
1.031466703539171581e+00 5.626619841120296996e+02 7.853981633974492782e-01
1.759207704816082796e+00 5.639681595133884002e+02 7.853981633974492782e-01
9.513800422617746388e-01 5.646715140197926530e+02 7.853981633974492782e-01
7.870374166552460693e-01 5.656017814728458006e+02 7.853981633974492782e-01
2.106984882040363161e+00 5.670668400968061178e+02 7.853981633974492782e-01
1.697539133077721196e+00 5.673746087194566599e+02 7.853981633974492782e-01
1.105083496936344556e+00 5.688439982825524339e+02 7.853981633974492782e-01
1.507381322506516241e+00 5.701683806611252976e+02 7.853981633974492782e-01
1.075281261190451199e+00 5.707766406040778975e+02 7.853981633974492782e-01
8.359345573832516196e-01 5.717836555846554347e+02 7.853981633974492782e-01
1.508219502905153941e+00 5.732767880744308968e+02 7.853981633974492782e-01
2.186088547124101833e+00 5.735803706931610577e+02 7.853981633974492782e-01
1.090517775382780385e+00 5.750662697912343901e+02 7.853981633974492782e-01
1.293522083908587250e+00 5.763589950277219032e+02 7.853981633974492782e-01
1.255452455704720638e+00 5.769347376356187169e+02 7.853981633974492782e-01
8.902055086543423368e-01 5.779805043504762807e+02 7.853981633974492782e-01
1.071953665887920293e+00 5.794419946303761435e+02 7.853981633974492782e-01
2.710275575523797276e+00 5.798108196213577230e+02 7.853981633974492782e-01
1.009282465538343443e+00 5.812691376302307162e+02 7.853981633974492782e-01
1.064991717903718493e+00 5.824869651074047852e+02 7.853981633974492782e-01
1.570795100919032627e+00 5.830990248805790088e+02 7.853981633974492782e-01
9.706150534817161724e-01 5.841591051997343129e+02 7.853981633974492782e-01
6.870320094639059683e-01 5.854315886817605588e+02 7.853981633974492782e-01
3.482570010373610803e+00 5.860411929584073505e+02 7.853981633974492782e-01
7.926233510033577900e-01 5.873208524392723575e+02 7.853981633974492782e-01
8.411990393381238995e-01 5.883991988380402063e+02 7.853981633974492782e-01
2.065915332236362367e+00 5.892524720934587776e+02 7.853981633974492782e-01
9.944311420266719326e-01 5.902501254535779935e+02 7.853981633974492782e-01
6.514547728157072948e-01 5.910512414302476145e+02 7.853981633974492782e-01
3.737887611886724581e+00 5.922704564081993794e+02 7.853981633974492782e-01
9.127449134347369597e-01 5.928368381927729160e+02 7.853981633974492782e-01
9.838143832750679829e-01 5.941387655755187325e+02 7.853981633974492782e-01
1.874821073994243692e+00 5.954136536660546426e+02 7.853981633974492782e-01
9.328924086616995348e-01 5.961689500173955594e+02 7.853981633974492782e-01
7.829707156964004211e-01 5.970530561265409233e+02 7.853981633974492782e-01
2.362517545911774430e+00 5.984992886905762361e+02 7.853981633974492782e-01
1.576771776295309735e+00 5.988201971479901431e+02 7.853981633974492782e-01
1.118658877712287669e+00 6.002813061594494002e+02 7.853981633974492782e-01
1.616863684702571469e+00 6.016147080469003185e+02 7.853981633974492782e-01
1.036996492237290068e+00 6.022463025336014653e+02 7.853981633974492782e-01
8.431041742744321832e-01 6.032244233033525234e+02 7.853981633974492782e-01
1.663890593490831238e+00 6.047143141050692066e+02 7.853981633974492782e-01
2.113881149559891703e+00 6.050093072133824990e+02 7.853981633974492782e-01
1.134734992037048862e+00 6.065043044711898119e+02 7.853981633974492782e-01
1.414302124487025303e+00 6.078224126014819149e+02 7.853981633974492782e-01
1.179768726655561650e+00 6.084042415391688792e+02 7.853981633974492782e-01
8.885114102004451064e-01 6.094308963595406112e+02 7.853981633974492782e-01
1.234294558406040077e+00 6.109090676656602454e+02 7.853981633974492782e-01
2.570908127783321451e+00 6.112422103200465244e+02 7.853981633974492782e-01
1.078770359771971776e+00 6.127270812300163243e+02 7.853981633974492782e-01
1.191238595288890423e+00 6.139916330630084076e+02 7.853981633974492782e-01
1.412352371814063146e+00 6.145714136249879402e+02 7.853981633974492782e-01
9.479126515617277704e-01 6.156269620492231525e+02 7.853981633974492782e-01
8.407324241176522550e-01 6.170082550044229492e+02 7.853981633974492782e-01
3.174209419414953715e+00 6.174785101753149092e+02 7.853981633974492782e-01
9.166560869940409972e-01 6.188777580832969534e+02 7.853981633974492782e-01
9.307231138601467224e-01 6.200199521474324911e+02 7.853981633974492782e-01
1.874339264743746458e+00 6.207244807889098865e+02 7.853981633974492782e-01
1.016869998910285622e+00 6.217698742013142237e+02 7.853981633974492782e-01
5.891907127720321657e-01 6.227450495834733601e+02 7.853981633974492782e-01
3.951504709121848702e+00 6.237069994440090568e+02 7.853981633974492782e-01
7.109497047659492086e-01 6.245894574078332653e+02 7.853981633974492782e-01
8.601595973164268827e-01 6.257320954357568326e+02 7.853981633974492782e-01
1.995238968833710658e+00 6.268794375740437772e+02 7.853981633974492782e-01
9.186358141149914003e-01 6.277405165107230687e+02 7.853981633974492782e-01
7.191744905471297855e-01 6.285730749676118876e+02 7.853981633974492782e-01
2.932645228516160607e+00 6.299456921821878268e+02 7.853981633974492782e-01
1.217912045490374462e+00 6.303447522569787225e+02 7.853981633974492782e-01
1.049625870801863980e+00 6.317473862946658301e+02 7.853981633974492782e-01
1.680060139052411916e+00 6.330627472362242543e+02 7.853981633974492782e-01
9.698296377793621525e-01 6.337366426762658875e+02 7.853981633974492782e-01
7.873790662501708448e-01 6.346945894840197298e+02 7.853981633974492782e-01
1.952489750976689420e+00 6.361695892830823595e+02 7.853981633974492782e-01
1.772193679787816833e+00 6.364728472138094730e+02 7.853981633974492782e-01
1.089920849492008958e+00 6.379443717313989737e+02 7.853981633974492782e-01
1.431646628528399967e+00 6.392591323583033045e+02 7.853981633974492782e-01
1.109507693113465088e+00 6.398545976191778664e+02 7.853981633974492782e-01
8.348348135118836000e-01 6.408782559251866360e+02 7.853981633974492782e-01
1.394167179231229126e+00 6.423716900660292595e+02 7.853981633974492782e-01
2.257302617259112854e+00 6.426846382325906006e+02 7.853981633974492782e-01
1.059670022099926889e+00 6.441628628520390976e+02 7.853981633974492782e-01
1.215744333585757175e+00 6.454354911478784516e+02 7.853981633974492782e-01
1.322019621555434066e+00 6.460139059598313906e+02 7.853981633974492782e-01
8.995288466473529976e-01 6.470681547376902927e+02 7.853981633974492782e-01
9.571236497813403465e-01 6.485061362494938066e+02 7.853981633974492782e-01
2.851625507903770895e+00 6.489131132193845133e+02 7.853981633974492782e-01
9.574044734831023140e-01 6.503451976943536010e+02 7.853981633974492782e-01
9.877999248285570522e-01 6.515261648823858422e+02 7.853981633974492782e-01
1.699793487267098557e+00 6.521773992843088763e+02 7.853981633974492782e-01
9.869652920406111196e-01 6.532337361876603836e+02 7.853981633974492782e-01
6.144622302105542389e-01 6.543925573301413579e+02 7.853981633974492782e-01
3.700668408864320913e+00 6.551413187408794556e+02 7.853981633974492782e-01
7.196820593535161459e-01 6.562796291833573150e+02 7.853981633974492782e-01
8.199923085708781256e-01 6.573505053446585862e+02 7.853981633974492782e-01
2.082601460926576831e+00 6.583355104085728726e+02 7.853981633974492782e-01
9.578535695986242215e-01 6.592808468596696230e+02 7.853981633974492782e-01
6.925038222723362002e-01 6.600686872625041133e+02 7.853981633974492782e-01
3.395211949334483670e+00 6.613750969698434119e+02 7.853981633974492782e-01
1.059608862183682776e+00 6.618445261034908071e+02 7.853981633974492782e-01
1.031794101224062565e+00 6.632046629931592179e+02 7.853981633974492782e-01
1.810863106629764463e+00 6.645080210565369043e+02 7.853981633974492782e-01
9.511632882210510065e-01 6.652247547933492342e+02 7.853981633974492782e-01
8.015931614423340568e-01 6.661353832713161864e+02 7.853981633974492782e-01
2.157767913403925597e+00 6.675994061742353551e+02 7.853981633974492782e-01
1.719456151753997686e+00 6.679047960190677031e+02 7.853981633974492782e-01
1.133151531683933566e+00 6.693802747697842506e+02 7.853981633974492782e-01
1.576636581528820136e+00 6.707146800809199476e+02 7.853981633974492782e-01
1.065933849071770023e+00 6.713315092186400079e+02 7.853981633974492782e-01
8.568876231616856520e-01 6.723211109292940364e+02 7.853981633974492782e-01
1.557433245417877421e+00 6.738120306474163499e+02 7.853981633974492782e-01
2.227786803752294986e+00 6.741106574829218516e+02 7.853981633974492782e-01
1.133422594126967775e+00 6.756081640631775826e+02 7.853981633974492782e-01
1.376236879308629035e+00 6.769199546817123974e+02 7.853981633974492782e-01
1.217706125414590446e+00 6.774965391764368405e+02 7.853981633974492782e-01
9.016564246406663097e-01 6.785298809851746000e+02 7.853981633974492782e-01
1.152141779352710893e+00 6.799977094245033413e+02 7.853981633974492782e-01
2.686931294322418395e+00 6.803473454337409976e+02 7.853981633974492782e-01
1.060004769277492986e+00 6.818252096789196912e+02 7.853981633974492782e-01
1.142714134981757779e+00 6.830727860515111161e+02 7.853981633974492782e-01
1.483918139677171233e+00 6.836617670772709516e+02 7.853981633974492782e-01
9.660422000384754071e-01 6.847201150430572625e+02 7.853981633974492782e-01
7.628670230555896214e-01 6.860529806653745482e+02 7.853981633974492782e-01
3.349226996566717407e+00 6.865826188038116697e+02 7.853981633974492782e-01
8.617773843735061501e-01 6.879359640746214382e+02 7.853981633974492782e-01
8.832398380337763699e-01 6.890440309575976698e+02 7.853981633974492782e-01
1.991725310232483448e+00 6.898109612532271058e+02 7.853981633974492782e-01
1.015559690646727908e+00 6.908383920007242978e+02 7.853981633974492782e-01
6.132483564858540737e-01 6.917001110963723249e+02 7.853981633974492782e-01
3.930438755692197361e+00 6.928107069431940772e+02 7.853981633974492782e-01
7.932327254725251020e-01 6.935055950628906203e+02 7.853981633974492782e-01
9.239220984621976385e-01 6.947363632930763515e+02 7.853981633974492782e-01
1.921234601422834753e+00 6.959658658033523579e+02 7.853981633974492782e-01
9.172325737817015323e-01 6.967651381183250123e+02 7.853981633974492782e-01
7.488128005702524570e-01 6.976297657963434631e+02 7.853981633974492782e-01
2.606953943780344840e+00 6.990460222003068793e+02 7.853981633974492782e-01
1.390691515144108381e+00 6.993983167921015820e+02 7.853981633974492782e-01
1.078942261228729604e+00 7.008328766869346964e+02 7.853981633974492782e-01
1.623033192554828030e+00 7.021568540883976084e+02 7.853981633974492782e-01
1.003356372148412223e+00 7.028037169292903172e+02 7.853981633974492782e-01
8.074904531563453780e-01 7.037796350525873095e+02 7.853981633974492782e-01
1.784352821770147202e+00 7.052652204261564748e+02 7.853981633974492782e-01
1.925068057673352984e+00 7.055630137174983929e+02 7.853981633974492782e-01
1.099554146617541805e+00 7.070438274026861336e+02 7.853981633974492782e-01
1.394492030768206048e+00 7.083551961059582709e+02 7.853981633974492782e-01
1.152915978041708422e+00 7.089413401829260692e+02 7.853981633974492782e-01
8.560357679321606295e-01 7.099718569348076471e+02 7.853981633974492782e-01
1.286555536738990702e+00 7.114595450404422081e+02 7.853981633974492782e-01
2.410229398734422990e+00 7.117845514188920788e+02 7.853981633974492782e-01
1.055634408138550473e+00 7.132621491784599357e+02 7.853981633974492782e-01
1.178559823833943421e+00 7.145234302560700144e+02 7.853981633974492782e-01
1.386475998753845307e+00 7.151054054787291534e+02 7.853981633974492782e-01
9.238844494941726992e-01 7.161622403355198685e+02 7.853981633974492782e-01
8.694041367757607830e-01 7.175656647184675876e+02 7.853981633974492782e-01
3.041267988486335394e+00 7.180156402743727995e+02 7.853981633974492782e-01
9.216893426512909882e-01 7.194227107695719496e+02 7.853981633974492782e-01
9.401470261360892477e-01 7.205742760309714185e+02 7.853981633974492782e-01
1.818290806260203230e+00 7.212650529324554327e+02 7.853981633974492782e-01
1.003859203182770665e+00 7.223138722987282563e+02 7.853981633974492782e-01
5.874912585007849852e-01 7.233520162138097476e+02 7.853981633974492782e-01
3.871713132269894775e+00 7.242437854855779733e+02 7.853981633974492782e-01
6.978295822216764588e-01 7.252154511513516582e+02 7.853981633974492782e-01
8.373777257199273016e-01 7.263250326615636823e+02 7.853981633974492782e-01
2.023334806038324274e+00 7.274238171260373065e+02 7.853981633974492782e-01
9.254478934891839925e-01 7.283138759431487870e+02 7.853981633974492782e-01
7.048444714244533893e-01 7.291343970120428821e+02 7.853981633974492782e-01
3.089882227627359423e+00 7.304824847751367543e+02 7.853981633974492782e-01
1.144806677427492758e+00 7.309085962357866038e+02 7.853981633974492782e-01
1.035390474726696874e+00 7.322939091308758179e+02 7.853981633974492782e-01
1.710132230095559480e+00 7.336036309530516064e+02 7.853981633974492782e-01
9.568612651479597719e-01 7.342918249391748304e+02 7.853981633974492782e-01
7.799744805736997799e-01 7.352396443072713055e+02 7.853981633974492782e-01
2.034708420081033697e+00 7.367084132673306840e+02 7.853981633974492782e-01
1.709137371446148190e+00 7.370157347059615631e+02 7.853981633974492782e-01
1.087005485750427436e+00 7.384828610185171556e+02 7.853981633974492782e-01
1.452701500959246106e+00 7.397993567090688884e+02 7.853981633974492782e-01
1.090789828575648324e+00 7.404000975125737796e+02 7.853981633974492782e-01
8.270177078097917800e-01 7.414194892467149884e+02 7.853981633974492782e-01
1.446632016994007230e+00 7.429138736843339075e+02 7.853981633974492782e-01
2.194508209042414837e+00 7.432226619593267287e+02 7.853981633974492782e-01
1.062491706069560449e+00 7.447010668009537540e+02 7.853981633974492782e-01
1.235132992257959250e+00 7.459789526718838033e+02 7.853981633974492782e-01
1.294093675752335137e+00 7.465565487029896303e+02 7.853981633974492782e-01
8.895900571774389975e-01 7.476091112300425721e+02 7.853981633974492782e-01
1.000098736131069810e+00 7.490594191610201733e+02 7.853981633974492782e-01
2.771420766353825726e+00 7.494499226007942525e+02 7.853981633974492782e-01
9.719128513073063136e-01 7.508908950190591440e+02 7.853981633974492782e-01
1.010888337666732140e+00 7.520844190732044581e+02 7.853981633974492782e-01
1.648566893912491560e+00 7.527210091642658654e+02 7.853981633974492782e-01
9.776162406746650158e-01 7.537793479386505169e+02 7.853981633974492782e-01
6.371997321190038255e-01 7.549873888611805341e+02 7.853981633974492782e-01
3.605759674412016391e+00 7.556781993699486293e+02 7.853981633974492782e-01
7.431167409776849864e-01 7.568774889982593095e+02 7.853981633974492782e-01
8.225416445128928000e-01 7.579455750124041060e+02 7.853981633974492782e-01
2.085306685212890088e+00 7.588785023056431100e+02 7.853981633974492782e-01
9.718143695849678076e-01 7.598455903290487186e+02 7.853981633974492782e-01
6.781223642217643066e-01 7.606325628182551100e+02 7.853981633974492782e-01
3.532316849706671480e+00 7.619100515854057676e+02 7.853981633974492782e-01
1.004048033075544355e+00 7.624112553018242124e+02 7.853981633974492782e-01
1.016396762487031813e+00 7.637519615881009258e+02 7.853981633974492782e-01
1.837467641456578260e+00 7.650466806259769328e+02 7.853981633974492782e-01
9.444736290072678342e-01 7.657770973005543738e+02 7.853981633974492782e-01
7.972167474215580141e-01 7.666769472459598092e+02 7.853981633974492782e-01
2.228340111688751790e+00 7.681356065122967038e+02 7.853981633974492782e-01
1.674879337094848264e+00 7.684450749491918486e+02 7.853981633974492782e-01
1.131939588932481477e+00 7.699168862428651892e+02 7.853981633974492782e-01
1.597971267524040506e+00 7.712522553228953939e+02 7.853981633974492782e-01
1.055448081081148626e+00 7.718747842772787635e+02 7.853981633974492782e-01
8.551758744196581441e-01 7.728585058489228459e+02 7.853981633974492782e-01
1.596406520484846991e+00 7.743490972342503937e+02 7.853981633974492782e-01
2.197003446268894322e+00 7.746456945968134278e+02 7.853981633974492782e-01
1.139594210661276419e+00 7.761439913944345790e+02 7.853981633974492782e-01
1.399752612498271098e+00 7.774602987731535677e+02 7.853981633974492782e-01
1.200763198000405207e+00 7.780389044970900159e+02 7.853981633974492782e-01
8.992717655549664624e-01 7.790681889683462487e+02 7.853981633974492782e-01
1.188507104192259689e+00 7.805401708932627116e+02 7.853981633974492782e-01
2.648001906513148818e+00 7.808820559098329568e+02 7.853981633974492782e-01
1.073264537133942431e+00 7.823647879145352135e+02 7.853981633974492782e-01
1.169797539796154640e+00 7.836219551692541927e+02 7.853981633974492782e-01
1.448872504076695211e+00 7.842052623999187517e+02 7.853981633974492782e-01
9.596174866904575440e-01 7.852621693724058787e+02 7.853981633974492782e-01
7.991744649167171755e-01 7.866186613195211521e+02 7.853981633974492782e-01
3.274105972711708112e+00 7.871185354105670058e+02 7.853981633974492782e-01
8.899912991848316635e-01 7.884963044812861881e+02 7.853981633974492782e-01
9.055512475602865985e-01 7.896205533621592849e+02 7.853981633974492782e-01
1.939914979775152259e+00 7.903553342395629215e+02 7.853981633974492782e-01
1.018857114460975266e+00 7.913925656655159173e+02 7.853981633974492782e-01
5.984146973883639475e-01 7.923023615880274519e+02 7.853981633974492782e-01
3.965249471397884751e+00 7.933467435507775463e+02 7.853981633974492782e-01
7.460427973797785217e-01 7.941243164571037596e+02 7.853981633974492782e-01
8.921547573894162975e-01 7.953136572390230867e+02 7.853981633974492782e-01
1.951299213319923842e+00 7.965096299336983066e+02 7.853981633974492782e-01
9.140936402999193522e-01 7.973363213814205892e+02 7.853981633974492782e-01
7.320113875986823393e-01 7.981884520592392391e+02 7.853981633974492782e-01
2.753895124242287995e+00 7.995845605262585423e+02 7.853981633974492782e-01
1.299457731439925823e+00 7.999585425705375883e+02 7.853981633974492782e-01
1.060495481815220353e+00 8.013773598264440352e+02 7.853981633974492782e-01
1.638916060665956742e+00 8.026963887652264020e+02 7.853981633974492782e-01
9.853215758714302108e-01 8.033544830130779246e+02 7.853981633974492782e-01
7.922285723571976801e-01 8.043255592987308091e+02 7.853981633974492782e-01
1.860494389250959557e+00 8.058063885260767165e+02 7.853981633974492782e-01
1.834487657116968373e+00 8.061072085690653921e+02 7.853981633974492782e-01
1.086372398856500165e+00 8.075813041239549648e+02 7.853981633974492782e-01
1.396903485035353221e+00 8.088913828509651012e+02 7.853981633974492782e-01
1.133772881983878378e+00 8.094809589497286879e+02 7.853981633974492782e-01
8.407217940919663457e-01 8.105112359094937347e+02 7.853981633974492782e-01
1.327528248757612994e+00 8.120028284454566574e+02 7.853981633974492782e-01
2.324532913565748871e+00 8.123228048866918698e+02 7.853981633974492782e-01
1.048313469792340635e+00 8.137979496782824071e+02 7.853981633974492782e-01
1.181535000052071016e+00 8.150604721113531923e+02 7.853981633974492782e-01
1.363534755462782799e+00 8.156422584935723989e+02 7.853981633974492782e-01
9.102103620777441950e-01 8.166991286260258676e+02 7.853981633974492782e-01
8.971885343965407822e-01 8.181174309792703525e+02 7.853981633974492782e-01
2.954954495900301570e+00 8.185514120390469088e+02 7.853981633974492782e-01
9.299209445119712703e-01 8.199660842556933176e+02 7.853981633974492782e-01
9.521559418159672994e-01 8.211265676651689773e+02 7.853981633974492782e-01
1.775246469336310140e+00 8.218046432854297336e+02 7.853981633974492782e-01
9.955799973010985848e-01 8.228562223207815123e+02 7.853981633974492782e-01
5.923853027837070462e-01 8.239406516934659521e+02 7.853981633974492782e-01
3.806598965036973148e+00 8.247793000246257407e+02 7.853981633974492782e-01
6.987973166881753517e-01 8.258152788647845455e+02 7.853981633974492782e-01
8.263332520726877073e-01 8.269057496658405171e+02 7.853981633974492782e-01
2.046434828918985094e+00 8.279647156048855550e+02 7.853981633974492782e-01
9.349477043473952698e-01 8.288758742260995405e+02 7.853981633974492782e-01
6.985510265894600002e-01 8.296850423285782199e+02 7.853981633974492782e-01
3.204259286754287839e+00 8.310167644919071108e+02 7.853981633974492782e-01
1.106278617463134939e+00 8.314603948819384414e+02 7.853981633974492782e-01
1.031393213117740792e+00 8.328352417359075162e+02 7.853981633974492782e-01
1.743286916997420333e+00 8.341421539819776854e+02 7.853981633974492782e-01
9.520176242634068586e-01 8.348412242139313548e+02 7.853981633974492782e-01
7.832647181005152337e-01 8.357773123071883674e+02 7.853981633974492782e-01
2.088580612433033945e+00 8.372429947202000449e+02 7.853981633974492782e-01
1.694293624486414407e+00 8.375511947540604751e+02 7.853981633974492782e-01
1.097381657643613728e+00 8.390190800133209450e+02 7.853981633974492782e-01
1.487763787641825930e+00 8.403405036856449897e+02 7.853981633974492782e-01
1.079085289253692626e+00 8.409463433991669490e+02 7.853981633974492782e-01
8.311391450341935050e-01 8.419579564989486471e+02 7.853981633974492782e-01
1.490467644076161058e+00 8.434516631126209631e+02 7.853981633974492782e-01
2.180647830841735413e+00 8.437568567798369941e+02 7.853981633974492782e-01
1.079250790637576340e+00 8.452396793152100827e+02 7.853981633974492782e-01
1.271699855862135298e+00 8.465269980237660548e+02 7.853981633974492782e-01
1.267532349050838558e+00 8.471032033308748623e+02 7.853981633974492782e-01
8.884442567767774079e-01 8.481517266624325657e+02 7.853981633974492782e-01
1.048066546035003599e+00 8.496103466065877683e+02 7.853981633974492782e-01
2.724083962714664686e+00 8.499857794442627892e+02 7.853981633974492782e-01
9.955772889359137956e-01 8.514381719802763655e+02 7.853981633974492782e-01
1.045134370380202071e+00 8.526475547647157782e+02 7.853981633974492782e-01
1.596353382989738501e+00 8.532675594896693383e+02 7.853981633974492782e-01
9.723005040063940063e-01 8.543273504013112642e+02 7.853981633974492782e-01
6.687151594883220529e-01 8.555798791073224265e+02 7.853981633974492782e-01
3.521490176620713619e+00 8.562151892942564473e+02 7.853981633974492782e-01
7.747701314521673321e-01 8.574699902221057073e+02 7.853981633974492782e-01
8.331336843326708763e-01 8.585431230291045495e+02 7.853981633974492782e-01
2.076445719388178457e+00 8.594225216078758649e+02 7.853981633974492782e-01
9.870967306268617625e-01 8.604104509417105646e+02 7.853981633974492782e-01
6.612716389922044247e-01 8.612038183769143416e+02 7.853981633974492782e-01
3.671043850613831871e+00 8.624451777293716077e+02 7.853981633974492782e-01
9.448816684166546631e-01 8.629864883335520744e+02 7.853981633974492782e-01
9.965839461834445911e-01 8.643031588332705724e+02 7.853981633974492782e-01
1.863286923950476348e+00 8.655860013300848550e+02 7.853981633974492782e-01
9.372466493029606438e-01 8.663321745249412515e+02 7.853981633974492782e-01
7.895768264997772290e-01 8.672212023203653644e+02 7.853981633974492782e-01
2.311839792629237333e+00 8.686725923029191563e+02 7.853981633974492782e-01
1.616754297566438181e+00 8.689884523169143904e+02 7.853981633974492782e-01
1.125836926298484197e+00 8.704543411755125817e+02 7.853981633974492782e-01
1.613980184026937215e+00 8.717891926735363768e+02 7.853981633974492782e-01
1.043961480961800747e+00 8.724177200632533413e+02 7.853981633974492782e-01
8.496058109202980768e-01 8.733967911254759429e+02 7.853981633974492782e-01
1.639199124866772994e+00 8.748869638603597423e+02 7.853981633974492782e-01
2.151152990751263872e+00 8.751821485607862314e+02 7.853981633974492782e-01
1.139987260627780774e+00 8.766793777889059811e+02 7.853981633974492782e-01
1.414978257351450219e+00 8.779981210995752008e+02 7.853981633974492782e-01
1.185920193825376057e+00 8.785789617908625360e+02 7.853981633974492782e-01
8.941522031291015971e-01 8.796054804920406696e+02 7.853981633974492782e-01
1.221255882820549754e+00 8.810814082286276516e+02 7.853981633974492782e-01
2.602400166029092521e+00 8.814169341113208702e+02 7.853981633974492782e-01
1.080667103956314046e+00 8.829023321623644733e+02 7.853981633974492782e-01
1.189404810242424615e+00 8.841661556925320156e+02 7.853981633974492782e-01
1.420857499562738546e+00 8.847461593113183653e+02 7.853981633974492782e-01
9.525033062361663028e-01 8.858017906026868786e+02 7.853981633974492782e-01
8.308689525608764503e-01 8.871766827355993428e+02 7.853981633974492782e-01
3.205137311806125044e+00 8.876538492358771464e+02 7.853981633974492782e-01
9.117287131264403266e-01 8.890488508778992127e+02 7.853981633974492782e-01
9.254189616339782987e-01 8.901870303854883559e+02 7.853981633974492782e-01
1.891491118351147138e+00 8.908978807873116921e+02 7.853981633974492782e-01
1.018686550902031085e+00 8.919416480400839191e+02 7.853981633974492782e-01
5.908203247221840426e-01 8.928988415743873475e+02 7.853981633974492782e-01
3.963277150835569529e+00 8.938822967814101048e+02 7.853981633974492782e-01
7.179546315719744776e-01 8.947371947326993222e+02 7.853981633974492782e-01
8.679925171819538043e-01 8.958913816615423684e+02 7.853981633974492782e-01
1.984414269658058672e+00 8.970522984516923088e+02 7.853981633974492782e-01
9.169437224130758679e-01 8.979044168058464948e+02 7.853981633974492782e-01
7.226168150977676508e-01 8.987418384504559299e+02 7.853981633974492782e-01
2.885607193846626117e+00 9.001208802017065409e+02 7.853981633974492782e-01
1.238735074879032227e+00 9.005130172059851930e+02 7.853981633974492782e-01
1.052597446004983839e+00 9.019200712549322816e+02 7.853981633974492782e-01
1.669273969464322382e+00 9.032365441622029039e+02 7.853981633974492782e-01
9.736074728928117983e-01 9.039062266790559761e+02 7.853981633974492782e-01
7.885177599826492800e-01 9.048676995018844309e+02 7.853981633974492782e-01
1.928499750793501111e+00 9.063442735619881887e+02 7.853981633974492782e-01
1.787783275233358671e+00 9.066468012915220243e+02 7.853981633974492782e-01
1.088951367065212450e+00 9.081190118205894350e+02 7.853981633974492782e-01
1.422468745515397703e+00 9.094325902960255235e+02 7.853981633974492782e-01
1.115533808441719232e+00 9.100264357103123984e+02 7.853981633974492782e-01
8.361596115245113481e-01 9.110519055802932371e+02 7.853981633974492782e-01
1.376946471899772151e+00 9.125450070029338576e+02 7.853981633974492782e-01
2.273765304936056442e+00 9.128596173666383038e+02 7.853981633974492782e-01
1.056682647481932191e+00 9.143370785297488510e+02 7.853981633974492782e-01
1.206727447318007629e+00 9.156071377155690243e+02 7.853981633974492782e-01
1.332383640248761658e+00 9.161862666393730024e+02 7.853981633974492782e-01
9.021057255498015071e-01 9.172412717415359111e+02 7.853981633974492782e-01
9.414890771868262842e-01 9.186746422237816887e+02 7.853981633974492782e-01
2.877219058424191012e+00 9.190881126492639623e+02 7.853981633974492782e-01
9.505315749783522783e-01 9.205160633137337527e+02 7.853981633974492782e-01
9.784035943885478481e-01 9.216918564081520344e+02 7.853981633974492782e-01
1.718905428252918588e+00 9.223495170910910019e+02 7.853981633974492782e-01
9.893863760146270891e-01 9.234048406522524601e+02 7.853981633974492782e-01
6.075075369717874985e-01 9.245451626657096540e+02 7.853981633974492782e-01
3.730080785959343004e+00 9.253162050109382335e+02 7.853981633974492782e-01
7.125688038927978640e-01 9.264299171888469573e+02 7.853981633974492782e-01
8.203739346975800206e-01 9.275040201736153449e+02 7.853981633974492782e-01
2.076114897560198624e+00 9.285082009201211122e+02 7.853981633974492782e-01
9.520069396531114503e-01 9.294451587391154135e+02 7.853981633974492782e-01
6.950650272504925731e-01 9.302370394198975418e+02 7.853981633974492782e-01
3.346296646821794507e+00 9.315508961755606379e+02 7.853981633974492782e-01
1.073550561448376683e+00 9.320125727273608618e+02 7.853981633974492782e-01
1.033227428355976807e+00 9.333772823633116786e+02 7.853981633974492782e-01
1.795803459749482967e+00 9.346821576692855160e+02 7.853981633974492782e-01
9.517673870307443718e-01 9.353943955941450668e+02 7.853981633974492782e-01
7.982870181322251346e-01 9.363108810326532421e+02 7.853981633974492782e-01
2.139687505506264298e+00 9.377755610703441107e+02 7.853981633974492782e-01
1.717429959860657718e+00 9.380812572636924642e+02 7.853981633974492782e-01
1.126158803424794463e+00 9.395554870980752185e+02 7.853981633974492782e-01
1.557121755406946750e+00 9.408873276764942375e+02 7.853981633974492782e-01
1.068944370056151616e+00 9.415014420907957629e+02 7.853981633974492782e-01
8.513534501153817713e-01 9.424961369581075132e+02 7.853981633974492782e-01
1.542895254703450902e+00 9.439876520957063804e+02 7.853981633974492782e-01
2.217810313521283661e+00 9.442876635837786807e+02 7.853981633974492782e-01
1.121658932361196515e+00 9.457820829976353707e+02 7.853981633974492782e-01
1.352342196758637760e+00 9.470886272589642658e+02 7.853981633974492782e-01
1.228404411232213445e+00 9.476644889693782261e+02 7.853981633974492782e-01
8.983892303448172134e-01 9.487017226796191380e+02 7.853981633974492782e-01
1.128938566624243744e+00 9.501679207222829291e+02 7.853981633974492782e-01
2.693700714309217314e+00 9.505227348544583492e+02 7.853981633974492782e-01
1.045555487876096201e+00 9.519953116472283909e+02 7.853981633974492782e-01
1.119385307079686198e+00 9.532344083625554276e+02 7.853981633974492782e-01
1.509065382318390824e+00 9.538291788414037455e+02 7.853981633974492782e-01
9.676661216094212259e-01 9.548884657528826665e+02 7.853981633974492782e-01
7.387953620133945742e-01 9.562047900952974260e+02 7.853981633974492782e-01
3.389935789286687928e+00 9.567564521483452609e+02 7.853981633974492782e-01
8.407799426519675379e-01 9.580901743946456008e+02 7.853981633974492782e-01
8.687401720385159454e-01 9.591878892378235832e+02 7.853981633974492782e-01
2.019980067280363389e+00 9.599792052794958863e+02 7.853981633974492782e-01
1.010445184044656441e+00 9.609986674579008650e+02 7.853981633974492782e-01
6.245238915659639956e-01 9.618362193775358264e+02 7.853981633974492782e-01
3.884298991431959003e+00 9.629846585597206285e+02 7.853981633974492782e-01
8.283156897678146668e-01 9.636337496162661864e+02 7.853981633974492782e-01
9.437622982871752830e-01 9.648889818634469293e+02 7.853981633974492782e-01
1.904957950150638846e+00 9.661355139880812430e+02 7.853981633974492782e-01
9.212537894159192886e-01 9.669193722533472055e+02 7.853981633974492782e-01
7.599048089905779957e-01 9.677907618727145973e+02 7.853981633974492782e-01
2.522635552820001958e+00 9.692180115995507776e+02 7.853981633974492782e-01
1.450394936832627213e+00 9.695586213764767081e+02 7.853981633974492782e-01
1.091699079354170321e+00 9.710024152520641110e+02 7.853981633974492782e-01
1.618609365841790382e+00 9.723295521835648287e+02 7.853981633974492782e-01
1.014685414521345308e+00 9.729706992869752185e+02 7.853981633974492782e-01
8.187229554569757095e-01 9.739480001021654516e+02 7.853981633974492782e-01
1.741920387564899864e+00 9.754356752341124093e+02 7.853981633974492782e-01
1.986003561584851473e+00 9.757320685993502138e+02 7.853981633974492782e-01
1.110469016139392417e+00 9.772175499400213994e+02 7.853981633974492782e-01
1.398973227577006595e+00 9.785308022596927913e+02 7.853981633974492782e-01
1.162916654192516885e+00 9.791153036800714062e+02 7.853981633974492782e-01
8.666715375866173021e-01 9.801449006742004713e+02 7.853981633974492782e-01
1.266907084625709556e+00 9.816296636748654691e+02 7.853981633974492782e-01
2.464244149899626368e+00 9.819574522690653566e+02 7.853981633974492782e-01
1.062821000724754050e+00 9.834373437836542280e+02 7.853981633974492782e-01
1.181549259343502634e+00 9.846993220492064438e+02 7.853981633974492782e-01
1.396644982673181268e+00 9.852807497442564681e+02 7.853981633974492782e-01
9.322127884763663497e-01 9.863372345177371017e+02 7.853981633974492782e-01
8.579792579635616701e-01 9.877327480797779344e+02 7.853981633974492782e-01
3.088685181655208112e+00 9.881902910575913666e+02 7.853981633974492782e-01
9.194176285247396274e-01 9.895943384016707114e+02 7.853981633974492782e-01
9.361589671820464975e-01 9.907422663547521324e+02 7.853981633974492782e-01
1.838981850018987174e+00 9.914383378749420217e+02 7.853981633974492782e-01
1.008563094191863296e+00 9.924858967370549863e+02 7.853981633974492782e-01
5.871028333285106537e-01 9.935009993973030760e+02 7.853981633974492782e-01
3.902866363530943516e+00 9.944185849743324752e+02 7.853981633974492782e-01
7.006664727645230961e-01 9.953579352679399790e+02 7.853981633974492782e-01
8.447050339189750012e-01 9.964786916893575608e+02 7.853981633974492782e-01
2.012620036377049448e+00 9.975958859638419653e+02 7.853981633974492782e-01
9.221680987377769423e-01 9.984754094644514453e+02 7.853981633974492782e-01
7.093055453098878749e-01 9.993007089015628708e+02 7.853981633974492782e-01
3.032872695566793286e+00 1.000657511712746214e+03 7.853981633974492782e-01
1.168626304616432465e+00 1.001074080210222974e+03 7.853981633974492782e-01
1.039419787160600128e+00 1.002465341757297665e+03 7.853981633974492782e-01
1.697136154908930550e+00 1.003776889725459114e+03 7.853981633974492782e-01
9.608003745572790688e-01 1.004459753890195998e+03 7.853981633974492782e-01
7.811842380325698665e-01 1.005412012269054571e+03 7.853981633974492782e-01
2.005479635562271046e+00 1.006882878619412963e+03 7.853981633974492782e-01
1.726813565193545230e+00 1.007189002107003603e+03 7.853981633974492782e-01
1.085936344362331107e+00 1.008657077111462058e+03 7.853981633974492782e-01
1.441671038751990874e+00 1.009972300186057851e+03 7.853981633974492782e-01
1.097399941421823844e+00 1.010570919180887927e+03 7.853981633974492782e-01
8.282961838876986560e-01 1.011592610401387105e+03 7.853981633974492782e-01
1.426246742943237944e+00 1.013086914062205324e+03 7.853981633974492782e-01
2.212448339628878546e+00 1.013397307257758825e+03 7.853981633974492782e-01
1.059076242485389230e+00 1.014874942896681773e+03 7.853981633974492782e-01
