1.089398906852864890e+00 2.800254384858008594e-01 3.141592653589661222e+00
9.351692131716935474e-01 1.735040088926820934e+00 3.141592653589661222e+00
1.380671723318503297e+00 2.354147873807820091e+00 3.141592653589661222e+00
1.156624820587822677e+00 3.821696031131804450e+00 3.141592653589661222e+00
1.230729638719488150e+00 4.398926490950992196e+00 3.141592653589661222e+00
9.287005323622462560e-01 5.861766692439799087e+00 3.141592653589661222e+00
1.350257631406489356e+00 6.442147840605663589e+00 3.141592653589661222e+00
7.208819717022985074e-01 7.779440339182340125e+00 3.141592653589661222e+00
1.624760758845425368e+00 8.544546118707616600e+00 3.141592653589661222e+00
9.249691339072659835e-01 9.935675305910026012e+00 3.141592653589661222e+00
1.597407884744544759e+00 1.057271735947360192e+01 3.141592653589661222e+00
8.095595721158374003e-01 1.195740385676298168e+01 3.141592653589661222e+00
1.701633032097343401e+00 1.262034435651171904e+01 3.141592653589661222e+00
6.408957724580605086e-01 1.364649774420581885e+01 3.141592653589661222e+00
1.813986945377704663e+00 1.470796105080284377e+01 3.141592653589661222e+00
6.875853821718597159e-01 1.576468344961473100e+01 3.141592653589661222e+00
1.826308341980183991e+00 1.673245165439139015e+01 3.141592653589661222e+00
6.560635132237966349e-01 1.785441522945464143e+01 3.141592653589661222e+00
1.767063401219636232e+00 1.881056094713430227e+01 3.141592653589661222e+00
7.970518449937037397e-01 1.949223705505691129e+01 3.141592653589661222e+00
1.665311073582357526e+00 2.085686941442380160e+01 3.141592653589661222e+00
8.974957876905423904e-01 2.151377868186159503e+01 3.141592653589661222e+00
1.679929014852751923e+00 2.288655170771776781e+01 3.141592653589661222e+00
7.018626246076101749e-01 2.368895323980200729e+01 3.141592653589661222e+00
1.419906368111344630e+00 2.499145338867752741e+01 3.141592653589661222e+00
9.265606656355419579e-01 2.557159496883367922e+01 3.141592653589661222e+00
1.288861654782571087e+00 2.703244646119476968e+01 3.141592653589661222e+00
1.141471257483951618e+00 2.760966628286285030e+01 3.141592653589661222e+00
1.436560333098158670e+00 2.907808029244210601e+01 3.141592653589661222e+00
8.956533871481924258e-01 2.971582563500301433e+01 3.141592653589661222e+00
1.135888832532540915e+00 3.115938148465058077e+01 3.141592653589661222e+00
1.063654185673094110e+00 3.171751357776348357e+01 3.141592653589661222e+00
9.840949149579862887e-01 3.318048874453664610e+01 3.141592653589661222e+00
1.350300663893556630e+00 3.378605209142282462e+01 3.141592653589661222e+00
1.206002082901179717e+00 3.526119212054992147e+01 3.141592653589661222e+00
1.173028373932668345e+00 3.583944435858738586e+01 3.141592653589661222e+00
9.591559122804194093e-01 3.730745306378678094e+01 3.141592653589661222e+00
1.301214879471335628e+00 3.787843485716437897e+01 3.141592653589661222e+00
7.551834961697637683e-01 3.924832605636136407e+01 3.141592653589661222e+00
1.588257470718507092e+00 3.997771775213283973e+01 3.141592653589661222e+00
9.795027877202773237e-01 4.139624087145694631e+01 3.141592653589661222e+00
1.528315797799137066e+00 4.200939123636950256e+01 3.141592653589661222e+00
8.395802165343622114e-01 4.341991963129970600e+01 3.141592653589661222e+00
1.644735789758632327e+00 4.405479562709037111e+01 3.141592653589661222e+00
6.394774401633889216e-01 4.515438220823763515e+01 3.141592653589661222e+00
1.799033333270430468e+00 4.614986352257425750e+01 3.141592653589661222e+00
7.120467171526863037e-01 4.730090974259430681e+01 3.141592653589661222e+00
1.831172651816338259e+00 4.817501974652553542e+01 3.141592653589661222e+00
6.811415138055554319e-01 4.935906472156461433e+01 3.141592653589661222e+00
1.822460015285546131e+00 5.024173087028826501e+01 3.141592653589661222e+00
7.780984532696223477e-01 5.095108598727786386e+01 3.141592653589661222e+00
1.727536541643974521e+00 5.228767529023000549e+01 3.141592653589661222e+00
8.628930798463143592e-01 5.297171561481734159e+01 3.141592653589661222e+00
1.727529973327764701e+00 5.431781228379020376e+01 3.141592653589661222e+00
6.861772492628948061e-01 5.515679431274824651e+01 3.141592653589661222e+00
1.485545169631331319e+00 5.642279803219054202e+01 3.141592653589661222e+00
9.257437268260243490e-01 5.700304071936284345e+01 3.141592653589661222e+00
1.341676806072807038e+00 5.846060161622770579e+01 3.141592653589661222e+00
1.131688042791598736e+00 5.903917172327981433e+01 3.141592653589661222e+00
1.495585716762110495e+00 6.050890644649462757e+01 3.141592653589661222e+00
8.648959682236684321e-01 6.116595721557503396e+01 3.141592653589661222e+00
1.190126237460652936e+00 6.259648302200612591e+01 3.141592653589661222e+00
1.054518541283246291e+00 6.314979725580918313e+01 3.141592653589661222e+00
1.031139045165778478e+00 6.461791298512027026e+01 3.141592653589661222e+00
1.338417496127988660e+00 6.521456665091777438e+01 3.141592653589661222e+00
1.265721564484930450e+00 6.669939878522713173e+01 3.141592653589661222e+00
1.123504268086069624e+00 6.728195905311122260e+01 3.141592653589661222e+00
9.998030904066925739e-01 6.875294035614888344e+01 3.141592653589661222e+00
1.268433624048306063e+00 6.931310958640268893e+01 3.141592653589661222e+00
7.934952819796885493e-01 7.070797592282745825e+01 3.141592653589661222e+00
1.565187447102012186e+00 7.140898409674250047e+01 3.141592653589661222e+00
1.040709356538800812e+00 7.285216154935787358e+01 3.141592653589661222e+00
1.463343801122637844e+00 7.344736004184444766e+01 3.141592653589661222e+00
8.744248934615302948e-01 7.487934835342548467e+01 3.141592653589661222e+00
1.595621406549093013e+00 7.548886326392984358e+01 3.141592653589661222e+00
6.494855605203482263e-01 7.665183752158527852e+01 3.141592653589661222e+00
1.784619130537909992e+00 7.758866659799944898e+01 3.141592653589661222e+00
7.548873346693024677e-01 7.881935362994170191e+01 3.141592653589661222e+00
1.819915138623769968e+00 7.961526530713405236e+01 3.141592653589661222e+00
7.121592845197880495e-01 8.085459781767293919e+01 3.141592653589661222e+00
1.857767132600063320e+00 8.167172934328733902e+01 3.141592653589661222e+00
7.548354189891002264e-01 8.241678822480857036e+01 3.141592653589661222e+00
1.779440934179660427e+00 8.371940848612253205e+01 3.141592653589661222e+00
8.236210417493234903e-01 8.443858020928230701e+01 3.141592653589661222e+00
1.763407457599951877e+00 8.574908286220394871e+01 3.141592653589661222e+00
6.724586808028992779e-01 8.662534794357600276e+01 3.141592653589661222e+00
1.542949694812072226e+00 8.785274759451749560e+01 3.141592653589661222e+00
9.189360198581668637e-01 8.843659207775345976e+01 3.141592653589661222e+00
1.391543448192457344e+00 8.988893140052513786e+01 3.141592653589661222e+00
1.113847608283966562e+00 9.047043338494802356e+01 3.141592653589661222e+00
1.542221712699892056e+00 9.193745723083647192e+01 3.141592653589661222e+00
8.376868559358314759e-01 9.261350793758847999e+01 3.141592653589661222e+00
1.236084893300616327e+00 9.402978913121518190e+01 3.141592653589661222e+00
1.043806027490447041e+00 9.458080329797203945e+01 3.141592653589661222e+00
1.072673868319420132e+00 9.605210000952266114e+01 3.141592653589661222e+00
1.323129440501516152e+00 9.664204446212985999e+01 3.141592653589661222e+00
1.313393909117918756e+00 9.813253238717223326e+01 3.141592653589661222e+00
1.081359281924868077e+00 9.872145589670419952e+01 3.141592653589661222e+00
1.033699545525680108e+00 1.001922515023443765e+02 3.141592653589661222e+00
1.238968550155759907e+00 1.007455742265894401e+02 3.141592653589661222e+00
