1.498889964482611192e-01 4.312852723180530812e-01 3.141592653589661222e+00
1.535775391189271033e-01 1.664491226185736306e+00 3.141592653589661222e+00
1.766153063069921814e-01 2.429210891595121158e+00 3.141592653589661222e+00
1.461201839749113884e-01 3.498263945578708345e+00 3.141592653589661222e+00
1.879612883652119204e-01 4.299701034014481671e+00 3.141592653589661222e+00
1.234446927079514977e-01 5.396184600353173266e+00 3.141592653589661222e+00
1.773402946449950113e-01 6.377481663644148924e+00 3.141592653589661222e+00
1.239921759361815173e-01 7.499273740905362473e+00 3.141592653589661222e+00
1.949708446721671873e-01 8.435307764001155562e+00 3.141592653589661222e+00
1.360188697928293167e-01 9.342664924098327717e+00 3.141592653589661222e+00
