7.743999999999999773e-01 0.000000000000000000e+00 0.000000000000000000e+00
1.262466623363064144e+00 1.290096872388439619e+00 6.283185307179259382e+00
1.911594411530886717e+00 1.691081584964182927e+00 6.283185307179259382e+00
1.051709890520494906e+00 3.108564171600215253e+00 6.283185307179259382e+00
1.522508384081851185e+00 4.507284495116191003e+00 6.283185307179259382e+00
1.682304334029169679e+00 4.890728806506565718e+00 6.283185307179259382e+00
7.776199207252495471e-01 6.178907912249387735e+00 6.283185307179259382e+00
9.486859764930705152e-01 7.412568193883510403e+00 6.283185307179259382e+00
2.356148519918478623e+00 7.911974419902824351e+00 6.283185307179259382e+00
9.748625253349454400e-01 9.297105235221669872e+00 6.283185307179259382e+00
1.093609232221345318e+00 1.061576173014564617e+01 6.283185307179259382e+00
2.406109522131756773e+00 1.109126758673176916e+01 6.283185307179259382e+00
7.845575494890022483e-01 1.231244578406418810e+01 6.283185307179259382e+00
7.237867339222673335e-01 1.333787240879660096e+01 6.283185307179259382e+00
2.971361568331101211e+00 1.413114357362716689e+01 6.283185307179259382e+00
7.588397300107938559e-01 1.526148388091730723e+01 6.283185307179259382e+00
7.365763923856591955e-01 1.638346717631111460e+01 6.283185307179259382e+00
3.143842605168135407e+00 1.730551273849218319e+01 6.283185307179259382e+00
7.214299164437431022e-01 1.824502403853645305e+01 6.283185307179259382e+00
7.935201462571299658e-01 1.915905413586502348e+01 6.283185307179259382e+00
2.714529857712019378e+00 2.034338938571152511e+01 6.283185307179259382e+00
9.982062990878151076e-01 2.087473238846402879e+01 6.283185307179259382e+00
9.572538784651762889e-01 2.215819954437423078e+01 6.283185307179259382e+00
2.614864962641845203e+00 2.352397845393904063e+01 6.283185307179259382e+00
8.798326817113280018e-01 2.407926138212147293e+01 6.283185307179259382e+00
8.133562223866267482e-01 2.525965813948963756e+01 6.283185307179259382e+00
1.823904001136700037e+00 2.654035843610927259e+01 6.283185307179259382e+00
1.499548266897957616e+00 2.692327971219967253e+01 6.283185307179259382e+00
1.090968092983130244e+00 2.832412754834327018e+01 6.283185307179259382e+00
2.170740401542736286e+00 2.975489280318954144e+01 6.283185307179259382e+00
1.153087363645809216e+00 3.017887690593610728e+01 6.283185307179259382e+00
8.097828274980607421e-01 3.144735789693392292e+01 6.283185307179259382e+00
1.386703428264817184e+00 3.273542715717482565e+01 6.283185307179259382e+00
1.883233085525431783e+00 3.312028974963818939e+01 6.283185307179259382e+00
1.112764484202630300e+00 3.455112987821657811e+01 6.283185307179259382e+00
1.798228124565554253e+00 3.597885783144647576e+01 6.283185307179259382e+00
1.466687005072870642e+00 3.635755541331332807e+01 6.283185307179259382e+00
8.047515073334967628e-01 3.764939747778829116e+01 6.283185307179259382e+00
1.090515051182952000e+00 3.890760147222527365e+01 6.283185307179259382e+00
2.229343119381610006e+00 3.935002663321301952e+01 6.283185307179259382e+00
1.061413931544767042e+00 4.077100970528557156e+01 6.283185307179259382e+00
1.369452057959613001e+00 4.215218592725187818e+01 6.283185307179259382e+00
1.987747476071739738e+00 4.255111884971753256e+01 6.283185307179259382e+00
8.038413587269179761e-01 4.382097492652736292e+01 6.283185307179259382e+00
8.167352041853597200e-01 4.496243367805139712e+01 6.283185307179259382e+00
2.721366729242280957e+00 4.557745469726658172e+01 6.283185307179259382e+00
8.914108898652027824e-01 4.689426262478565377e+01 6.283185307179259382e+00
8.757817135574132994e-01 4.812176164643243226e+01 6.283185307179259382e+00
2.977971334416130045e+00 4.875225160790579082e+01 6.283185307179259382e+00
7.684468709871220549e-01 4.987264540732615359e+01 6.283185307179259382e+00
7.476181003328581376e-01 5.073316681373862025e+01 6.283185307179259382e+00
3.107901189131575759e+00 5.179103388141683695e+01 6.283185307179259382e+00
8.020960775187631064e-01 5.252147352633049593e+01 6.283185307179259382e+00
8.370081897038551544e-01 5.370219926873703997e+01 6.283185307179259382e+00
2.828955256634874793e+00 5.496491251991809435e+01 6.283185307179259382e+00
7.724799810918653309e-01 5.564111731428372565e+01 6.283185307179259382e+00
8.007154775145153280e-01 5.674163970454326034e+01 6.283185307179259382e+00
2.136069271884029508e+00 5.799689625989689290e+01 6.283185307179259382e+00
1.260873833949633704e+00 5.841824731415851346e+01 6.283185307179259382e+00
1.030258271949050730e+00 5.977817642484543370e+01 6.283185307179259382e+00
2.272190553333849117e+00 6.118861047919241258e+01 6.283185307179259382e+00
1.034758481067959535e+00 6.164936305540259553e+01 6.283185307179259382e+00
7.907036674882668148e-01 6.290276062534446311e+01 6.283185307179259382e+00
1.544400897745872525e+00 6.419464143837977588e+01 6.283185307179259382e+00
1.669539307677685880e+00 6.457390577793806585e+01 6.283185307179259382e+00
1.077890047279516095e+00 6.598769457156444673e+01 6.283185307179259382e+00
1.856014545257202997e+00 6.741060508029637788e+01 6.283185307179259382e+00
1.349002950483217944e+00 6.779988674921311542e+01 6.283185307179259382e+00
7.837395292886313314e-01 6.909296809163680564e+01 6.283185307179259382e+00
1.186250431643253389e+00 7.037381532844513288e+01 6.283185307179259382e+00
2.033375948684593926e+00 7.078877627297224251e+01 6.283185307179259382e+00
1.056292628332951899e+00 7.220881398148934238e+01 6.283185307179259382e+00
1.458560355583931489e+00 7.360148307011436941e+01 6.283185307179259382e+00
1.798801959103608183e+00 7.398907664890765545e+01 6.283185307179259382e+00
7.875960156168890780e-01 7.527076780147962154e+01 6.283185307179259382e+00
8.905085327293073005e-01 7.647346836307650619e+01 6.283185307179259382e+00
2.498081532605362032e+00 7.701303101544851870e+01 6.283185307179259382e+00
9.479730017073204618e-01 7.837886032330801811e+01 6.283185307179259382e+00
1.003198816660730852e+00 7.966659397790201069e+01 6.283185307179259382e+00
2.631013180584047984e+00 8.019039788331620855e+01 6.283185307179259382e+00
7.826802143532936018e-01 8.138053113364576063e+01 6.283185307179259382e+00
7.150261343523901525e-01 8.233212240245700286e+01 6.283185307179259382e+00
3.088995851991573893e+00 8.323094141921173161e+01 6.283185307179259382e+00
7.325981198147116791e-01 8.421632599348646409e+01 6.283185307179259382e+00
7.423161389087910011e-01 8.532970200414452222e+01 6.283185307179259382e+00
3.030414858877844786e+00 8.640582122925989950e+01 6.283185307179259382e+00
7.175761695302584897e-01 8.724175100539136452e+01 6.283185307179259382e+00
7.890395704798447429e-01 8.823442389768413818e+01 6.283185307179259382e+00
2.495533764582984482e+00 8.944538102187912898e+01 6.283185307179259382e+00
1.061939027710484096e+00 8.993719175245912822e+01 6.283185307179259382e+00
9.691580005846007762e-01 9.124521647919905831e+01 6.283185307179259382e+00
2.433005678422133222e+00 9.262549534943825336e+01 6.283185307179259382e+00
9.226021904527688111e-01 9.314190070326824866e+01 6.283185307179259382e+00
7.849649423002587056e-01 9.436251695987347432e+01 6.283185307179259382e+00
1.731636720533786367e+00 9.564706642208982146e+01 6.283185307179259382e+00
1.492176462954129423e+00 9.603263767159853614e+01 6.283185307179259382e+00
1.051832974341463167e+00 9.742801096235569958e+01 6.283185307179259382e+00
1.957465822518156040e+00 9.884672193312121635e+01 6.283185307179259382e+00
1.227438288366266006e+00 9.925286878855037287e+01 6.283185307179259382e+00
7.724296959073597701e-01 1.005421863569496992e+02 6.283185307179259382e+00
1.301968988299647911e+00 1.018347706498050940e+02 6.283185307179259382e+00
1.860466064923782747e+00 1.022304686625342072e+02 6.283185307179259382e+00
1.051241538386726404e+00 1.036467915191910407e+02 6.283185307179259382e+00
1.558657612702031514e+00 1.050486008801945275e+02 6.283185307179259382e+00
1.628123752802445923e+00 1.054307788665328189e+02 6.283185307179259382e+00
7.743423371200622851e-01 1.067216552804538168e+02 6.283185307179259382e+00
9.795454696390581972e-01 1.079672013057867161e+02 6.283185307179259382e+00
2.293374969564382582e+00 1.084498457751641212e+02 6.283185307179259382e+00
9.862773053019825431e-01 1.098420460028793570e+02 6.283185307179259382e+00
1.139177411005435792e+00 1.111736210479339917e+02 6.283185307179259382e+00
2.304586896927799611e+00 1.116303435335427565e+02 6.283185307179259382e+00
7.842950978832776698e-01 1.128636940683175425e+02 6.283185307179259382e+00
7.362752626293571634e-01 1.139230725478889923e+02 6.283185307179259382e+00
2.901738264588762828e+00 1.146694025969181041e+02 6.283185307179259382e+00
7.827228535821829647e-01 1.158550542135784838e+02 6.283185307179259382e+00
7.506956607402426318e-01 1.169945404743171906e+02 6.283185307179259382e+00
3.151685003276053276e+00 1.178430858985373249e+02 6.283185307179259382e+00
7.283395626448290194e-01 1.188283247702128307e+02 6.283185307179259382e+00
7.876756926952692694e-01 1.197159725264036041e+02 6.283185307179259382e+00
2.817086118038396592e+00 1.208812126220409624e+02 6.283185307179259382e+00
9.560473561753521921e-01 1.214421128738013209e+02 6.283185307179259382e+00
9.387051437767348627e-01 1.227078051021373568e+02 6.283185307179259382e+00
2.670109460463713891e+00 1.240601077388251667e+02 6.283185307179259382e+00
8.579158679876688343e-01 1.246355508172733835e+02 6.283185307179259382e+00
8.160571218278407368e-01 1.258002315196681593e+02 6.283185307179259382e+00
1.875512397849672608e+00 1.270781349642556535e+02 6.283185307179259382e+00
1.468808042307072848e+00 1.274639181177644076e+02 6.283185307179259382e+00
1.089640762388122353e+00 1.288609608410045553e+02 6.283185307179259382e+00
2.217754857314861106e+00 1.302912747240417843e+02 6.283185307179259382e+00
1.128023992297206846e+00 1.307225858463619375e+02 6.283185307179259382e+00
8.140396339743067866e-01 1.319852705930338175e+02 6.283185307179259382e+00
1.416475756813487141e+00 1.332735203250391862e+02 6.283185307179259382e+00
1.864596978687034223e+00 1.336555447637732073e+02 6.283185307179259382e+00
1.120086123419311797e+00 1.350871662501772903e+02 6.283185307179259382e+00
1.850665527867043636e+00 1.365186813208040633e+02 6.283185307179259382e+00
1.427422760687696135e+00 1.368994446976969073e+02 6.283185307179259382e+00
8.089719146715792508e-01 1.381899860180916448e+02 6.283185307179259382e+00
1.120335544366122704e+00 1.394521382760594577e+02 6.283185307179259382e+00
2.201561350964150066e+00 1.398855929871490673e+02 6.283185307179259382e+00
1.075438439148104885e+00 1.413111554581093117e+02 6.283185307179259382e+00
1.428321358092962567e+00 1.427019963300040502e+02 6.283185307179259382e+00
1.910067756628640590e+00 1.430922999408492728e+02 6.283185307179259382e+00
8.060892523157162648e-01 1.443681999545500787e+02 6.283185307179259382e+00
8.448555215797893814e-01 1.455298262137170298e+02 6.283185307179259382e+00
2.662122457604644055e+00 1.461149349133879980e+02 6.283185307179259382e+00
9.207998997859587753e-01 1.474557448080793165e+02 6.283185307179259382e+00
9.268348210660302122e-01 1.487093485462343665e+02 6.283185307179259382e+00
2.864239474671358199e+00 1.492913983585386006e+02 6.283185307179259382e+00
7.790186791359982044e-01 1.504429508136055063e+02 6.283185307179259382e+00
7.327542188041912263e-01 1.513236231250743060e+02 6.283185307179259382e+00
3.143496271340465498e+00 1.523303477131224213e+02 6.283185307179259382e+00
7.628271559540653612e-01 1.531440860314502572e+02 6.283185307179259382e+00
7.975510098349207766e-01 1.542939160232703557e+02 6.283185307179259382e+00
2.892511981801248577e+00 1.555042036360254087e+02 6.283185307179259382e+00
7.460414648361447520e-01 1.562303875465443639e+02 6.283185307179259382e+00
7.938405817141999110e-01 1.572991020170565264e+02 6.283185307179259382e+00
2.254447430950559550e+00 1.585404352810885200e+02 6.283185307179259382e+00
1.180256463417978852e+00 1.589842267891556560e+02 6.283185307179259382e+00
1.003922609058267135e+00 1.603258023615375407e+02 6.283185307179259382e+00
2.303189602365994570e+00 1.617256024123958298e+02 6.283185307179259382e+00
9.943487404934291396e-01 1.622023594284333115e+02 6.283185307179259382e+00
7.818509627579436350e-01 1.634495383226386025e+02 6.283185307179259382e+00
1.605184632530930466e+00 1.647401458622592259e+02 6.283185307179259382e+00
1.588880729384880786e+00 1.651214142733232109e+02 6.283185307179259382e+00
1.058553678992971481e+00 1.665263419177437072e+02 6.283185307179259382e+00
1.858820202389965370e+00 1.679448825472363467e+02 6.283185307179259382e+00
1.313683527678000562e+00 1.683385377547659800e+02 6.283185307179259382e+00
7.723774563351292199e-01 1.696327434604592952e+02 6.283185307179259382e+00
1.216523501098065063e+00 1.709200442803561373e+02 6.283185307179259382e+00
1.959384216476128593e+00 1.713286462287598511e+02 6.283185307179259382e+00
1.044250441499374515e+00 1.727447896959772891e+02 6.283185307179259382e+00
1.463218906159079680e+00 1.741365621616257613e+02 6.283185307179259382e+00
1.757632864109968107e+00 1.745242860725475680e+02 6.283185307179259382e+00
7.780202512721564601e-01 1.758079543413069814e+02 6.283185307179259382e+00
9.088596646155671088e-01 1.770257099715763900e+02 6.283185307179259382e+00
2.428317067628243286e+00 1.775495855192197325e+02 6.283185307179259382e+00
9.529130550846927061e-01 1.789213167767148036e+02 6.283185307179259382e+00
1.028549395477185158e+00 1.802189534954702310e+02 6.283185307179259382e+00
2.544809290236948573e+00 1.807265301367220331e+02 6.283185307179259382e+00
7.806474828908169794e-01 1.819274792362042490e+02 6.283185307179259382e+00
7.142335756412853121e-01 1.829100577512838584e+02 6.283185307179259382e+00
3.040199723991942271e+00 1.837677733055858198e+02 6.283185307179259382e+00
7.366735069782021084e-01 1.848128611056766886e+02 6.283185307179259382e+00
7.334363028622572500e-01 1.859245177222755672e+02 6.283185307179259382e+00
3.075353761888362847e+00 1.869426718624954447e+02 6.283185307179259382e+00
7.153292982641948905e-01 1.878197755776973565e+02 6.283185307179259382e+00
7.888396829363767404e-01 1.887829372705514288e+02 6.283185307179259382e+00
2.583375096029175921e+00 1.899823023227650367e+02 6.283185307179259382e+00
1.029303672055673635e+00 1.904920543315645887e+02 6.283185307179259382e+00
9.603174966941571133e-01 1.917886375634841727e+02 6.283185307179259382e+00
2.494103200223340977e+00 1.931619132143129889e+02 6.283185307179259382e+00
9.016293099379170117e-01 1.936940977658337033e+02 6.283185307179259382e+00
7.913838798764613047e-01 1.949012108552329607e+02 6.283185307179259382e+00
1.774922772743913413e+00 1.961835412046945351e+02 6.283185307179259382e+00
1.476272678248535364e+00 1.965699398765254386e+02 6.283185307179259382e+00
1.058196949102359508e+00 1.979644208250124962e+02 6.283185307179259382e+00
2.017069491882393706e+00 1.993854406499618790e+02 6.283185307179259382e+00
1.197195483252451620e+00 1.997975115649268787e+02 6.283185307179259382e+00
7.795614689682354159e-01 2.010820165588793600e+02 6.283185307179259382e+00
1.336008954112495983e+00 2.023743834375547124e+02 6.283185307179259382e+00
1.845280970814510146e+00 2.027659339874991531e+02 6.283185307179259382e+00
1.063686820754120799e+00 2.041848103217400308e+02 6.283185307179259382e+00
1.619721094256443061e+00 2.055932750472876194e+02 6.283185307179259382e+00
1.574180046425369239e+00 2.059734333683246632e+02 6.283185307179259382e+00
7.789727679123974458e-01 2.072663672793341334e+02 6.283185307179259382e+00
1.014206207201351573e+00 2.085190901122828961e+02 6.283185307179259382e+00
2.255001884725092332e+00 2.089867840204102265e+02 6.283185307179259382e+00
1.005342808045116554e+00 2.103876657438476627e+02 6.283185307179259382e+00
1.199770378016078221e+00 2.117342973965134263e+02 6.283185307179259382e+00
2.203625272730811879e+00 2.121710549164840529e+02 6.283185307179259382e+00
7.880308127924828820e-01 2.134170775919717187e+02 6.283185307179259382e+00
7.554823659967622174e-01 2.145058134511708943e+02 6.283185307179259382e+00
2.840327690431470486e+00 2.152076499084825230e+02 6.283185307179259382e+00
8.127073133533512239e-01 2.164413311302267005e+02 6.283185307179259382e+00
7.767646429191008561e-01 2.176043234362640533e+02 6.283185307179259382e+00
3.134580846571862089e+00 2.183808617303280926e+02 6.283185307179259382e+00
7.386244920781895873e-01 2.194102233538688438e+02 6.283185307179259382e+00
7.789995468302444159e-01 2.202776636586267500e+02 6.283185307179259382e+00
2.917610043098771477e+00 2.214192054227994788e+02 6.283185307179259382e+00
9.116039914965288204e-01 2.220168483056486082e+02 6.283185307179259382e+00
9.152816421893579246e-01 2.232616677545977382e+02 6.283185307179259382e+00
2.719945045319737353e+00 2.245962882659451623e+02 6.283185307179259382e+00
8.348765773594961637e-01 2.251947538285972428e+02 6.283185307179259382e+00
8.156018321929073833e-01 2.263430814592400111e+02 6.283185307179259382e+00
1.935371332054673266e+00 2.276171468202716142e+02 6.283185307179259382e+00
1.425406113045670997e+00 2.280081555908578252e+02 6.283185307179259382e+00
1.081540138088301628e+00 2.293987420683776293e+02 6.283185307179259382e+00
2.249077398616882828e+00 2.308264660384408842e+02 6.283185307179259382e+00
1.103888310570817266e+00 2.312651528473244014e+02 6.283185307179259382e+00
8.135342606577695701e-01 2.325235181247553555e+02 6.283185307179259382e+00
1.447288046952905916e+00 2.338126248652024799e+02 6.283185307179259382e+00
1.831323362172332825e+00 2.341924892985234692e+02 6.283185307179259382e+00
1.119303700665061907e+00 2.356225469772626866e+02 6.283185307179259382e+00
1.880687798462998606e+00 2.370551075382300610e+02 6.283185307179259382e+00
1.397870043041363086e+00 2.374382682783605674e+02 6.283185307179259382e+00
8.087183840671506863e-01 2.387280331294350901e+02 6.283185307179259382e+00
1.144211793564096746e+00 2.399943505796288719e+02 6.283185307179259382e+00
2.168437201656553626e+00 2.404209793148829135e+02 6.283185307179259382e+00
1.081416308394632653e+00 2.418484285785729071e+02 6.283185307179259382e+00
1.466348744854499397e+00 2.432447366009326402e+02 6.283185307179259382e+00
1.855326528002906317e+00 2.436306282985902101e+02 6.283185307179259382e+00
8.056043858129580126e-01 2.449101012498958312e+02 6.283185307179259382e+00
8.669340378208102438e-01 2.460867360390526528e+02 6.283185307179259382e+00
2.611673993707053221e+00 2.466509974381467600e+02 6.283185307179259382e+00
9.405370932147563146e-01 2.480066851201112286e+02 6.283185307179259382e+00
9.676152226055505512e-01 2.492786801804050754e+02 6.283185307179259382e+00
2.767144316017689398e+00 2.498289269115111324e+02 6.283185307179259382e+00
7.853449740434981230e-01 2.510009904047791167e+02 6.283185307179259382e+00
7.240610077003276634e-01 2.519048382392541612e+02 6.283185307179259382e+00
3.145864860726837797e+00 2.528678121024314009e+02 6.283185307179259382e+00
7.433212643712838741e-01 2.537523092693538729e+02 6.283185307179259382e+00
7.710085414557835692e-01 2.548820710838207333e+02 6.283185307179259382e+00
2.956221184807623192e+00 2.560421434202043542e+02 6.283185307179259382e+00
7.310849102727003945e-01 2.568124283095921783e+02 6.283185307179259382e+00
7.929467541152821486e-01 2.578496856692196388e+02 6.283185307179259382e+00
2.352006290047665260e+00 2.590798327930553455e+02 6.283185307179259382e+00
1.131536201093841454e+00 2.595410962723666444e+02 6.283185307179259382e+00
9.911799855990732766e-01 2.608699770459025444e+02 6.283185307179259382e+00
2.358120129748863647e+00 2.622629185477109672e+02 6.283185307179259382e+00
9.638699259696396071e-01 2.627551109072693407e+02 6.283185307179259382e+00
7.836446316744538620e-01 2.639918913396076050e+02 6.283185307179259382e+00
1.656248426540434471e+00 2.652803339737131978e+02 6.283185307179259382e+00
1.550138615885152227e+00 2.656626269557421551e+02 6.283185307179259382e+00
1.057133348185375965e+00 2.670641833132114584e+02 6.283185307179259382e+00
1.902463848923765299e+00 2.684833823955552248e+02 6.283185307179259382e+00
1.276167945396112779e+00 2.688818231178780138e+02 6.283185307179259382e+00
7.729135103250547312e-01 2.701741912225919577e+02 6.283185307179259382e+00
1.252487078183531333e+00 2.714640036955768778e+02 6.283185307179259382e+00
1.918447283080200183e+00 2.718665230085740063e+02 6.283185307179259382e+00
1.048659800478069171e+00 2.732833288241761238e+02 6.283185307179259382e+00
1.506474633607136848e+00 2.746801108938850575e+02 6.283185307179259382e+00
1.699225300308554676e+00 2.750645983435365451e+02 6.283185307179259382e+00
7.768735095319823092e-01 2.763518069769705789e+02 6.283185307179259382e+00
9.391949825504329885e-01 2.775824809475236066e+02 6.283185307179259382e+00
2.369824015177953491e+00 2.780871263287974102e+02 6.283185307179259382e+00
9.692435676254699262e-01 2.794691866140331058e+02 6.283185307179259382e+00
1.077457483833863749e+00 2.807829738624212723e+02 6.283185307179259382e+00
2.437115857847778067e+00 2.812656555818647917e+02 6.283185307179259382e+00
7.833500671186375275e-01 2.824823433471254930e+02 6.283185307179259382e+00
7.206711359194782895e-01 2.834985097836713521e+02 6.283185307179259382e+00
2.986913134905130551e+00 2.843060092658861890e+02 6.283185307179259382e+00
7.525255770483987305e-01 2.854183537411002476e+02 6.283185307179259382e+00
7.341510752948192664e-01 2.865366865616098266e+02 6.283185307179259382e+00
3.131293484977643260e+00 2.874805437289882661e+02 6.283185307179259382e+00
7.193852721263753747e-01 2.884063796525780958e+02 6.283185307179259382e+00
7.927289935375357866e-01 2.893309695855641053e+02 6.283185307179259382e+00
2.685492376746764442e+00 2.905188168675343263e+02 6.283185307179259382e+00
1.005114727625349813e+00 2.910451445687706951e+02 6.283185307179259382e+00
9.582169263261901548e-01 2.923316467613441887e+02 6.283185307179259382e+00
2.588669164591560268e+00 2.936992702958087307e+02 6.283185307179259382e+00
8.842418519808017408e-01 2.942494886236364664e+02 6.283185307179259382e+00
8.084708976237400258e-01 2.954358690299226851e+02 6.283185307179259382e+00
1.814089151054820270e+00 2.967168683685451924e+02 6.283185307179259382e+00
1.493576958672004240e+00 2.971006316819045878e+02 6.283185307179259382e+00
1.083530945708980564e+00 2.984999744612056816e+02 6.283185307179259382e+00
2.135735433565046915e+00 2.999286000074260414e+02 6.283185307179259382e+00
1.162102716461036467e+00 3.003497811653741110e+02 6.283185307179259382e+00
8.025596358121459550e-01 3.016222511626223195e+02 6.283185307179259382e+00
1.376901566941038713e+00 3.029114035299172087e+02 6.283185307179259382e+00
1.871833009528439451e+00 3.032976155340099353e+02 6.283185307179259382e+00
1.101062480644614761e+00 3.047256033136309270e+02 6.283185307179259382e+00
1.755563408194709574e+00 3.061489874521160459e+02 6.283185307179259382e+00
1.489991150512168128e+00 3.065273858332433292e+02 6.283185307179259382e+00
7.981575672482691397e-01 3.078201974873483664e+02 6.283185307179259382e+00
1.073584065088268868e+00 3.090777588806373046e+02 6.283185307179259382e+00
2.231736693165436325e+00 3.095252062981808194e+02 6.283185307179259382e+00
1.048158267445874259e+00 3.109418321119132997e+02 6.283185307179259382e+00
1.327984614261443541e+00 3.123153978507208421e+02 6.283185307179259382e+00
2.036182894135522226e+00 3.127216695065981185e+02 6.283185307179259382e+00
7.999594330718822199e-01 3.139868771162678058e+02 6.283185307179259382e+00
8.007650199623354004e-01 3.151172460762046512e+02 6.283185307179259382e+00
2.748391389066646262e+00 3.157507998765207162e+02 6.283185307179259382e+00
8.725345551619114737e-01 3.170510553380613032e+02 6.283185307179259382e+00
8.480747633399097207e-01 3.182628502164008637e+02 6.283185307179259382e+00
3.029744270118928551e+00 3.189248017454369233e+02 6.283185307179259382e+00
7.611368555880546616e-01 3.200252930836867336e+02 6.283185307179259382e+00
7.558592633505613056e-01 3.208815626118830551e+02 6.283185307179259382e+00
3.072052573587590985e+00 3.219635694481814880e+02 6.283185307179259382e+00
8.271778787049232085e-01 3.226552265315645514e+02 6.283185307179259382e+00
8.579416959159454903e-01 3.238528364829680868e+02 6.283185307179259382e+00
2.799413007721030855e+00 3.251378593823125698e+02 6.283185307179259382e+00
7.878839246771508487e-01 3.257912960814918506e+02 6.283185307179259382e+00
8.048315490189806853e-01 3.269058437325284103e+02 6.283185307179259382e+00
2.079446981768862557e+00 3.281671482376385143e+02 6.283185307179259382e+00
1.304494191445940254e+00 3.285787012566927388e+02 6.283185307179259382e+00
1.044528915710240646e+00 3.299475526926729003e+02 6.283185307179259382e+00
2.264078825672704021e+00 3.313631302084480694e+02 6.283185307179259382e+00
1.054259942917619597e+00 3.318171493838216861e+02 6.283185307179259382e+00
7.967805706056326764e-01 3.330723031911489898e+02 6.283185307179259382e+00
1.516418192383037100e+00 3.343640277461146866e+02 6.283185307179259382e+00
1.713695833035312477e+00 3.347428169436769281e+02 6.283185307179259382e+00
1.089610689805936117e+00 3.361613534514640946e+02 6.283185307179259382e+00
1.862634525824903076e+00 3.375870550088480968e+02 6.283185307179259382e+00
1.363258061387931486e+00 3.379745246608870275e+02 6.283185307179259382e+00
7.908105184084396333e-01 3.392666583291147049e+02 6.283185307179259382e+00
1.174248866478460718e+00 3.405437242321210647e+02 6.283185307179259382e+00
2.071439450084930467e+00 3.409616892343669861e+02 6.283185307179259382e+00
1.064027063676584284e+00 3.423840706012261990e+02 6.283185307179259382e+00
1.462340052425609827e+00 3.437780455833652695e+02 6.283185307179259382e+00
1.813697262928167575e+00 3.441649763910024262e+02 6.283185307179259382e+00
7.929774496499496506e-01 3.454461195361167825e+02 6.283185307179259382e+00
8.842870753124708605e-01 3.466418434333138521e+02 6.283185307179259382e+00
2.529977334961742041e+00 3.471877618715936933e+02 6.283185307179259382e+00
9.470643218145724518e-01 3.485514818599746150e+02 6.283185307179259382e+00
9.948392643908720023e-01 3.498355926095271684e+02 6.283185307179259382e+00
2.666496893203365026e+00 3.503654633790166599e+02 6.283185307179259382e+00
7.840325245072277127e-01 3.515514064122682498e+02 6.283185307179259382e+00
7.167062917886923845e-01 3.524897319338635953e+02 6.283185307179259382e+00
3.108326658453649749e+00 3.534055041733944904e+02 6.283185307179259382e+00
7.333838808364391282e-01 3.543649917576840380e+02 6.283185307179259382e+00
7.483238078236666979e-01 3.554810561172269558e+02 6.283185307179259382e+00
3.012107498761376068e+00 3.565802893442356094e+02 6.283185307179259382e+00
7.200437266143567827e-01 3.573989298257780547e+02 6.283185307179259382e+00
7.899651162257044223e-01 3.584033557710541231e+02 6.283185307179259382e+00
2.458066459199494069e+00 3.596194931694146817e+02 6.283185307179259382e+00
1.078927960001198727e+00 3.601030850711539983e+02 6.283185307179259382e+00
9.745906649492590557e-01 3.614165513124639801e+02 6.283185307179259382e+00
2.412034783348353528e+00 3.628002157837120762e+02 6.283185307179259382e+00
9.328316631721659258e-01 3.633100673619717327e+02 6.283185307179259382e+00
7.841088804546663127e-01 3.645353403630892331e+02 6.283185307179259382e+00
1.712022765463494745e+00 3.658209627826616952e+02 6.283185307179259382e+00
1.505459533802813388e+00 3.662056637350056008e+02 6.283185307179259382e+00
1.052422645032939252e+00 3.676024429751594198e+02 6.283185307179259382e+00
1.940903036939324533e+00 3.690210917302309213e+02 6.283185307179259382e+00
1.240052129064815434e+00 3.694250753989743430e+02 6.283185307179259382e+00
7.719060622846711794e-01 3.707154677879803444e+02 6.283185307179259382e+00
1.288669878754832521e+00 3.720075700153186631e+02 6.283185307179259382e+00
1.873731678621157082e+00 3.724049523272750548e+02 6.283185307179259382e+00
1.049730199702125333e+00 3.738212027653621590e+02 6.283185307179259382e+00
1.542823187598913126e+00 3.752214515240624451e+02 6.283185307179259382e+00
1.647184446024273718e+00 3.756042343958851006e+02 6.283185307179259382e+00
7.744906760490127828e-01 3.768941879174080327e+02 6.283185307179259382e+00
9.682156598437797745e-01 3.781361755325908121e+02 6.283185307179259382e+00
2.312339882728333240e+00 3.786244916343518412e+02 6.283185307179259382e+00
9.813511491533831732e-01 3.800140036040487530e+02 6.283185307179259382e+00
1.121526702066026671e+00 3.813407826622810148e+02 6.283185307179259382e+00
2.339900139282828917e+00 3.818042973883261766e+02 6.283185307179259382e+00
7.838915125878485046e-01 3.830332874604404765e+02 6.283185307179259382e+00
7.311313667091758894e-01 3.840814006769666662e+02 6.283185307179259382e+00
2.925006731348983813e+00 3.848438291105912299e+02 6.283185307179259382e+00
7.736327741799993163e-01 3.860110939365637250e+02 6.283185307179259382e+00
7.444236318212927861e-01 3.871437229453485998e+02 6.283185307179259382e+00
3.151381879787595430e+00 3.880177476066136819e+02 6.283185307179259382e+00
7.254994099882061676e-01 3.889872749633801732e+02 6.283185307179259382e+00
7.899428560714621961e-01 3.898835487069047190e+02 6.283185307179259382e+00
2.781630257214611657e+00 3.910558050055953458e+02 6.283185307179259382e+00
9.707453721563766846e-01 3.916058611363616819e+02 6.283185307179259382e+00
9.455155434310248408e-01 3.928779716751516844e+02 6.283185307179259382e+00
2.651313250992697768e+00 3.942352918668316306e+02 6.283185307179259382e+00
8.655165138760685384e-01 3.948035176169950660e+02 6.283185307179259382e+00
8.153214937333025381e-01 3.959737376245327596e+02 6.283185307179259382e+00
1.857079302721304614e+00 3.972526774132869036e+02 6.283185307179259382e+00
1.480239625994845820e+00 3.976373084694509998e+02 6.283185307179259382e+00
1.090542349716259851e+00 3.990358444405864589e+02 6.283185307179259382e+00
2.202447660284515329e+00 4.004664625499048611e+02 6.283185307179259382e+00
1.136533940515975338e+00 4.008952153553684070e+02 6.283185307179259382e+00
8.128333093930953934e-01 4.021598515725636958e+02 6.283185307179259382e+00
1.406194139388494024e+00 4.034480058115099155e+02 6.283185307179259382e+00
1.871761118541845459e+00 4.038309540709281009e+02 6.283185307179259382e+00
1.118019429435465506e+00 4.052624432554374607e+02 6.283185307179259382e+00
1.833766585735690402e+00 4.066928252690217960e+02 6.283185307179259382e+00
1.440240975134291945e+00 4.070728016560915421e+02 6.283185307179259382e+00
8.077190461481088546e-01 4.083638220575509195e+02 6.283185307179259382e+00
1.110430574234435808e+00 4.096246628744299301e+02 6.283185307179259382e+00
2.211146438270073400e+00 4.100610108228386821e+02 6.283185307179259382e+00
1.071055628247524982e+00 4.114851773968189264e+02 6.283185307179259382e+00
1.409039300872124034e+00 4.128729720897483730e+02 6.283185307179259382e+00
1.935248695572798772e+00 4.132658697939854164e+02 6.283185307179259382e+00
8.054360252998956637e-01 4.145399131804921353e+02 6.283185307179259382e+00
8.353264450592746693e-01 4.156950662263947152e+02 6.283185307179259382e+00
2.681843162706252670e+00 4.162897450300350215e+02 6.283185307179259382e+00
9.112592022554404370e-01 4.176231147187676243e+02 6.283185307179259382e+00
9.093206661505887078e-01 4.188682115526492566e+02 6.283185307179259382e+00
2.903698107322595590e+00 4.194655877781622166e+02 6.283185307179259382e+00
7.756410982012895694e-01 4.206072847675739581e+02 6.283185307179259382e+00
7.372658001782658177e-01 4.214801361511181881e+02 6.283185307179259382e+00
3.135258185311880386e+00 4.225045457526424002e+02 6.283185307179259382e+00
7.742159702196103055e-01 4.232894987646301388e+02 6.283185307179259382e+00
8.101180266931420348e-01 4.244491676386560357e+02 6.283185307179259382e+00
2.868547589007953480e+00 4.256782970206795653e+02 6.283185307179259382e+00
7.540237560562778052e-01 4.263869384116056835e+02 6.283185307179259382e+00
7.953127123751748684e-01 4.274673955555931570e+02 6.283185307179259382e+00
2.214139069006674898e+00 4.287134514678060668e+02 6.283185307179259382e+00
1.204598610215709575e+00 4.291497394220343722e+02 6.283185307179259382e+00
1.011286890513763748e+00 4.304971425065520521e+02 6.283185307179259382e+00
2.287263312234226298e+00 4.319002157528262273e+02 6.283185307179259382e+00
1.007896149924800033e+00 4.323711003226826506e+02 6.283185307179259382e+00
7.832898707290012474e-01 4.336212841265180487e+02 6.283185307179259382e+00
1.584081586770222261e+00 4.349125824416017281e+02 6.283185307179259382e+00
1.611744455947149657e+00 4.352932326749020717e+02 6.283185307179259382e+00
1.062656017621856686e+00 4.367005252932911503e+02 6.283185307179259382e+00
1.850563447371101899e+00 4.381198050579412779e+02 6.283185307179259382e+00
1.327653323952537656e+00 4.385117949986657209e+02 6.283185307179259382e+00
7.746077713656808195e-01 4.398060298121376945e+02 6.283185307179259382e+00
1.204104689838095155e+00 4.410915762689262465e+02 6.283185307179259382e+00
1.981686330269391227e+00 4.415025715016819845e+02 6.283185307179259382e+00
1.045942339780911334e+00 4.429193785887898684e+02 6.283185307179259382e+00
1.454848356334015103e+00 4.443104265137615130e+02 6.283185307179259382e+00
1.776529328608256630e+00 4.446987922562468611e+02 6.283185307179259382e+00
7.802275570484217271e-01 4.459813743359702585e+02 6.283185307179259382e+00
8.999509224375726868e-01 4.471936595803313708e+02 6.283185307179259382e+00
2.453038938956053183e+00 4.477242582009196781e+02 6.283185307179259382e+00
9.490199060007700194e-01 4.490928493675676236e+02 6.283185307179259382e+00
1.015144281388793868e+00 4.503855560973988190e+02 6.283185307179259382e+00
2.581203300621884189e+00 4.509010666174510789e+02 6.283185307179259382e+00
7.805386051147616966e-01 4.520968914571046184e+02 6.283185307179259382e+00
7.137176424936311214e-01 4.530673700314834491e+02 6.283185307179259382e+00
3.058564265927040449e+00 4.539422850464962949e+02 6.283185307179259382e+00
7.337958206684365159e-01 4.549629571881990842e+02 6.283185307179259382e+00
7.359641346990066779e-01 4.560745645272516526e+02 6.283185307179259382e+00
3.054502587055726970e+00 4.571172079850842351e+02 6.283185307179259382e+00
7.153925942858154752e-01 4.579772901362415496e+02 6.283185307179259382e+00
7.879022334273428907e-01 4.589535141069030715e+02 6.283185307179259382e+00
2.547611130855665706e+00 4.601571045799148010e+02 6.283185307179259382e+00
1.039746205150209324e+00 4.606605370832426729e+02 6.283185307179259382e+00
9.620482876380052062e-01 4.619610452761288570e+02 6.283185307179259382e+00
2.464009773974829010e+00 4.633365513645091482e+02 6.283185307179259382e+00
9.091119102245900363e-01 4.638623054819484537e+02 6.283185307179259382e+00
7.868514534957401496e-01 4.650758860938689168e+02 6.283185307179259382e+00
1.758618449683835738e+00 4.663589360184688530e+02 6.283185307179259382e+00
1.476255560164416281e+00 4.667456407119029222e+02 6.283185307179259382e+00
1.052160992294269848e+00 4.681393879385590822e+02 6.283185307179259382e+00
1.983628554690414880e+00 4.695584696201583483e+02 6.283185307179259382e+00
1.210116925893060413e+00 4.699678264175033746e+02 6.283185307179259382e+00
7.741081441324961787e-01 4.712552256117617162e+02 6.283185307179259382e+00
1.320853487292175998e+00 4.725481904663909063e+02 6.283185307179259382e+00
1.844834014370838826e+00 4.729416351497749815e+02 6.283185307179259382e+00
1.054654112820570422e+00 4.743583851216901053e+02 6.283185307179259382e+00
1.584150633903131045e+00 4.757627539812060036e+02 6.283185307179259382e+00
1.600820443019534300e+00 4.761441076653287041e+02 6.283185307179259382e+00
7.749431774115685956e-01 4.774361783647942730e+02 6.283185307179259382e+00
9.964719164799782369e-01 4.786862500908027869e+02 6.283185307179259382e+00
2.268549418812312535e+00 4.791610557703196491e+02 6.283185307179259382e+00
9.940225161637996631e-01 4.805571478334501307e+02 6.283185307179259382e+00
1.166355662112755764e+00 4.818957207354824845e+02 6.283185307179259382e+00
2.253970804875528700e+00 4.823428470144758080e+02 6.283185307179259382e+00
7.851836847098564443e-01 4.835823614074507191e+02 6.283185307179259382e+00
7.449408770915950662e-01 4.846574270143174203e+02 6.283185307179259382e+00
2.868229236867141818e+00 4.853810240372419003e+02 6.283185307179259382e+00
7.969024014678690593e-01 4.865915963032765035e+02 6.283185307179259382e+00
7.621456796518347732e-01 4.877422508811773696e+02 6.283185307179259382e+00
3.145054408158799220e+00 4.885544053251740024e+02 6.283185307179259382e+00
7.329408984445754394e-01 4.895620348268948305e+02 6.283185307179259382e+00
7.832300723210151583e-01 4.904391455644204711e+02 6.283185307179259382e+00
2.868129358675806095e+00 4.915927471371205115e+02 6.283185307179259382e+00
9.329455416778187349e-01 4.921717847002238955e+02 6.283185307179259382e+00
9.267619409500976735e-01 4.934270025945408520e+02 6.283185307179259382e+00
2.693946728207870400e+00 4.947706376656365137e+02 6.283185307179259382e+00
8.460186981160418007e-01 4.953574182679466844e+02 6.283185307179259382e+00
8.154361307401956083e-01 4.965142754484971874e+02 6.283185307179259382e+00
1.905634719998591464e+00 4.977902680321292905e+02 6.283185307179259382e+00
1.445642083983571968e+00 4.981787141347799093e+02 6.283185307179259382e+00
1.084899892229440610e+00 4.995723344236292291e+02 6.283185307179259382e+00
2.231230447748930423e+00 5.010011859791499091e+02 6.283185307179259382e+00
1.115953733223162825e+00 5.014360438404861497e+02 6.283185307179259382e+00
8.131450923729106606e-01 5.026968890668227345e+02 6.283185307179259382e+00
1.431845691012877619e+00 5.039857172234964651e+02 6.283185307179259382e+00
1.845983045943204726e+00 5.043666571660892828e+02 6.283185307179259382e+00
1.118723425189874554e+00 5.057972431932372501e+02 6.283185307179259382e+00
1.862767015455505826e+00 5.072289894983459249e+02 6.283185307179259382e+00
1.413493948944100742e+00 5.076108767747141428e+02 6.283185307179259382e+00
8.082038110611567960e-01 5.089012039032635926e+02 6.283185307179259382e+00
1.131540104900806254e+00 5.101656220909453623e+02 6.283185307179259382e+00
2.183809953912644541e+00 5.105957423258581684e+02 6.283185307179259382e+00
1.077520947808725538e+00 5.120220077030236325e+02 6.283185307179259382e+00
1.444683446123497195e+00 5.134152032526731091e+02 6.283185307179259382e+00
1.884597674108271725e+00 5.138035143098597928e+02 6.283185307179259382e+00
8.054570420654877383e-01 5.150810792974514243e+02 6.283185307179259382e+00
8.548479474164600855e-01 5.162500801911559165e+02 6.283185307179259382e+00
2.637342913383262211e+00 5.168252687576745075e+02 6.283185307179259382e+00
9.298118274967535068e-01 5.181731628983046676e+02 6.283185307179259382e+00
9.451849669592654601e-01 5.194353520712805903e+02 6.283185307179259382e+00
2.819067741801425608e+00 5.200023333511019246e+02 6.283185307179259382e+00
7.818800100176410695e-01 5.211636596936475598e+02 6.283185307179259382e+00
7.281036964870094552e-01 5.220549596098479697e+02 6.283185307179259382e+00
3.146251415597328460e+00 5.230413508858970317e+02 6.283185307179259382e+00
7.521452968842273767e-01 5.238882028526597878e+02 6.283185307179259382e+00
7.841997291095109679e-01 5.250279053404706247e+02 6.283185307179259382e+00
2.920159776576579436e+00 5.262153985848453885e+02 6.283185307179259382e+00
7.380811711923330742e-01 5.269620159486017883e+02 6.283185307179259382e+00
7.925152918724538420e-01 5.280168136776998153e+02 6.283185307179259382e+00
2.300536539498773791e+00 5.292526319897075382e+02 6.283185307179259382e+00
1.154388653968628553e+00 5.297051690428656912e+02 6.283185307179259382e+00
9.962479840703244438e-01 5.310402121746667490e+02 6.283185307179259382e+00
2.324058750467057344e+00 5.324363319729676505e+02 6.283185307179259382e+00
9.793324554572364615e-01 5.329201186078540786e+02 6.283185307179259382e+00
7.810515797788225578e-01 5.341632905294743523e+02 6.283185307179259382e+00
1.629478157853320175e+00 5.354529348990192830e+02 6.283185307179259382e+00
1.565470181067823097e+00 5.358349692868583816e+02 6.283185307179259382e+00
1.055131320243078541e+00 5.372375112146221454e+02 6.283185307179259382e+00
1.871846953529617608e+00 5.386555518097295590e+02 6.283185307179259382e+00
1.297190108342225479e+00 5.390512547591534940e+02 6.283185307179259382e+00
7.707271715307777438e-01 5.403451583212403193e+02 6.283185307179259382e+00
1.231679055651148103e+00 5.416341190800789036e+02 6.283185307179259382e+00
1.935921214820308878e+00 5.420400263798296692e+02 6.283185307179259382e+00
1.043479933291031170e+00 5.434557021680888056e+02 6.283185307179259382e+00
1.475935870596843058e+00 5.448487349383423179e+02 6.283185307179259382e+00
1.734435603508755142e+00 5.452355088460683419e+02 6.283185307179259382e+00
7.760869278578597097e-01 5.465205456274753715e+02 6.283185307179259382e+00
9.202970625043578323e-01 5.477443721740531828e+02 6.283185307179259382e+00
2.400414353926356270e+00 5.482602910447111526e+02 6.283185307179259382e+00
9.581233790732044397e-01 5.496358387288339600e+02 6.283185307179259382e+00
1.045945976525194165e+00 5.509395416727003294e+02 6.283185307179259382e+00
2.501093716641753062e+00 5.514375354429902245e+02 6.283185307179259382e+00
7.810028955574860321e-01 5.526446254479487834e+02 6.283185307179259382e+00
7.158559357336736761e-01 5.536415484887997991e+02 6.283185307179259382e+00
3.017250178789112613e+00 5.544786719268156503e+02 6.283185307179259382e+00
7.417831435486786917e-01 5.555520444817647103e+02 6.283185307179259382e+00
7.321673492323168553e-01 5.566652915920126361e+02 6.283185307179259382e+00
3.098585805443902164e+00 5.576534666613479203e+02 6.283185307179259382e+00
7.161635456791615173e-01 5.585507334953027794e+02 6.283185307179259382e+00
7.900134139189892712e-01 5.594983538225184247e+02 6.283185307179259382e+00
2.625762266723911331e+00 5.606926947048217471e+02 6.283185307179259382e+00
1.017734068367986966e+00 5.612098725582570751e+02 6.283185307179259382e+00
9.585329848277809317e-01 5.625018901717774042e+02 6.283185307179259382e+00
2.530734632710978982e+00 5.638725275551307732e+02 6.283185307179259382e+00
8.934976415956082940e-01 5.644123089042095671e+02 6.283185307179259382e+00
7.973089611286041656e-01 5.656113968106792527e+02 6.283185307179259382e+00
1.793038737398080062e+00 5.668929939772738180e+02 6.283185307179259382e+00
1.478818971388193404e+00 5.672787859113753939e+02 6.283185307179259382e+00
1.066447769248687782e+00 5.686745198833302766e+02 6.283185307179259382e+00
2.059822442776635842e+00 5.700980949974289160e+02 6.283185307179259382e+00
1.182465370704537388e+00 5.705136159913307665e+02 6.283185307179259382e+00
7.871060455677756362e-01 5.717940827172246827e+02 6.283185307179259382e+00
1.353407888690473460e+00 5.730855107398617747e+02 6.283185307179259382e+00
1.849783501940590380e+00 5.734748868868738327e+02 6.283185307179259382e+00
1.076043017300910121e+00 5.748967041698413141e+02 6.283185307179259382e+00
1.666735364636538819e+00 5.763104324500673101e+02 6.283185307179259382e+00
1.541942442798933444e+00 5.766895386020004253e+02 6.283185307179259382e+00
7.849054530716972344e-01 5.779830242420255217e+02 6.283185307179259382e+00
1.036426364661214183e+00 5.792383321370793965e+02 6.283185307179259382e+00
2.241678660958070335e+00 5.796978357504387986e+02 6.283185307179259382e+00
1.020159722091946275e+00 5.811045481896004503e+02 6.283185307179259382e+00
1.244095557885123382e+00 5.824611372600452341e+02 6.283185307179259382e+00
2.141176551428356500e+00 5.828858289364133043e+02 6.283185307179259382e+00
7.918979584309496778e-01 5.841394510708151984e+02 6.283185307179259382e+00
7.705107214735216203e-01 5.852445434422429571e+02 6.283185307179259382e+00
2.805311238472564472e+00 5.859200990664836581e+02 6.283185307179259382e+00
8.337853910940550284e-01 5.871803982466508387e+02 6.283185307179259382e+00
7.991129128077804067e-01 5.883603860035889284e+02 6.283185307179259382e+00
3.107945258690903323e+00 5.890933062610004072e+02 6.283185307179259382e+00
7.463518643572708555e-01 5.901495093380792696e+02 6.283185307179259382e+00
7.716294071204667926e-01 5.910088393991334215e+02 6.283185307179259382e+00
2.978366235973038290e+00 5.921318241348354832e+02 6.283185307179259382e+00
8.814792243031264185e-01 5.927584925100449027e+02 6.283185307179259382e+00
8.968269570877240859e-01 5.939877859997446876e+02 6.283185307179259382e+00
2.748427716339731042e+00 5.953077415849701310e+02 6.283185307179259382e+00
8.187997439683412093e-01 5.959234104455854322e+02 6.283185307179259382e+00
8.128876652884400311e-01 5.970607467765879619e+02 6.283185307179259382e+00
1.980992445427392612e+00 5.983312929987112057e+02 6.283185307179259382e+00
1.387507418469574816e+00 5.987278020642526144e+02 6.283185307179259382e+00
1.071072310211556688e+00 6.001120617637481018e+02 6.283185307179259382e+00
2.257765285316915893e+00 6.015364569768206593e+02 6.283185307179259382e+00
1.087762754599996606e+00 6.019800234689321314e+02 6.283185307179259382e+00
8.093090230579467192e-01 6.032369107886214579e+02 6.283185307179259382e+00
1.469287469928031165e+00 6.045270184713501749e+02 6.283185307179259382e+00
1.796628788256151132e+00 6.049060288495879831e+02 6.283185307179259382e+00
1.112062595520796560e+00 6.063330922525664164e+02 6.283185307179259382e+00
1.881693394678417786e+00 6.077642084815307726e+02 6.283185307179259382e+00
1.384593244739909412e+00 6.081488403945666050e+02 6.283185307179259382e+00
8.044303900220012293e-01 6.094389956463063527e+02 6.283185307179259382e+00
1.155698404598282769e+00 6.107086913845337222e+02 6.283185307179259382e+00
2.139414857705276951e+00 6.111319796676300484e+02 6.283185307179259382e+00
1.078548743877185245e+00 6.125586206343934919e+02 6.283185307179259382e+00
1.472863300731565905e+00 6.139554150338589125e+02 6.283185307179259382e+00
1.835455722776351051e+00 6.143407876411596362e+02 6.283185307179259382e+00
8.026351973316657729e-01 6.156212786573227049e+02 6.283185307179259382e+00
8.753402464719248766e-01 6.168051249279812964e+02 6.283185307179259382e+00
2.583250765163797702e+00 6.173612415709180823e+02 6.283185307179259382e+00
9.459465012540499984e-01 6.187215413445665035e+02 6.283185307179259382e+00
9.823267605955894322e-01 6.199998976733922973e+02 6.283185307179259382e+00
2.724312959306122828e+00 6.205394788279203340e+02 6.283185307179259382e+00
7.862862941751869172e-01 6.217185807126004420e+02 6.283185307179259382e+00
7.209071469701677781e-01 6.226353146317454730e+02 6.283185307179259382e+00
3.136449681953650703e+00 6.235785695196303777e+02 6.283185307179259382e+00
7.379796218238161565e-01 6.244946477355815659e+02 6.283185307179259382e+00
7.608695587992906351e-01 6.256175791372448884e+02 6.283185307179259382e+00
2.983039239556230182e+00 6.267531219788144199e+02 6.283185307179259382e+00
7.260680297901208613e-01 6.275435096559023123e+02 6.283185307179259382e+00
7.925555262958463576e-01 6.285664199609201432e+02 6.283185307179259382e+00
2.395794928884074082e+00 6.297912931255781359e+02 6.283185307179259382e+00
1.111215396882764495e+00 6.302608301198425806e+02 6.283185307179259382e+00
9.856962996869180760e-01 6.315839456466960655e+02 6.283185307179259382e+00
2.383970039005042452e+00 6.329736438518124260e+02 6.283185307179259382e+00
9.511228870961285775e-01 6.334730522749246120e+02 6.283185307179259382e+00
7.849872147150114277e-01 6.347046467273753478e+02 6.283185307179259382e+00
1.678892143503410761e+00 6.359920204963690367e+02 6.283185307179259382e+00
1.535045022539460291e+00 6.363748760847922767e+02 6.283185307179259382e+00
1.057271627387610380e+00 6.377751154068738515e+02 6.283185307179259382e+00
1.924029702146515142e+00 6.391947524582196820e+02 6.283185307179259382e+00
1.259989585257499378e+00 6.395955529531041748e+02 6.283185307179259382e+00
7.738661800327877316e-01 6.408867420496790146e+02 6.283185307179259382e+00
1.268757304279200637e+00 6.421773133026479172e+02 6.283185307179259382e+00
1.902636549715108760e+00 6.425773808158527345e+02 6.283185307179259382e+00
1.051391688383398471e+00 6.439946233436428429e+02 6.283185307179259382e+00
1.527762746074737610e+00 6.453937811998187044e+02 6.283185307179259382e+00
1.673561428105675875e+00 6.457770113291354619e+02 6.283185307179259382e+00
7.769301114965031507e-01 6.470656427928294079e+02 6.283185307179259382e+00
9.534754790061502616e-01 6.483013775919185946e+02 6.283185307179259382e+00
2.345557432810478460e+00 6.487979868978826516e+02 6.283185307179259382e+00
9.766390702917782107e-01 6.501842963877478496e+02 6.283185307179259382e+00
1.100662600785871970e+00 6.515050592641500771e+02 6.283185307179259382e+00
2.389547348240427915e+00 6.519774332966679822e+02 6.283185307179259382e+00
7.844946561581819244e-01 6.532006372118628406e+02 6.283185307179259382e+00
7.254293147619409465e-01 6.542316716570072685e+02 6.283185307179259382e+00
2.960390450531954709e+00 6.550172154773636066e+02 6.283185307179259382e+00
7.623155272399579907e-01 6.561570571212769210e+02 6.283185307179259382e+00
7.381207573359138685e-01 6.572813825464825186e+02 6.283185307179259382e+00
3.147341924900496135e+00 6.581914791169136834e+02 6.283185307179259382e+00
7.223808628278555188e-01 6.591384901080224381e+02 6.283185307179259382e+00
7.929848817091201818e-01 6.600476780181787717e+02 6.283185307179259382e+00
2.731064802928949486e+00 6.612293440211910820e+02 6.283185307179259382e+00
9.920902009125158738e-01 6.617647695145359421e+02 6.283185307179259382e+00
9.549643256935087532e-01 6.630457355933874624e+02 6.283185307179259382e+00
2.625217895200353979e+00 6.644097364393659291e+02 6.283185307179259382e+00
8.765486222077253364e-01 6.649680802714866559e+02 6.283185307179259382e+00
8.143984172468025085e-01 6.661457921291915909e+02 6.283185307179259382e+00
1.831324815951729690e+00 6.674261364746834033e+02 6.283185307179259382e+00
1.496821012460890943e+00 6.678092364597256392e+02 6.283185307179259382e+00
1.091940018363563913e+00 6.692098776831095392e+02 6.283185307179259382e+00
2.181521432777694613e+00 6.706409200425842982e+02 6.283185307179259382e+00
1.148763894164734234e+00 6.710661732566147748e+02 6.283185307179259382e+00
8.113691535769340657e-01 6.723333809890442581e+02 6.283185307179259382e+00
1.391613806445008761e+00 6.736213159660184147e+02 6.283185307179259382e+00
1.882785067824431335e+00 6.740056315344569384e+02 6.283185307179259382e+00
1.115403490708318346e+00 6.754370002754574216e+02 6.283185307179259382e+00
1.810890975666060054e+00 6.768658333940391003e+02 6.283185307179259382e+00
1.458503074636282149e+00 6.772448242411018100e+02 6.283185307179259382e+00
8.062484011859776256e-01 6.785363576876496836e+02 6.283185307179259382e+00
1.096563012512459911e+00 6.797951373587070520e+02 6.283185307179259382e+00
2.225712850123496178e+00 6.802357347262008034e+02 6.283185307179259382e+00
1.065098157190559780e+00 6.816579251527690531e+02 6.283185307179259382e+00
1.382744233995281791e+00 6.830414060761473820e+02 6.283185307179259382e+00
1.971118280557616842e+00 6.834382044342763720e+02 6.283185307179259382e+00
8.046933005700565023e-01 6.847094783738742763e+02 6.283185307179259382e+00
8.224700721526521097e-01 6.858550546942523169e+02 6.283185307179259382e+00
2.710191493701781251e+00 6.864636771926288930e+02 6.283185307179259382e+00
8.978093689922295173e-01 6.877858953018106831e+02 6.283185307179259382e+00
8.860188748708960338e-01 6.890189207034691208e+02 6.283185307179259382e+00
2.956548277735874919e+00 6.896387899839425017e+02 6.283185307179259382e+00
7.708398153804063568e-01 6.907659797090459506e+02 6.283185307179259382e+00
7.444540904467581433e-01 6.916294548404182478e+02 6.283185307179259382e+00
3.118194488589583813e+00 6.926776110799909247e+02 6.283185307179259382e+00
7.931873127879950358e-01 6.934238085804279308e+02 6.283185307179259382e+00
8.288987733853595552e-01 6.945981221429119614e+02 6.283185307179259382e+00
2.840327229289988598e+00 6.958514041030610997e+02 6.283185307179259382e+00
7.667543259735994932e-01 6.965369095772633727e+02 6.283185307179259382e+00
7.990205980801491359e-01 6.976317466103976130e+02 6.283185307179259382e+00
2.158815733455041741e+00 6.988844002249184086e+02 6.283185307179259382e+00
1.243794623609550287e+00 6.993099875579836180e+02 6.283185307179259382e+00
1.024488136387529558e+00 7.006662414038996758e+02 6.283185307179259382e+00
2.275610429517410438e+00 7.020745173424436416e+02 6.283185307179259382e+00
1.026924321661921269e+00 7.025380940878620777e+02 6.283185307179259382e+00
7.882803923420158565e-01 7.037907264450360572e+02 6.283185307179259382e+00
1.555802198160133987e+00 7.050825406198413248e+02 6.283185307179259382e+00
1.651922754879626476e+00 7.054621486033439623e+02 6.283185307179259382e+00
1.073088517787434748e+00 7.068739681307489491e+02 6.283185307179259382e+00
1.853244894624594519e+00 7.082957157440174569e+02 6.283185307179259382e+00
1.343192123394908011e+00 7.086857469730892944e+02 6.283185307179259382e+00
7.808405331280545703e-01 7.099792233049777224e+02 6.283185307179259382e+00
1.191079339844131502e+00 7.112615325489787210e+02 6.283185307179259382e+00
2.017953132379883829e+00 7.116753545367704419e+02 6.283185307179259382e+00
1.052973972600198538e+00 7.130943748582512853e+02 6.283185307179259382e+00
1.456547940462916246e+00 7.144864337955582414e+02 6.283185307179259382e+00
1.793088133869383149e+00 7.148743487653013062e+02 6.283185307179259382e+00
7.853300017598241478e-01 7.161562362533524038e+02 6.283185307179259382e+00
8.928669028471650781e-01 7.173616722073626306e+02 6.283185307179259382e+00
2.485228720489700116e+00 7.178988236166853767e+02 6.283185307179259382e+00
9.480285072747546282e-01 7.192653244292076806e+02 6.283185307179259382e+00
1.006076600261640142e+00 7.205543123017661173e+02 6.283185307179259382e+00
2.617478271436747495e+00 7.210760056722049285e+02 6.283185307179259382e+00
7.819840966649375114e-01 7.222676160237641625e+02 6.283185307179259382e+00
7.144937501782757661e-01 7.232244607501689870e+02 6.283185307179259382e+00
3.080629653148833746e+00 7.241167697127339125e+02 6.283185307179259382e+00
7.326305218154300913e-01 7.251119225914901563e+02 6.283185307179259382e+00
7.402975951815788935e-01 7.262245912430339558e+02 6.283185307179259382e+00
3.036809577716115260e+00 7.272916711701724353e+02 6.283185307179259382e+00
7.167860598556716756e-01 7.281342205709897826e+02 6.283185307179259382e+00
7.885839255782117752e-01 7.291224945631959145e+02 6.283185307179259382e+00
2.509900701789333333e+00 7.303313731164673754e+02 6.283185307179259382e+00
1.055352492972434053e+00 7.308264927803231785e+02 6.283185307179259382e+00
9.669268480120253306e-01 7.321323497344742464e+02 6.283185307179259382e+00
2.440748639484097815e+00 7.335112400935812502e+02 6.283185307179259382e+00
9.187102062769426647e-01 7.340301990277208688e+02 6.283185307179259382e+00
7.851956475903512089e-01 7.352490377409142184e+02 6.283185307179259382e+00
1.739225256056483815e+00 7.365331562300702899e+02 6.283185307179259382e+00
1.486815558827606631e+00 7.369191196605229379e+02 6.283185307179259382e+00
1.051416793175834252e+00 7.383138882292024618e+02 6.283185307179259382e+00
1.963324501055852656e+00 7.397325567666611050e+02 6.283185307179259382e+00
1.222748799124154573e+00 7.401395401002585004e+02 6.283185307179259382e+00
7.725178046060835468e-01 7.414284650014267299e+02 6.283185307179259382e+00
1.306953341964395943e+00 7.427212374309558527e+02 6.283185307179259382e+00
1.855195255647918762e+00 7.431163361379554999e+02 6.283185307179259382e+00
1.051612678961957092e+00 7.445326222348066949e+02 6.283185307179259382e+00
1.564162513718247327e+00 7.459349376939829881e+02 6.283185307179259382e+00
1.621256123690755446e+00 7.463169486463245903e+02 6.283185307179259382e+00
7.742005541709560124e-01 7.476081425023769498e+02 6.283185307179259382e+00
9.836842898884096131e-01 7.488549860958928548e+02 6.283185307179259382e+00
2.286226563991249794e+00 7.493356093563133982e+02 6.283185307179259382e+00
9.879208179957416069e-01 7.507287094294434837e+02 6.283185307179259382e+00
1.145469718862671904e+00 7.520619476117373097e+02 6.283185307179259382e+00
2.291868232448317499e+00 7.525163391220459062e+02 6.283185307179259382e+00
7.843553023693502491e-01 7.537511993113031394e+02 6.283185307179259382e+00
7.382718291357420748e-01 7.548146860933604785e+02 6.283185307179259382e+00
2.892893265671770742e+00 7.555552344129321227e+02 6.283185307179259382e+00
7.861277579551956274e-01 7.567473162136179781e+02 6.283185307179259382e+00
7.532738936914840089e-01 7.578894808549382560e+02 6.283185307179259382e+00
3.150424635691627895e+00 7.587288337607350286e+02 6.283185307179259382e+00
7.293949310215841475e-01 7.597197478798400425e+02 6.283185307179259382e+00
7.865580373467750963e-01 7.606046555761779473e+02 6.283185307179259382e+00
2.830026780668185804e+00 7.617670308424027326e+02 6.283185307179259382e+00
9.501223235326109462e-01 7.623324091852636002e+02 6.283185307179259382e+00
9.356953232809080978e-01 7.635954831938503276e+02 6.283185307179259382e+00
2.675944682206022662e+00 7.649456575226856785e+02 6.283185307179259382e+00
8.548818553696716505e-01 7.655239019997869718e+02 6.283185307179259382e+00
8.158563450781178839e-01 7.666866771307442150e+02 6.283185307179259382e+00
1.883051103159523842e+00 7.679641108791497572e+02 6.283185307179259382e+00
1.462834518542088791e+00 7.683505538195923918e+02 6.283185307179259382e+00
1.088380397207608041e+00 7.697467229307745811e+02 6.283185307179259382e+00
2.220877422411984714e+00 7.711766553144373120e+02 6.283185307179259382e+00
1.125002885066670233e+00 7.716088337377213975e+02 6.283185307179259382e+00
8.137439733967951616e-01 7.728710962325091032e+02 6.283185307179259382e+00
1.420307688076626551e+00 7.741595120364087279e+02 6.283185307179259382e+00
1.859718920282226406e+00 7.745412592293054104e+02 6.283185307179259382e+00
1.119643824179651359e+00 7.759725965266983394e+02 6.283185307179259382e+00
1.853389288993947392e+00 7.774041397919235123e+02 6.283185307179259382e+00
1.424021536402430455e+00 7.777851754862529106e+02 6.283185307179259382e+00
8.087120051683291955e-01 7.790756816104702693e+02 6.283185307179259382e+00
1.123059873464298253e+00 7.803384248512044223e+02 6.283185307179259382e+00
2.196988906312477674e+00 7.807710485280207422e+02 6.283185307179259382e+00
1.075872456522343645e+00 7.821967652910337847e+02 6.283185307179259382e+00
1.432157351337526752e+00 7.835881606195305267e+02 6.283185307179259382e+00
1.903860679781370191e+00 7.839779825803888116e+02 6.283185307179259382e+00
8.058919947510467807e-01 7.852542892265640830e+02 6.283185307179259382e+00
8.472465588780483392e-01 7.864177609732940937e+02 6.283185307179259382e+00
2.655951432425273318e+00 7.870004226467444823e+02 6.283185307179259382e+00
9.229829088087884159e-01 7.883429900027421127e+02 6.283185307179259382e+00
9.312179680119418990e-01 7.895986924574353907e+02 6.283185307179259382e+00
2.853279740993866831e+00 7.901770227975119951e+02 6.283185307179259382e+00
7.797115438990496195e-01 7.913309953095114224e+02 6.283185307179259382e+00
7.315329566363458769e-01 7.922142042532587993e+02 6.283185307179259382e+00
3.144488511081475313e+00 7.932160022036736109e+02 6.283185307179259382e+00
7.599721488241570899e-01 7.940377920849266502e+02 6.283185307179259382e+00
7.941561860704169362e-01 7.951850444768919033e+02 6.283185307179259382e+00
2.898888602849508001e+00 7.963898969185213446e+02 6.283185307179259382e+00
7.439522598660158748e-01 7.971210123546359227e+02 6.283185307179259382e+00
7.933749141980209751e-01 7.981864675227955104e+02 6.283185307179259382e+00
2.265722554040176195e+00 7.994264251786157729e+02 6.283185307179259382e+00
1.173469195502163887e+00 7.998724170250314955e+02 6.283185307179259382e+00
1.001785954552101732e+00 8.012123154155998463e+02 6.283185307179259382e+00
2.307479722896175645e+00 8.026111500060129629e+02 6.283185307179259382e+00
9.906006518414259832e-01 8.030895767892008053e+02 6.283185307179259382e+00
7.814009686908567343e-01 8.043359162528004163e+02 6.283185307179259382e+00
1.611114431177273598e+00 8.056263073182971084e+02 6.283185307179259382e+00
1.582387091417362113e+00 8.060077962309359236e+02 6.283185307179259382e+00
1.057299328075399059e+00 8.074120235077759844e+02 6.283185307179259382e+00
1.860837417541760130e+00 8.088303173911739350e+02 6.283185307179259382e+00
1.309881607239900880e+00 8.092244441423507624e+02 6.283185307179259382e+00
7.716914224988525861e-01 8.105186530767383601e+02 6.283185307179259382e+00
1.219920898440433721e+00 8.118064320598530230e+02 6.283185307179259382e+00
1.953076910717231662e+00 8.122144067712036986e+02 6.283185307179259382e+00
1.043640286699987207e+00 8.136303195960958874e+02 6.283185307179259382e+00
1.465182350229245367e+00 8.150222302165531119e+02 6.283185307179259382e+00
1.752675022338390232e+00 8.154098237159835207e+02 6.283185307179259382e+00
7.773495428804760854e-01 8.166937687718722145e+02 6.283185307179259382e+00
9.112196771645493243e-01 8.179129853016710285e+02 6.283185307179259382e+00
2.421522514547859828e+00 8.184351089153034309e+02 6.283185307179259382e+00
9.538125783109880906e-01 8.198076003650282928e+02 6.283185307179259382e+00
1.031979453107043865e+00 8.211064751644208854e+02 6.283185307179259382e+00
2.535212896205539579e+00 8.216120691440291921e+02 6.283185307179259382e+00
7.805951908988298937e-01 8.228143051112883768e+02 6.283185307179259382e+00
7.144557846592715089e-01 8.238001601262462827e+02 6.283185307179259382e+00
3.034876549331282813e+00 8.246533283607382145e+02 6.283185307179259382e+00
7.376191503796867277e-01 8.257047518007332201e+02 6.283185307179259382e+00
7.329599349778326278e-01 8.268166243627181302e+02 6.283185307179259382e+00
3.080338102470104200e+00 8.278282098175424153e+02 6.283185307179259382e+00
7.153904654858674883e-01 8.287097960121540154e+02 6.283185307179259382e+00
7.889890841067621619e-01 8.296696033963894479e+02 6.283185307179259382e+00
2.592848905408827953e+00 8.308677845332873630e+02 6.283185307179259382e+00
1.026386986598480044e+00 8.313793208943473019e+02 6.283185307179259382e+00
9.597042067889928196e-01 8.326747957705725867e+02 6.283185307179259382e+00
2.501695265974110072e+00 8.340474087324071206e+02 6.283185307179259382e+00
8.996582265527734990e-01 8.345813035477436870e+02 6.283185307179259382e+00
7.924709737400632559e-01 8.357867402414257185e+02 6.283185307179259382e+00
1.779228378827811596e+00 8.370688758496138462e+02 6.283185307179259382e+00
1.475981584159195448e+00 8.374552296577946890e+02 6.283185307179259382e+00
1.059599819068302473e+00 8.388498455367653150e+02 6.283185307179259382e+00
2.025421945196795637e+00 8.402713125961083733e+02 6.283185307179259382e+00
1.193931448896360159e+00 8.406841059300160168e+02 6.283185307179259382e+00
7.808971988338710979e-01 8.419678550828174366e+02 6.283185307179259382e+00
1.339831764359237232e+00 8.432600797912425605e+02 6.283185307179259382e+00
1.845273699030827386e+00 8.436511643306479300e+02 6.283185307179259382e+00
1.065898375263268694e+00 8.450705491035040495e+02 6.283185307179259382e+00
1.628685862075133661e+00 8.464800116927671070e+02 6.283185307179259382e+00
1.567541241669331731e+00 8.468599382146456946e+02 6.283185307179259382e+00
7.799783957671949652e-01 8.481530389932885328e+02 6.283185307179259382e+00
1.018699557713949932e+00 8.494064045735128730e+02 6.283185307179259382e+00
2.251590666938984242e+00 8.498723628358139877e+02 6.283185307179259382e+00
1.008152664140936405e+00 8.512743979559061245e+02 6.283185307179259382e+00
1.208321877874620309e+00 8.526230115889080707e+02 6.283185307179259382e+00
2.190938606598389349e+00 8.530572922690338373e+02 6.283185307179259382e+00
7.887119009793336355e-01 8.543048795895722378e+02 6.283185307179259382e+00
7.583421275675272799e-01 8.553970574407043159e+02 6.283185307179259382e+00
2.832989175205292032e+00 8.560934695998660118e+02 6.283185307179259382e+00
8.168409403393800394e-01 8.573327416656569540e+02 6.283185307179259382e+00
7.809076267781615011e-01 8.584990523673056941e+02 6.283185307179259382e+00
3.130185448308627105e+00 8.592666571260281216e+02 6.283185307179259382e+00
7.401102123732300475e-01 8.603015031129793897e+02 6.283185307179259382e+00
7.776108025430450432e-01 8.611670058774307108e+02 6.283185307179259382e+00
2.930111031689545342e+00 8.623050387442008287e+02 6.283185307179259382e+00
9.056021002848135826e-01 8.629081559751748500e+02 6.283185307179259382e+00
9.117620490598616900e-01 8.641499820464250661e+02 6.283185307179259382e+00
2.725745986588620884e+00 8.654818793306714042e+02 6.283185307179259382e+00
8.317173172933811642e-01 8.660836247377843620e+02 6.283185307179259382e+00
8.151689925196480280e-01 8.672298100790518447e+02 6.283185307179259382e+00
1.944074252007755188e+00 8.685032415883106296e+02 6.283185307179259382e+00
1.418298827120729744e+00 8.688952190549824763e+02 6.283185307179259382e+00
1.079698863893505445e+00 8.702846558334027804e+02 6.283185307179259382e+00
2.251273501900673768e+00 8.717117989271544047e+02 6.283185307179259382e+00
1.100737859422933118e+00 8.721514366560950293e+02 6.283185307179259382e+00
8.128675928336940304e-01 8.734094553878040870e+02 6.283185307179259382e+00
1.451524109569680254e+00 8.746987523670027258e+02 6.283185307179259382e+00
1.825040438812145949e+00 8.750784123938005905e+02 6.283185307179259382e+00
1.118178272465651713e+00 8.765079709806492474e+02 6.283185307179259382e+00
1.881716189086272362e+00 8.779403419760958514e+02 6.283185307179259382e+00
1.395006681963464557e+00 8.783237989538074544e+02 6.283185307179259382e+00
8.080618794375096225e-01 8.796135963339821728e+02 6.283185307179259382e+00
1.146652966634115423e+00 8.808805518273824191e+02 6.283185307179259382e+00
2.163069644337473285e+00 8.813064721982369747e+02 6.283185307179259382e+00
1.081167999901884835e+00 8.827338568252700952e+02 6.283185307179259382e+00
1.468497055376147387e+00 8.841304013768963159e+02 6.283185307179259382e+00
1.850698406664054607e+00 8.845160906450894345e+02 6.283185307179259382e+00
8.051470680703640692e-01 8.857958187123018661e+02 6.283185307179259382e+00
8.688786670766367459e-01 8.869739847727348661e+02 6.283185307179259382e+00
2.605885854351157604e+00 8.875363997833136409e+02 6.283185307179259382e+00
9.419561127730813332e-01 8.888932208209992041e+02 6.283185307179259382e+00
9.711106783813238108e-01 8.901667313654629652e+02 6.283185307179259382e+00
2.757675400401704113e+00 8.907144264651527692e+02 6.283185307179259382e+00
7.856800307580115161e-01 8.918881589659301881e+02 6.283185307179259382e+00
7.233384577529212711e-01 8.927946891703079473e+02 6.283185307179259382e+00
3.144415745486106140e+00 8.937533367459378724e+02 6.283185307179259382e+00
7.419811108142325695e-01 8.946447864052089471e+02 6.283185307179259382e+00
7.686912266162332363e-01 8.957729232255205716e+02 6.283185307179259382e+00
2.962322854973965303e+00 8.969277185238096308e+02 6.283185307179259382e+00
7.299077225420013137e-01 8.977024038511264052e+02 6.283185307179259382e+00
7.928975831896275528e-01 8.987364923367210849e+02 6.283185307179259382e+00
2.361597755099892559e+00 8.999655124355517728e+02 6.283185307179259382e+00
1.127096406887136082e+00 9.004285368692851534e+02 6.283185307179259382e+00
9.900304299568204458e-01 9.017561818654893386e+02 6.283185307179259382e+00
2.363904805855288505e+00 9.031484429318007869e+02 6.283185307179259382e+00
9.610428713309592252e-01 9.036422059386848105e+02 6.283185307179259382e+00
7.839696758251991637e-01 9.048778489982348674e+02 6.283185307179259382e+00
1.661214471348744892e+00 9.061660620713753360e+02 6.283185307179259382e+00
1.546890197908550757e+00 9.065484594717389655e+02 6.283185307179259382e+00
1.057223974161303204e+00 9.079497468876047606e+02 6.283185307179259382e+00
1.907362809974055828e+00 9.093690652211794259e+02 6.283185307179259382e+00
1.272534878538038372e+00 9.097680177739216560e+02 6.283185307179259382e+00
7.731527595582049495e-01 9.110601274503187597e+02 6.283185307179259382e+00
1.256113555624406963e+00 9.123501107824372411e+02 6.283185307179259382e+00
1.914987485086060426e+00 9.127520683997973947e+02 6.283185307179259382e+00
1.049324228690511562e+00 9.141689920411974981e+02 6.283185307179259382e+00
1.511327317750922328e+00 9.155663302023824599e+02 6.283185307179259382e+00
1.693395199860884270e+00 9.159505078779185396e+02 6.283185307179259382e+00
7.769051799353975385e-01 9.172380501341175432e+02 6.283185307179259382e+00
9.423969227521917791e-01 9.184698799378536478e+02 6.283185307179259382e+00
2.364393938771998105e+00 9.189726835682973842e+02 6.283185307179259382e+00
9.709593751703464726e-01 9.203557397727805665e+02 6.283185307179259382e+00
1.082693444042639452e+00 9.216711344183985375e+02 6.283185307179259382e+00
2.426350892888749389e+00 9.221514191541291439e+02 6.283185307179259382e+00
7.836410120671720714e-01 9.233696185249478958e+02 6.283185307179259382e+00
7.216539759200893966e-01 9.243891237503290768e+02 6.283185307179259382e+00
2.981157385548237393e+00 9.251916458019479705e+02 6.283185307179259382e+00
7.546116375702225376e-01 9.263103296196114798e+02 6.283185307179259382e+00
7.348550941016811500e-01 9.274298584056102754e+02 6.283185307179259382e+00
3.135557827474013237e+00 9.283661234952480754e+02 6.283185307179259382e+00
7.200191395664561345e-01 9.292967558653732567e+02 6.283185307179259382e+00
7.929207800952962071e-01 9.302177236217727341e+02 6.283185307179259382e+00
2.695710509538497668e+00 9.314042822333536833e+02 6.283185307179259382e+00
1.002443537399862139e+00 9.319324826903036865e+02 6.283185307179259382e+00
9.577128002296326770e-01 9.332178454971037809e+02 6.283185307179259382e+00
2.597431404805503163e+00 9.345847589437765919e+02 6.283185307179259382e+00
8.825736199768074997e-01 9.351367798523770034e+02 6.283185307179259382e+00
8.099999252803844474e-01 9.363211402799087182e+02 6.283185307179259382e+00
1.817812820997124490e+00 9.376020098162504155e+02 6.283185307179259382e+00
1.494955477416121337e+00 9.379855530629756686e+02 6.283185307179259382e+00
1.085781740944518292e+00 9.393853035567061625e+02 6.283185307179259382e+00
2.146987435195379934e+00 9.408145818632403916e+02 6.283185307179259382e+00
1.158957026746571639e+00 9.412367024566877944e+02 6.283185307179259382e+00
8.047850703304348929e-01 9.425079106430968068e+02 6.283185307179259382e+00
1.380397425909423603e+00 9.437967451724575767e+02 6.283185307179259382e+00
1.874848398047369580e+00 9.441824960784697396e+02 6.283185307179259382e+00
1.104677026616490476e+00 9.456113517742519434e+02 6.283185307179259382e+00
1.769062188187923157e+00 9.470361098473683796e+02 6.283185307179259382e+00
1.482293737632398134e+00 9.474145783657581887e+02 6.283185307179259382e+00
8.001575524311279608e-01 9.487071356779935059e+02 6.283185307179259382e+00
1.079168086861625797e+00 9.499649930602167842e+02 6.283185307179259382e+00
2.230353030142933513e+00 9.504107386274210967e+02 6.283185307179259382e+00
1.052332381877651324e+00 9.518287634246270272e+02 6.283185307179259382e+00
1.341139926097749235e+00 9.532047905571670299e+02 6.283185307179259382e+00
2.020339910541355533e+00 9.536086164236636478e+02 6.283185307179259382e+00
8.011381557868531011e-01 9.548753802243467135e+02 6.283185307179259382e+00
8.058371475365893044e-01 9.560094824088544101e+02 6.283185307179259382e+00
2.739320572975843859e+00 9.566368890938385903e+02 6.283185307179259382e+00
8.786182492040416347e-01 9.579426835397265450e+02 6.283185307179259382e+00
8.567546584365444140e-01 9.591595640064008421e+02 6.283185307179259382e+00
3.013650909273450917e+00 9.598111128591286842e+02 6.283185307179259382e+00
7.634753197908097366e-01 9.609181808510945757e+02 6.283185307179259382e+00
7.531234462668761065e-01 9.617755160068446685e+02 6.283185307179259382e+00
3.084437712518211860e+00 9.628499112333656740e+02 6.283185307179259382e+00
8.187189915621230218e-01 9.635537835563427507e+02 6.283185307179259382e+00
8.511135115016946751e-01 9.647459140366378278e+02 6.283185307179259382e+00
2.808286370075779192e+00 9.660240291979259837e+02 6.283185307179259382e+00
7.827698180032693909e-01 9.666845833436969997e+02 6.283185307179259382e+00
8.033331371877712179e-01 9.677948644109653742e+02 6.283185307179259382e+00
2.097472328394173857e+00 9.690542656012930820e+02 6.283185307179259382e+00
1.289905978243327755e+00 9.694689292527345970e+02 6.283185307179259382e+00
1.039644206764654522e+00 9.708348602389255575e+02 6.283185307179259382e+00
2.265449323045030994e+00 9.722487300944852677e+02 6.283185307179259382e+00
1.048088800645278429e+00 9.727047898110164397e+02 6.283185307179259382e+00
7.945130487548046627e-01 9.739595679387304017e+02 6.283185307179259382e+00
1.525201575954771238e+00 9.752514237237550105e+02 6.283185307179259382e+00
1.698692767136176895e+00 9.756303561326075169e+02 6.283185307179259382e+00
1.085374228955849452e+00 9.770472554706067285e+02 6.283185307179259382e+00
1.858946584553976100e+00 9.784719128067712290e+02 6.283185307179259382e+00
1.359259995578784075e+00 9.788599214404416671e+02 6.283185307179259382e+00
7.882338537027602232e-01 9.801524369963893832e+02 6.283185307179259382e+00
1.177601383071525509e+00 9.814307904945468408e+02 6.283185307179259382e+00
2.058836761195687259e+00 9.818478623251744466e+02 6.283185307179259382e+00
1.061085672200335672e+00 9.832693656987752320e+02 6.283185307179259382e+00
1.459715981252300843e+00 9.846627073953759464e+02 6.283185307179259382e+00
1.810129722287448839e+00 9.850500005665667231e+02 6.283185307179259382e+00
7.910734132708815425e-01 9.863312256425864462e+02 6.283185307179259382e+00
8.857033897771556807e-01 9.875290370897628236e+02 6.283185307179259382e+00
2.520221841309253197e+00 9.880732823524690502e+02 6.283185307179259382e+00
9.468718677542830031e-01 9.894374014082738995e+02 6.283185307179259382e+00
9.964887436548887090e-01 9.907223016903536745e+02 6.283185307179259382e+00
2.656892382591894641e+00 9.912508249378452092e+02 6.283185307179259382e+00
7.834304174140307442e-01 9.924377480820207893e+02 6.283185307179259382e+00
7.160916441073390537e-01 9.933799157534341475e+02 6.283185307179259382e+00
3.102478544461208187e+00 9.942910626945250669e+02 6.283185307179259382e+00
7.329614980261551782e-01 9.952577119220997020e+02 6.283185307179259382e+00
7.464789444892196979e-01 9.963729366850000133e+02 6.283185307179259382e+00
3.016430449170936168e+00 9.974658762094419444e+02 6.283185307179259382e+00
7.191932927464252945e-01 9.982892697737354410e+02 6.283185307179259382e+00
7.894397280647124093e-01 9.992906800645652083e+02 6.283185307179259382e+00
2.468534860804668885e+00 1.000505254571165096e+03 6.283185307179259382e+00
1.073467282614849028e+00 1.000991371499670549e+03 6.283185307179259382e+00
9.725949707701689873e-01 1.002303137316986408e+03 6.283185307179259382e+00
2.416527642333526682e+00 1.003685700658950168e+03 6.283185307179259382e+00
9.297761644042783491e-01 1.004197359055283528e+03 6.283185307179259382e+00
7.838794673784525990e-01 1.005421568465734936e+03 6.283185307179259382e+00
1.717689779661375704e+00 1.006706866754333532e+03 6.283185307179259382e+00
1.500251025221681633e+00 1.007091944549079130e+03 6.283185307179259382e+00
1.051437007748606600e+00 1.008488078664504542e+03 6.283185307179259382e+00
1.943321045291398708e+00 1.009906501494070312e+03 6.283185307179259382e+00
1.236797230769782541e+00 1.010311028127435065e+03 6.283185307179259382e+00
7.714719933819810249e-01 1.011601309144254628e+03 6.283185307179259382e+00
1.291946576700625959e+00 1.012893666051808964e+03 6.283185307179259382e+00
1.868666935529859074e+00 1.013290640634324632e+03 6.283185307179259382e+00
1.049251107202756161e+00 1.014706661850556429e+03 6.283185307179259382e+00
1.544823911330891697e+00 1.016107010453967860e+03 6.283185307179259382e+00
