1.027944072848973267e+00 1.307682151243706736e-01 2.356194490192261792e+00
1.122290685762020956e+00 1.717339350296414491e+00 2.356194490192261792e+00
1.663378333036038770e+00 2.149099397903902364e+00 2.356194490192261792e+00
1.042473873554642161e+00 3.617655876401798309e+00 2.356194490192261792e+00
9.869106827234388479e-01 4.407095792808427781e+00 2.356194490192261792e+00
9.724922933187040153e-01 5.634648342918056052e+00 2.356194490192261792e+00
1.277319184594143398e+00 6.306827531718194990e+00 2.356194490192261792e+00
7.425793355808203433e-01 7.781995181841984355e+00 2.356194490192261792e+00
2.106108849909450242e+00 8.347064711331308118e+00 2.356194490192261792e+00
8.846743149094420389e-01 9.745063164553734225e+00 2.356194490192261792e+00
1.158909617266310255e+00 1.052430934167414378e+01 2.356194490192261792e+00
9.524471503323725941e-01 1.174078880160427119e+01 2.356194490192261792e+00
1.576698162021791694e+00 1.250024286006163088e+01 2.356194490192261792e+00
5.425728488749412826e-01 1.358880540409796644e+01 2.356194490192261792e+00
2.553484695971774965e+00 1.454356833482886380e+01 2.356194490192261792e+00
6.842580610844285482e-01 1.560014833788397581e+01 2.356194490192261792e+00
1.303962061020881080e+00 1.659410677088900954e+01 2.356194490192261792e+00
8.783992365389234891e-01 1.773794730714686096e+01 2.356194490192261792e+00
1.583281517031306151e+00 1.867969650782486468e+01 2.356194490192261792e+00
6.956808008904601381e-01 1.934346003934919267e+01 2.356194490192261792e+00
2.367296240624867654e+00 2.075245744544191595e+01 2.356194490192261792e+00
9.322638615318696864e-01 2.132404438370839372e+01 2.356194490192261792e+00
1.314108335264110083e+00 2.268880127846567163e+01 2.356194490192261792e+00
8.259266236756603874e-01 2.370358355289923225e+01 2.356194490192261792e+00
1.279893839823534885e+00 2.481862177353871957e+01 2.356194490192261792e+00
8.531140123109259843e-01 2.541460710228344411e+01 2.356194490192261792e+00
1.718605734895156445e+00 2.697240032954363187e+01 2.356194490192261792e+00
1.274314726158841449e+00 2.740577255636230447e+01 2.356194490192261792e+00
1.206595883932938040e+00 2.887028873001506568e+01 2.356194490192261792e+00
8.614994355857561459e-01 2.975735411329482005e+01 2.356194490192261792e+00
1.077048475433678654e+00 3.095236700122435636e+01 2.356194490192261792e+00
1.001883595119345438e+00 3.156674667937035395e+01 2.356194490192261792e+00
1.203915800967758409e+00 3.315717791145569038e+01 2.356194490192261792e+00
1.608812591061492991e+00 3.358022960823379321e+01 2.356194490192261792e+00
1.075087066681411185e+00 3.505551264900958586e+01 2.356194490192261792e+00
9.638414012319822533e-01 3.585601971444622649e+01 2.356194490192261792e+00
9.852625556443226351e-01 3.708169742543897485e+01 2.356194490192261792e+00
1.232697936181361920e+00 3.774059392935049573e+01 2.356194490192261792e+00
8.045290266615994224e-01 3.925040825731661442e+01 2.356194490192261792e+00
2.031040217765570866e+00 3.977744078521147486e+01 2.356194490192261792e+00
9.261288483582675868e-01 4.120153794699900374e+01 2.356194490192261792e+00
1.125865147442985270e+00 4.197449619405910681e+01 2.356194490192261792e+00
9.606433248061246877e-01 4.319735335005066901e+01 2.356194490192261792e+00
1.533023362735024264e+00 4.393292751676646191e+01 2.356194490192261792e+00
5.562438577366857206e-01 4.511775905516972784e+01 2.356194490192261792e+00
2.498944672921435739e+00 4.597585449067814523e+01 2.356194490192261792e+00
7.072186380987796062e-01 4.713352143566575592e+01 2.356194490192261792e+00
1.294598457304570793e+00 4.805450539705248048e+01 2.356194490192261792e+00
9.027232723287009764e-01 4.921439186546423628e+01 2.356194490192261792e+00
1.638835914185143849e+00 5.011721633753975880e+01 2.356194490192261792e+00
6.714898030088192193e-01 5.080723747135881752e+01 2.356194490192261792e+00
2.475397274752028753e+00 5.217594848090790549e+01 2.356194490192261792e+00
8.870494294764051935e-01 5.278562561136860865e+01 2.356194490192261792e+00
1.333805721560240798e+00 5.412314614863278450e+01 2.356194490192261792e+00
8.327423209557855976e-01 5.515989779726872655e+01 2.356194490192261792e+00
1.331994917068821671e+00 5.625659232113819996e+01 2.356194490192261792e+00
8.503841619613410341e-01 5.684591246677278775e+01 2.356194490192261792e+00
1.806727851695784537e+00 5.839629069281767215e+01 2.356194490192261792e+00
1.254077947088100053e+00 5.883534231778925516e+01 2.356194490192261792e+00
1.243791955302729679e+00 6.030032009698268070e+01 2.356194490192261792e+00
8.584221707915086208e-01 6.120828894863109326e+01 2.356194490192261792e+00
1.114369172094037186e+00 6.239457147809876147e+01 2.356194490192261792e+00
9.924346267785634224e-01 6.299825948733281678e+01 2.356194490192261792e+00
1.280326089552520141e+00 6.459018862746530942e+01 2.356194490192261792e+00
1.581458654860820712e+00 6.500767329958509322e+01 2.356194490192261792e+00
1.116416185909692160e+00 6.649177619956677177e+01 2.356194490192261792e+00
9.475783783428952667e-01 6.730639254715521247e+01 2.356194490192261792e+00
1.007084305338580954e+00 6.852937098090811219e+01 2.356194490192261792e+00
1.203115113428845584e+00 6.917348883771738599e+01 2.356194490192261792e+00
8.697274662827004788e-01 7.070821072071288427e+01 2.356194490192261792e+00
1.978859408307628076e+00 7.120609214070734083e+01 2.356194490192261792e+00
9.725741883619459793e-01 7.265360004615222067e+01 2.356194490192261792e+00
1.097206068651525257e+00 7.342553797423855144e+01 2.356194490192261792e+00
9.733302280231367343e-01 7.465281838331577546e+01 2.356194490192261792e+00
1.494926321308141848e+00 7.536531706549345699e+01 2.356194490192261792e+00
5.840148251398875612e-01 7.663119240458914305e+01 2.356194490192261792e+00
2.446789363295977626e+00 7.740674279806059133e+01 2.356194490192261792e+00
7.465681266127558446e-01 7.864699933222804873e+01 2.356194490192261792e+00
1.281365473032180180e+00 7.951231377696532832e+01 2.356194490192261792e+00
9.256001569468375045e-01 8.068606781150438678e+01 2.356194490192261792e+00
1.678418831456320426e+00 8.155199263499443418e+01 2.356194490192261792e+00
6.434659898328678462e-01 8.228024046610779862e+01 2.356194490192261792e+00
2.564386440756184271e+00 8.359988881961683660e+01 2.356194490192261792e+00
8.384285305420879908e-01 8.425687201925953218e+01 2.356194490192261792e+00
1.343890560711574533e+00 8.555887731194250989e+01 2.356194490192261792e+00
8.384657697485555783e-01 8.661515627239297999e+01 2.356194490192261792e+00
1.378646351356273447e+00 8.769269380139932935e+01 2.356194490192261792e+00
8.411881743895229802e-01 8.827935311581653366e+01 2.356194490192261792e+00
1.891282069024426082e+00 8.982003847388929785e+01 2.356194490192261792e+00
1.224628604183669367e+00 9.026719525701932412e+01 2.356194490192261792e+00
1.271008969602390737e+00 9.172872424943835767e+01 2.356194490192261792e+00
8.551299243587827670e-01 9.265512610645026825e+01 2.356194490192261792e+00
1.146378119519143146e+00 9.383258696238191021e+01 2.356194490192261792e+00
9.811089118431016720e-01 9.442848157095119177e+01 2.356194490192261792e+00
1.348667826625892241e+00 9.602021520249176945e+01 2.356194490192261792e+00
1.551469437397363427e+00 9.643456678370276336e+01 2.356194490192261792e+00
1.148062076519537511e+00 9.792360298830223542e+01 2.356194490192261792e+00
9.337576078045509709e-01 9.875156116932873829e+01 2.356194490192261792e+00
1.025557984522492472e+00 9.997119749876800654e+01 2.356194490192261792e+00
1.175760320137832382e+00 1.006042876696253217e+02 2.356194490192261792e+00
