1.081473309177529485e+00 1.244582739155118550e-01 2.356194490192261792e+00
1.135530387504613881e+00 1.710806265536357618e+00 2.356194490192261792e+00
1.750654832635782254e+00 2.141692564797557097e+00 2.356194490192261792e+00
1.103193168507217381e+00 3.632132407242278926e+00 2.356194490192261792e+00
9.953805565716165038e-01 4.430934392431616686e+00 2.356194490192261792e+00
1.009424156278642126e+00 5.659074635553408505e+00 2.356194490192261792e+00
1.311995012220765755e+00 6.312085270079248467e+00 2.356194490192261792e+00
7.689484745497865426e-01 7.792285067763212503e+00 2.356194490192261792e+00
2.161642247685241269e+00 8.347618443483634465e+00 2.356194490192261792e+00
9.313387082633292069e-01 9.771463405735705265e+00 2.356194490192261792e+00
1.161982138231510975e+00 1.054543513046517944e+01 2.356194490192261792e+00
9.771833236229199304e-01 1.176578773687024970e+01 2.356194490192261792e+00
1.609697864918709698e+00 1.250650049838501054e+01 2.356194490192261792e+00
5.502033480956943778e-01 1.360135707136141470e+01 2.356194490192261792e+00
2.602240474869855991e+00 1.454370227148862149e+01 2.356194490192261792e+00
6.924491187209527165e-01 1.561584017917254741e+01 2.356194490192261792e+00
1.320915861727566920e+00 1.660000008209874522e+01 2.356194490192261792e+00
8.939374395602046608e-01 1.774410882133274470e+01 2.356194490192261792e+00
1.623704828855593751e+00 1.868131808135478877e+01 2.356194490192261792e+00
7.299613639005453347e-01 1.931554105583189695e+01 2.356194490192261792e+00
2.385528366168141012e+00 2.074658830043942714e+01 2.356194490192261792e+00
9.858600232580573275e-01 2.129446007540155961e+01 2.356194490192261792e+00
1.353915674550372650e+00 2.268316816813086234e+01 2.356194490192261792e+00
8.462072242632863173e-01 2.370081705903295344e+01 2.356194490192261792e+00
1.315048012813804679e+00 2.481788621332000844e+01 2.356194490192261792e+00
9.138630314231850349e-01 2.538981879608015646e+01 2.356194490192261792e+00
1.705865950494446226e+00 2.696159566427494880e+01 2.356194490192261792e+00
1.375901075917404404e+00 2.738278317390566130e+01 2.356194490192261792e+00
1.269539918908247467e+00 2.887210282639751213e+01 2.356194490192261792e+00
8.832193637276606335e-01 2.977290754649563098e+01 2.356194490192261792e+00
1.126544617826405359e+00 3.096571495000222285e+01 2.356194490192261792e+00
1.060710069637307074e+00 3.155955528648580000e+01 2.356194490192261792e+00
1.225371271545276697e+00 3.315140049617608042e+01 2.356194490192261792e+00
1.703394289330668387e+00 3.357194119358635476e+01 2.356194490192261792e+00
1.149913893692876554e+00 3.507244807260496344e+01 2.356194490192261792e+00
9.713357549874518382e-01 3.588812930149848768e+01 2.356194490192261792e+00
1.031826101874966817e+00 3.711295669887655180e+01 2.356194490192261792e+00
1.266443465019059911e+00 3.774843429767674508e+01 2.356194490192261792e+00
8.474804846982627593e-01 3.926696700621118907e+01 2.356194490192261792e+00
2.084122409067640902e+00 3.977985560441517521e+01 2.356194490192261792e+00
9.923869219296135302e-01 4.123583626612944641e+01 2.356194490192261792e+00
1.120339009731913693e+00 4.200748498849162615e+01 2.356194490192261792e+00
9.920511597010414073e-01 4.323499683105714553e+01 2.356194490192261792e+00
1.554094572888174319e+00 4.394405623854186871e+01 2.356194490192261792e+00
5.747416744161565338e-01 4.516222638296438419e+01 2.356194490192261792e+00
2.533077165109633100e+00 4.598084073638322167e+01 2.356194490192261792e+00
7.333728392843882338e-01 4.718534831572034705e+01 2.356194490192261792e+00
1.306632412932159593e+00 4.807587684600896694e+01 2.356194490192261792e+00
9.267451717358817787e-01 4.923939398454654537e+01 2.356194490192261792e+00
1.696732015001868543e+00 5.012464029505595420e+01 2.356194490192261792e+00
6.954418311744470227e-01 5.079116119611463631e+01 2.356194490192261792e+00
2.528711153291363978e+00 5.217208669956929867e+01 2.356194490192261792e+00
9.237465280063388295e-01 5.276524987050955673e+01 2.356194490192261792e+00
1.375945907376624255e+00 5.412086793516417060e+01 2.356194490192261792e+00
8.546908284126301103e-01 5.516323015974948873e+01 2.356194490192261792e+00
1.378592209368904697e+00 5.625899183072678511e+01 2.356194490192261792e+00
9.165520093852449479e-01 5.681921930972774248e+01 2.356194490192261792e+00
1.801441811092066247e+00 5.838568753592551985e+01 2.356194490192261792e+00
1.363109357885205375e+00 5.881006503464985968e+01 2.356194490192261792e+00
1.319815882108599459e+00 6.030346194515271918e+01 2.356194490192261792e+00
8.834592393497364693e-01 6.123045254448911123e+01 2.356194490192261792e+00
1.178614297581078940e+00 6.241214431958970010e+01 2.356194490192261792e+00
1.063150151249775632e+00 6.298910686753178823e+01 2.356194490192261792e+00
1.309677223817236280e+00 6.458380310899298138e+01 2.356194490192261792e+00
1.694186792949521791e+00 6.499732657725409979e+01 2.356194490192261792e+00
1.213720078856634466e+00 6.651227938499489767e+01 2.356194490192261792e+00
9.549018175393726438e-01 6.735148934330810278e+01 2.356194490192261792e+00
1.070637327353757051e+00 6.857088037921354839e+01 2.356194490192261792e+00
1.240174504094347263e+00 6.918460236419230114e+01 2.356194490192261792e+00
9.362816177914048410e-01 7.073062921850031159e+01 2.356194490192261792e+00
2.034934619036952608e+00 7.121051721006253388e+01 2.356194490192261792e+00
1.067394682215322188e+00 7.269731062979518299e+01 2.356194490192261792e+00
1.080670666538745994e+00 7.347649960442055317e+01 2.356194490192261792e+00
1.016003297624157975e+00 7.470783698842723197e+01 2.356194490192261792e+00
1.498842565317015207e+00 7.538369524489144169e+01 2.356194490192261792e+00
6.288898707405915500e-01 7.671099357596558832e+01 2.356194490192261792e+00
2.455639067736869574e+00 7.741830200443510535e+01 2.356194490192261792e+00
8.099273005852488660e-01 7.873483904460195504e+01 2.356194490192261792e+00
1.277083918593518774e+00 7.955598386136648514e+01 2.356194490192261792e+00
9.591594777246578163e-01 8.074120504273312804e+01 2.356194490192261792e+00
1.736610963263345297e+00 8.156867378794807166e+01 2.356194490192261792e+00
6.353064493523631340e-01 8.231641332996115068e+01 2.356194490192261792e+00
2.656520208693900820e+00 8.360329065892568678e+01 2.356194490192261792e+00
8.227678578095616313e-01 8.428773735984687221e+01 2.356194490192261792e+00
1.370870096119070958e+00 8.557151285124845685e+01 2.356194490192261792e+00
8.558423564130283046e-01 8.664173445119214989e+01 2.356194490192261792e+00
1.437257512727653008e+00 8.770590115299916079e+01 2.356194490192261792e+00
8.754203604222523527e-01 8.827168209570461954e+01 2.356194490192261792e+00
1.939909431619027957e+00 8.981812882271469789e+01 2.356194490192261792e+00
1.272396594463456987e+00 9.025929144089360534e+01 2.356194490192261792e+00
1.332988502728506219e+00 9.173653029554397165e+01 2.356194490192261792e+00
8.713772458114785735e-01 9.268473060513339590e+01 2.356194490192261792e+00
1.207393741536219478e+00 9.385391137741747514e+01 2.356194490192261792e+00
1.025461267258277243e+00 9.442707427781753893e+01 2.356194490192261792e+00
1.400750098229285534e+00 9.602145072896415456e+01 2.356194490192261792e+00
1.616096790266325023e+00 9.643129854370411636e+01 2.356194490192261792e+00
1.231405944770896044e+00 9.794342720506098487e+01 2.356194490192261792e+00
9.348439620522972504e-01 9.879728214235868222e+01 2.356194490192261792e+00
1.082928658100539510e+00 1.000113541510343254e+02 2.356194490192261792e+00
1.192554496153177768e+00 1.006181540200465463e+02 2.356194490192261792e+00
1.006734479010755523e+00 1.021828273884753884e+02 2.356194490192261792e+00
1.950038854564357882e+00 1.026410471637628774e+02 2.356194490192261792e+00
1.097116490384671073e+00 1.041366579403452164e+02 2.356194490192261792e+00
1.048578655724925701e+00 1.049240740181555083e+02 2.356194490192261792e+00
1.021182326546363539e+00 1.061552888220931834e+02 2.356194490192261792e+00
1.435318500282592336e+00 1.068166187739794140e+02 2.356194490192261792e+00
6.806816286537792360e-01 1.082137489097807617e+02 2.356194490192261792e+00
2.359060068796521747e+00 1.088513489590205268e+02 2.356194490192261792e+00
8.697006382950323022e-01 1.102271293724307384e+02 2.356194490192261792e+00
1.235883998396460459e+00 1.110183645069773206e+02 2.356194490192261792e+00
9.740536532429070471e-01 1.122213125141170025e+02 2.356194490192261792e+00
1.713179724962363260e+00 1.130067688698066917e+02 2.356194490192261792e+00
5.794141238694379137e-01 1.138788535624591702e+02 2.356194490192261792e+00
2.692971221430089379e+00 1.150390528716723963e+02 2.356194490192261792e+00
7.302307690604686874e-01 1.158619000943781430e+02 2.356194490192261792e+00
1.348507879988207314e+00 1.170365001299757637e+02 2.356194490192261792e+00
8.588185769548650761e-01 1.181376479825224095e+02 2.356194490192261792e+00
1.498633448919724387e+00 1.191579227536620209e+02 2.356194490192261792e+00
8.064873255500132343e-01 1.197481532759881730e+02 2.356194490192261792e+00
2.114137124968631376e+00 1.212546509593623085e+02 2.356194490192261792e+00
1.135249111569997638e+00 1.217322838432182834e+02 2.356194490192261792e+00
1.326476251864093792e+00 1.231749744252305874e+02 2.356194490192261792e+00
8.513550536967189331e-01 1.241459404604173073e+02 2.356194490192261792e+00
1.228790140297895128e+00 1.252982792635111196e+02 2.356194490192261792e+00
9.584296696316207953e-01 1.258772079732741105e+02 2.356194490192261792e+00
1.513917605893701168e+00 1.274642085824263091e+02 2.356194490192261792e+00
1.484717567717686260e+00 1.278765051067050251e+02 2.356194490192261792e+00
1.220777938105716443e+00 1.293731049093920547e+02 2.356194490192261792e+00
9.077420990986917460e-01 1.302370917427801658e+02 2.356194490192261792e+00
1.077576324804421448e+00 1.314454947211997649e+02 2.356194490192261792e+00
1.121521286813037310e+00 1.320546447839103621e+02 2.356194490192261792e+00
1.074680509798112693e+00 1.336337639483949715e+02 2.356194490192261792e+00
1.824866422858529402e+00 1.340750027499030637e+02 2.356194490192261792e+00
1.092526165413296502e+00 1.355652723519528706e+02 2.356194490192261792e+00
1.017844417961271342e+00 1.363573844790936107e+02 2.356194490192261792e+00
1.009519398587896966e+00 1.375871040410968362e+02 2.356194490192261792e+00
1.361505366216264390e+00 1.382461832895654936e+02 2.356194490192261792e+00
7.250561109625937029e-01 1.396927044477264701e+02 2.356194490192261792e+00
2.242270015763349278e+00 1.402824330286087786e+02 2.356194490192261792e+00
9.018978572919897907e-01 1.416860468743149681e+02 2.356194490192261792e+00
1.193729375070538223e+00 1.424657099846181723e+02 2.356194490192261792e+00
9.744892157954202494e-01 1.436795667777381880e+02 2.356194490192261792e+00
1.655320197809309724e+00 1.444396694053868373e+02 2.356194490192261792e+00
5.521008318895247458e-01 1.454394184598488664e+02 2.356194490192261792e+00
2.651005686146393980e+00 1.464751704413471032e+02 2.356194490192261792e+00
6.906184143703871792e-01 1.474421728160560292e+02 2.356194490192261792e+00
1.330441172116943571e+00 1.485052157442279110e+02 2.356194490192261792e+00
8.742756508556298600e-01 1.496329018626019547e+02 2.356194490192261792e+00
1.566990110712525475e+00 1.506063823622297662e+02 2.356194490192261792e+00
7.555218248255453073e-01 1.512230052808155847e+02 2.356194490192261792e+00
2.274316606384616080e+00 1.526856005380719807e+02 2.356194490192261792e+00
1.035528746854250670e+00 1.532043955803331414e+02 2.356194490192261792e+00
1.336087144881023647e+00 1.546141130036224638e+02 2.356194490192261792e+00
8.430982891208169683e-01 1.556117494441454312e+02 2.356194490192261792e+00
1.270807327396092035e+00 1.567441413332091429e+02 2.356194490192261792e+00
9.192114912772504365e-01 1.573228989731585727e+02 2.356194490192261792e+00
1.628362368531026450e+00 1.588998000608627308e+02 2.356194490192261792e+00
1.398969257406693867e+00 1.593179561677952734e+02 2.356194490192261792e+00
1.236686108053924649e+00 1.608061331035785031e+02 2.356194490192261792e+00
8.882229865881444697e-01 1.616883115493196499e+02 2.356194490192261792e+00
1.094793640137044610e+00 1.628886183920683379e+02 2.356194490192261792e+00
1.072399281512656177e+00 1.634927201250636131e+02 2.356194490192261792e+00
1.157998397730783946e+00 1.650808480966893228e+02 2.356194490192261792e+00
1.732533200698632037e+00 1.655087295880433373e+02 2.356194490192261792e+00
1.111525570109839434e+00 1.670006669560240198e+02 2.356194490192261792e+00
9.884268557660476073e-01 1.678028175705211140e+02 2.356194490192261792e+00
1.012514916427361467e+00 1.690302856269735514e+02 2.356194490192261792e+00
1.297840895473661105e+00 1.696798333171440731e+02 2.356194490192261792e+00
7.868346086760505953e-01 1.711706682183755390e+02 2.356194490192261792e+00
2.138094863405680002e+00 1.717146356334219206e+02 2.356194490192261792e+00
9.442389452128400196e-01 1.731460969669518590e+02 2.356194490192261792e+00
1.151284417907754598e+00 1.739187327733721702e+02 2.356194490192261792e+00
9.795680361562062455e-01 1.751410907718844214e+02 2.356194490192261792e+00
1.594930272126593440e+00 1.758744351881099419e+02 2.356194490192261792e+00
5.533838125313014222e-01 1.770012009003127673e+02 2.356194490192261792e+00
2.584780803769239466e+00 1.779118334605020664e+02 2.356194490192261792e+00
6.987426207677386314e-01 1.790186171147214225e+02 2.356194490192261792e+00
1.317841359601780615e+00 1.799774959326933583e+02 2.356194490192261792e+00
9.017515877343879049e-01 1.811266409927450809e+02 2.356194490192261792e+00
1.643167737710416132e+00 1.820511756144686046e+02 2.356194490192261792e+00
7.221727800330015601e-01 1.826917500735533793e+02 2.356194490192261792e+00
2.422182876285706943e+00 1.841117427036647314e+02 2.356194490192261792e+00
9.711994633059628512e-01 1.846696112900535525e+02 2.356194490192261792e+00
1.360528441261646293e+00 1.860512121179703229e+02 2.356194490192261792e+00
8.483446814018710258e-01 1.870753141164908584e+02 2.356194490192261792e+00
1.331234772923585608e+00 1.881872055748433468e+02 2.356194490192261792e+00
9.149882067231199789e-01 1.887559528205512436e+02 2.356194490192261792e+00
1.730107403110399567e+00 1.903265253353574167e+02 2.356194490192261792e+00
1.373326191483419390e+00 1.907483651309511004e+02 2.356194490192261792e+00
1.282922234129052264e+00 1.922390076021312382e+02 2.356194490192261792e+00
8.830414178556629246e-01 1.931465826586474179e+02 2.356194490192261792e+00
1.139717077838135806e+00 1.943366557751248251e+02 2.356194490192261792e+00
1.060758386507682172e+00 1.949261546964848719e+02 2.356194490192261792e+00
1.247627091333064042e+00 1.965188980924241378e+02 2.356194490192261792e+00
1.700085340740774553e+00 1.969373934024327468e+02 2.356194490192261792e+00
1.166241541448164165e+00 1.984417379026580477e+02 2.356194490192261792e+00
9.666551845342939986e-01 1.992631069736252698e+02 2.356194490192261792e+00
1.041165289449093923e+00 2.004867507182932798e+02 2.356194490192261792e+00
1.258824077996868018e+00 2.011165862433788618e+02 2.356194490192261792e+00
8.699747236217989510e-01 2.026431401857218191e+02 2.356194490192261792e+00
2.070321978106945959e+00 2.031465989313585396e+02 2.356194490192261792e+00
1.011443341537924479e+00 2.046111075945465529e+02 2.356194490192261792e+00
1.109986823503653852e+00 2.053837190503944328e+02 2.356194490192261792e+00
9.978396201722510295e-01 2.066126068038151118e+02 2.356194490192261792e+00
1.540477519601910705e+00 2.073128810161967408e+02 2.356194490192261792e+00
5.860802774482239963e-01 2.085608118553865040e+02 2.356194490192261792e+00
2.514744738734616014e+00 2.093491651438463919e+02 2.356194490192261792e+00
7.502942540625211487e-01 2.105849146784866832e+02 2.356194490192261792e+00
1.301109928956782458e+00 2.114548532902269642e+02 2.356194490192261792e+00
9.354397245974964692e-01 2.126235170192198325e+02 2.356194490192261792e+00
1.711704809729961418e+00 2.134944865654801447e+02 2.356194490192261792e+00
6.830093012699139932e-01 2.141750933540888582e+02 2.356194490192261792e+00
2.564367359929687229e+00 2.155379767198255934e+02 2.356194490192261792e+00
9.026540229384841796e-01 2.161478647797828216e+02 2.356194490192261792e+00
1.377894179764118210e+00 2.174905736303531967e+02 2.356194490192261792e+00
8.558729009190780834e-01 2.185392912250163704e+02 2.356194490192261792e+00
1.393713022009150260e+00 2.196286203383254758e+02 2.356194490192261792e+00
9.122099626171081832e-01 2.201877671734202409e+02 2.356194490192261792e+00
1.829651101874747665e+00 2.217514622130659063e+02 2.356194490192261792e+00
1.351044486781928011e+00 2.221779577082814114e+02 2.356194490192261792e+00
1.327929046189023632e+00 2.236701311048924765e+02 2.356194490192261792e+00
8.823564071897128658e-01 2.246029491623239949e+02 2.356194490192261792e+00
1.189023219480827898e+00 2.257817269241980682e+02 2.356194490192261792e+00
1.059964626203037996e+00 2.263558617229159609e+02 2.356194490192261792e+00
1.330441546021463806e+00 2.279509460445313209e+02 2.356194490192261792e+00
1.685458822857523575e+00 2.283631408600919315e+02 2.356194490192261792e+00
1.224738292056521960e+00 2.298798198436906830e+02 2.356194490192261792e+00
9.508367854093745519e-01 2.307241660797491534e+02 2.356194490192261792e+00
1.077959249009097675e+00 2.319420715516601490e+02 2.356194490192261792e+00
1.232216987533206742e+00 2.325519730874581796e+02 2.356194490192261792e+00
9.563815704475404633e-01 2.341032690153632529e+02 2.356194490192261792e+00
2.020156864760144444e+00 2.345768081517755377e+02 2.356194490192261792e+00
1.081614180632052946e+00 2.360685823227028379e+02 2.356194490192261792e+00
1.071766820061463177e+00 2.368504872121639551e+02 2.356194490192261792e+00
1.020399820767109000e+00 2.380820647651060256e+02 2.356194490192261792e+00
1.483954099264106041e+00 2.387517617213881636e+02 2.356194490192261792e+00
6.439884236891204594e-01 2.401008227129561874e+02 2.356194490192261792e+00
2.433534108559663345e+00 2.407860255245042822e+02 2.356194490192261792e+00
8.293499615537289760e-01 2.421232553177464126e+02 2.356194490192261792e+00
1.266888509937969864e+00 2.429332916747432307e+02 2.356194490192261792e+00
9.652637420144795088e-01 2.441239042652894398e+02 2.356194490192261792e+00
1.736428457949348969e+00 2.449380771317945289e+02 2.356194490192261792e+00
6.185044414132161439e-01 2.457160307959514967e+02 2.356194490192261792e+00
2.676761960576202526e+00 2.469710617873045919e+02 2.356194490192261792e+00
7.946358261014965230e-01 2.476887224630188484e+02 2.356194490192261792e+00
1.365485740721979813e+00 2.489461740981735147e+02 2.356194490192261792e+00
8.556988475861598831e-01 2.500244774418147813e+02 2.356194490192261792e+00
1.452552759517298231e+00 2.510780391065175081e+02 2.356194490192261792e+00
8.575147863961039008e-01 2.516490684806892943e+02 2.356194490192261792e+00
1.984473263540799559e+00 2.531865067966334095e+02 2.356194490192261792e+00
1.236244525537693706e+00 2.536357034075137733e+02 2.356194490192261792e+00
1.330913282076667148e+00 2.551047538134755257e+02 2.356194490192261792e+00
8.658961761744718988e-01 2.560583239978852816e+02 2.356194490192261792e+00
1.211754410313641506e+00 2.572236261464261702e+02 2.356194490192261792e+00
1.007796478809245944e+00 2.577981958344136615e+02 2.356194490192261792e+00
1.428512440613662671e+00 2.593913590436383743e+02 2.356194490192261792e+00
1.581881258278114988e+00 2.598012047275458940e+02 2.356194490192261792e+00
1.228103764869543424e+00 2.613094532291248697e+02 2.356194490192261792e+00
9.280013178149849606e-01 2.621655165646035925e+02 2.356194490192261792e+00
1.080955296646119779e+00 2.633783126140560285e+02 2.356194490192261792e+00
1.174415747402519639e+00 2.639858337752456805e+02 2.356194490192261792e+00
1.023030065823997692e+00 2.655546372654056881e+02 2.356194490192261792e+00
1.918364877205085195e+00 2.660082218238295013e+02 2.356194490192261792e+00
1.096051626986433991e+00 2.675026159059966631e+02 2.356194490192261792e+00
1.040889885128031489e+00 2.682911466527909283e+02 2.356194490192261792e+00
1.018259727783099144e+00 2.695220484482927645e+02 2.356194490192261792e+00
1.416777118876222596e+00 2.701827589279713493e+02 2.356194490192261792e+00
6.914026657139114018e-01 2.715931820450564942e+02 2.356194490192261792e+00
2.330079342111234020e+00 2.722179783138199127e+02 2.356194490192261792e+00
8.787033740096747980e-01 2.736019360374492635e+02 2.356194490192261792e+00
1.225226802247490809e+00 2.743895075182346091e+02 2.356194490192261792e+00
9.746259931915119967e-01 2.755956327438661333e+02 2.356194490192261792e+00
1.699937563108868233e+00 2.763740129944695809e+02 2.356194490192261792e+00
5.698181727142432873e-01 2.772785472920714938e+02 2.356194490192261792e+00
2.686914989677396726e+00 2.784069721030342066e+02 2.356194490192261792e+00
7.152562544758191976e-01 2.792665302435394210e+02 2.356194490192261792e+00
1.343175586527982412e+00 2.804124530045868937e+02 2.356194490192261792e+00
8.614288587285240384e-01 2.815208344080388088e+02 2.356194490192261792e+00
1.515024142191889744e+00 2.825293965095372641e+02 2.356194490192261792e+00
7.912646081457566094e-01 2.831266465110268200e+02 2.356194490192261792e+00
2.156369216505724218e+00 2.846218784505756503e+02 2.356194490192261792e+00
1.105469461010697207e+00 2.851100525124825253e+02 2.356194490192261792e+00
1.326887097725384823e+00 2.865437985235133738e+02 2.356194490192261792e+00
8.477647006117879913e-01 2.875212664954343609e+02 2.356194490192261792e+00
1.237120115621801242e+00 2.886687337523705423e+02 2.356194490192261792e+00
9.447672264556564725e-01 2.892485631452117900e+02 2.356194490192261792e+00
1.543469953690712382e+00 2.908329155085927482e+02 2.356194490192261792e+00
1.456739308830275803e+00 2.912466481936293121e+02 2.356194490192261792e+00
1.221343821483714676e+00 2.927400183095626289e+02 2.356194490192261792e+00
9.015500466118441247e-01 2.936076973995976687e+02 2.356194490192261792e+00
1.078993100301052444e+00 2.948142971063718392e+02 2.356194490192261792e+00
1.105723438559467420e+00 2.954231655323514474e+02 2.356194490192261792e+00
1.094297886079371951e+00 2.970051012681869906e+02 2.356194490192261792e+00
1.796246861374553028e+00 2.974425750294345789e+02 2.356194490192261792e+00
1.093794915449010086e+00 2.989321639902284460e+02 2.356194490192261792e+00
1.009969900708167057e+00 2.997260499888578238e+02 2.356194490192261792e+00
1.007998377324822004e+00 3.009552838182740970e+02 2.356194490192261792e+00
1.343489970366323893e+00 3.016130232232125081e+02 2.356194490192261792e+00
7.384934924844671622e-01 3.030712906597432834e+02 2.356194490192261792e+00
2.213185594414798896e+00 3.036492816794352620e+02 2.356194490192261792e+00
9.105679615480882783e-01 3.050593874808726582e+02 2.356194490192261792e+00
1.182912815670632112e+00 3.058368965229669243e+02 2.356194490192261792e+00
9.747436895421236480e-01 3.070530536818504856e+02 2.356194490192261792e+00
1.639470499205262000e+00 3.078069353466999587e+02 2.356194490192261792e+00
5.496034133568712399e-01 3.088391246131635057e+02 2.356194490192261792e+00
2.635033792515644624e+00 3.098431984946281545e+02 2.356194490192261792e+00
6.883641055137883491e-01 3.108463548104554093e+02 2.356194490192261792e+00
1.326923753799518213e+00 3.118819612151518754e+02 2.356194490192261792e+00
8.802633001392824452e-01 3.130155455440614674e+02 2.356194490192261792e+00
1.585842105361072951e+00 3.139768376998078452e+02 2.356194490192261792e+00
7.459079267120262147e-01 3.145996006390698199e+02 2.356194490192261792e+00
2.312781615060345519e+00 3.160513576827673887e+02 2.356194490192261792e+00
1.016752341153376094e+00 3.165802419024185497e+02 2.356194490192261792e+00
1.341407949837436497e+00 3.179825174389772542e+02 2.356194490192261792e+00
8.433761349292522302e-01 3.189870786475420346e+02 2.356194490192261792e+00
1.284890752567314554e+00 3.201142351637016645e+02 2.356194490192261792e+00
9.152660708897430997e-01 3.206913147070328023e+02 2.356194490192261792e+00
1.655842753703594461e+00 3.222661214672399979e+02 2.356194490192261792e+00
1.387406726645930455e+00 3.226855566415146086e+02 2.356194490192261792e+00
1.246097367371198805e+00 3.241734244163782819e+02 2.356194490192261792e+00
8.855640845559664687e-01 3.250615578443235449e+02 2.356194490192261792e+00
1.103916547289062189e+00 3.262594327617688350e+02 2.356194490192261792e+00
1.065916767469341497e+00 3.268606454154554513e+02 2.356194490192261792e+00
1.180868331008246397e+00 3.284502581284400549e+02 2.356194490192261792e+00
1.718559247249505484e+00 3.288754078888075014e+02 2.356194490192261792e+00
1.122295585850104915e+00 3.303695797244510572e+02 2.356194490192261792e+00
9.820241899142929665e-01 3.311756903926205382e+02 2.356194490192261792e+00
1.017352680833696121e+00 3.324023889282912592e+02 2.356194490192261792e+00
1.285417606763258336e+00 3.330477840894114934e+02 2.356194490192261792e+00
8.061375106320137762e-01 3.345486564285537838e+02 2.356194490192261792e+00
2.117125917184103034e+00 3.350816279676779459e+02 2.356194490192261792e+00
9.588312817602616667e-01 3.365210790284144764e+02 2.356194490192261792e+00
1.140703296630352082e+00 3.372928214736576820e+02 2.356194490192261792e+00
9.828587597353460881e-01 3.385170657876481073e+02 2.356194490192261792e+00
1.580682141964020460e+00 3.392426067826832536e+02 2.356194490192261792e+00
5.585797156604878078e-01 3.404008281721129947e+02 2.356194490192261792e+00
2.567288159131056791e+00 3.412799907657193330e+02 2.356194490192261792e+00
7.078011286112108058e-01 3.424206429076388645e+02 2.356194490192261792e+00
1.314556225001133116e+00 3.433552718118104963e+02 2.356194490192261792e+00
9.099478825249551761e-01 3.445092868410437177e+02 2.356194490192261792e+00
1.662195424884993500e+00 3.454209043338659058e+02 2.356194490192261792e+00
7.141042390262380968e-01 3.460686438331750310e+02 2.356194490192261792e+00
2.458412163230468739e+00 3.474768731801764829e+02 2.356194490192261792e+00
9.564367485940162839e-01 3.480453244725526361e+02 2.356194490192261792e+00
1.366732348417007081e+00 3.494193152897781260e+02 2.356194490192261792e+00
8.506508218765372886e-01 3.504496755172752387e+02 2.356194490192261792e+00
1.347480942923771075e+00 3.515563386151812324e+02 2.356194490192261792e+00
9.164567065960148584e-01 3.521218367187137801e+02 2.356194490192261792e+00
1.753733065995462415e+00 3.536912744318458977e+02 2.356194490192261792e+00
1.371460944758081890e+00 3.541137322354881576e+02 2.356194490192261792e+00
1.296375777546213692e+00 3.556057545607179691e+02 2.356194490192261792e+00
8.832551392098306753e-01 3.565200885918542895e+02 2.356194490192261792e+00
1.153294178877781961e+00 3.577073689654256441e+02 2.356194490192261792e+00
1.061858418600472476e+00 3.582923939784806180e+02 2.356194490192261792e+00
1.269179440340713283e+00 3.598859076588839798e+02 2.356194490192261792e+00
1.698552450290053972e+00 3.603025523370978931e+02 2.356194490192261792e+00
1.183108284191198400e+00 3.618108333944975925e+02 2.356194490192261792e+00
9.624352761193335493e-01 3.626382309487984230e+02 2.356194490192261792e+00
1.051264055745434689e+00 3.638605414317146369e+02 2.356194490192261792e+00
1.252255541573238817e+00 3.644846334139655823e+02 2.356194490192261792e+00
8.927770574178508500e-01 3.660184666414475601e+02 2.356194490192261792e+00
2.058053128253145125e+00 3.665132038581041343e+02 2.356194490192261792e+00
1.031034937810176855e+00 3.679859559408807854e+02 2.356194490192261792e+00
1.099781760442527068e+00 3.687602401982249489e+02 2.356194490192261792e+00
1.004069132826225008e+00 3.699902439509904752e+02 2.356194490192261792e+00
1.526696187778818770e+00 3.706817880126610021e+02 2.356194490192261792e+00
5.992885904076342696e-01 3.719583231313353053e+02 2.356194490192261792e+00
2.495664845927583197e+00 3.727174983781348487e+02 2.356194490192261792e+00
7.693480790459292784e-01 3.739828946639226501e+02 2.356194490192261792e+00
1.294295674316910727e+00 3.748340750287602532e+02 2.356194490192261792e+00
9.439494008398047198e-01 3.760081618141545619e+02 2.356194490192261792e+00
1.723812535816659830e+00 3.768644377756872927e+02 2.356194490192261792e+00
6.683661587627917067e-01 3.775632712792998973e+02 2.356194490192261792e+00
2.598761228503848830e+00 3.789043870859852632e+02 2.356194490192261792e+00
8.780729658919981251e-01 3.795349532038252391e+02 2.356194490192261792e+00
1.377527972549297264e+00 3.808614292099279055e+02 2.356194490192261792e+00
8.563015808035631116e-01 3.819168792568860908e+02 2.356194490192261792e+00
1.408335148569154871e+00 3.829988578454655794e+02 2.356194490192261792e+00
9.036414201506020039e-01 3.835585542544776558e+02 2.356194490192261792e+00
1.862143762337916897e+00 3.851180880356419607e+02 2.356194490192261792e+00
1.331404481624036684e+00 3.855479733760615204e+02 2.356194490192261792e+00
1.332507039723435982e+00 3.870370136137731265e+02 2.356194490192261792e+00
8.799194701809680552e-01 3.879751733696372185e+02 2.356194490192261792e+00
1.196995358757887207e+00 3.891509532372331250e+02 2.356194490192261792e+00
1.052476370416548290e+00 3.897235782099901940e+02 2.356194490192261792e+00
1.352194214334072386e+00 3.913188101217488111e+02 2.356194490192261792e+00
1.669352893567233931e+00 3.917299034333013310e+02 2.356194490192261792e+00
1.231056457807396587e+00 3.932466150721850227e+02 2.356194490192261792e+00
9.462302365706140028e-01 3.940950318473082348e+02 2.356194490192261792e+00
1.082314316488227179e+00 3.953115642648119774e+02 2.356194490192261792e+00
1.221743042158828896e+00 3.959191333115809357e+02 2.356194490192261792e+00
9.744918046152949431e-01 3.974751933501156032e+02 2.356194490192261792e+00
2.001296603431779175e+00 3.979431414999993422e+02 2.356194490192261792e+00
1.091132437081401285e+00 3.994379193386916427e+02 2.356194490192261792e+00
1.063595329643886478e+00 4.002221759083856796e+02 2.356194490192261792e+00
1.022728053935520354e+00 4.014537659420662408e+02 2.356194490192261792e+00
1.468532900004172470e+00 4.021190967778786671e+02 2.356194490192261792e+00
6.577197201447282371e-01 4.034866319811837343e+02 2.356194490192261792e+00
2.410231005011883809e+00 4.041532750098805309e+02 2.356194490192261792e+00
8.459039691359551139e-01 4.055068503777327464e+02 2.356194490192261792e+00
1.256469055930613754e+00 4.063086113615045178e+02 2.356194490192261792e+00
9.697342899834792140e-01 4.075039938941504829e+02 2.356194490192261792e+00
1.731946567399487602e+00 4.083067599191913928e+02 2.356194490192261792e+00
6.034204828319710279e-01 4.091161376964719238e+02 2.356194490192261792e+00
2.689077136960764225e+00 4.103388960548755335e+02 2.356194490192261792e+00
7.694604629772513471e-01 4.110913742569725855e+02 2.356194490192261792e+00
1.359725678976302143e+00 4.123213067706918764e+02 2.356194490192261792e+00
8.560826892311148573e-01 4.134075726209357526e+02 2.356194490192261792e+00
1.467958779276965942e+00 4.144501115901034041e+02 2.356194490192261792e+00
8.395538698571581859e-01 4.150271771765126800e+02 2.356194490192261792e+00
2.029092755248966373e+00 4.165547138334202373e+02 2.356194490192261792e+00
1.200408638560859664e+00 4.170128954320870776e+02 2.356194490192261792e+00
1.328811953283330460e+00 4.184732141147319453e+02 2.356194490192261792e+00
8.605187837781067550e-01 4.194323938577738318e+02 2.356194490192261792e+00
1.216569348176074428e+00 4.205935521886796664e+02 2.356194490192261792e+00
9.901143555791567241e-01 4.211697006275534250e+02 2.356194490192261792e+00
1.457012990720625289e+00 4.227611610100386770e+02 2.356194490192261792e+00
1.547471667270762463e+00 4.231714561061036761e+02 2.356194490192261792e+00
1.224706745650172790e+00 4.246756147207157142e+02 2.356194490192261792e+00
9.210128911174414457e-01 4.255340027449066724e+02 2.356194490192261792e+00
1.079017791037329754e+00 4.267454388863686177e+02 2.356194490192261792e+00
1.155983436711174317e+00 4.273537481802040929e+02 2.356194490192261792e+00
1.039726338107222370e+00 4.289263715131110644e+02 2.356194490192261792e+00
1.886041096123890926e+00 4.293755611595291839e+02 2.356194490192261792e+00
1.094356295364587117e+00 4.308684468503906260e+02 2.356194490192261792e+00
1.033155678634440022e+00 4.316580469690871382e+02 2.356194490192261792e+00
1.015012174368850273e+00 4.328885886931266782e+02 2.356194490192261792e+00
1.397983630520999387e+00 4.335489045956385894e+02 2.356194490192261792e+00
7.021856164004126599e-01 4.349719204432030324e+02 2.356194490192261792e+00
2.300455032076185624e+00 4.355845852143501133e+02 2.356194490192261792e+00
8.867255857166913557e-01 4.369756417741415930e+02 2.356194490192261792e+00
1.214594918005996060e+00 4.377601745685598758e+02 2.356194490192261792e+00
9.747004166131667535e-01 4.389691395486455008e+02 2.356194490192261792e+00
1.685493389817270593e+00 4.397410880403709257e+02 2.356194490192261792e+00
5.620902661050095617e-01 4.406779016544882666e+02 2.356194490192261792e+00
2.677254275002153960e+00 4.417748791802810615e+02 2.356194490192261792e+00
7.037769958799562353e-01 4.426709962128790607e+02 2.356194490192261792e+00
1.338401495858269286e+00 4.437885273762410066e+02 2.356194490192261792e+00
8.649487675555853627e-01 4.449037859776963728e+02 2.356194490192261792e+00
1.532032042607065270e+00 4.459005646067100770e+02 2.356194490192261792e+00
7.777400550390153322e-01 4.465046073008368808e+02 2.356194490192261792e+00
2.197305264645623701e+00 4.479886615906140719e+02 2.356194490192261792e+00
1.079004699298503178e+00 4.484873302729244529e+02 2.356194490192261792e+00
1.328776708490128300e+00 4.499125539660719255e+02 2.356194490192261792e+00
8.452179845393030799e-01 4.508967473409161357e+02 2.356194490192261792e+00
1.247106199543744243e+00 4.520391975902607555e+02 2.356194490192261792e+00
9.336980136379104955e-01 4.526192948882997484e+02 2.356194490192261792e+00
1.572729167396412553e+00 4.542009943400777843e+02 2.356194490192261792e+00
1.433097366629559666e+00 4.546162538888887070e+02 2.356194490192261792e+00
1.224354697521435886e+00 4.561071465907466518e+02 2.356194490192261792e+00
8.961603949188839957e-01 4.569791788260990302e+02 2.356194490192261792e+00
1.082446395383354520e+00 4.581838004308629593e+02 2.356194490192261792e+00
1.092140199679771939e+00 4.587916907051342719e+02 2.356194490192261792e+00
1.115057252480770256e+00 4.603760653681943040e+02 2.356194490192261792e+00
1.771058954113575279e+00 4.608100250613802018e+02 2.356194490192261792e+00
1.097475662510054129e+00 4.622996944746905115e+02 2.356194490192261792e+00
1.002306915037990853e+00 4.630958550922565564e+02 2.356194490192261792e+00
1.007977431584951455e+00 4.643245552833218426e+02 2.356194490192261792e+00
1.326642019412302087e+00 4.649802082941886283e+02 2.356194490192261792e+00
7.534457110937782254e-01 4.664499450717984814e+02 2.356194490192261792e+00
2.185738467746107361e+00 4.670162143364464100e+02 2.356194490192261792e+00
9.205637546768622448e-01 4.684332024956439682e+02 2.356194490192261792e+00
1.172116504278993832e+00 4.692087621976852461e+02 2.356194490192261792e+00
9.756481943512947952e-01 4.704271244719571996e+02 2.356194490192261792e+00
1.623954129700313942e+00 4.711744183959007728e+02 2.356194490192261792e+00
5.490016515364311012e-01 4.722389538404677296e+02 2.356194490192261792e+00
2.618363981574464372e+00 4.732112582451398453e+02 2.356194490192261792e+00
6.890992158860553829e-01 4.742501691976035545e+02 2.356194490192261792e+00
1.323754438702535285e+00 4.752589450811128131e+02 2.356194490192261792e+00
8.870082776651481149e-01 4.763980902214071875e+02 2.356194490192261792e+00
1.605224155040398948e+00 4.773470589939664706e+02 2.356194490192261792e+00
7.373911449710691679e-01 4.779757109586561796e+02 2.356194490192261792e+00
2.350525952701778998e+00 4.794168186898956492e+02 2.356194490192261792e+00
1.000164972488534865e+00 4.799555171293898752e+02 2.356194490192261792e+00
1.347629018649277644e+00 4.813507351621717021e+02 2.356194490192261792e+00
8.445277276612211947e-01 4.823621165599364531e+02 2.356194490192261792e+00
1.300075872229357721e+00 4.834840637652170017e+02 2.356194490192261792e+00
9.136946701306490892e-01 4.840587494680772238e+02 2.356194490192261792e+00
1.682157989199290160e+00 4.856318398783845964e+02 2.356194490192261792e+00
1.379975506230038507e+00 4.860522899794146383e+02 2.356194490192261792e+00
1.257502517791743823e+00 4.875406278066667483e+02 2.356194490192261792e+00
8.839434073957822546e-01 4.884351507076583516e+02 2.356194490192261792e+00
1.114893926046841566e+00 4.896304653335305375e+02 2.356194490192261792e+00
1.062144805114074941e+00 4.902281263362651202e+02 2.356194490192261792e+00
1.203891382204776539e+00 4.918189808257604341e+02 2.356194490192261792e+00
1.708967181125520929e+00 4.922416475766179929e+02 2.356194490192261792e+00
1.135581792989732275e+00 4.937388106504212715e+02 2.356194490192261792e+00
9.762356125773197224e-01 4.945495593356525319e+02 2.356194490192261792e+00
1.024052624645830800e+00 4.957753631223129105e+02 2.356194490192261792e+00
1.274850686171837610e+00 4.964159024481818392e+02 2.356194490192261792e+00
8.268892367697247003e-01 4.979261936035935605e+02 2.356194490192261792e+00
2.098940700414381411e+00 4.984485733211110414e+02 2.356194490192261792e+00
9.753475850784348866e-01 4.998964346164754602e+02 2.356194490192261792e+00
1.130188077753181419e+00 5.006678233727758993e+02 2.356194490192261792e+00
9.871717103059898246e-01 5.018938305773812090e+02 2.356194490192261792e+00
1.566890013732145537e+00 5.026110585909797805e+02 2.356194490192261792e+00
5.658983971190978401e-01 5.038003913117972843e+02 2.356194490192261792e+00
2.549800324874106572e+00 5.046482140352027841e+02 2.356194490192261792e+00
7.196788295209106678e-01 5.058221302580268457e+02 2.356194490192261792e+00
1.310837844781689077e+00 5.067334877946951224e+02 2.356194490192261792e+00
9.185081822862454226e-01 5.078923468218256403e+02 2.356194490192261792e+00
1.680598412001028219e+00 5.087906200929542138e+02 2.356194490192261792e+00
7.052209972488698853e-01 5.094469310205549846e+02 2.356194490192261792e+00
2.494629959683538623e+00 5.108421025467914092e+02 2.356194490192261792e+00
9.406587991474648636e-01 5.114223090145926562e+02 2.356194490192261792e+00
1.372167142152997288e+00 5.127876802095996709e+02 2.356194490192261792e+00
8.529192034182598858e-01 5.138242105961610378e+02 2.356194490192261792e+00
1.363693757273844120e+00 5.149254467498636814e+02 2.356194490192261792e+00
9.174358414718384314e-01 5.154878898281928059e+02 2.356194490192261792e+00
1.777595662928457498e+00 5.170560502396630227e+02 2.356194490192261792e+00
1.368790134187908736e+00 5.174792676733917460e+02 2.356194490192261792e+00
1.309302307346356331e+00 5.189724088510625961e+02 2.356194490192261792e+00
8.835659935969171208e-01 5.198934133270789744e+02 2.356194490192261792e+00
1.166836176652462642e+00 5.210778339905566554e+02 2.356194490192261792e+00
1.063181260109229642e+00 5.216584513016522351e+02 2.356194490192261792e+00
1.290202874688973544e+00 5.232526298451780349e+02 2.356194490192261792e+00
1.697401330118472940e+00 5.236675869237218421e+02 2.356194490192261792e+00
1.199782492533604694e+00 5.251796487002704907e+02 2.356194490192261792e+00
9.585208554590339824e-01 5.260132582263437371e+02 2.356194490192261792e+00
1.061654174151589913e+00 5.272340958327781664e+02 2.356194490192261792e+00
1.246223815978558136e+00 5.278525494235819906e+02 2.356194490192261792e+00
9.156058478629408581e-01 5.293929901274761960e+02 2.356194490192261792e+00
2.046498610101314952e+00 5.298796938508978656e+02 2.356194490192261792e+00
1.050571182020158645e+00 5.313601924546508144e+02 2.356194490192261792e+00
1.089739126002159608e+00 5.321368075725328026e+02 2.356194490192261792e+00
1.010478604330131702e+00 5.333676457623880651e+02 2.356194490192261792e+00
1.512546210853350503e+00 5.340507130496127957e+02 2.356194490192261792e+00
6.141618265745305560e-01 5.353544821465413861e+02 2.356194490192261792e+00
2.475565224213906568e+00 5.360858204213242288e+02 2.356194490192261792e+00
7.901007346836139700e-01 5.373789814171286707e+02 2.356194490192261792e+00
1.286034706126405469e+00 5.382134410504522748e+02 2.356194490192261792e+00
9.521509775626525451e-01 5.393932413023404706e+02 2.356194490192261792e+00
1.732452602014162402e+00 5.402345039476665534e+02 2.356194490192261792e+00
6.517685629859628627e-01 5.409563930548333701e+02 2.356194490192261792e+00
2.630783515511883053e+00 5.422713959080930408e+02 2.356194490192261792e+00
8.503117471389249893e-01 5.429274808362948761e+02 2.356194490192261792e+00
1.374959679777546073e+00 5.442337581884011115e+02 2.356194490192261792e+00
8.561698826224192205e-01 5.452965509963820523e+02 2.356194490192261792e+00
1.423059962764154029e+00 5.463699433021777168e+02 2.356194490192261792e+00
8.907593492715187855e-01 5.469319631679394433e+02 2.356194490192261792e+00
1.899971594500059924e+00 5.484856078331607705e+02 2.356194490192261792e+00
1.303959750374583226e+00 5.489204889800953424e+02 2.356194490192261792e+00
1.333893667505465119e+00 5.504043347974487688e+02 2.356194490192261792e+00
8.760686917468302193e-01 5.513476418680818369e+02 2.356194490192261792e+00
1.202962818386352106e+00 5.525201830917424104e+02 2.356194490192261792e+00
1.040382457186183052e+00 5.530925822625520141e+02 2.356194490192261792e+00
1.376067480346724548e+00 5.546876050811638379e+02 2.356194490192261792e+00
1.645171148070738276e+00 5.550978761322639912e+02 2.356194490192261792e+00
1.232903303861144106e+00 5.566129097575853848e+02 2.356194490192261792e+00
9.407832602159456048e-01 5.574644463253237063e+02 2.356194490192261792e+00
1.083740186481173318e+00 5.586796946101601407e+02 2.356194490192261792e+00
1.208110266288733747e+00 5.592863406715921428e+02 2.356194490192261792e+00
9.913581641545481382e-01 5.608469125854079493e+02 2.356194490192261792e+00
1.977236794577881707e+00 5.613097203196334704e+02 2.356194490192261792e+00
1.096039673449455076e+00 5.628056478169453385e+02 2.356194490192261792e+00
1.055811284745952427e+00 5.635917557858796272e+02 2.356194490192261792e+00
1.022854803537996293e+00 5.648232025152321967e+02 2.356194490192261792e+00
1.452029034502678284e+00 5.654858350693770035e+02 2.356194490192261792e+00
6.700670511658326500e-01 5.668694099480898103e+02 2.356194490192261792e+00
2.384942827398161658e+00 5.675201940622796428e+02 2.356194490192261792e+00
8.594457430007768073e-01 5.688865260861920206e+02 2.356194490192261792e+00
1.245914678622446869e+00 5.696821429245418358e+02 2.356194490192261792e+00
9.726197380341026211e-01 5.708816816879264024e+02 2.356194490192261792e+00
1.723736361035054898e+00 5.716748166281996646e+02 2.356194490192261792e+00
5.901862253814672554e-01 5.725163127453683956e+02 2.356194490192261792e+00
2.694095923601663944e+00 5.737067761186832513e+02 2.356194490192261792e+00
7.476211839431479156e-01 5.744951692340907812e+02 2.356194490192261792e+00
1.353891202077321276e+00 5.756968097248076219e+02 2.356194490192261792e+00
8.571375896097608305e-01 5.767908523285753972e+02 2.356194490192261792e+00
1.483606177760249389e+00 5.778220435329776592e+02 2.356194490192261792e+00
8.221121746738484504e-01 5.784057081918850827e+02 2.356194490192261792e+00
2.073254529288356185e+00 5.799226513815874569e+02 2.356194490192261792e+00
1.165922423025170795e+00 5.803905774414710095e+02 2.356194490192261792e+00
1.327221092446568385e+00 5.818418716041738890e+02 2.356194490192261792e+00
8.555242789914174750e-01 5.828069717411972306e+02 2.356194490192261792e+00
1.222304384756825790e+00 5.839637112925578322e+02 2.356194490192261792e+00
9.731892051345157890e-01 5.845413879682887455e+02 2.356194490192261792e+00
1.486116083804655874e+00 5.861307148736436829e+02 2.356194490192261792e+00
1.514188497332229710e+00 5.865418730231469908e+02 2.356194490192261792e+00
1.222070894515912443e+00 5.880420144056481604e+02 2.356194490192261792e+00
9.140684311743992874e-01 5.889030671214404720e+02 2.356194490192261792e+00
1.077755868550203777e+00 5.901130135328737651e+02 2.356194490192261792e+00
1.137855768673335488e+00 5.907219199898465831e+02 2.356194490192261792e+00
1.057246180815394121e+00 5.922980478397607840e+02 2.356194490192261792e+00
1.854014478456549542e+00 5.927430448594352583e+02 2.356194490192261792e+00
1.092968220947816205e+00 5.942344611640033918e+02 2.356194490192261792e+00
1.025308176384460923e+00 5.950252469196173024e+02 2.356194490192261792e+00
1.011929696823425928e+00 5.962553853864931170e+02 2.356194490192261792e+00
1.379110914669631427e+00 5.969152083989242783e+02 2.356194490192261792e+00
7.135433097952397219e-01 5.983504518647497434e+02 2.356194490192261792e+00
2.270464671716627691e+00 5.989512523664080845e+02 2.356194490192261792e+00
8.944583447355300976e-01 6.003488778121005680e+02 2.356194490192261792e+00
1.203888264628855786e+00 6.011307661211556024e+02 2.356194490192261792e+00
9.745782755504694972e-01 6.023423364036830208e+02 2.356194490192261792e+00
1.670205171306434311e+00 6.031081451525707280e+02 2.356194490192261792e+00
5.561191767339055403e-01 6.040773291067242781e+02 2.356194490192261792e+00
2.664778197590391251e+00 6.051428249378274131e+02 2.356194490192261792e+00
6.955326508213253156e-01 6.060755055477291080e+02 2.356194490192261792e+00
1.334113910367756839e+00 6.071648300363058297e+02 2.356194490192261792e+00
8.693641977110866392e-01 6.082866453848587298e+02 2.356194490192261792e+00
1.549756434340155309e+00 6.092714918810473819e+02 2.356194490192261792e+00
7.656993259827272746e-01 6.098821011807557397e+02 2.356194490192261792e+00
2.237351632694643211e+00 6.113550625402276637e+02 2.356194490192261792e+00
1.055430004693581392e+00 6.118641483105947145e+02 2.356194490192261792e+00
1.332019595897385500e+00 6.132812290925764955e+02 2.356194490192261792e+00
8.436851699016185702e-01 6.142723171348716278e+02 2.356194490192261792e+00
1.258677602777912297e+00 6.154096232922157697e+02 2.356194490192261792e+00
9.251351382580634830e-01 6.159893288530441851e+02 2.356194490192261792e+00
1.601653566589500421e+00 6.175684723076161617e+02 2.356194490192261792e+00
1.413652713017255369e+00 6.179852587239021204e+02 2.356194490192261792e+00
1.229722547579156888e+00 6.194744214422930781e+02 2.356194490192261792e+00
8.916436637546288901e-01 6.203514324817314218e+02 2.356194490192261792e+00
1.087927734887176090e+00 6.215539030537713643e+02 2.356194490192261792e+00
1.080867794074368948e+00 6.221601335970094624e+02 2.356194490192261792e+00
1.136847842050052071e+00 6.237465962184941191e+02 2.356194490192261792e+00
1.749473110965301892e+00 6.241772963679341046e+02 2.356194490192261792e+00
1.103623514863809163e+00 6.256678057832021977e+02 2.356194490192261792e+00
9.949545538937754063e-01 6.264667908679157335e+02 2.356194490192261792e+00
1.009562470511753629e+00 6.276948935477593068e+02 2.356194490192261792e+00
1.311111491287226372e+00 6.283477169993359439e+02 2.356194490192261792e+00
7.699713596676843741e-01 6.298285637563120645e+02 2.356194490192261792e+00
2.160180671959602172e+00 6.303832131750978078e+02 2.356194490192261792e+00
9.320626655746011568e-01 6.318075014219224386e+02 2.356194490192261792e+00
1.161343982130321084e+00 6.325813828602410922e+02 2.356194490192261792e+00
9.773026314754281740e-01 6.338018579068223062e+02 2.356194490192261792e+00
1.608808696199290011e+00 6.345421436850426744e+02 2.356194490192261792e+00
5.503372021658611279e-01 6.356389068935258138e+02 2.356194490192261792e+00
2.601210286166584229e+00 6.365793626104666600e+02 2.356194490192261792e+00
6.927451621563326389e-01 6.376535798789996079e+02 2.356194490192261792e+00
1.320736591982209829e+00 6.386362106440578827e+02 2.356194490192261792e+00
8.943900370964079638e-01 6.397806248693730140e+02 2.356194490192261792e+00
1.624869798954358568e+00 6.407170864132375527e+02 2.356194490192261792e+00
7.294999219654181299e-01 6.413516705863593188e+02 2.356194490192261792e+00
2.387721339702397749e+00 6.427820746627097606e+02 2.356194490192261792e+00
9.849806913635643646e-01 6.433305301048244473e+02 2.356194490192261792e+00
1.354314811157185217e+00 6.447188244697288155e+02 2.356194490192261792e+00
8.463264379400202708e-01 6.457368628814566591e+02 2.356194490192261792e+00
1.316005211327500923e+00 6.468536245889902148e+02 2.356194490192261792e+00
9.139098076589948771e-01 6.474253729840172582e+02 2.356194490192261792e+00
1.707331033148703492e+00 6.489970740915284750e+02 2.356194490192261792e+00
1.375709767083318935e+00 6.494183031048232806e+02 2.356194490192261792e+00
1.270324727665848918e+00 6.509076959404932268e+02 2.356194490192261792e+00
8.831941772342467578e-01 6.518089017127417719e+02 2.356194490192261792e+00
1.127309658448132357e+00 6.530015484164426880e+02 2.356194490192261792e+00
1.060673949767989788e+00 6.535951369535705453e+02 2.356194490192261792e+00
1.226712470084125872e+00 6.551870396665217413e+02 2.356194490192261792e+00
1.703132441677976061e+00 6.556074528499774487e+02 2.356194490192261792e+00
1.150859724339902801e+00 6.571081819373650887e+02 2.356194490192261792e+00
9.710432080322832782e-01 6.579241897210296202e+02 2.356194490192261792e+00
1.032354225882923915e+00 6.591489509834290175e+02 2.356194490192261792e+00
1.265956055746661146e+00 6.597840987536493458e+02 2.356194490192261792e+00
8.488037039783012938e-01 6.613031295388758508e+02 2.356194490192261792e+00
2.083251290210433648e+00 6.618154380699638750e+02 2.356194490192261792e+00
9.934974618559517801e-01 6.632719308355287922e+02 2.356194490192261792e+00
1.119720094748338113e+00 6.640436167873463091e+02 2.356194490192261792e+00
9.923800472188134547e-01 6.652712172380729498e+02 2.356194490192261792e+00
1.553287732001113808e+00 6.659797554899881789e+02 2.356194490192261792e+00
5.753610056546020202e-01 6.671997228386342158e+02 2.356194490192261792e+00
2.532006148665328027e+00 6.680165128378802137e+02 2.356194490192261792e+00
7.343133384036947264e-01 6.692229173637310851e+02 2.356194490192261792e+00
1.306337038858231603e+00 6.701121747272239872e+02 2.356194490192261792e+00
9.272653806880974958e-01 6.712759911903796137e+02 2.356194490192261792e+00
1.697691845484673223e+00 6.721604011154363434e+02 2.356194490192261792e+00
6.947650004310479410e-01 6.728276572104244906e+02 2.356194490192261792e+00
2.530852104435918015e+00 6.742076018324841016e+02 2.356194490192261792e+00
9.225889928399580997e-01 6.748016646780732799e+02 2.356194490192261792e+00
1.376125343351257690e+00 6.761565962585427769e+02 2.356194490192261792e+00
8.547830440649588635e-01 6.771993298502233074e+02 2.356194490192261792e+00
1.379511832480245115e+00 6.782947294809470122e+02 2.356194490192261792e+00
9.164032041302871967e-01 6.788548515742148766e+02 2.356194490192261792e+00
1.803021686653639932e+00 6.804211872521153737e+02 2.356194490192261792e+00
1.362586551360098985e+00 6.808456612797209573e+02 2.356194490192261792e+00
1.320394835038112058e+00 6.823390336918313324e+02 2.356194490192261792e+00
8.834267199390910541e-01 6.832663868746091111e+02 2.356194490192261792e+00
1.179300668368687521e+00 6.844479060368562386e+02 2.356194490192261792e+00
1.063066420839409831e+00 6.850246661564242459e+02 2.356194490192261792e+00
1.310902396089940414e+00 6.866193906987231230e+02 2.356194490192261792e+00
1.693846767458413227e+00 6.870328293497119603e+02 2.356194490192261792e+00
1.214498328615539302e+00 6.885479283873196437e+02 2.356194490192261792e+00
9.546696298178886098e-01 6.893874712585025009e+02 2.356194490192261792e+00
1.071147359455697279e+00 6.906067715353076437e+02 2.356194490192261792e+00
1.239756346830060751e+00 6.912202272846949427e+02 2.356194490192261792e+00
9.375358612338738906e-01 6.927665854824643930e+02 2.356194490192261792e+00
2.034144918842321292e+00 6.932460707629448962e+02 2.356194490192261792e+00
1.068360516182301323e+00 6.947332138617146029e+02 2.356194490192261792e+00
1.080118651746722058e+00 6.955125690107734044e+02 2.356194490192261792e+00
1.016314850011752036e+00 6.967439285151559716e+02 2.356194490192261792e+00
1.497967251436803204e+00 6.974193725319454416e+02 2.356194490192261792e+00
6.298147579960208242e-01 6.987480626535641477e+02 2.356194490192261792e+00
2.454351895442052900e+00 6.994539525265851125e+02 2.356194490192261792e+00
8.111459064633682603e-01 7.007718455274954295e+02 2.356194490192261792e+00
1.276491628704265135e+00 7.015922419660366813e+02 2.356194490192261792e+00
9.595653377831940833e-01 7.027777978278035107e+02 2.356194490192261792e+00
1.736731340283240499e+00 7.036044290468930740e+02 2.356194490192261792e+00
6.342737782123218926e-01 7.043539043117092433e+02 2.356194490192261792e+00
2.657943212528079080e+00 7.056389257517680562e+02 2.356194490192261792e+00
8.210389120856462775e-01 7.063252760720123433e+02 2.356194490192261792e+00
1.370571964650202368e+00 7.076075414633349965e+02 2.356194490192261792e+00
8.558239926043738066e-01 7.086782419000199980e+02 2.356194490192261792e+00
1.438162367391968344e+00 7.097417965113786522e+02 2.356194490192261792e+00
8.743831915657556131e-01 7.103078587447903374e+02 2.356194490192261792e+00
1.942523394257281488e+00 7.118538037760953330e+02 2.356194490192261792e+00
1.270286629802920064e+00 7.122954094165557990e+02 2.356194490192261792e+00
1.332884202776012827e+00 7.137721876421760498e+02 2.356194490192261792e+00
8.710587013067105921e-01 7.147207013932251130e+02 2.356194490192261792e+00
1.207653594517840601e+00 7.158896599362902862e+02 2.356194490192261792e+00
1.024441977216028477e+00 7.164628942642934817e+02 2.356194490192261792e+00
1.402366079147377098e+00 7.180572136086102546e+02 2.356194490192261792e+00
1.614121253469930073e+00 7.184670481337271895e+02 2.356194490192261792e+00
1.231240044160115454e+00 7.199789621194732945e+02 2.356194490192261792e+00
9.344482627544689057e-01 7.208329513811117977e+02 2.356194490192261792e+00
1.082830188616320966e+00 7.220469489284995461e+02 2.356194490192261792e+00
1.191507455689162720e+00 7.226537813797483523e+02 2.356194490192261792e+00
1.007699580444652687e+00 7.242187077390843797e+02 2.356194490192261792e+00
1.948211431722772113e+00 7.246766451411423304e+02 2.356194490192261792e+00
1.097098875955865749e+00 7.261722021368307196e+02 2.356194490192261792e+00
1.048122346950347117e+00 7.269596899423038394e+02 2.356194490192261792e+00
1.021032444534782480e+00 7.281908877695004776e+02 2.356194490192261792e+00
1.434232938340329166e+00 7.288521650648469858e+02 2.356194490192261792e+00
6.813285079224110641e-01 7.302501123053767742e+02 2.356194490192261792e+00
2.357370473520794985e+00 7.308869229715257916e+02 2.356194490192261792e+00
8.702804606605419879e-01 7.322632339268110400e+02 2.356194490192261792e+00
1.235249860740103900e+00 7.330542273465300696e+02 2.356194490192261792e+00
9.741100324131188870e-01 7.342573758446441161e+02 2.356194490192261792e+00
1.712440767842756228e+00 7.350423852270748739e+02 2.356194490192261792e+00
5.787904173878479774e-01 7.359164028235751402e+02 2.356194490192261792e+00
2.692736157113476914e+00 7.370747018816657601e+02 2.356194490192261792e+00
7.292398758547103954e-01 7.378997323387275173e+02 2.356194490192261792e+00
1.348177298462280627e+00 7.390726227268378352e+02 2.356194490192261792e+00
8.589490404787616384e-01 7.401742101736147106e+02 2.356194490192261792e+00
1.499593473841763114e+00 7.411937911461936892e+02 2.356194490192261792e+00
8.055381210198011566e-01 7.417844411131754896e+02 2.356194490192261792e+00
2.116684593597119690e+00 7.432902706926637393e+02 2.356194490192261792e+00
1.133390524727144522e+00 7.437685269966726764e+02 2.356194490192261792e+00
1.326462142972858249e+00 7.452106772452823407e+02 2.356194490192261792e+00
8.511149074902406575e-01 7.461820223554929044e+02 2.356194490192261792e+00
1.229240944295848958e+00 7.473340766572572420e+02 2.356194490192261792e+00
9.575521452269113443e-01 7.479130737008393908e+02 2.356194490192261792e+00
1.515677371070389912e+00 7.494999201616292339e+02 2.356194490192261792e+00
1.482945845032153098e+00 7.499122969488699937e+02 2.356194490192261792e+00
1.220749100541193233e+00 7.514086866773700422e+02 2.356194490192261792e+00
9.073557445293044532e-01 7.522728752187159671e+02 2.356194490192261792e+00
1.077608920389652170e+00 7.534811758598981442e+02 2.356194490192261792e+00
1.120529782461896273e+00 7.540903267567175590e+02 2.356194490192261792e+00
1.075813964878130857e+00 7.556696239274070876e+02 2.356194490192261792e+00
1.823085061587204736e+00 7.561106322194624454e+02 2.356194490192261792e+00
1.092543216878853141e+00 7.576008430299617658e+02 2.356194490192261792e+00
1.017373320062796349e+00 7.583930485786052031e+02 2.356194490192261792e+00
1.009393710627834340e+00 7.596227404576613935e+02 2.356194490192261792e+00
1.360409507607313051e+00 7.602817584254109988e+02 2.356194490192261792e+00
7.258164223176153396e-01 7.617289843801465850e+02 2.356194490192261792e+00
2.240507848760377119e+00 7.623180153635977376e+02 2.356194490192261792e+00
9.023845677598297810e-01 7.637220078301039621e+02 2.356194490192261792e+00
1.193086715870979031e+00 7.645015374179029095e+02 2.356194490192261792e+00
9.744908235977072231e-01 7.657155341195543770e+02 2.356194490192261792e+00
1.654374494795102901e+00 7.664752741634869153e+02 2.356194490192261792e+00
5.519006492171678602e-01 7.674769527259184088e+02 2.356194490192261792e+00
2.650086831513563723e+00 7.685108246010978519e+02 2.356194490192261792e+00
6.903996280600684932e-01 7.694799854749492170e+02 2.356194490192261792e+00
1.330220972885880926e+00 7.705413827153196280e+02 2.356194490192261792e+00
8.746093657153058976e-01 7.716694291071580665e+02 2.356194490192261792e+00
1.568094341220035659e+00 7.726421885829353187e+02 2.356194490192261792e+00
7.549161012857493747e-01 7.732591844204747531e+02 2.356194490192261792e+00
2.276624985727179862e+00 7.747211296710648867e+02 2.356194490192261792e+00
1.034345223463066121e+00 7.752405320033163889e+02 2.356194490192261792e+00
1.336374730610386585e+00 7.766497955076458766e+02 2.356194490192261792e+00
8.430887616095784631e-01 7.776478450835330705e+02 2.356194490192261792e+00
1.271610242569424232e+00 7.787799257610998893e+02 2.356194490192261792e+00
9.189080904787966242e-01 7.793586038470125459e+02 2.356194490192261792e+00
1.630024176215545850e+00 7.809353710140280782e+02 2.356194490192261792e+00
1.398163148636727193e+00 7.813536093063390808e+02 2.356194490192261792e+00
1.237186571795562351e+00 7.828417457745014190e+02 2.356194490192261792e+00
8.880359257386324368e-01 7.837242648240718381e+02 2.356194490192261792e+00
1.095282180218522639e+00 7.849244309305792058e+02 2.356194490192261792e+00
1.071938877278957092e+00 7.855283796662362192e+02 2.356194490192261792e+00
1.159347962952391953e+00 7.871166036145522185e+02 2.356194490192261792e+00
1.731582057135624408e+00 7.875443153990345309e+02 2.356194490192261792e+00
1.112094734600216350e+00 7.890363641066404625e+02 2.356194490192261792e+00
9.880301391998480565e-01 7.898387319621436973e+02 2.356194490192261792e+00
1.012751287425707636e+00 7.910661572698425061e+02 2.356194490192261792e+00
1.297052135147258811e+00 7.917154781976628328e+02 2.356194490192261792e+00
7.879407117871688460e-01 7.932069262716634057e+02 2.356194490192261792e+00
2.136773256891995931e+00 7.937502299449819247e+02 2.356194490192261792e+00
9.450549414701961970e-01 7.951821543017435943e+02 2.356194490192261792e+00
1.150652914654585857e+00 7.959547239041702369e+02 2.356194490192261792e+00
9.797363749175299619e-01 7.971771971901501956e+02 2.356194490192261792e+00
1.594068808201288823e+00 7.979100914525351982e+02 2.356194490192261792e+00
5.536351825472518584e-01 7.990387373700016269e+02 2.356194490192261792e+00
2.583740347116787905e+00 7.999474949791161862e+02 2.356194490192261792e+00
6.992032021302546640e-01 8.010563103564404628e+02 2.356194490192261792e+00
1.317653653443594086e+00 8.020137205567158389e+02 2.356194490192261792e+00
9.022277333413306621e-01 8.031631583199649640e+02 2.356194490192261792e+00
1.644310825573486179e+00 8.040869340785943677e+02 2.356194490192261792e+00
7.217053068258317827e-01 8.047279072898223831e+02 2.356194490192261792e+00
2.424342671035777386e+00 8.061472252014089008e+02 2.356194490192261792e+00
9.703323069326699191e-01 8.067057019078994244e+02 2.356194490192261792e+00
1.360910695478615873e+00 8.080868683079137327e+02 2.356194490192261792e+00
8.484784211808649168e-01 8.091113466460949439e+02 2.356194490192261792e+00
1.332198480034973542e+00 8.102229300268503493e+02 2.356194490192261792e+00
9.150714791443024243e-01 8.107914844627163120e+02 2.356194490192261792e+00
1.731521931336036824e+00 8.123619889915294152e+02 2.356194490192261792e+00
1.373205866984323231e+00 8.127838653785887573e+02 2.356194490192261792e+00
1.283722986062247884e+00 8.142745902417908610e+02 2.356194490192261792e+00
8.830451798293018628e-01 8.151825674551657812e+02 2.356194490192261792e+00
1.140514777249896694e+00 8.163724764385655135e+02 2.356194490192261792e+00
1.060799646602671453e+00 8.169617122486546350e+02 2.356194490192261792e+00
1.248925694067170689e+00 8.185545046404517961e+02 2.356194490192261792e+00
1.699953552822472069e+00 8.189728849938845769e+02 2.356194490192261792e+00
1.167232357132679255e+00 8.204774619821452006e+02 2.356194490192261792e+00
9.663928257371919850e-01 8.212991803222824956e+02 2.356194490192261792e+00
1.041746390900064156e+00 8.225227491022066033e+02 2.356194490192261792e+00
1.258407980807378923e+00 8.231522452622983792e+02 2.356194490192261792e+00
8.713216658971870698e-01 8.246792513878725686e+02 2.356194490192261792e+00
2.069555920204038113e+00 8.251821729070076117e+02 2.356194490192261792e+00
1.012594696946942152e+00 8.266471800220930390e+02 2.356194490192261792e+00
1.109376974216760736e+00 8.274198710886706749e+02 2.356194490192261792e+00
9.981984607878890969e-01 8.286488325171097813e+02 2.356194490192261792e+00
1.539665503990695239e+00 8.293485858694350554e+02 2.356194490192261792e+00
5.868131314496213280e-01 8.305982481859103927e+02 2.356194490192261792e+00
2.513634735874347381e+00 8.313848377225052673e+02 2.356194490192261792e+00
7.513684641997441238e-01 8.326223931120736097e+02 2.356194490192261792e+00
1.300743250123280736e+00 8.334911657106233633e+02 2.356194490192261792e+00
9.359506077142254465e-01 8.346601430013065510e+02 2.356194490192261792e+00
1.712508368803890901e+00 8.355302519889321502e+02 2.356194490192261792e+00
6.822009728000285600e-01 8.362118176231782627e+02 2.356194490192261792e+00
2.566451532025731286e+00 8.375735199393860739e+02 2.356194490192261792e+00
9.012920375999320388e-01 8.381845159811758776e+02 2.356194490192261792e+00
1.377936695193846539e+00 8.395263607598972158e+02 2.356194490192261792e+00
8.559182243169005666e-01 8.405754649646480630e+02 2.356194490192261792e+00
1.394589639552363591e+00 8.416643865556734454e+02 2.356194490192261792e+00
9.118224156302400241e-01 8.422235186835234799e+02 2.356194490192261792e+00
1.831447823850864465e+00 8.437870089101046460e+02 2.356194490192261792e+00
1.350096663361862737e+00 8.442136668172772715e+02 2.356194490192261792e+00
1.328298285447971683e+00 8.457057097174740647e+02 2.356194490192261792e+00
8.822506628723739697e-01 8.466388561784951889e+02 2.356194490192261792e+00
1.189562413778447514e+00 8.478174596019227920e+02 2.356194490192261792e+00
1.059646124647891430e+00 8.483914674858383478e+02 2.356194490192261792e+00
1.331693888645238966e+00 8.499865681777453119e+02 2.356194490192261792e+00
1.684720432216770147e+00 8.503986909793613904e+02 2.356194490192261792e+00
1.225245654258400707e+00 8.519154202998200844e+02 2.356194490192261792e+00
9.505816145240395532e-01 8.527600379772056840e+02 2.356194490192261792e+00
1.078302740231926737e+00 8.539778587042501385e+02 2.356194490192261792e+00
1.231673288467447724e+00 8.545875799565053512e+02 2.356194490192261792e+00
9.575071312173241145e-01 8.561391702140614370e+02 2.356194490192261792e+00
2.019164354449140220e+00 8.566123591811169717e+02 2.356194490192261792e+00
1.082312911349919027e+00 8.581043665966127492e+02 2.356194490192261792e+00
1.071263739363402800e+00 8.588864235410184165e+02 2.356194490192261792e+00
1.020598556425366565e+00 8.601180073703002336e+02 2.356194490192261792e+00
1.483057827159621311e+00 8.607873951347177126e+02 2.356194490192261792e+00
6.448448949863593294e-01 8.621376381612085424e+02 2.356194490192261792e+00
2.432190096205159247e+00 8.628216463936089440e+02 2.356194490192261792e+00
8.304178890437765581e-01 8.641599623403378700e+02 2.356194490192261792e+00
1.266273588893602309e+00 8.649694347490878954e+02 2.356194490192261792e+00
9.655751051933325613e-01 8.661603486706949298e+02 2.356194490192261792e+00
1.736275937575605388e+00 8.669737907739151979e+02 2.356194490192261792e+00
6.175565187738324413e-01 8.677535864305560835e+02 2.356194490192261792e+00
2.677710826834034386e+00 8.690067041672803043e+02 2.356194490192261792e+00
7.930497824651573380e-01 8.697263970194834428e+02 2.356194490192261792e+00
1.365149410781655082e+00 8.709822401191331664e+02 2.356194490192261792e+00
8.557047995099062998e-01 8.720610211814819195e+02 2.356194490192261792e+00
1.453463814890719741e+00 8.731139377681813585e+02 2.356194490192261792e+00
8.564397562584481483e-01 8.736853072414132839e+02 2.356194490192261792e+00
1.987132622664862014e+00 8.752221790296459858e+02 2.356194490192261792e+00
1.234089303240176294e+00 8.756718858430680257e+02 2.356194490192261792e+00
1.330781161678155300e+00 8.771404285675625943e+02 2.356194490192261792e+00
8.655697084484599291e-01 8.780943244115502466e+02 2.356194490192261792e+00
1.212021297665950348e+00 8.792593877474770352e+02 2.356194490192261792e+00
1.006734574487484934e+00 8.798340496634516512e+02 2.356194490192261792e+00
1.430188328428696920e+00 8.814271247311811521e+02 2.356194490192261792e+00
1.579821951379866141e+00 8.818369848814896841e+02 2.356194490192261792e+00
1.227892269846597939e+00 8.833449920452488868e+02 2.356194490192261792e+00
9.275875587452374615e-01 8.842011871472432176e+02 2.356194490192261792e+00
1.080830229235536954e+00 8.854139053240717203e+02 2.356194490192261792e+00
1.173320048369868029e+00 8.860214751941847453e+02 2.356194490192261792e+00
1.024005577983801096e+00 8.875905144266863545e+02 2.356194490192261792e+00
1.916448583930835170e+00 8.880438316617843384e+02 2.356194490192261792e+00
1.095955547018950593e+00 8.895381395988155191e+02 2.356194490192261792e+00
1.040432576541317378e+00 8.903267330263034864e+02 2.356194490192261792e+00
1.018069191095548609e+00 8.915576146483376760e+02 2.356194490192261792e+00
1.415664938759347402e+00 8.922182998909676144e+02 2.356194490192261792e+00
6.920350526534773117e-01 8.936294861098173214e+02 2.356194490192261792e+00
2.328333016692958335e+00 8.942535484153230527e+02 2.356194490192261792e+00
8.791982419526415127e-01 8.956379505637189595e+02 2.356194490192261792e+00
1.224595537578736959e+00 8.964253273201022694e+02 2.356194490192261792e+00
9.746402644634698520e-01 8.976316293289502255e+02 2.356194490192261792e+00
1.699107621963015236e+00 8.984096141154285533e+02 2.356194490192261792e+00
5.693083456876705251e-01 8.993160678913232005e+02 2.356194490192261792e+00
2.686430927372414512e+00 9.004426196466874899e+02 2.356194490192261792e+00
7.144797522089779696e-01 9.013043519278087388e+02 2.356194490192261792e+00
1.342876342276597468e+00 9.024485813432921759e+02 2.356194490192261792e+00
8.616121997823343870e-01 9.035573807748523905e+02 2.356194490192261792e+00
1.516014811144392072e+00 9.045652457345371431e+02 2.356194490192261792e+00
7.904144738137940385e-01 9.051629066048196819e+02 2.356194490192261792e+00
2.158832662207572195e+00 9.066574713782615618e+02 2.356194490192261792e+00
1.103806827031291071e+00 9.071462712045160970e+02 2.356194490192261792e+00
1.326957579808407450e+00 9.085794987798532247e+02 2.356194490192261792e+00
8.475837676066005910e-01 9.095573602607498742e+02 2.356194490192261792e+00
1.237666213686321015e+00 9.107045334170372826e+02 2.356194490192261792e+00
9.440359975161906059e-01 9.112843974369545776e+02 2.356194490192261792e+00
1.545216394031018625e+00 9.128685910104833283e+02 2.356194490192261792e+00
1.455211728532325610e+00 9.132824130229209914e+02 2.356194490192261792e+00
1.221452744546253966e+00 9.147756141790127913e+02 2.356194490192261792e+00
9.012061316967553415e-01 9.156435330992823083e+02 2.356194490192261792e+00
1.079139525708670000e+00 9.168500202882365784e+02 2.356194490192261792e+00
1.104852015863138970e+00 9.174588506487726818e+02 2.356194490192261792e+00
1.095498725150504393e+00 9.190409415419474044e+02 2.356194490192261792e+00
1.794650396786878099e+00 9.194781996341662307e+02 2.356194490192261792e+00
1.093942865203219927e+00 9.209677711794367951e+02 2.356194490192261792e+00
1.009507837364286731e+00 9.217617773500410294e+02 2.356194490192261792e+00
1.007952651824807422e+00 9.229909809587322798e+02 2.356194490192261792e+00
1.342454357365687523e+00 9.236486181740206121e+02 2.356194490192261792e+00
7.393370704488868572e-01 9.251075747628117369e+02 2.356194490192261792e+00
2.211505822113430053e+00 9.256848691243236544e+02 2.356194490192261792e+00
9.111206863395430178e-01 9.270953711850380614e+02 2.356194490192261792e+00
1.182271211582238246e+00 9.278727584595387725e+02 2.356194490192261792e+00
9.747772808072736606e-01 9.290890489640594296e+02 2.356194490192261792e+00
1.638538288934890952e+00 9.298425511230972234e+02 2.356194490192261792e+00
5.495142240790568122e-01 9.308766632080954651e+02 2.356194490192261792e+00
2.634059433040647047e+00 9.318788540732413139e+02 2.356194490192261792e+00
6.883250300971893720e-01 9.328841441676787554e+02 2.356194490192261792e+00
1.326727163862549075e+00 9.339181403828329167e+02 2.356194490192261792e+00
8.806432623477873367e-01 9.350520639107112402e+02 2.356194490192261792e+00
1.586979054659916955e+00 9.360126287622514383e+02 2.356194490192261792e+00
7.453748321923359121e-01 9.366357468749819191e+02 2.356194490192261792e+00
2.315040458801019163e+00 9.380868676295895057e+02 2.356194490192261792e+00
1.015711872858839238e+00 9.386163412913371076e+02 2.356194490192261792e+00
1.341754846743393736e+00 9.400181884016618596e+02 2.356194490192261792e+00
8.434214810464973899e-01 9.410231580224153731e+02 2.356194490192261792e+00
1.285763723168807937e+00 9.421500043848529913e+02 2.356194490192261792e+00
9.151094871973882716e-01 9.427269611822240449e+02 2.356194490192261792e+00
1.657438586676490910e+00 9.443016552776781509e+02 2.356194490192261792e+00
1.386854908912393824e+00 9.447211584257537424e+02 2.356194490192261792e+00
1.246721754348977251e+00 9.462090331207684812e+02 2.356194490192261792e+00
8.854394902417868085e-01 9.470975345566273518e+02 2.356194490192261792e+00
1.104518392740634125e+00 9.482952609543431208e+02 2.356194490192261792e+00
1.065618377770607861e+00 9.488962807620164313e+02 2.356194490192261792e+00
1.182233741319537623e+00 9.504859734386440095e+02 2.356194490192261792e+00
1.717869043053386058e+00 9.509109690996602922e+02 2.356194490192261792e+00
1.123015892868051813e+00 9.524052980797349619e+02 2.356194490192261792e+00
9.816631932761107349e-01 9.532116649553996695e+02 2.356194490192261792e+00
1.017698886762767208e+00 9.544383141595581037e+02 2.356194490192261792e+00
1.284738721000301842e+00 9.550834400446623249e+02 2.356194490192261792e+00
8.073298727715781942e-01 9.565848891370452520e+02 2.356194490192261792e+00
2.115969001435040298e+00 9.571172199544073464e+02 2.356194490192261792e+00
9.597578514494491397e-01 9.585571591589994114e+02 2.356194490192261792e+00
1.140077772966332059e+00 9.593288643904536457e+02 2.356194490192261792e+00
9.830861411587393794e-01 9.605532170461023043e+02 2.356194490192261792e+00
1.579852569871292634e+00 9.612782786648014053e+02 2.356194490192261792e+00
5.589539696483123432e-01 9.624383560758054728e+02 2.356194490192261792e+00
2.566251613413950139e+00 9.633156548585022847e+02 2.356194490192261792e+00
7.084270389830010783e-01 9.644582978612424995e+02 2.356194490192261792e+00
1.314350541290157715e+00 9.653915177149697229e+02 2.356194490192261792e+00
9.104466244653430795e-01 9.665458195542792055e+02 2.356194490192261792e+00
1.663309294971095698e+00 9.674566584914751957e+02 2.356194490192261792e+00
7.136064220703274286e-01 9.681048596685454868e+02 2.356194490192261792e+00
2.460559440432871448e+00 9.695123574689863517e+02 2.356194490192261792e+00
9.555398846668201607e-01 9.700814662000910857e+02 2.356194490192261792e+00
1.367081809835182682e+00 9.714549801805637799e+02 2.356194490192261792e+00
8.507894128107940102e-01 9.724857079874899455e+02 2.356194490192261792e+00
1.348446476778154546e+00 9.735920562868393517e+02 2.356194490192261792e+00
9.165402064592409470e-01 9.741573637106746446e+02 2.356194490192261792e+00
1.755132116174813461e+00 9.757267326024463046e+02 2.356194490192261792e+00
1.371346009907457697e+00 9.761492289572958043e+02 2.356194490192261792e+00
1.297167205160297154e+00 9.776413296485337696e+02 2.356194490192261792e+00
8.832750126543748026e-01 9.785560636218541504e+02 2.356194490192261792e+00
1.154106221676660438e+00 9.797431760538272556e+02 2.356194490192261792e+00
1.061942835925683948e+00 9.803279342737116622e+02 2.356194490192261792e+00
1.270440455799164647e+00 9.819214902965679812e+02 2.356194490192261792e+00
1.698493775171150189e+00 9.823380303881006057e+02 2.356194490192261792e+00
1.184115518620540319e+00 9.838465443198583671e+02 2.356194490192261792e+00
9.621962989425700830e-01 9.846743083916729802e+02 2.356194490192261792e+00
1.051880555688536001e+00 9.858965349927552779e+02 2.356194490192261792e+00
1.251889657931575028e+00 9.865202857747264034e+02 2.356194490192261792e+00
8.941371736255305791e-01 9.880545297779646035e+02 2.356194490192261792e+00
2.057358548053960678e+00 9.885487703390513161e+02 2.356194490192261792e+00
1.032206967584857082e+00 9.900220001258838920e+02 2.356194490192261792e+00
1.099179866627325142e+00 9.907964055646154975e+02 2.356194490192261792e+00
1.004449321743835721e+00 9.920264670537261509e+02 2.356194490192261792e+00
1.525868163322695592e+00 9.927174970334733644e+02 2.356194490192261792e+00
6.001295801779054084e-01 9.939956925973974649e+02 2.356194490192261792e+00
2.494502567923685188e+00 9.947531717027569584e+02 2.356194490192261792e+00
7.705406245735901827e-01 9.960202756541117424e+02 2.356194490192261792e+00
1.293846301560419576e+00 9.968704022515186125e+02 2.356194490192261792e+00
9.444476551082633398e-01 9.980448210141828440e+02 2.356194490192261792e+00
1.724430473966399369e+00 9.989002112337267363e+02 2.356194490192261792e+00
6.674297728016057585e-01 9.996002744149515138e+02 2.356194490192261792e+00
2.600746335485984329e+00 1.000939964276945489e+03 2.356194490192261792e+00
8.765054761010976359e-01 1.001571903831821714e+03 2.356194490192261792e+00
1.377435089305431237e+00 1.002897295798708342e+03 2.356194490192261792e+00
8.563067919119389249e-01 1.003953163279530713e+03 2.356194490192261792e+00
1.409201274876990873e+00 1.005034669012825134e+03 2.356194490192261792e+00
9.029948766608036914e-01 1.005594452859463104e+03 2.356194490192261792e+00
1.864235413451216905e+00 1.007153688120750417e+03 2.356194490192261792e+00
1.329989150833035927e+00 1.007583822242866859e+03 2.356194490192261792e+00
1.332673279504457797e+00 1.009072612168310684e+03 2.356194490192261792e+00
8.797299771792541634e-01 1.010011079921948181e+03 2.356194490192261792e+00
1.197399831872369536e+00 1.011186675787926902e+03 2.356194490192261792e+00
1.051886262815017847e+00 1.011759252550225369e+03 2.356194490192261792e+00
1.353543377337382614e+00 1.013354483423898046e+03 2.356194490192261792e+00
1.668143140523791867e+00 1.013765519270121558e+03 2.356194490192261792e+00
