1.115363601250969117e+00 2.757641073382051666e-01 3.141592653589661222e+00
9.425830365682367207e-01 1.730729448305402984e+00 3.141592653589661222e+00
1.412800226946905102e+00 2.351869137121112452e+00 3.141592653589661222e+00
1.192933466599174874e+00 3.830633619120117128e+00 3.141592653589661222e+00
1.228756303783061554e+00 4.407042868286385584e+00 3.141592653589661222e+00
9.549857801701887583e-01 5.873784445509292240e+00 3.141592653589661222e+00
1.367747483911878170e+00 6.443735767743284271e+00 3.141592653589661222e+00
7.312478022127398836e-01 7.783831699129559745e+00 3.141592653589661222e+00
1.645944832001343894e+00 8.546192177224973818e+00 3.141592653589661222e+00
9.511836291195229220e-01 9.950386538503861900e+00 3.141592653589661222e+00
1.597428632387823066e+00 1.057887668923169677e+01 3.141592653589661222e+00
8.275514868122609835e-01 1.197213507045516856e+01 3.141592653589661222e+00
1.719748375871344992e+00 1.262205098436860595e+01 3.141592653589661222e+00
6.451505896001608065e-01 1.364990912139957224e+01 3.141592653589661222e+00
1.829629705518468485e+00 1.470839301757211715e+01 3.141592653589661222e+00
6.915444304640390172e-01 1.577024818067540934e+01 3.141592653589661222e+00
1.842667642320848342e+00 1.673421309463370221e+01 3.141592653589661222e+00
6.614878102956680550e-01 1.785781317085992370e+01 3.141592653589661222e+00
1.791165199002682451e+00 1.880983314688183228e+01 3.141592653589661222e+00
8.137532786381458383e-01 1.947870747156083837e+01 3.141592653589661222e+00
1.670015660989980555e+00 2.085147268322870673e+01 3.141592653589661222e+00
9.214240418576047364e-01 2.149931809823624818e+01 3.141592653589661222e+00
1.703607814225387207e+00 2.288529014122970295e+01 3.141592653589661222e+00
7.114209626783881690e-01 2.368546158589292361e+01 3.141592653589661222e+00
1.440826861393163405e+00 2.499011132238883803e+01 3.141592653589661222e+00
9.547584920574029299e-01 2.555827354783888694e+01 3.141592653589661222e+00
1.286873054040470477e+00 2.702397609488891916e+01 3.141592653589661222e+00
1.180622190562822027e+00 2.759939868354112136e+01 3.141592653589661222e+00
1.473019410713539479e+00 2.908043183765213158e+01 3.141592653589661222e+00
9.028514308502016972e-01 2.972119523053120105e+01 3.141592653589661222e+00
1.165974366732795975e+00 3.116384659033630911e+01 3.141592653589661222e+00
1.092061678908017308e+00 3.171234881277494466e+01 3.141592653589661222e+00
9.928265012047601257e-01 3.317583726162712310e+01 3.141592653589661222e+00
1.385949190421846389e+00 3.378320270612577048e+01 3.141592653589661222e+00
1.249361371814185162e+00 3.527088427362209444e+01 3.141592653589661222e+00
1.168456397018173165e+00 3.584985076415699723e+01 3.141592653589661222e+00
9.909178123567603524e-01 3.732103204392963391e+01 3.141592653589661222e+00
1.318942585276577928e+00 3.788073518271419005e+01 3.141592653589661222e+00
7.691818308541252813e-01 3.925449742131116437e+01 3.141592653589661222e+00
1.611020393240636173e+00 3.998010294559586697e+01 3.141592653589661222e+00
1.015394855280322695e+00 4.141398312547811855e+01 3.141592653589661222e+00
1.520259599572896025e+00 4.201828629114273639e+01 3.141592653589661222e+00
8.635022041655119329e-01 4.343898237326341416e+01 3.141592653589661222e+00
1.657622651578416706e+00 4.405837668250849504e+01 3.141592653589661222e+00
6.452617286769060101e-01 4.516712377373048781e+01 3.141592653589661222e+00
1.814604602178701676e+00 4.615306919347232650e+01 3.141592653589661222e+00
7.224232285949879762e-01 4.732057353511360986e+01 3.141592653589661222e+00
1.847036851263292201e+00 4.817990518884728601e+01 3.141592653589661222e+00
6.907221370671959848e-01 4.937195386332546576e+01 3.141592653589661222e+00
1.853838192253104200e+00 5.024224781436886644e+01 3.141592653589661222e+00
7.927165626812218147e-01 5.094013700704223879e+01 3.141592653589661222e+00
1.739093484831406133e+00 5.228323551666984770e+01 3.141592653589661222e+00
8.836467929785514208e-01 5.295839279384715326e+01 3.141592653589661222e+00
1.754958342486129252e+00 5.431718294670178437e+01 3.141592653589661222e+00
6.953194278974412779e-01 5.515487114863676510e+01 3.141592653589661222e+00
1.511926035983732985e+00 5.642175508695304131e+01 3.141592653589661222e+00
9.575164385053126503e-01 5.698771691467413092e+01 3.141592653589661222e+00
1.340014730224229345e+00 5.845133702949423338e+01 3.141592653589661222e+00
1.176199454199670091e+00 5.902705419928673081e+01 3.141592653589661222e+00
1.540442508416910661e+00 6.051178081222621330e+01 3.141592653589661222e+00
8.720037548160914920e-01 6.117353991852846207e+01 3.141592653589661222e+00
1.228357436433963112e+00 6.260171165499632195e+01 3.141592653589661222e+00
1.088924332208142998e+00 6.314299263000316387e+01 3.141592653589661222e+00
1.041614625953246387e+00 6.461213643381780969e+01 3.141592653589661222e+00
1.382014227691131580e+00 6.521067576942218125e+01 3.141592653589661222e+00
1.322390053878376381e+00 6.671090632995033332e+01 3.141592653589661222e+00
1.114655012658376076e+00 6.729672023294128280e+01 3.141592653589661222e+00
1.042131008383666568e+00 6.876966093375088462e+01 3.141592653589661222e+00
1.288436840613038870e+00 6.931645709130940247e+01 3.141592653589661222e+00
8.134416191719580080e-01 7.071641929725515752e+01 3.141592653589661222e+00
1.591834486454816622e+00 7.141237559620816455e+01 3.141592653589661222e+00
1.092469993202277889e+00 7.287455410739327988e+01 3.141592653589661222e+00
1.443185600148513048e+00 7.346106128441321914e+01 3.141592653589661222e+00
9.081549168989601073e-01 7.490493386520030583e+01 3.141592653589661222e+00
1.601582568401741291e+00 7.549547874634929201e+01 3.141592653589661222e+00
6.602353978081046959e-01 7.667685120228610174e+01 3.141592653589661222e+00
1.799277540264203168e+00 7.759551367221476426e+01 3.141592653589661222e+00
7.801098781499276047e-01 7.885557642397670008e+01 3.141592653589661222e+00
1.827382507669378153e+00 7.962469312486297213e+01 3.141592653589661222e+00
7.299490099193028936e-01 8.088207767529854664e+01 3.141592653589661222e+00
1.890562678730407509e+00 8.167489007610272722e+01 3.141592653589661222e+00
7.609107069986656979e-01 8.241837459472095873e+01 3.141592653589661222e+00
1.800375596437644887e+00 8.371890983224763261e+01 3.141592653589661222e+00
8.311089508042194263e-01 8.443724411362998694e+01 3.141592653589661222e+00
1.791029205713093653e+00 8.575112552126232401e+01 3.141592653589661222e+00
6.778027391376650890e-01 8.663194033119650328e+01 3.141592653589661222e+00
1.574588145784328486e+00 8.785377007152570172e+01 3.141592653589661222e+00
9.448187175625157863e-01 8.842526064811535491e+01 3.141592653589661222e+00
1.396990924201711337e+00 8.988275716899408962e+01 3.141592653589661222e+00
1.149387082158893847e+00 9.046126800482328179e+01 3.141592653589661222e+00
1.587769031573729395e+00 9.194121976548072439e+01 3.141592653589661222e+00
8.410445524211895840e-01 9.262415918103920376e+01 3.141592653589661222e+00
1.276795334583682884e+00 9.403584834352280097e+01 3.141592653589661222e+00
1.074677923689630443e+00 9.457525868676150083e+01 3.141592653589661222e+00
1.086035651082170705e+00 9.604817214744645071e+01 3.141592653589661222e+00
1.362424564955197814e+00 9.663898404965202360e+01 3.141592653589661222e+00
1.372751931069358999e+00 9.814425989218709390e+01 3.141592653589661222e+00
1.068435043748326319e+00 9.873875289875175554e+01 3.141592653589661222e+00
1.079047068922304842e+00 1.002095865473088594e+02 3.141592653589661222e+00
1.255378219687871999e+00 1.007501604356518072e+02 3.141592653589661222e+00
