1.141724451595947043e+00 2.714281448463067847e-01 3.141592653589661222e+00
9.491802273284000169e-01 1.726073889490851609e+00 3.141592653589661222e+00
1.445257922456674615e+00 2.349514085702296917e+00 3.141592653589661222e+00
1.230270461967613693e+00 3.839561577050990326e+00 3.141592653589661222e+00
1.224532984058035012e+00 4.415737709209197170e+00 3.141592653589661222e+00
9.818628596133015529e-01 5.885923628839073274e+00 3.141592653589661222e+00
1.383713089206964897e+00 6.445586458727337487e+00 3.141592653589661222e+00
7.418681604350323422e-01 7.788938738767615000e+00 3.141592653589661222e+00
1.665674181741782611e+00 8.548042277469209083e+00 3.141592653589661222e+00
9.786136130269349476e-01 9.965342678173923829e+00 3.141592653589661222e+00
1.593697312667120114e+00 1.058547193687997989e+01 3.141592653589661222e+00
8.459057868640789124e-01 1.198745273674647116e+01 3.141592653589661222e+00
1.733971992367971504e+00 1.262430105237770128e+01 3.141592653589661222e+00
6.487767223771270242e-01 1.365672197655906039e+01 3.141592653589661222e+00
1.843306039258220341e+00 1.470979758051086783e+01 3.141592653589661222e+00
6.957515117102833768e-01 1.578015453544042579e+01 3.141592653589661222e+00
1.857798680375438050e+00 1.673683730653250734e+01 3.141592653589661222e+00
6.671752218005992940e-01 1.786397026366404717e+01 3.141592653589661222e+00
1.815529374573483734e+00 1.880965718847982160e+01 3.141592653589661222e+00
8.292735521646502628e-01 1.946721958818917031e+01 3.141592653589661222e+00
1.675420099667006557e+00 2.084676326985743700e+01 3.141592653589661222e+00
9.438189327766651759e-01 2.148706014712076140e+01 3.141592653589661222e+00
1.728712684900323593e+00 2.288478779698241539e+01 3.141592653589661222e+00
7.199282719060432489e-01 2.368432253492300532e+01 3.141592653589661222e+00
1.464162274294934951e+00 2.498950753183295248e+01 3.141592653589661222e+00
9.835355079579732873e-01 2.554575670757573391e+01 3.141592653589661222e+00
1.285446407114478884e+00 2.701570498243359708e+01 3.141592653589661222e+00
1.220447560288887789e+00 2.758995351651254779e+01 3.141592653589661222e+00
1.514126260326058127e+00 2.908389294030077110e+01 3.141592653589661222e+00
9.070181169570538104e-01 2.972932886697686072e+01 3.141592653589661222e+00
1.200567389650778471e+00 3.116982389443526102e+01 3.141592653589661222e+00
1.120798083985782068e+00 3.170799159197519046e+01 3.141592653589661222e+00
1.003517989822299006e+00 3.317209911332944472e+01 3.141592653589661222e+00
1.421971882737677051e+00 3.378097780181175125e+01 3.141592653589661222e+00
1.299266776286879255e+00 3.528222906351608401e+01 3.141592653589661222e+00
1.157462302430193324e+00 3.586325126291470866e+01 3.141592653589661222e+00
1.027302932947156799e+00 3.733702309422113785e+01 3.141592653589661222e+00
1.333028696684866343e+00 3.788466613492052915e+01 3.141592653589661222e+00
7.866263838472908887e-01 3.926457014762977593e+01 3.141592653589661222e+00
1.631044401686090994e+00 3.998382792959557008e+01 3.141592653589661222e+00
1.058975684051565613e+00 4.143511969368621095e+01 3.141592653589661222e+00
1.501477490915886559e+00 4.202990968745747580e+01 3.141592653589661222e+00
8.915152745921500754e-01 4.346235180885705063e+01 3.141592653589661222e+00
1.661196464328795752e+00 4.406428381209207146e+01 3.141592653589661222e+00
6.520500761553383873e-01 4.519116982888908751e+01 3.141592653589661222e+00
1.826397116056305281e+00 4.615950916860865050e+01 3.141592653589661222e+00
7.391471760506704847e-01 4.735475275557231356e+01 3.141592653589661222e+00
1.858636387614795327e+00 4.818812820655856655e+01 3.141592653589661222e+00
7.040404461146100301e-01 4.939581070245045424e+01 3.141592653589661222e+00
1.887334708987233434e+00 5.024478585359537419e+01 3.141592653589661222e+00
8.020325985929308565e-01 5.093736455209356961e+01 3.141592653589661222e+00
1.756685371709486798e+00 5.228152463859662191e+01 3.141592653589661222e+00
8.965229581924826219e-01 5.295324480862314687e+01 3.141592653589661222e+00
1.784987732797908899e+00 5.431880138468316943e+01 3.141592653589661222e+00
7.014719905428673519e-01 5.516017663062996945e+01 3.141592653589661222e+00
1.544356229607239506e+00 5.642272032722512876e+01 3.141592653589661222e+00
9.876085222134811659e-01 5.697544118322531403e+01 3.141592653589661222e+00
1.342820294730231012e+00 5.844380417743141720e+01 3.141592653589661222e+00
1.217707047864610592e+00 5.901764226503050281e+01 3.141592653589661222e+00
1.592585690792001074e+00 6.051673692763734635e+01 3.141592653589661222e+00
8.734527623750952818e-01 6.118666869902968841e+01 3.141592653589661222e+00
1.274581821526469927e+00 6.260959477223948966e+01 3.141592653589661222e+00
1.122825683885745773e+00 6.313798720688572530e+01 3.141592653589661222e+00
1.056302083257474766e+00 6.460835971543261280e+01 3.141592653589661222e+00
1.424850520601290915e+00 6.520815552132438597e+01 3.141592653589661222e+00
1.390360930167660936e+00 6.672513448298636263e+01 3.141592653589661222e+00
1.095195778996885583e+00 6.731729465769855381e+01 3.141592653589661222e+00
1.093365119179483091e+00 6.879040706652043013e+01 3.141592653589661222e+00
1.302825709231044016e+00 6.932267583896455676e+01 3.141592653589661222e+00
8.402192524437591681e-01 7.073093094127136737e+01 3.141592653589661222e+00
1.613981656720824276e+00 7.141804470921802306e+01 3.141592653589661222e+00
1.158918009153668827e+00 7.290212767307176023e+01 3.141592653589661222e+00
1.403889120134205415e+00 7.348051457050503643e+01 3.141592653589661222e+00
9.501614309484985865e-01 7.493761078704746126e+01 3.141592653589661222e+00
1.590719037469392916e+00 7.550667616400738780e+01 3.141592653589661222e+00
6.766049262144068210e-01 7.672051458935945334e+01 3.141592653589661222e+00
1.805890459328252318e+00 7.760786606872679272e+01 3.141592653589661222e+00
8.243706451429919646e-01 7.891363522776291006e+01 3.141592653589661222e+00
1.815773503198061745e+00 7.964052850329017019e+01 3.141592653589661222e+00
7.583566400668009244e-01 8.093094114961998287e+01 3.141592653589661222e+00
1.914382477327136733e+00 8.168305178854774340e+01 3.141592653589661222e+00
7.501536756145781304e-01 8.244801171096879955e+01 3.141592653589661222e+00
1.831789272577782457e+00 8.372722718137939069e+01 3.141592653589661222e+00
8.125878230835379412e-01 8.446703778021554854e+01 3.141592653589661222e+00
1.816767965054510992e+00 8.575991638698921804e+01 3.141592653589661222e+00
6.744221832933656735e-01 8.666151399548013501e+01 3.141592653589661222e+00
1.615139244914107541e+00 8.786056994734678938e+01 3.141592653589661222e+00
9.518580785048090798e-01 8.842880972345638213e+01 3.141592653589661222e+00
1.422214249900046079e+00 8.988578901643779773e+01 3.141592653589661222e+00
1.155394441419009599e+00 9.046450981794765767e+01 3.141592653589661222e+00
1.628931484969058152e+00 9.194828196837134726e+01 3.141592653589661222e+00
8.312346456253892901e-01 9.264375010068110328e+01 3.141592653589661222e+00
1.317409049614682637e+00 9.404552415204857141e+01 3.141592653589661222e+00
1.086596330480296357e+00 9.457804234897763251e+01 3.141592653589661222e+00
1.109027210774195638e+00 9.605279845224303870e+01 3.141592653589661222e+00
1.376761363468273602e+00 9.664172057155727202e+01 3.141592653589661222e+00
1.424856974553706745e+00 9.815656460951586837e+01 3.141592653589661222e+00
1.043940558731060397e+00 9.875907287828935921e+01 3.141592653589661222e+00
1.119588172003862514e+00 1.002274041531013182e+02 3.141592653589661222e+00
1.253316189204813913e+00 1.007590582181995700e+02 3.141592653589661222e+00
