9.000000000000001055e-02 0.000000000000000000e+00 0.000000000000000000e+00
2.087952350021671233e-01 1.260392311513435004e+00 6.284930636431253603e+00
2.256843902826079495e-01 1.850156353829800260e+00 6.284930636431253603e+00
1.061600875349384548e-01 2.882112804916386661e+00 6.284930636431253603e+00
1.649842234557379883e-01 4.130630658570839664e+00 6.284930636431253603e+00
2.606439481037979289e-01 4.785546396216497911e+00 6.284930636431253603e+00
1.091516189241245466e-01 5.682765161733832393e+00 6.284930636431253603e+00
1.406619987308468378e-01 7.193032072507039132e+00 6.284930636431253603e+00
2.649634012738428801e-01 7.910209337742113433e+00 6.284930636431253603e+00
1.333924971306302831e-01 8.687602286908314042e+00 6.284930636431253603e+00
1.201852525163890212e-01 9.998205775958028951e+00 6.284930636431253603e+00
