1.498889964482611192e-01 4.312852723180530812e-01 3.141592653589661222e+00
1.535775391189271033e-01 1.664491226185736306e+00 3.141592653589661222e+00
1.766153063069921814e-01 2.429210891595121158e+00 3.141592653589661222e+00
1.461201839749113884e-01 3.498263945578708345e+00 3.141592653589661222e+00
1.879612883652119204e-01 4.299701034014481671e+00 3.141592653589661222e+00
1.234446927079514977e-01 5.396184600353173266e+00 3.141592653589661222e+00
1.773402946449950113e-01 6.377481663644148924e+00 3.141592653589661222e+00
1.239921759361815173e-01 7.499273740905362473e+00 3.141592653589661222e+00
1.949708446721671873e-01 8.435307764001155562e+00 3.141592653589661222e+00
1.360188697928293167e-01 9.342664924098327717e+00 3.141592653589661222e+00
1.917498604345168611e-01 1.031850051689109016e+01 3.141592653589661222e+00
1.316182693254173419e-01 1.117205706985178182e+01 3.141592653589661222e+00
1.701633441750018405e-01 1.235929305935077238e+01 3.141592653589661222e+00
1.301297235799358520e-01 1.327345096171477401e+01 3.141592653589661222e+00
1.777906207511699144e-01 1.444551289206370015e+01 3.141592653589661222e+00
1.563688548398943223e-01 1.521014929145218808e+01 3.141592653589661222e+00
1.650547586360827934e-01 1.630288526201291788e+01 3.141592653589661222e+00
1.678226319949428780e-01 1.705710005144227992e+01 3.141592653589661222e+00
1.378027283527244184e-01 1.826760473718912436e+01 3.141592653589661222e+00
1.621695478962903725e-01 1.914759126525705568e+01 3.141592653589661222e+00
1.400026669111259225e-01 2.036734408326052659e+01 3.141592653589661222e+00
1.864832478263195314e-01 2.117231639701360280e+01 3.141592653589661222e+00
1.388707632565895911e-01 2.219437294447131492e+01 3.141592653589661222e+00
1.938116056217767946e-01 2.305193577047128173e+01 3.141592653589661222e+00
1.217527719238981482e-01 2.405769236560274749e+01 3.141592653589661222e+00
1.794380339774445943e-01 2.511944628019039527e+01 3.141592653589661222e+00
1.216178644354144744e-01 2.616113048269395591e+01 3.141592653589661222e+00
1.930212531806408949e-01 2.719005825709177415e+01 3.141592653589661222e+00
1.403876666655967387e-01 2.803213790180293330e+01 3.141592653589661222e+00
1.843096905098371430e-01 2.906774803253478368e+01 3.141592653589661222e+00
1.432183357276573255e-01 2.986049002702133137e+01 3.141592653589661222e+00
1.592949412380486318e-01 3.108635563261890411e+01 3.141592653589661222e+00
1.406100551824920886e-01 3.195905955285071798e+01 3.141592653589661222e+00
1.644287035649637518e-01 3.317877127695800965e+01 3.141592653589661222e+00
1.679638496072450304e-01 3.393258597542290289e+01 3.141592653589661222e+00
1.536156102917075883e-01 3.502191596547842067e+01 3.141592653589661222e+00
1.805342774669077277e-01 3.579362705188292892e+01 3.141592653589661222e+00
1.280944719508216034e-01 3.694895993355235930e+01 3.141592653589661222e+00
1.723164055657667448e-01 3.787755766335195062e+01 3.141592653589661222e+00
1.292454546329615539e-01 3.905105852011739387e+01 3.141592653589661222e+00
1.930244627238523747e-01 3.992306987451927824e+01 3.141592653589661222e+00
1.355825710060796496e-01 4.088223621153128562e+01 3.141592653589661222e+00
1.945364963981890405e-01 4.180680827408288280e+01 3.141592653589661222e+00
1.254737165808843813e-01 4.272111300957551094e+01 3.141592653589661222e+00
1.760211756009157080e-01 4.386074377456715467e+01 3.141592653589661222e+00
1.246323241342530558e-01 4.482382040660671407e+01 3.141592653589661222e+00
1.859757955948293795e-01 4.594110749747206057e+01 3.141592653589661222e+00
1.484768107470338105e-01 4.673118533634309557e+01 3.141592653589661222e+00
1.738732472358716918e-01 4.780851222757289065e+01 3.141592653589661222e+00
1.571129083987133357e-01 4.856818417520818798e+01 3.141592653589661222e+00
1.468376386193954997e-01 4.979873285868048072e+01 3.141592653589661222e+00
1.529702674495032610e-01 5.066265016892759121e+01 3.141592653589661222e+00
1.501004588088055147e-01 5.189583893272593684e+01 3.141592653589661222e+00
1.792540491392999868e-01 5.266772765756188335e+01 3.141592653589661222e+00
1.440247992115072095e-01 5.372720455037835308e+01 3.141592653589661222e+00
1.898450006616596852e-01 5.454086150160659230e+01 3.141592653589661222e+00
1.225371325770408665e-01 5.561602773946944467e+01 3.141592653589661222e+00
1.783599065062441424e-01 5.661637656293472531e+01 3.141592653589661222e+00
1.229104716367774852e-01 5.771930152151085736e+01 3.141592653589661222e+00
1.949800891526796420e-01 5.867766930800350167e+01 3.141592653589661222e+00
1.367017128172244578e-01 5.956834570953435559e+01 3.141592653589661222e+00
1.902868429190835153e-01 6.056000566505606031e+01 3.141592653589661222e+00
1.341422965849645155e-01 6.139634907825642074e+01 3.141592653589661222e+00
1.677700774666075201e-01 6.259590193476950049e+01 3.141592653589661222e+00
1.324111529143900123e-01 6.349716772068568105e+01 3.141592653589661222e+00
1.747251239286979063e-01 6.468379129849873266e+01 3.141592653589661222e+00
1.591397746004361291e-01 6.544323535319510654e+01 3.141592653589661222e+00
1.621719114172718579e-01 6.653767900009643199e+01 3.141592653589661222e+00
1.711552469471260829e-01 6.729366159047944507e+01 3.141592653589661222e+00
1.351258542290919573e-01 6.849348796590456345e+01 3.141592653589661222e+00
1.649368017068385539e-01 6.938269126512967944e+01 3.141592653589661222e+00
1.370354282004075941e-01 7.059392096647246717e+01 3.141592653589661222e+00
1.884500022001458497e-01 7.141303226651106684e+01 3.141592653589661222e+00
1.376718315968380457e-01 7.242079657651552793e+01 3.141592653589661222e+00
1.944711829368312439e-01 7.329415523140845323e+01 3.141592653589661222e+00
1.221668575313787503e-01 7.427699139117142124e+01 3.141592653589661222e+00
1.791031142927714814e-01 7.535868864571425263e+01 3.141592653589661222e+00
1.218676071494034091e-01 7.638035209732680642e+01 3.141592653589661222e+00
1.917473026718025386e-01 7.743193335215130446e+01 3.141592653589661222e+00
1.420606207415407440e-01 7.825969346315157793e+01 3.141592653589661222e+00
1.819685724793740078e-01 7.930750359918373249e+01 3.141592653589661222e+00
1.464876230794733836e-01 8.008945146556632722e+01 3.141592653589661222e+00
1.563018930339933887e-01 8.131974956459806947e+01 3.141592653589661222e+00
1.435466710367510057e-01 8.218713533985911113e+01 3.141592653589661222e+00
1.609232620385585844e-01 8.341344577991458209e+01 3.141592653589661222e+00
1.708267290427954721e-01 8.416895025602637759e+01 3.141592653589661222e+00
1.510353269898069839e-01 8.525330629977233343e+01 3.141592653589661222e+00
1.831906648240640700e-01 8.603323838951695279e+01 3.141592653589661222e+00
1.262964253126713787e-01 8.717082736058038961e+01 3.141592653589661222e+00
1.742377165050229271e-01 8.811530122169139645e+01 3.141592653589661222e+00
1.272380038299823490e-01 8.927331865622637963e+01 3.141592653589661222e+00
1.939633244127803580e-01 9.016509552090866464e+01 3.141592653589661222e+00
1.354452279662321235e-01 9.110757432283583057e+01 3.141592653589661222e+00
1.939325142064786955e-01 9.204900595306276045e+01 3.141592653589661222e+00
1.271754496272414492e-01 9.294249642946121526e+01 3.141592653589661222e+00
1.743989358845020321e-01 9.409898290517081421e+01 3.141592653589661222e+00
1.261387071197629939e-01 9.504485241031385101e+01 3.141592653589661222e+00
1.835569735515431289e-01 9.618137121284739521e+01 3.141592653589661222e+00
1.509041733848981715e-01 9.696171973861508775e+01 3.141592653589661222e+00
1.710537443641483857e-01 9.804568200863809579e+01 3.141592653589661222e+00
