2.647312289269693752e-01 4.105014514164009309e-01 3.141592653589661222e+00
2.783063778189704407e-01 1.711160344349148543e+00 3.141592653589661222e+00
3.246205043436324322e-01 2.415801585882167757e+00 3.141592653589661222e+00
2.552664850263080543e-01 3.531791403553816266e+00 3.141592653589661222e+00
3.566836926545350894e-01 4.286606546803346518e+00 3.141592653589661222e+00
2.070956084128304231e-01 5.424446071131985292e+00 3.141592653589661222e+00
3.278414345372439032e-01 6.385135048573009620e+00 3.141592653589661222e+00
2.100462885811054670e-01 7.558861461179690266e+00 3.141592653589661222e+00
3.729367201050105551e-01 8.456603327647743029e+00 3.141592653589661222e+00
2.293042886993854890e-01 9.377263095287045047e+00 3.141592653589661222e+00
3.680588559541903559e-01 1.034683811218942928e+01 3.141592653589661222e+00
2.194223280938445431e-01 1.118763448992941356e+01 3.141592653589661222e+00
3.189907432817252753e-01 1.240828897321483737e+01 3.141592653589661222e+00
2.145106341011771833e-01 1.332049912581661211e+01 3.141592653589661222e+00
3.446386854926502541e-01 1.451274074466463482e+01 3.141592653589661222e+00
2.679154117509313648e-01 1.523845440978030474e+01 3.141592653589661222e+00
3.096953748611385726e-01 1.637405001529118564e+01 3.141592653589661222e+00
2.967484856405104288e-01 1.706950357532690532e+01 3.141592653589661222e+00
2.494572110880146076e-01 1.835903969284506942e+01 3.141592653589661222e+00
2.803340903583462773e-01 1.918684077049902825e+01 3.141592653589661222e+00
2.603774967179293132e-01 2.048467098421668098e+01 3.141592653589661222e+00
3.387124784191321014e-01 2.120987376955416437e+01 3.141592653589661222e+00
2.448466349556353838e-01 2.229729875018261964e+01 3.141592653589661222e+00
3.659965454473582125e-01 2.308846343227004638e+01 3.141592653589661222e+00
2.029444122350741175e-01 2.416613360689917300e+01 3.141592653589661222e+00
3.333137052105610842e-01 2.518112731207386901e+01 3.141592653589661222e+00
2.042884815507464980e-01 2.630135912755276095e+01 3.141592653589661222e+00
3.741627126080716015e-01 2.726113644835433192e+01 3.141592653589661222e+00
2.322897882007395609e-01 2.813351160352713620e+01 3.141592653589661222e+00
3.602137866355065721e-01 2.914918218085764323e+01 3.141592653589661222e+00
2.316347820960376613e-01 2.994074025561836550e+01 3.141592653589661222e+00
3.072158062873269757e-01 3.119901289456022653e+01 3.141592653589661222e+00
2.247443416283964879e-01 3.207147774606605850e+01 3.141592653589661222e+00
3.294247098388166650e-01 3.330850512005676478e+01 3.141592653589661222e+00
2.818200053956658180e-01 3.401426459932704205e+01 3.141592653589661222e+00
2.944013145669950871e-01 3.515935278416658605e+01 3.141592653589661222e+00
3.147358288412173133e-01 3.585611273598313176e+01 3.141592653589661222e+00
2.353036141197340225e-01 3.712209099099305831e+01 3.141592653589661222e+00
2.954016525364657753e-01 3.796900392990588813e+01 3.141592653589661222e+00
2.438252179430432098e-01 3.925085195417411654e+01 3.141592653589661222e+00
3.512362190353975344e-01 4.000746912724846993e+01 3.141592653589661222e+00
2.368368313470128050e-01 4.105852111691099537e+01 3.141592653589661222e+00
3.717760414573869077e-01 4.189203674496990004e+01 3.141592653589661222e+00
2.022382442970580008e-01 4.290602710112772655e+01 3.141592653589661222e+00
3.349895520110157121e-01 4.397814744689242161e+01 3.141592653589661222e+00
2.020484575875031441e-01 4.504148395100992985e+01 3.141592653589661222e+00
3.716379473490363794e-01 4.606557343051942865e+01 3.141592653589661222e+00
2.380959013005055080e-01 4.689201421261061853e+01 3.141592653589661222e+00
3.496188914278190452e-01 4.794931171587172969e+01 3.141592653589661222e+00
2.464190113144444083e-01 4.870082418739940522e+01 3.141592653589661222e+00
2.932958810152254125e-01 4.998553224774759940e+01 3.141592653589661222e+00
2.373369382181835241e-01 5.082880826688411702e+01 3.141592653589661222e+00
3.122773316706132785e-01 5.209972494424440015e+01 3.141592653589661222e+00
2.966847756070203901e-01 5.279529101716125439e+01 3.141592653589661222e+00
2.795433774865928034e-01 5.393956832170722038e+01 3.141592653589661222e+00
3.315011746794393477e-01 5.464801333367036307e+01 3.141592653589661222e+00
2.230119450378897361e-01 5.587835706364820254e+01 3.141592653589661222e+00
3.090516450555619299e-01 5.675617183887363382e+01 3.141592653589661222e+00
2.293740966098917200e-01 5.800967187396533120e+01 3.141592653589661222e+00
3.615502256369665379e-01 5.880791714593676289e+01 3.141592653589661222e+00
2.315185829386431360e-01 5.981646371773500448e+01 3.141592653589661222e+00
3.738452424310453881e-01 6.069645589290998089e+01 3.141592653589661222e+00
2.050726334759223612e-01 6.164641620778756703e+01 3.141592653589661222e+00
3.327598087536504656e-01 6.277509264569692959e+01 3.141592653589661222e+00
2.033344130518418280e-01 6.378152775334138624e+01 3.141592653589661222e+00
3.653567361374079336e-01 6.486906120001926013e+01 3.141592653589661222e+00
2.465167315125573189e-01 6.565399770723485062e+01 3.141592653589661222e+00
3.368481885183455260e-01 6.674650123214266273e+01 3.141592653589661222e+00
2.631613370932604501e-01 6.746826163618605676e+01 3.141592653589661222e+00
2.780743325480051764e-01 6.876690540808252194e+01 3.141592653589661222e+00
2.516808248979325313e-01 6.959292727245997412e+01 3.141592653589661222e+00
2.940335408147881080e-01 7.088546827434578290e+01 3.141592653589661222e+00
3.118946609267086445e-01 7.158130324085536245e+01 3.141592653589661222e+00
2.657499827637229695e-01 7.271449388424589699e+01 3.141592653589661222e+00
3.462438159872467947e-01 7.344427821016668645e+01 3.141592653589661222e+00
2.131776757754447749e-01 7.462836317723289881e+01 3.141592653589661222e+00
3.204516641053480330e-01 7.554739704246844667e+01 3.141592653589661222e+00
2.176114770234240936e-01 7.676161642971298704e+01 3.141592653589661222e+00
3.690796259767322729e-01 7.761050247992045570e+01 3.141592653589661222e+00
2.290694250590811776e-01 7.857242443993101233e+01 3.141592653589661222e+00
3.722177684462810165e-01 7.950088522963734761e+01 3.141592653589661222e+00
2.114069293488070878e-01 8.038957310008863999e+01 3.141592653589661222e+00
3.267695996905765066e-01 8.157086016970416154e+01 3.141592653589661222e+00
2.080226964526788458e-01 8.252373941273145874e+01 3.141592653589661222e+00
3.555184717607193234e-01 8.367070741296518577e+01 3.141592653589661222e+00
2.572502501832630295e-01 8.442038171136597668e+01 3.141592653589661222e+00
3.225512472904853434e-01 8.554006790530054616e+01 3.141592653589661222e+00
2.811215668971667747e-01 8.624293615857486373e+01 3.141592653589661222e+00
2.624389855927054538e-01 8.754232716421485350e+01 3.141592653589661222e+00
2.670518166843687813e-01 8.836380774041938935e+01 3.141592653589661222e+00
2.755834978294695592e-01 8.966489262673358951e+01 3.141592653589661222e+00
3.267900129848972379e-01 9.037189405947788146e+01 3.141592653589661222e+00
2.535776496996379192e-01 9.148418317991755089e+01 3.141592653589661222e+00
3.582805424916238324e-01 9.224396110730943121e+01 3.141592653589661222e+00
2.062673137163878734e-01 9.337319040250521596e+01 3.141592653589661222e+00
3.288846456421148368e-01 9.434165290196497722e+01 3.141592653589661222e+00
2.089711680448767261e-01 9.550776372746908294e+01 3.141592653589661222e+00
3.733509337495736213e-01 9.641447355867646252e+01 3.141592653589661222e+00
2.295644948044113232e-01 9.732788844936614225e+01 3.141592653589661222e+00
3.670854926731483281e-01 9.830451984613029026e+01 3.141592653589661222e+00
