7.421884025321903167e-01 -2.652698329531634827e-03 7.853981633974492782e-01
1.361616797918769883e+00 1.499259877750956260e+00 7.853981633974492782e-01
1.947358322470087000e+00 1.821427304077387177e+00 7.853981633974492782e-01
9.257489869011699124e-01 3.255153373603248301e+00 7.853981633974492782e-01
1.051239358936914003e+00 4.478856309884700515e+00 7.853981633974492782e-01
1.348963514406847697e+00 5.084038966008941784e+00 7.853981633974492782e-01
8.364024491060415567e-01 6.148163441602236823e+00 7.853981633974492782e-01
8.635289676728805652e-01 7.589573836630322035e+00 7.853981633974492782e-01
2.679316651204527222e+00 8.028102967751054919e+00 7.853981633974492782e-01
8.493352822516583300e-01 9.404951104667382822e+00 7.853981633974492782e-01
8.859140616436711468e-01 1.054078940865962544e+01 7.853981633974492782e-01
1.743794538360290192e+00 1.125977449852244483e+01 7.853981633974492782e-01
9.400275631337245974e-01 1.230212451141444596e+01 7.853981633974492782e-01
5.809653860765636724e-01 1.343730208129935910e+01 7.853981633974492782e-01
3.554618233341878319e+00 1.425293501178962430e+01 7.853981633974492782e-01
6.875178047963660388e-01 1.531191783410448615e+01 7.853981633974492782e-01
8.050414899904305699e-01 1.639905698940622258e+01 7.853981633974492782e-01
1.968560219829140312e+00 1.743964555549420226e+01 7.853981633974492782e-01
9.105011993974608808e-01 1.835951439018722198e+01 7.853981633974492782e-01
6.381220645445320194e-01 1.922720957759559113e+01 7.853981633974492782e-01
3.259691612631908875e+00 2.049542034601991958e+01 7.853981633974492782e-01
9.408399067181458797e-01 2.101834507402676877e+01 7.853981633974492782e-01
9.446513092844662784e-01 2.234117103159796969e+01 7.853981633974492782e-01
1.655040318712708292e+00 2.361605652460578852e+01 7.853981633974492782e-01
9.041067279038803584e-01 2.433017588226315198e+01 7.853981633974492782e-01
6.937340910296294627e-01 2.530038793451055312e+01 7.853981633974492782e-01
2.202571958829165677e+00 2.673304576650590647e+01 7.853981633974492782e-01
1.376350292534531228e+00 2.708073858027174552e+01 7.853981633974492782e-01
9.720284153117624282e-01 2.850139588591189721e+01 7.853981633974492782e-01
1.331736491626418051e+00 2.978598457453509596e+01 7.853981633974492782e-01
1.040959795349301498e+00 3.039231354173629995e+01 7.853981633974492782e-01
7.360811369363772227e-01 3.143767103863543966e+01 7.853981633974492782e-01
1.471104819176527467e+00 3.293567931895741907e+01 7.853981633974492782e-01
1.861533403864205738e+00 3.325190415697247204e+01 7.853981633974492782e-01
9.413677378328133560e-01 3.469024056963188940e+01 7.853981633974492782e-01
1.094239178920411781e+00 3.592819446168256547e+01 7.853981633974492782e-01
1.292396338140665346e+00 3.652375703805024187e+01 7.853981633974492782e-01
8.214470276712034780e-01 3.758793009000476104e+01 7.853981633974492782e-01
9.436107953971653028e-01 3.905260692981799764e+01 7.853981633974492782e-01
2.545427730293714497e+00 3.945568899937487117e+01 7.853981633974492782e-01
8.765072481788799275e-01 4.085469056214004269e+01 7.853981633974492782e-01
9.192729026247248303e-01 4.201174103650600955e+01 7.853981633974492782e-01
1.666128022082183469e+00 4.269576262244550691e+01 7.853981633974492782e-01
9.297125896084714736e-01 4.374637690772382825e+01 7.853981633974492782e-01
6.089223828873987499e-01 4.495739870736892385e+01 7.853981633974492782e-01
3.434499257319715060e+00 4.567815126276128268e+01 7.853981633974492782e-01
7.113199142701666089e-01 4.683612881956381102e+01 7.853981633974492782e-01
8.031006959595505812e-01 4.790818300807396213e+01 7.853981633974492782e-01
1.997443176899027950e+00 4.887412800641026678e+01 7.853981633974492782e-01
9.331015501122313927e-01 4.982920122888785386e+01 7.853981633974492782e-01
6.289610494308549571e-01 5.068843325663235078e+01 7.853981633974492782e-01
3.454888394576296040e+00 5.191621696317928780e+01 7.853981633974492782e-01
8.883078841032762130e-01 5.248460790045551505e+01 7.853981633974492782e-01
9.382523135579516893e-01 5.378265451589403767e+01 7.853981633974492782e-01
1.725505538396792327e+00 5.504801816637274925e+01 7.853981633974492782e-01
8.999576059783074289e-01 5.578716210335304737e+01 7.853981633974492782e-01
7.002258908537221105e-01 5.673335120810346410e+01 7.853981633974492782e-01
2.335757103028385906e+00 5.815540444973481726e+01 7.853981633974492782e-01
1.345036091350460206e+00 5.851079445082256569e+01 7.853981633974492782e-01
9.902104613328588378e-01 5.993012987233028355e+01 7.853981633974492782e-01
1.396550711356135954e+00 6.122351760925717912e+01 7.853981633974492782e-01
1.018431389582680424e+00 6.183971838440822211e+01 7.853981633974492782e-01
7.396324477713538403e-01 6.287329327126375489e+01 7.853981633974492782e-01
1.574474600851074602e+00 6.436628375892566112e+01 7.853981633974492782e-01
1.815274468234007399e+00 6.467858129921430077e+01 7.853981633974492782e-01
9.655902539729595002e-01 6.612325789221213768e+01 7.853981633974492782e-01
1.147970867967355479e+00 6.737668976656554776e+01 7.853981633974492782e-01
1.245943425790252412e+00 6.796523053154115246e+01 7.853981633974492782e-01
8.151691250650843212e-01 6.902725593799141279e+01 7.853981633974492782e-01
1.027480617967111209e+00 7.050597432032145662e+01 7.853981633974492782e-01
2.451060307323887244e+00 7.088195400485520281e+01 7.853981633974492782e-01
9.077634096742027703e-01 7.230044917001862359e+01 7.853981633974492782e-01
9.609395019140414274e-01 7.347946637072027443e+01 7.853981633974492782e-01
1.595217729082197167e+00 7.413284740100674242e+01 7.853981633974492782e-01
9.222167045406232111e-01 7.518946224183103766e+01 7.853981633974492782e-01
6.503972108896596271e-01 7.646277932233726915e+01 7.853981633974492782e-01
3.321061988571393009e+00 7.710300764660806294e+01 7.853981633974492782e-01
7.478731638749771538e-01 7.833879861165387126e+01 7.853981633974492782e-01
8.141230810256817607e-01 7.941239595688473685e+01 7.853981633974492782e-01
1.999276210384650199e+00 8.030770126907928841e+01 7.853981633974492782e-01
9.543263413443321408e-01 8.129168123364298992e+01 7.853981633974492782e-01
6.160349359640009403e-01 8.215792069229735262e+01 7.853981633974492782e-01
3.619569187158162560e+00 8.333693157290289832e+01 7.853981633974492782e-01
8.345666306214428731e-01 8.396115819123407675e+01 7.853981633974492782e-01
9.235134323507201426e-01 8.522882593017885711e+01 7.853981633974492782e-01
1.785001113857651367e+00 8.647846097651191144e+01 7.853981633974492782e-01
8.967649363063396883e-01 8.724319356815598780e+01 7.853981633974492782e-01
7.016160525566084161e-01 8.816780056508149244e+01 7.853981633974492782e-01
2.466492248841196666e+00 8.957745148049589545e+01 7.853981633974492782e-01
1.303345570015433941e+00 8.994366220919717136e+01 7.853981633974492782e-01
9.999218064398284200e-01 9.135837184556106649e+01 7.853981633974492782e-01
1.450914474527105424e+00 9.265696939037692914e+01 7.853981633974492782e-01
9.988811895216770376e-01 9.328431938817071511e+01 7.853981633974492782e-01
7.405240546188474049e-01 9.430654853851861219e+01 7.853981633974492782e-01
1.668348498515085376e+00 9.579417892467671436e+01 7.853981633974492782e-01
1.767206674997091609e+00 9.610508694541125863e+01 7.853981633974492782e-01
9.822753571835681763e-01 9.755286834599219503e+01 7.853981633974492782e-01
1.193056071839032617e+00 9.881786629907179531e+01 7.853981633974492782e-01
1.207131529609118736e+00 9.940382149539193790e+01 7.853981633974492782e-01
8.081535018565154660e-01 1.004628247639127636e+02 7.853981633974492782e-01
