1.286389878974012746e-01 2.645516218398508146e-01 2.356194490192261792e+00
1.678599559529131702e-01 1.632861303713939893e+00 2.356194490192261792e+00
2.082088393100935131e-01 2.278960654432824917e+00 2.356194490192261792e+00
1.310801575314266831e-01 3.312814769686045491e+00 2.356194490192261792e+00
1.626520945041295407e-01 4.260787644572644695e+00 2.356194490192261792e+00
1.530045499174099155e-01 5.274868502002206583e+00 2.356194490192261792e+00
1.664058725590630561e-01 6.174130937530737384e+00 2.356194490192261792e+00
1.138107702264455623e-01 7.466385020626161051e+00 2.356194490192261792e+00
2.348089500382062045e-01 8.329157270132235169e+00 2.356194490192261792e+00
1.386516406073925456e-01 9.142048659455127790e+00 2.356194490192261792e+00
1.576531563318062656e-01 1.022068734278496827e+01 2.356194490192261792e+00
1.490451736394162729e-01 1.114560635184685111e+01 2.356194490192261792e+00
1.773307936344589719e-01 1.214739329197764306e+01 2.356194490192261792e+00
1.082071221457193283e-01 1.315577282924813574e+01 2.356194490192261792e+00
2.071946095262223453e-01 1.438690749471542496e+01 2.356194490192261792e+00
1.773024140567450724e-01 1.503459462882412012e+01 2.356194490192261792e+00
1.398431387592680986e-01 1.614671175257271685e+01 2.356194490192261792e+00
1.578515362518118637e-01 1.704459822589823403e+01 2.356194490192261792e+00
1.630479248284288640e-01 1.808944896728317531e+01 2.356194490192261792e+00
1.435449940848196049e-01 1.896302322229995241e+01 2.356194490192261792e+00
1.447267615643348659e-01 2.034463810767534042e+01 2.356194490192261792e+00
2.227458859119998136e-01 2.103759222130882378e+01 2.356194490192261792e+00
1.301306200482994779e-01 2.199814212873590336e+01 2.356194490192261792e+00
1.628939467785558426e-01 2.299271368224265544e+01 2.356194490192261792e+00
1.496122257834600067e-01 2.397541982411008377e+01 2.356194490192261792e+00
1.743849692693774656e-01 2.491011359210748211e+01 2.356194490192261792e+00
1.052704043784972177e-01 2.610370546041444939e+01 2.356194490192261792e+00
2.314280063307797286e-01 2.710093053504822436e+01 2.356194490192261792e+00
1.496388955907094753e-01 2.783715355233724864e+01 2.356194490192261792e+00
1.518765987639265347e-01 2.894790916027485395e+01 2.356194490192261792e+00
1.514289815451883570e-01 2.984977277754020264e+01 2.356194490192261792e+00
1.737616386592673312e-01 3.087970927484944994e+01 2.356194490192261792e+00
1.183917728053083124e-01 3.181059852608946059e+01 2.356194490192261792e+00
1.856957527338219671e-01 3.313658520053273548e+01 2.356194490192261792e+00
1.952330867526367586e-01 3.377105498677506290e+01 2.356194490192261792e+00
1.339979315186197728e-01 3.484777642608040082e+01 2.356194490192261792e+00
1.611154798747658767e-01 3.576804161688431094e+01 2.356194490192261792e+00
1.568465611748607602e-01 3.680020193609970391e+01 2.356194490192261792e+00
1.576333015966632778e-01 3.768077247262289831e+01 2.356194490192261792e+00
1.249708513600097104e-01 3.902756562076865521e+01 2.356194490192261792e+00
2.321880797314094802e-01 3.980442103157750466e+01 2.356194490192261792e+00
1.332837931332121195e-01 4.068112928129860961e+01 2.356194490192261792e+00
1.607792074219032141e-01 4.172577493121041670e+01 2.356194490192261792e+00
1.484568943392821083e-01 4.267428452954051465e+01 2.356194490192261792e+00
1.777185904224963253e-01 4.364848912718605334e+01 2.356194490192261792e+00
1.042799997954121233e-01 4.473265212666295554e+01 2.356194490192261792e+00
2.202079159676403608e-01 4.586939144654380840e+01 2.356194490192261792e+00
1.644087463288700368e-01 4.654618164807710201e+01 2.356194490192261792e+00
1.450298507017798166e-01 4.766743468140604278e+01 2.356194490192261792e+00
1.549735849255635123e-01 4.856045835190116833e+01 2.356194490192261792e+00
1.679799366189614063e-01 4.960481744958112671e+01 2.356194490192261792e+00
1.322300661460501514e-01 5.049092381178892452e+01 2.356194490192261792e+00
1.620427284134670631e-01 5.186704941040836303e+01 2.356194490192261792e+00
2.121212321327710093e-01 5.252122516283355935e+01 2.356194490192261792e+00
1.305089286229139944e-01 5.353862710906300038e+01 2.356194490192261792e+00
1.629165191792558698e-01 5.449719343461155319e+01 2.356194490192261792e+00
1.519791268542070306e-01 5.550419949916641116e+01 2.356194490192261792e+00
1.687737029724916404e-01 5.641129034827167033e+01 2.356194490192261792e+00
1.110308417272250769e-01 5.768160606067026208e+01 2.356194490192261792e+00
2.347205369194740043e-01 5.857564001633365081e+01 2.356194490192261792e+00
1.409464560608147399e-01 5.936862098528244758e+01 2.356194490192261792e+00
1.563892457570953132e-01 6.045675792444120589e+01 2.356194490192261792e+00
1.494782247716581192e-01 6.137498151310733618e+01 2.356194490192261792e+00
1.767398210048708174e-01 6.238472029949470254e+01 2.356194490192261792e+00
1.102360057348884398e-01 6.337134322751222015e+01 2.356194490192261792e+00
2.022963969340282053e-01 6.462935497675492513e+01 2.356194490192261792e+00
1.816669188530185275e-01 6.527098723821873705e+01 2.356194490192261792e+00
1.382627065903004604e-01 6.637685596155607470e+01 2.356194490192261792e+00
1.587392191129156360e-01 6.727856920535977281e+01 2.356194490192261792e+00
1.614572543428340057e-01 6.832165874057862709e+01 2.356194490192261792e+00
1.471631840380031864e-01 6.919468632535657093e+01 2.356194490192261792e+00
1.394680733423347141e-01 7.057209287019790622e+01 2.356194490192261792e+00
2.256099222763073564e-01 7.128219568042078436e+01 2.356194490192261792e+00
1.304990358356877267e-01 7.222279258401634650e+01 2.356194490192261792e+00
1.625986107210021236e-01 7.322967947860858828e+01 2.356194490192261792e+00
1.491177860053728987e-01 7.420401678430074810e+01 2.356194490192261792e+00
1.756328455800921784e-01 7.514833838479040651e+01 2.356194490192261792e+00
1.043341192718956062e-01 7.631521891149337478e+01 2.356194490192261792e+00
2.293821326851402942e-01 7.734704561109137444e+01 2.356194490192261792e+00
1.529455755738960698e-01 7.806681429107337067e+01 2.356194490192261792e+00
1.502587533531293540e-01 7.918236666986896921e+01 2.356194490192261792e+00
1.522230176643515898e-01 8.008058186118543631e+01 2.356194490192261792e+00
1.724931676570045369e-01 8.111544355046447663e+01 2.356194490192261792e+00
1.215379548382938962e-01 8.203225810509159999e+01 2.356194490192261792e+00
1.799790682940597131e-01 8.337492717493309158e+01 2.356194490192261792e+00
1.995552387209446055e-01 8.401102737721294034e+01 2.356194490192261792e+00
1.328781317383160299e-01 8.507524741306663429e+01 2.356194490192261792e+00
1.617227024800357849e-01 8.600358608924035764e+01 2.356194490192261792e+00
1.554984076760449752e-01 8.703057919020452005e+01 2.356194490192261792e+00
1.607010223317622832e-01 8.791617138238297002e+01 2.356194490192261792e+00
1.209453424546846761e-01 8.924767392839683566e+01 2.356194490192261792e+00
2.335012809313661564e-01 9.005046605576769991e+01 2.356194490192261792e+00
1.347397140427827045e-01 9.090623950670612885e+01 2.356194490192261792e+00
1.599013232755942537e-01 9.196253705414956414e+01 2.356194490192261792e+00
1.485168741228157230e-01 9.290300919360170440e+01 2.356194490192261792e+00
1.778471738442603811e-01 9.388656487400240280e+01 2.356194490192261792e+00
1.051428221945543834e-01 9.494496237257516214e+01 2.356194490192261792e+00
2.163692842723719534e-01 9.611393154771678837e+01 2.356194490192261792e+00
1.684681713264085667e-01 9.677963832765901486e+01 2.356194490192261792e+00
1.433163899669703256e-01 9.789959802203667039e+01 2.356194490192261792e+00
