6.888999999999999568e-01 0.000000000000000000e+00 0.000000000000000000e+00
1.235947188672768204e+00 1.308248840655420464e+00 6.284930636431253603e+00
1.662798024330195412e+00 1.715144599759204302e+00 6.284930636431253603e+00
9.208172727801452462e-01 3.092585382212278411e+00 6.284930636431253603e+00
1.257962385901584712e+00 4.444918731591301686e+00 6.284930636431253603e+00
1.755251219538467744e+00 4.861246055936310206e+00 6.284930636431253603e+00
7.063706855758299374e-01 6.133291696021057504e+00 6.284930636431253603e+00
8.769367886381643773e-01 7.387052112626665945e+00 6.284930636431253603e+00
2.215012550468829389e+00 7.911025476520588740e+00 6.284930636431253603e+00
8.735758241962198190e-01 9.251284478695303903e+00 6.284930636431253603e+00
9.300823425089783658e-01 1.051848210498067004e+01 6.284930636431253603e+00
2.489142987171630406e+00 1.107360731333809234e+01 6.284930636431253603e+00
7.323869804462318500e-01 1.224849657034958206e+01 6.284930636431253603e+00
6.957487922703278205e-01 1.329196939331588823e+01 6.284930636431253603e+00
2.854385758777888249e+00 1.412625338808313913e+01 6.284930636431253603e+00
7.257499152199122783e-01 1.519862165106573215e+01 6.284930636431253603e+00
7.175029168851361216e-01 1.631573468442259056e+01 6.284930636431253603e+00
2.933531586215818443e+00 1.729999383290520854e+01 6.284930636431253603e+00
6.959408542039202672e-01 1.820093720441740359e+01 6.284930636431253603e+00
7.389923746203019839e-01 1.919609573082269094e+01 6.284930636431253603e+00
2.634231354562235339e+00 2.035081875936371532e+01 6.284930636431253603e+00
8.962558443252316431e-01 2.093892448793906169e+01 6.284930636431253603e+00
8.692622919409315196e-01 2.218871671611599794e+01 6.284930636431253603e+00
2.352505867033594100e+00 2.351773810923247510e+01 6.284930636431253603e+00
8.396583619198030313e-01 2.407589441511141004e+01 6.284930636431253603e+00
7.229606109446673479e-01 2.530172625229448613e+01 6.284930636431253603e+00
1.859331440508398048e+00 2.656602554030407504e+01 6.284930636431253603e+00
1.226527820635920918e+00 2.698944963384249363e+01 6.284930636431253603e+00
9.319393547797297783e-01 2.833803524534038942e+01 6.284930636431253603e+00
1.768339373702227491e+00 2.971979048087724351e+01 6.284930636431253603e+00
1.167925124010165350e+00 3.013586720517691475e+01 6.284930636431253603e+00
6.952412334063822197e-01 3.144201316237840160e+01 6.284930636431253603e+00
1.317277853707118807e+00 3.274803156741826626e+01 6.284930636431253603e+00
1.597675463034821330e+00 3.314770906585321342e+01 6.284930636431253603e+00
9.311550901447658291e-01 3.452678094451334090e+01 6.284930636431253603e+00
1.336181887056577144e+00 3.588978353854793113e+01 6.284930636431253603e+00
1.649038276230307742e+00 3.629453497127619954e+01 6.284930636431253603e+00
7.054004792291899140e-01 3.757800084439445953e+01 6.284930636431253603e+00
9.338081501253133743e-01 3.884991255354984929e+01 6.284930636431253603e+00
2.115322380975444450e+00 3.934043549650196780e+01 6.284930636431253603e+00
8.953485561765248679e-01 4.069796084861346230e+01 6.284930636431253603e+00
9.962200163706591560e-01 4.198993100230639186e+01 6.284930636431253603e+00
2.340936059847900097e+00 4.250157998759918598e+01 6.284930636431253603e+00
7.349312470999604940e-01 4.370368641628240880e+01 6.284930636431253603e+00
7.110976757954410310e-01 4.479141298342155864e+01 6.284930636431253603e+00
2.768677120989012863e+00 4.555354118763629145e+01 6.284930636431253603e+00
7.521120634709376196e-01 4.671103605222199917e+01 6.284930636431253603e+00
7.289861075833671267e-01 4.784463507612009181e+01 6.284930636431253603e+00
2.984713419751660268e+00 4.872620250724040858e+01 6.284930636431253603e+00
7.045584276627021580e-01 4.969567542369867397e+01 6.284930636431253603e+00
7.399529306875080037e-01 5.064764645122150455e+01 6.284930636431253603e+00
2.776115587021369624e+00 5.177517564789572901e+01 6.284930636431253603e+00
8.580954514156732271e-01 5.240560143383127922e+01 6.284930636431253603e+00
8.568844001868729521e-01 5.363366684540798701e+01 6.284930636431253603e+00
2.480052105194920919e+00 5.494457312475231703e+01 6.284930636431253603e+00
8.082619611201373733e-01 5.553896096988595588e+01 6.284930636431253603e+00
7.381345231217620872e-01 5.673374175710099365e+01 6.284930636431253603e+00
1.958292648749570208e+00 5.799094483178793524e+01 6.284930636431253603e+00
1.203732802204596775e+00 5.842107821641907606e+01 6.284930636431253603e+00
9.453789546503427177e-01 5.976657605792170358e+01 6.284930636431253603e+00
1.881184536037655786e+00 6.115236267013963811e+01 6.284930636431253603e+00
1.113099157856908050e+00 6.157997602597595233e+01 6.284930636431253603e+00
7.086572245563880212e-01 6.287909441842774783e+01 6.284930636431253603e+00
1.394876106959660689e+00 6.418136265362974768e+01 6.284930636431253603e+00
1.563243047857464596e+00 6.457609467317305985e+01 6.284930636431253603e+00
9.505231587162163986e-01 6.595874150354956100e+01 6.284930636431253603e+00
1.430427730245783513e+00 6.733348705120445743e+01 6.284930636431253603e+00
1.557935987793113375e+00 6.772954016766007612e+01 6.284930636431253603e+00
7.116526241045427748e-01 6.902199641301979227e+01 6.284930636431253603e+00
9.950061323378583955e-01 7.030422603761813605e+01 6.284930636431253603e+00
2.045208402546422111e+00 7.076848935825120179e+01 6.284930636431253603e+00
9.213233421410834678e-01 7.214103520844838613e+01 6.284930636431253603e+00
1.073983814286940897e+00 7.345643326348692881e+01 6.284930636431253603e+00
2.204927769690366191e+00 7.393068938806116819e+01 6.284930636431253603e+00
7.402865624330035033e-01 7.515652028493012438e+01 6.284930636431253603e+00
7.375426316400423010e-01 7.628168714677504170e+01 6.284930636431253603e+00
2.687365917796402659e+00 7.698030449517085572e+01 6.284930636431253603e+00
7.880707656965478813e-01 7.820395791967391119e+01 6.284930636431253603e+00
7.596902030983434528e-01 7.936538499108606004e+01 6.284930636431253603e+00
2.983670094332314893e+00 8.015165340397466309e+01 6.284930636431253603e+00
7.183441547536567606e-01 8.118079840966836969e+01 6.284930636431253603e+00
7.355091168669753987e-01 8.210492055010112722e+01 6.284930636431253603e+00
2.895690082556219291e+00 8.319925005069184465e+01 6.284930636431253603e+00
8.191096760628832074e-01 8.388148695181526193e+01 6.284930636431253603e+00
8.366911891334239959e-01 8.508473347626960503e+01 6.284930636431253603e+00
2.589356279373141501e+00 8.637001970169910692e+01 6.284930636431253603e+00
7.804242257849308695e-01 8.700302668366359171e+01 6.284930636431253603e+00
7.483082423764074731e-01 8.816654450999125459e+01 6.284930636431253603e+00
2.054879054825192952e+00 8.941561291850166526e+01 6.284930636431253603e+00
1.172570362433208668e+00 8.985555628537413497e+01 6.284930636431253603e+00
9.506226622077906807e-01 9.119504830428395792e+01 6.284930636431253603e+00
1.977108243463467252e+00 9.258144797351698685e+01 6.284930636431253603e+00
1.065435005345511943e+00 9.302256607322998150e+01 6.284930636431253603e+00
7.184367297785895223e-01 9.431312882142181309e+01 6.284930636431253603e+00
1.465038267653609783e+00 9.561178461456879063e+01 6.284930636431253603e+00
1.527119600549238010e+00 9.600414163052630556e+01 6.284930636431253603e+00
9.629763688138113231e-01 9.738770319361807992e+01 6.284930636431253603e+00
1.510110370129018609e+00 9.877039536238947903e+01 6.284930636431253603e+00
1.481834953877646521e+00 9.916297644407076461e+01 6.284930636431253603e+00
7.155801118605567002e-01 1.004608458310003130e+02 6.284930636431253603e+00
1.050757314182168223e+00 1.017504150404059118e+02 6.284930636431253603e+00
1.980628512793848772e+00 1.021955268356420561e+02 6.284930636431253603e+00
9.394267900987438580e-01 1.035773217050735440e+02 6.284930636431253603e+00
1.142018012730631416e+00 1.049099414906402643e+02 6.284930636431253603e+00
2.086435088272389660e+00 1.053587903418364959e+02 6.284930636431253603e+00
7.419833064186761584e-01 1.066014733067702167e+02 6.284930636431253603e+00
7.679359473729923113e-01 1.077595193777573286e+02 6.284930636431253603e+00
2.600250975225104622e+00 1.084062677975538378e+02 6.284930636431253603e+00
8.221315577936245678e-01 1.096766486845346549e+02 6.284930636431253603e+00
8.003679437890077741e-01 1.108685943624240196e+02 6.284930636431253603e+00
2.919908007082841372e+00 1.115765425906789261e+02 6.284930636431253603e+00
7.304993361284941589e-01 1.126543706108522542e+02 6.284930636431253603e+00
7.233751621407368271e-01 1.135754210945385267e+02 6.284930636431253603e+00
2.974561106961957968e+00 1.146241017198008620e+02 6.284930636431253603e+00
7.754464657216791901e-01 1.153792533203773019e+02 6.284930636431253603e+00
8.034616701279380102e-01 1.165519149511368084e+02 6.284930636431253603e+00
2.677081377428126352e+00 1.177956354974179618e+02 6.284930636431253603e+00
7.498410383995504080e-01 1.184767723485388018e+02 6.284930636431253603e+00
7.484624459605494495e-01 1.196082551150992543e+02 6.284930636431253603e+00
2.168080860030340062e+00 1.208431298256353443e+02 6.284930636431253603e+00
1.110608647192600440e+00 1.213040845879212384e+02 6.284930636431253603e+00
9.369873987934191906e-01 1.226289327763909824e+02 6.284930636431253603e+00
2.046059034899279538e+00 1.240084025952945126e+02 6.284930636431253603e+00
1.012729749615014940e+00 1.244670472715768312e+02 6.284930636431253603e+00
7.174428598584557948e-01 1.257499841916123700e+02 6.284930636431253603e+00
1.538000271869292890e+00 1.270441638222380476e+02 6.284930636431253603e+00
1.458330845247589602e+00 1.274383936478938892e+02 6.284930636431253603e+00
9.563116368224097164e-01 1.288161806829145064e+02 6.284930636431253603e+00
1.555545155198624130e+00 1.301999462943781509e+02 6.284930636431253603e+00
1.412114921173819093e+00 1.305938316023126617e+02 6.284930636431253603e+00
7.091721204820203850e-01 1.318954690707224984e+02 6.284930636431253603e+00
1.099361366352183067e+00 1.331930397474266954e+02 6.284930636431253603e+00
1.893744449944928965e+00 1.336239045913490884e+02 6.284930636431253603e+00
9.393486746586533487e-01 1.350071715118678242e+02 6.284930636431253603e+00
1.180860425567368477e+00 1.363481044110212679e+02 6.284930636431253603e+00
1.986205646814232839e+00 1.367840902014672224e+02 6.284930636431253603e+00
7.343396484922801726e-01 1.380366249794805640e+02 6.284930636431253603e+00
7.959867367903679103e-01 1.392258968287748644e+02 6.284930636431253603e+00
2.494822081350884790e+00 1.398317557191792275e+02 6.284930636431253603e+00
8.443779411989549288e-01 1.411313021908841563e+02 6.284930636431253603e+00
8.384677418089789835e-01 1.423489892937992352e+02 6.284930636431253603e+00
2.809428149147148446e+00 1.430005902022228383e+02 6.284930636431253603e+00
7.356686510327394846e-01 1.441141981330455053e+02 6.284930636431253603e+00
7.079550168754186190e-01 1.450582976276931504e+02 6.284930636431253603e+00
2.991494025064238116e+00 1.460495158868956480e+02 6.284930636431253603e+00
7.384840435846414808e-01 1.468968865206945793e+02 6.284930636431253603e+00
7.649996213192183925e-01 1.480390964993945602e+02 6.284930636431253603e+00
2.754738106785525886e+00 1.492220651551345441e+02 6.284930636431253603e+00
7.209115738133422546e-01 1.499631944930655720e+02 6.284930636431253603e+00
7.428026938921189481e-01 1.510589363231026709e+02 6.284930636431253603e+00
2.301049958380166682e+00 1.522723750397337028e+02 6.284930636431253603e+00
1.031523525426347954e+00 1.527670431707400667e+02 6.284930636431253603e+00
9.116653519122706051e-01 1.540698011675421242e+02 6.284930636431253603e+00
2.111513908594620403e+00 1.554358062582577702e+02 6.284930636431253603e+00
9.531940967642621443e-01 1.559184512310000059e+02 6.284930636431253603e+00
7.113464865670882098e-01 1.571920971929028781e+02 6.284930636431253603e+00
1.624348108315027073e+00 1.584787462441023251e+02 6.284930636431253603e+00
1.367336223650870375e+00 1.588799960419673880e+02 6.284930636431253603e+00
9.385855231057244064e-01 1.602471165887417897e+02 6.284930636431253603e+00
1.589543915291927068e+00 1.616280282468632663e+02 6.284930636431253603e+00
1.337085261273590620e+00 1.620261663821092668e+02 6.284930636431253603e+00
6.967112741928133124e-01 1.633315861114882068e+02 6.284930636431253603e+00
1.151585090237783549e+00 1.646365236298769048e+02 6.284930636431253603e+00
1.785814363219335066e+00 1.650555295961969478e+02 6.284930636431253603e+00
9.277691137449909364e-01 1.664356509371906441e+02 6.284930636431253603e+00
1.204661706914764263e+00 1.677803880744660887e+02 6.284930636431253603e+00
1.887884821534441926e+00 1.682087453600309175e+02 6.284930636431253603e+00
7.201348656626713751e-01 1.694687385806423379e+02 6.284930636431253603e+00
8.254734035305567597e-01 1.706891076562937144e+02 6.284930636431253603e+00
2.369791563157055414e+00 1.712582415923353381e+02 6.284930636431253603e+00
8.570193570805931804e-01 1.725773091175090599e+02 6.284930636431253603e+00
8.737428232780789505e-01 1.738167506042050263e+02 6.284930636431253603e+00
2.673036512250706043e+00 1.744245489322674700e+02 6.284930636431253603e+00
7.345745591897322457e-01 1.755662396028721730e+02 6.284930636431253603e+00
6.960708700683909678e-01 1.765511046312220174e+02 6.284930636431253603e+00
2.950437236762426974e+00 1.774755505477428130e+02 6.284930636431253603e+00
7.192142150174168913e-01 1.784251503059573736e+02 6.284930636431253603e+00
7.332892940252458969e-01 1.795459949078702664e+02 6.284930636431253603e+00
2.835742349223292269e+00 1.806491700184356546e+02 6.284930636431253603e+00
7.012848303522254412e-01 1.814599833728582610e+02 6.284930636431253603e+00
7.385631942994511645e-01 1.825134310581796342e+02 6.284930636431253603e+00
2.447916000455949259e+00 1.837009242586179596e+02 6.284930636431253603e+00
9.596949302367787649e-01 1.842370170091070065e+02 6.284930636431253603e+00
8.880271491580908894e-01 1.855151585296333678e+02 6.284930636431253603e+00
2.202624482243647819e+00 1.868647346023209366e+02 6.284930636431253603e+00
8.950607601939346569e-01 1.873787201807398617e+02 6.284930636431253603e+00
7.106351310391325615e-01 1.886362269938390170e+02 6.284930636431253603e+00
1.726703386651035954e+00 1.899124634226278090e+02 6.284930636431253603e+00
1.285679971374090735e+00 1.903241799007812176e+02 6.284930636431253603e+00
9.267276727790716429e-01 1.916806901071914808e+02 6.284930636431253603e+00
1.648637595611219142e+00 1.930598538632397663e+02 6.284930636431253603e+00
1.256200988444624134e+00 1.934645041997925148e+02 6.284930636431253603e+00
6.891009190822733332e-01 1.947727240280518970e+02 6.284930636431253603e+00
1.218882141635220906e+00 1.960809495609649957e+02 6.284930636431253603e+00
1.682286208214728296e+00 1.964897916678496586e+02 6.284930636431253603e+00
9.205939443069333095e-01 1.978673644594846905e+02 6.284930636431253603e+00
1.244810716390459371e+00 1.992178392229687631e+02 6.284930636431253603e+00
1.779815860730418198e+00 1.996366831744968522e+02 6.284930636431253603e+00
7.079792506693320941e-01 2.009062442074973092e+02 6.284930636431253603e+00
8.659560238909280727e-01 2.021547251825869580e+02 6.284930636431253603e+00
2.241306811457487225e+00 2.026867708268062813e+02 6.284930636431253603e+00
8.698682339199648172e-01 2.040231691875174818e+02 6.284930636431253603e+00
9.179803303278248894e-01 2.052850706098636522e+02 6.284930636431253603e+00
2.522871689880990420e+00 2.058499591179409549e+02 6.284930636431253603e+00
7.324599058869898371e-01 2.070187367879541114e+02 6.284930636431253603e+00
6.942759227590808990e-01 2.080516237635882533e+02 6.284930636431253603e+00
2.873519349089209030e+00 2.089024776115599593e+02 6.284930636431253603e+00
7.221729769417682965e-01 2.099537035241305318e+02 6.284930636431253603e+00
7.179875808215262500e-01 2.110694101115687431e+02 6.284930636431253603e+00
2.917445922841534589e+00 2.120763334604912984e+02 6.284930636431253603e+00
6.953964442785396383e-01 2.129611541770355814e+02 6.284930636431253603e+00
7.386132760945929299e-01 2.139668946518715700e+02 6.284930636431253603e+00
2.600896984803603651e+00 2.151274973710532379e+02 6.284930636431253603e+00
9.058918108243546596e-01 2.157063501386402891e+02 6.284930636431253603e+00
8.719937393066122810e-01 2.169610373303480344e+02 6.284930636431253603e+00
2.323622841075128509e+00 2.182937808553898833e+02 6.284930636431253603e+00
8.480946469130699050e-01 2.188438189084994292e+02 6.284930636431253603e+00
7.198527577140451106e-01 2.200761573811104199e+02 6.284930636431253603e+00
1.835894382168608452e+00 2.213423278762564905e+02 6.284930636431253603e+00
1.233794144000368798e+00 2.217639753036272907e+02 6.284930636431253603e+00
9.295381428013217429e-01 2.231135178072658505e+02 6.284930636431253603e+00
1.743862164300477691e+00 2.244944567676871259e+02 6.284930636431253603e+00
1.182169570490414046e+00 2.249082053791716191e+02 6.284930636431253603e+00
6.929274843006291151e-01 2.262153225314927170e+02 6.284930636431253603e+00
1.299147770666778667e+00 2.275220700096838300e+02 6.284930636431253603e+00
1.608815541956635009e+00 2.279231329730704658e+02 6.284930636431253603e+00
9.276800974446501868e-01 2.293015651170280478e+02 6.284930636431253603e+00
1.316612457263003133e+00 2.306619656703070405e+02 6.284930636431253603e+00
1.671471718632331127e+00 2.310691700806130768e+02 6.284930636431253603e+00
7.047679177006733742e-01 2.323502034672997922e+02 6.284930636431253603e+00
9.204538184111327181e-01 2.336188946983041035e+02 6.284930636431253603e+00
2.134474967064595941e+00 2.341162701343992012e+02 6.284930636431253603e+00
8.898860535292582030e-01 2.354700582713548442e+02 6.284930636431253603e+00
9.800973437036585301e-01 2.367565111719299580e+02 6.284930636431253603e+00
2.372884837045151851e+00 2.372775071395352029e+02 6.284930636431253603e+00
7.339795229338453852e-01 2.384737476452073111e+02 6.284930636431253603e+00
7.065523531184260131e-01 2.395522820907577000e+02 6.284930636431253603e+00
2.787201447993750136e+00 2.403297977870248872e+02 6.284930636431253603e+00
7.450921435503686796e-01 2.414700418123728696e+02 6.284930636431253603e+00
7.245872345179937835e-01 2.425987417916277877e+02 6.284930636431253603e+00
2.977144770892441450e+00 2.435027502579337408e+02 6.284930636431253603e+00
7.019675957301918512e-01 2.444577626137561310e+02 6.284930636431253603e+00
7.400201624279769685e-01 2.454183429036243069e+02 6.284930636431253603e+00
2.746232891249889008e+00 2.465521368037223624e+02 6.284930636431253603e+00
8.661884255431591129e-01 2.471728562339973791e+02 6.284930636431253603e+00
8.599344864102852481e-01 2.484058065033691207e+02 6.284930636431253603e+00
2.452893554812586974e+00 2.497210723731504629e+02 6.284930636431253603e+00
8.145386031210768429e-01 2.503074499259671484e+02 6.284930636431253603e+00
7.348917819304828791e-01 2.515091990187509623e+02 6.284930636431253603e+00
1.937216147171100467e+00 2.527678779554642006e+02 6.284930636431253603e+00
1.208267801140091136e+00 2.531965579466955489e+02 6.284930636431253603e+00
9.425074708166292226e-01 2.545427313584356739e+02 6.284930636431253603e+00
1.856754339276111665e+00 2.559277207571003316e+02 6.284930636431253603e+00
1.124148187907175522e+00 2.563526446516568740e+02 6.284930636431253603e+00
7.055894574575033440e-01 2.576535937971931958e+02 6.284930636431253603e+00
1.378473692619919033e+00 2.589566981424494543e+02 6.284930636431253603e+00
1.569556954302095964e+00 2.593523409961246102e+02 6.284930636431253603e+00
9.461839909775469071e-01 2.607342312023882869e+02 6.284930636431253603e+00
1.409632724858704389e+00 2.621065218031176869e+02 6.284930636431253603e+00
1.576659920091294964e+00 2.625040873231594105e+02 6.284930636431253603e+00
7.100680885372787632e-01 2.637948818355909566e+02 6.284930636431253603e+00
9.816424609368712417e-01 2.650752735823404009e+02 6.284930636431253603e+00
2.059105314112175567e+00 2.655446902485441001e+02 6.284930636431253603e+00
9.157345818438504814e-01 2.669142766021185480e+02 6.284930636431253603e+00
1.056660631278256934e+00 2.682248406538248560e+02 6.284930636431253603e+00
2.233749765402579524e+00 2.687065088248976394e+02 6.284930636431253603e+00
7.391405644512621942e-01 2.699275857361158160e+02 6.284930636431253603e+00
7.310536211464692125e-01 2.710449615803102006e+02 6.284930636431253603e+00
2.705356281625657111e+00 2.717567135798769300e+02 6.284930636431253603e+00
7.798295200349149026e-01 2.729673790385002121e+02 6.284930636431253603e+00
7.515976163066183657e-01 2.741220827501887243e+02 6.284930636431253603e+00
2.989315894776221505e+00 2.749283335579872301e+02 6.284930636431253603e+00
7.151919395666616053e-01 2.759451004417497302e+02 6.284930636431253603e+00
7.371809310655590419e-01 2.768735295473956626e+02 6.284930636431253603e+00
2.871842527639932197e+00 2.779761373043188541e+02 6.284930636431253603e+00
8.282928649499673446e-01 2.786453559062282466e+02 6.284930636431253603e+00
8.422952047571180545e-01 2.798546176279588735e+02 6.284930636431253603e+00
2.567195113019686836e+00 2.811466915557362540e+02 6.284930636431253603e+00
7.867638656990681989e-01 2.817705610848185529e+02 6.284930636431253603e+00
7.468826143281186436e-01 2.829409816250915242e+02 6.284930636431253603e+00
2.032620536627800956e+00 2.841922261670149510e+02 6.284930636431253603e+00
1.181849564086803417e+00 2.846292655614034857e+02 6.284930636431253603e+00
9.509658732573876838e-01 2.859707120175049795e+02 6.284930636431253603e+00
1.958384689951189195e+00 2.873575470499586118e+02 6.284930636431253603e+00
1.076085022395214530e+00 2.877954248688690200e+02 6.284930636431253603e+00
7.171275079814706244e-01 2.890878218773046910e+02 6.284930636431253603e+00
1.449744456149525629e+00 2.903872766150676057e+02 6.284930636431253603e+00
1.537340967080347731e+00 2.907798609164249797e+02 6.284930636431253603e+00
9.617002472001174862e-01 2.921637243329165017e+02 6.284930636431253603e+00
1.495301860477421529e+00 2.935452249597900050e+02 6.284930636431253603e+00
1.497708652865734180e+00 2.939381080328681151e+02 6.284930636431253603e+00
7.154691213787016668e-01 2.952350137304010218e+02 6.284930636431253603e+00
1.039181947420990904e+00 2.965229620425718053e+02 6.284930636431253603e+00
1.996153497748645922e+00 2.969717932377726015e+02 6.284930636431253603e+00
9.368243008065422206e-01 2.983522092579108858e+02 6.284930636431253603e+00
1.129162195010158021e+00 2.996817876998901511e+02 6.284930636431253603e+00
2.110868731915914509e+00 3.001350616386401953e+02 6.284930636431253603e+00
7.423099164987281284e-01 3.013746960435449864e+02 6.284930636431253603e+00
7.612928340112925518e-01 3.025257058903404754e+02 6.284930636431253603e+00
2.620772477495316277e+00 3.031828608519288650e+02 6.284930636431253603e+00
8.153936934406350590e-01 3.044445715791945872e+02 6.284930636431253603e+00
7.912118310130501486e-01 3.056300049083077965e+02 6.284930636431253603e+00
2.938961990290932302e+00 3.063533689408646410e+02 6.284930636431253603e+00
7.282883145432648142e-01 3.074215467210160568e+02 6.284930636431253603e+00
7.265799737104281508e-01 3.083408717783348720e+02 6.284930636431253603e+00
2.961963076778296067e+00 3.094008059744807042e+02 6.284930636431253603e+00
7.850532568507287978e-01 3.101378511781445582e+02 6.284930636431253603e+00
8.117099608355706764e-01 3.113175975861584561e+02 6.284930636431253603e+00
2.659064187700307169e+00 3.125721672832244735e+02 6.284930636431253603e+00
7.567571486713602358e-01 3.132415934819100585e+02 6.284930636431253603e+00
7.491965204046222571e-01 3.143803797368516371e+02 6.284930636431253603e+00
2.141111938058950059e+00 3.156190640328401287e+02 6.284930636431253603e+00
1.126760340083281298e+00 3.160741819407813296e+02 6.284930636431253603e+00
9.415110202151751873e-01 3.174030690901701632e+02 6.284930636431253603e+00
2.032300463464171258e+00 3.187847505129818728e+02 6.284930636431253603e+00
1.025141753806693368e+00 3.192390276252354511e+02 6.284930636431253603e+00
7.184816986957069940e-01 3.205236275236613324e+02 6.284930636431253603e+00
1.520948285114002374e+00 3.218189987675013981e+02 6.284930636431253603e+00
1.476506330207756124e+00 3.222123661746252878e+02 6.284930636431253603e+00
9.593289897973639180e-01 3.235920113059776213e+02 6.284930636431253603e+00
1.547873673912520953e+00 3.249760646747476471e+02 6.284930636431253603e+00
1.427677500379304742e+00 3.253693467211330130e+02 6.284930636431253603e+00
7.114624967739531236e-01 3.266701701809718656e+02 6.284930636431253603e+00
1.088797146618645462e+00 3.279659040006981172e+02 6.284930636431253603e+00
1.915405510340129291e+00 3.283996473092212227e+02 6.284930636431253603e+00
9.408717436053883887e-01 3.297831727782507301e+02 6.284930636431253603e+00
1.174621141725050721e+00 3.311229052574707907e+02 6.284930636431253603e+00
2.007486949022107225e+00 3.315609567866392240e+02 6.284930636431253603e+00
7.368431840199254346e-01 3.328117233867538403e+02 6.284930636431253603e+00
7.899660025629604565e-01 3.339940908759932654e+02 6.284930636431253603e+00
2.520079777919236541e+00 3.346083596927450117e+02 6.284930636431253603e+00
8.405682956146662832e-01 3.359026163830865244e+02 6.284930636431253603e+00
8.305565424473205782e-01 3.371151094748358332e+02 6.284930636431253603e+00
2.836647953602735583e+00 3.377775956696895605e+02 6.284930636431253603e+00
7.351993298715419067e-01 3.388842301860561861e+02 6.284930636431253603e+00
7.113017489773054702e-01 3.398213320271415796e+02 6.284930636431253603e+00
2.993308869135545613e+00 3.408261213699909717e+02 6.284930636431253603e+00
7.454161054713490664e-01 3.416518872342614941e+02 6.284930636431253603e+00
7.733195545926287995e-01 3.428003500639576373e+02 6.284930636431253603e+00
2.737607563322754345e+00 3.439984158066718010e+02 6.284930636431253603e+00
7.267515231466119552e-01 3.447253214086218804e+02 6.284930636431253603e+00
7.441508803011902540e-01 3.458294600335664768e+02 6.284930636431253603e+00
2.270231989894162528e+00 3.470481612178289197e+02 6.284930636431253603e+00
1.049100935009487756e+00 3.475344749820382049e+02 6.284930636431253603e+00
9.175254916639674629e-01 3.488425109999881784e+02 6.284930636431253603e+00
2.095578067290321922e+00 3.502118748297381785e+02 6.284930636431253603e+00
9.666255330859376826e-01 3.506885639880127883e+02 6.284930636431253603e+00
7.125539001763065983e-01 3.519646834223115661e+02 6.284930636431253603e+00
1.603796929243201719e+00 3.532533132585836597e+02 6.284930636431253603e+00
1.387735714539642506e+00 3.536526075658757691e+02 6.284930636431253603e+00
9.425428308495786833e-01 3.550222552568828291e+02 6.284930636431253603e+00
1.580894532575272793e+00 3.564038550513437258e+02 6.284930636431253603e+00
1.354449130460328998e+00 3.568008619760711326e+02 6.284930636431253603e+00
6.994226265159058098e-01 3.581054497366241662e+02 6.284930636431253603e+00
1.138986578417735540e+00 3.594090041982368007e+02 6.284930636431253603e+00
1.810371589945763526e+00 3.598305016450603944e+02 6.284930636431253603e+00
9.304917334323083988e-01 3.612114318588191963e+02 6.284930636431253603e+00
1.198989160324018588e+00 3.625553422112980684e+02 6.284930636431253603e+00
1.910428800910973335e+00 3.629853919339134336e+02 6.284930636431253603e+00
7.234252825966765998e-01 3.642436536821413142e+02 6.284930636431253603e+00
8.183034986234657415e-01 3.654572210639994410e+02 6.284930636431253603e+00
2.398595674191172034e+00 3.660344810175812427e+02 6.284930636431253603e+00
8.545543596023739141e-01 3.673496000900560716e+02 6.284930636431253603e+00
8.656218208537470593e-01 3.685843029442519310e+02 6.284930636431253603e+00
2.704837301764111412e+00 3.692014394248139979e+02 6.284930636431253603e+00
7.351102746578032088e-01 3.703371672352281507e+02 6.284930636431253603e+00
6.980520531807592466e-01 3.713120134427193761e+02 6.284930636431253603e+00
2.963532348963364704e+00 3.722519804456462111e+02 6.284930636431253603e+00
7.216317082231821223e-01 3.731785682387117618e+02 6.284930636431253603e+00
7.391972252271220567e-01 3.743029519495419777e+02 6.284930636431253603e+00
2.817264546965377203e+00 3.754254033603059497e+02 6.284930636431253603e+00
7.045278205285533391e-01 3.762201507535399969e+02 6.284930636431253603e+00
7.391333081391500137e-01 3.772835851720883511e+02 6.284930636431253603e+00
2.414483201460528861e+00 3.784770182761544106e+02 6.284930636431253603e+00
9.741744316475796639e-01 3.790036154523658638e+02 6.284930636431253603e+00
8.926550978104133005e-01 3.802872013412198839e+02 6.284930636431253603e+00
2.179510099652703481e+00 3.816405103873576081e+02 6.284930636431253603e+00
9.072585818174268013e-01 3.821469911546132039e+02 6.284930636431253603e+00
7.099557771208496737e-01 3.834088662863032368e+02 6.284930636431253603e+00
1.702914571988578984e+00 3.846875167392418007e+02 6.284930636431253603e+00
1.301602578385084419e+00 3.850968040969674462e+02 6.284930636431253603e+00
9.281975044957258003e-01 3.864554344536378494e+02 6.284930636431253603e+00
1.632284299532771987e+00 3.878347108220690984e+02 6.284930636431253603e+00
1.274063151351809253e+00 3.882377031075608897e+02 6.284930636431253603e+00
6.899023362522488378e-01 3.895455313089542528e+02 6.284930636431253603e+00
1.202512048053210991e+00 3.908534836269584503e+02 6.284930636431253603e+00
1.703337395940167864e+00 3.912643944469939470e+02 6.284930636431253603e+00
9.211233347496559087e-01 3.926422810079750434e+02 6.284930636431253603e+00
1.233320906172189035e+00 3.939911209689547604e+02 6.284930636431253603e+00
1.804353049271702814e+00 3.944123584536764042e+02 6.284930636431253603e+00
7.100578248750019084e-01 3.956795444370860082e+02 6.284930636431253603e+00
8.557105866433829533e-01 3.969223370930585020e+02 6.284930636431253603e+00
2.268729523458107522e+00 3.974625688539923658e+02 6.284930636431253603e+00
8.665463992022026662e-01 3.987951246645347396e+02 6.284930636431253603e+00
9.068064793674789348e-01 4.000518485578876948e+02 6.284930636431253603e+00
2.556626879000722496e+00 4.006264214731251627e+02 6.284930636431253603e+00
7.327307021030327050e-01 4.017891243115930138e+02 6.284930636431253603e+00
6.935198550111039140e-01 4.028112859820392941e+02 6.284930636431253603e+00
2.892245095907207908e+00 4.036787224024733973e+02 6.284930636431253603e+00
7.195997475585972358e-01 4.047081556268111058e+02 6.284930636431253603e+00
7.195776695858567829e-01 4.058233776972185183e+02 6.284930636431253603e+00
2.900280952595478468e+00 4.068526326568168656e+02 6.284930636431253603e+00
6.954823287761894290e-01 4.077211232686239555e+02 6.284930636431253603e+00
7.383108559717286301e-01 4.087375646763652526e+02 6.284930636431253603e+00
2.567168427809826348e+00 4.099040755004168659e+02 6.284930636431253603e+00
9.162552435504122128e-01 4.104735879326274812e+02 6.284930636431253603e+00
8.749441825702545250e-01 4.117332735067614635e+02 6.284930636431253603e+00
2.295141686209866805e+00 4.130697277351196135e+02 6.284930636431253603e+00
8.572342329021950258e-01 4.136116363837004997e+02 6.284930636431253603e+00
7.170492219479870366e-01 4.148502118827266258e+02 6.284930636431253603e+00
1.811991127939988289e+00 4.161184023286689921e+02 6.284930636431253603e+00
1.242457175035690087e+00 4.165381003292342257e+02 6.284930636431253603e+00
9.276773331678833667e-01 4.178887977715649527e+02 6.284930636431253603e+00
1.720286344188466376e+00 4.192690456312915899e+02 6.284930636431253603e+00
1.197272419671083110e+00 4.196805672772132993e+02 6.284930636431253603e+00
6.910777343303445841e-01 4.209883888609135738e+02 6.284930636431253603e+00
1.280935623986234617e+00 4.222957631172674269e+02 6.284930636431253603e+00
1.621772349053133055e+00 4.226983274998900129e+02 6.284930636431253603e+00
9.248132114664582293e-01 4.240762606098465426e+02 6.284930636431253603e+00
1.298153520364558888e+00 4.254341642659250056e+02 6.284930636431253603e+00
1.694629575789442733e+00 4.258439278923852953e+02 6.284930636431253603e+00
7.045869755908373833e-01 4.271224353852751392e+02 6.284930636431253603e+00
9.074367394060199876e-01 4.283874664372220877e+02 6.284930636431253603e+00
2.155301844486704255e+00 4.288920428044381197e+02 6.284930636431253603e+00
8.847483255916169798e-01 4.302420215110260528e+02 6.284930636431253603e+00
9.647431881033031731e-01 4.315229429943969990e+02 6.284930636431253603e+00
2.405397195618124151e+00 4.320535097483444247e+02 6.284930636431253603e+00
7.332311057839425716e-01 4.332437564942024437e+02 6.284930636431253603e+00
7.026232796969780203e-01 4.343127364570292457e+02 6.284930636431253603e+00
2.806046716745727032e+00 4.351060318286484403e+02 6.284930636431253603e+00
7.386586513900271767e-01 4.362280898281979944e+02 6.284930636431253603e+00
7.212095204322988007e-01 4.373525364432828155e+02 6.284930636431253603e+00
2.967214396156296008e+00 4.382792549252089316e+02 6.284930636431253603e+00
6.997036783738029841e-01 4.392193782911292033e+02 6.284930636431253603e+00
7.398729356811678537e-01 4.401892054264081366e+02 6.284930636431253603e+00
2.715389721820528734e+00 4.413290659682386377e+02 6.284930636431253603e+00
8.743539293870554729e-01 4.419403730357913105e+02 6.284930636431253603e+00
8.627077972272781947e-01 4.431781184623959007e+02 6.284930636431253603e+00
2.424931949312512103e+00 4.444974830440892788e+02 6.284930636431253603e+00
8.211027981486112015e-01 4.450758755944631275e+02 6.284930636431253603e+00
7.314929198089833440e-01 4.462845777890723866e+02 6.284930636431253603e+00
1.915758796577211820e+00 4.475447478977174569e+02 6.284930636431253603e+00
1.212778331276949784e+00 4.479720184395965248e+02 6.284930636431253603e+00
9.394173257804295796e-01 4.493188110784831792e+02 6.284930636431253603e+00
1.831733361056905540e+00 4.507028989767090934e+02 6.284930636431253603e+00
1.135714734328219233e+00 4.511252110542474725e+02 6.284930636431253603e+00
7.024681017724704324e-01 4.524278706921055573e+02 6.284930636431253603e+00
1.361605242582354824e+00 4.537318217523591102e+02 6.284930636431253603e+00
1.576272593938512712e+00 4.541284831752138871e+02 6.284930636431253603e+00
9.417106437533541152e-01 4.555095500350463453e+02 6.284930636431253603e+00
1.388490167607617343e+00 4.568792549674345196e+02 6.284930636431253603e+00
1.596190829636817243e+00 4.572785874190724371e+02 6.284930636431253603e+00
7.084986076537361788e-01 4.585675255528195748e+02 6.284930636431253603e+00
9.680788330646407092e-01 4.598458763449157232e+02 6.284930636431253603e+00
2.073667401101940477e+00 4.603208163409525469e+02 6.284930636431253603e+00
9.099291841279507631e-01 4.616872000419372171e+02 6.284930636431253603e+00
1.039180732453543143e+00 4.629926810984625831e+02 6.284930636431253603e+00
2.263352236923749761e+00 4.634823106634420355e+02 6.284930636431253603e+00
7.379044840831735508e-01 4.646983174015451823e+02 6.284930636431253603e+00
7.248554579144967924e-01 4.658076463293170946e+02 6.284930636431253603e+00
2.723230181854426224e+00 4.665330843425215903e+02 6.284930636431253603e+00
7.716396572030465029e-01 4.677298152882445947e+02 6.284930636431253603e+00
7.441543569409118097e-01 4.688780346057247357e+02 6.284930636431253603e+00
2.991776083981461554e+00 4.697049909559216303e+02 6.284930636431253603e+00
7.120344640396163438e-01 4.707088875230466556e+02 6.284930636431253603e+00
7.384396396037085086e-01 4.716427749713706135e+02 6.284930636431253603e+00
2.846322475211913616e+00 4.727530649439454464e+02 6.284930636431253603e+00
8.371286832029114500e-01 4.734102693036817300e+02 6.284930636431253603e+00
8.472020139936728977e-01 4.746252199708324042e+02 6.284930636431253603e+00
2.543859725825050155e+00 4.759233600141868124e+02 6.284930636431253603e+00
7.929413658204571558e-01 4.765385044542579749e+02 6.284930636431253603e+00
7.449388491548698532e-01 4.777158263803790419e+02 6.284930636431253603e+00
2.011071307268853747e+00 4.789689820497092683e+02 6.284930636431253603e+00
1.189548608151540510e+00 4.794036180919275694e+02 6.284930636431253603e+00
9.503467066872235414e-01 4.807466046508324666e+02 6.284930636431253603e+00
1.938134611110384098e+00 4.821335088226767311e+02 6.284930636431253603e+00
1.086555609203071704e+00 4.825683107953304329e+02 6.284930636431253603e+00
7.152594009134736197e-01 4.838626018486225462e+02 6.284930636431253603e+00
1.434432640580546536e+00 4.851628438465928639e+02 6.284930636431253603e+00
1.545975403975998308e+00 4.855558441845046218e+02 6.284930636431253603e+00
9.594553363704722004e-01 4.869396804306482522e+02 6.284930636431253603e+00
1.478671624143785168e+00 4.883196348120752077e+02 6.284930636431253603e+00
1.514053606555483711e+00 4.887130779907668057e+02 6.284930636431253603e+00
7.148434888380933439e-01 4.900089099537020729e+02 6.284930636431253603e+00
1.027154313924079077e+00 4.912952701496585064e+02 6.284930636431253603e+00
2.010693723245501552e+00 4.917480951268294689e+02 6.284930636431253603e+00
9.333125204944405784e-01 4.931267302349164652e+02 6.284930636431253603e+00
1.114835036917707356e+00 4.944527991516880547e+02 6.284930636431253603e+00
2.136354931678480007e+00 4.949111854342293100e+02 6.284930636431253603e+00
7.421782542887396250e-01 4.961473823404186874e+02 6.284930636431253603e+00
7.545315543356210242e-01 4.972912433466674997e+02 6.284930636431253603e+00
2.640472730161222970e+00 4.979594156958254985e+02 6.284930636431253603e+00
8.080949610569986286e-01 4.992115147607804602e+02 6.284930636431253603e+00
7.820013621560948369e-01 5.003902188656081194e+02 6.284930636431253603e+00
2.955415226224413328e+00 5.011301519821286661e+02 6.284930636431253603e+00
7.257497870102298521e-01 5.021880082488484049e+02 6.284930636431253603e+00
7.295432244136846878e-01 5.031069801911434070e+02 6.284930636431253603e+00
2.946365248285989669e+00 5.041775409793846734e+02 6.284930636431253603e+00
7.948342687494465153e-01 5.048975490708975826e+02 6.284930636431253603e+00
8.195498893791831607e-01 5.060842749495716362e+02 6.284930636431253603e+00
2.640371488813533674e+00 5.073487409657803937e+02 6.284930636431253603e+00
7.636535385394216391e-01 5.080070653870064348e+02 6.284930636431253603e+00
7.495490692806314748e-01 5.091530076239521350e+02 6.284930636431253603e+00
2.115211742147547369e+00 5.103951175577286676e+02 6.284930636431253603e+00
1.141729989210133134e+00 5.108450751107816359e+02 6.284930636431253603e+00
9.452799177338847558e-01 5.121775726281654215e+02 6.284930636431253603e+00
2.017963517762958237e+00 5.135610994324824787e+02 6.284930636431253603e+00
1.037131940657287643e+00 5.140113089398992088e+02 6.284930636431253603e+00
7.191311803006467107e-01 5.152975541051844175e+02 6.284930636431253603e+00
1.504500541531506030e+00 5.165939786560013545e+02 6.284930636431253603e+00
1.493184722881714777e+00 5.169867464453400316e+02 6.284930636431253603e+00
9.615822032965913868e-01 5.183679476116233218e+02 6.284930636431253603e+00
1.539137845789222192e+00 5.197520287679070634e+02 6.284930636431253603e+00
1.443044990852679454e+00 5.201448664292022386e+02 6.284930636431253603e+00
7.133188623852690924e-01 5.214448796526600063e+02 6.284930636431253603e+00
1.078242819572509781e+00 5.227387930636875808e+02 6.284930636431253603e+00
1.935748549344786573e+00 5.231755468335149999e+02 6.284930636431253603e+00
9.416309186421792932e-01 5.245590371355287971e+02 6.284930636431253603e+00
1.167233737771003588e+00 5.258972596400636803e+02 6.284930636431253603e+00
2.029088355417441925e+00 5.263377386871592307e+02 6.284930636431253603e+00
7.389247825781687373e-01 5.275865538171588014e+02 6.284930636431253603e+00
7.838900183181961578e-01 5.287620277040498422e+02 6.284930636431253603e+00
2.544244086742700972e+00 5.293849935306799352e+02 6.284930636431253603e+00
8.361661740602103210e-01 5.306733834983732550e+02 6.284930636431253603e+00
8.223660370977982081e-01 5.318804188417515206e+02 6.284930636431253603e+00
2.862487490879962682e+00 5.325545767193127631e+02 6.284930636431253603e+00
7.343625615809922236e-01 5.336537631359277611e+02 6.284930636431253603e+00
7.147494795803974732e-01 5.345848523449395771e+02 6.284930636431253603e+00
2.992043003507842247e+00 5.356027507410655062e+02 6.284930636431253603e+00
7.531537648021046083e-01 5.364074986162369214e+02 6.284930636431253603e+00
7.818616260507592619e-01 5.375625750881183649e+02 6.284930636431253603e+00
2.720579986323843347e+00 5.387748038980231513e+02 6.284930636431253603e+00
7.329848336203295123e-01 5.394879997362888844e+02 6.284930636431253603e+00
7.455164584915245918e-01 5.406002302429917563e+02 6.284930636431253603e+00
2.240142304345602575e+00 5.418239299115776930e+02 6.284930636431253603e+00
1.066873633955853995e+00 5.423023423051186001e+02 6.284930636431253603e+00
9.233724769513771413e-01 5.436154853959353659e+02 6.284930636431253603e+00
2.080747255366666604e+00 5.449880288303455700e+02 6.284930636431253603e+00
9.800021888213104049e-01 5.454591358673932291e+02 6.284930636431253603e+00
7.139460519636283697e-01 5.467374392395740870e+02 6.284930636431253603e+00
1.584083732830512403e+00 5.480278754756438957e+02 6.284930636431253603e+00
1.408305778633221372e+00 5.484254246940357689e+02 6.284930636431253603e+00
9.466497408598053553e-01 5.497975545654891221e+02 6.284930636431253603e+00
1.573243945557854850e+00 5.511798595377849779e+02 6.284930636431253603e+00
1.371392367930428513e+00 5.515758387193791350e+02 6.284930636431253603e+00
7.022708460219803106e-01 5.528795796543448660e+02 6.284930636431253603e+00
1.127090670290289420e+00 5.541815739215405756e+02 6.284930636431253603e+00
1.834815786801688331e+00 5.546056354344134434e+02 6.284930636431253603e+00
9.332836068061629575e-01 5.559873617082542978e+02 6.284930636431253603e+00
1.193862299635666258e+00 5.573304993439796817e+02 6.284930636431253603e+00
1.932426294062302485e+00 5.577621722232978527e+02 6.284930636431253603e+00
7.267201797676640096e-01 5.590187912750086525e+02 6.284930636431253603e+00
8.115980846207877519e-01 5.602254765395766753e+02 6.284930636431253603e+00
2.426930328941637960e+00 5.608108256507554188e+02 6.284930636431253603e+00
8.519996603163754179e-01 5.621218514909195392e+02 6.284930636431253603e+00
8.578045697653963186e-01 5.633518202943068900e+02 6.284930636431253603e+00
2.735818139852811637e+00 5.639783886550642364e+02 6.284930636431253603e+00
7.355329749567496300e-01 5.651080728227301506e+02 6.284930636431253603e+00
7.004647696884765962e-01 5.660733700359726299e+02 6.284930636431253603e+00
2.974565296436330275e+00 5.670284571575292603e+02 6.284930636431253603e+00
7.251397302557103242e-01 5.679321505725628185e+02 6.284930636431253603e+00
7.458260177941201663e-01 5.690608186243829323e+02 6.284930636431253603e+00
2.799056754787649481e+00 5.702016508675823161e+02 6.284930636431253603e+00
7.084385291984265365e-01 5.709806427180302535e+02 6.284930636431253603e+00
7.399355888016058147e-01 5.720537217829163410e+02 6.284930636431253603e+00
2.381502693818524641e+00 5.732530193989421150e+02 6.284930636431253603e+00
9.895493282145013669e-01 5.737702418669543931e+02 6.284930636431253603e+00
8.976750646891599184e-01 5.750593090341307061e+02 6.284930636431253603e+00
2.158081888842172447e+00 5.764163202448672791e+02 6.284930636431253603e+00
9.199376464622530669e-01 5.769155892074816165e+02 6.284930636431253603e+00
7.097895676265777443e-01 5.781813611423926886e+02 6.284930636431253603e+00
1.679666537591368858e+00 5.794623999209151179e+02 6.284930636431253603e+00
1.318936122450628190e+00 5.798692799745819002e+02 6.284930636431253603e+00
9.303996936983641719e-01 5.812301935271275397e+02 6.284930636431253603e+00
1.617865438138547773e+00 5.826097584478451381e+02 6.284930636431253603e+00
1.292096051617352748e+00 5.830112214815833340e+02 6.284930636431253603e+00
6.912653044091492394e-01 5.843184962687265624e+02 6.284930636431253603e+00
1.186943123758470442e+00 5.856259131964590097e+02 6.284930636431253603e+00
1.725703325022359458e+00 5.860390057913032251e+02 6.284930636431253603e+00
9.223429908592510884e-01 5.874173722779071340e+02 6.284930636431253603e+00
1.223437229035407636e+00 5.887648005034665175e+02 6.284930636431253603e+00
1.828669004355024441e+00 5.891882757366512351e+02 6.284930636431253603e+00
7.125502793858871087e-01 5.904532246902996349e+02 6.284930636431253603e+00
8.462171623722332114e-01 5.916899716235410551e+02 6.284930636431253603e+00
2.296994751024785231e+00 5.922384426264679860e+02 6.284930636431253603e+00
8.635595715461986677e-01 5.935671731012620285e+02 6.284930636431253603e+00
8.965001166847148539e-01 5.948188442357193253e+02 6.284930636431253603e+00
2.590236188466488176e+00 5.954029930392180177e+02 6.284930636431253603e+00
7.331585685391527329e-01 5.965596707760807931e+02 6.284930636431253603e+00
6.934571677108902765e-01 5.975710668962401542e+02 6.284930636431253603e+00
2.910268328846868702e+00 5.984549975621738440e+02 6.284930636431253603e+00
7.180898574173872895e-01 5.994621143829465382e+02 6.284930636431253603e+00
7.222400664995614061e-01 6.005777885545484196e+02 6.284930636431253603e+00
2.882347433049047059e+00 6.016288991327976419e+02 6.284930636431253603e+00
6.962424234678398216e-01 6.024809435458321332e+02 6.284930636431253603e+00
7.381396094819535625e-01 6.035080917494360619e+02 6.284930636431253603e+00
2.533214589001755890e+00 6.046805463654567347e+02 6.284930636431253603e+00
9.274480608316234553e-01 6.052406243085988535e+02 6.284930636431253603e+00
8.781918387973393081e-01 6.065054228744010061e+02 6.284930636431253603e+00
2.267380123560552629e+00 6.078455945200480528e+02 6.284930636431253603e+00
8.671041068838798438e-01 6.083794082671822707e+02 6.284930636431253603e+00
7.146308640011442836e-01 6.096238865255246537e+02 6.284930636431253603e+00
1.787771563184734402e+00 6.108942375127527384e+02 6.284930636431253603e+00
1.252675685432406816e+00 6.113118198214544918e+02 6.284930636431253603e+00
9.264657612778958162e-01 6.126638906893977037e+02 6.284930636431253603e+00
1.697917631447586340e+00 6.140436024824202832e+02 6.284930636431253603e+00
1.213193920688510730e+00 6.144530103894331887e+02 6.284930636431253603e+00
6.897642606673209942e-01 6.157612647425405612e+02 6.284930636431253603e+00
1.262818953705760805e+00 6.170691257736185662e+02 6.284930636431253603e+00
1.636637263829299416e+00 6.174733144257211279e+02 6.284930636431253603e+00
9.226462931927013056e-01 6.188509136259024217e+02 6.284930636431253603e+00
1.281026630660800913e+00 6.202064652191570531e+02 6.284930636431253603e+00
1.718397187250841229e+00 6.206188433650659135e+02 6.284930636431253603e+00
7.049027007841005554e-01 6.218947766477060668e+02 6.284930636431253603e+00
8.948764989775727097e-01 6.231556841054598408e+02 6.284930636431253603e+00
2.177819247830769189e+00 6.236677745827189483e+02 6.284930636431253603e+00
8.799928994834194107e-01 6.250139012381284829e+02 6.284930636431253603e+00
9.502582793185836429e-01 6.262893179528925884e+02 6.284930636431253603e+00
2.438399064373275138e+00 6.268296006833070351e+02 6.284930636431253603e+00
7.327132721980859076e-01 6.280137705063137901e+02 6.284930636431253603e+00
6.993583442366144709e-01 6.290728463951783169e+02 6.284930636431253603e+00
2.825163490267211142e+00 6.298822508451573867e+02 6.284930636431253603e+00
7.329164676647148546e-01 6.309852113995568743e+02 6.284930636431253603e+00
7.188996512756424817e-01 6.321061301289782932e+02 6.284930636431253603e+00
2.955179607300246758e+00 6.330557128916998408e+02 6.284930636431253603e+00
6.978405997964477470e-01 6.339805406702104165e+02 6.284930636431253603e+00
7.395768488098016791e-01 6.349601386905959544e+02 6.284930636431253603e+00
2.683688073802026786e+00 6.361059442045468586e+02 6.284930636431253603e+00
8.827475440458721900e-01 6.367080002706286450e+02 6.284930636431253603e+00
8.653262181222973748e-01 6.379505110022699910e+02 6.284930636431253603e+00
2.396376314084360359e+00 6.392737934331815950e+02 6.284930636431253603e+00
8.280736409091976613e-01 6.398441794927733781e+02 6.284930636431253603e+00
7.280449472469996408e-01 6.410597788816844513e+02 6.284930636431253603e+00
1.893782461192551558e+00 6.423215059267099605e+02 6.284930636431253603e+00
1.217653936412891325e+00 6.427473301427739898e+02 6.284930636431253603e+00
9.363027921071765958e-01 6.440947622924659299e+02 6.284930636431253603e+00
1.806445635550337991e+00 6.454779060331961773e+02 6.284930636431253603e+00
1.147931541524639831e+00 6.458976808306720159e+02 6.284930636431253603e+00
6.994258925576766206e-01 6.472018856977076666e+02 6.284930636431253603e+00
1.344280823022516724e+00 6.485066800484987652e+02 6.284930636431253603e+00
1.583821788769771866e+00 6.489044623406598475e+02 6.284930636431253603e+00
9.373042407872865800e-01 6.502846974547941272e+02 6.284930636431253603e+00
1.367374874368331827e+00 6.516517445870382517e+02 6.284930636431253603e+00
1.616556393615934617e+00 6.520530781686912860e+02 6.284930636431253603e+00
7.070667225141831214e-01 6.533399704649982596e+02 6.284930636431253603e+00
9.544240433060832141e-01 6.546160152463485247e+02 6.284930636431253603e+00
2.089225273529462079e+00 6.550968581853691148e+02 6.284930636431253603e+00
9.040621033826834463e-01 6.564598384534091338e+02 6.284930636431253603e+00
1.021816521822213497e+00 6.577600460734450962e+02 6.284930636431253603e+00
2.293676309708779559e+00 6.582581214520590720e+02 6.284930636431253603e+00
7.366621972919517036e-01 6.594687792433360300e+02 6.284930636431253603e+00
7.190340156525866222e-01 6.605697710792594535e+02 6.284930636431253603e+00
2.741144666219245796e+00 6.613094189136705836e+02 6.284930636431253603e+00
7.636326825262120810e-01 6.624912726336619926e+02 6.284930636431253603e+00
7.374707873102742672e-01 6.636333446282495743e+02 6.284930636431253603e+00
2.991155860348140294e+00 6.644816233366672122e+02 6.284930636431253603e+00
7.089460728276363310e-01 6.654721821683276630e+02 6.284930636431253603e+00
7.393048268381953170e-01 6.664125690768402137e+02 6.284930636431253603e+00
2.819360557913053178e+00 6.675300224524810346e+02 6.284930636431253603e+00
8.456390982029660108e-01 6.681760756397934529e+02 6.284930636431253603e+00
8.514628871218034023e-01 6.693964183526544502e+02 6.284930636431253603e+00
2.519347737015574129e+00 6.707000055056869314e+02 6.284930636431253603e+00
7.990206260009266037e-01 6.713067437831749658e+02 6.284930636431253603e+00
7.425253614768480004e-01 6.724909849484613460e+02 6.284930636431253603e+00
1.989983207852678015e+00 6.737458469289952063e+02 6.284930636431253603e+00
1.195906431065952624e+00 6.741784822843443408e+02 6.284930636431253603e+00
9.488771847507319057e-01 6.755226602663565245e+02 6.284930636431253603e+00
1.916438529010408898e+00 6.769093127885139438e+02 6.284930636431253603e+00
1.096990413513549978e+00 6.773411751791579718e+02 6.284930636431253603e+00
7.129074400268734513e-01 6.786373935815092864e+02 6.284930636431253603e+00
1.418951977822711763e+00 6.799384283619756388e+02 6.284930636431253603e+00
1.553378369861801112e+00 6.803320101489966873e+02 6.284930636431253603e+00
9.563767154309639196e-01 6.817155364378601234e+02 6.284930636431253603e+00
1.460435391323242627e+00 6.830936225973839555e+02 6.284930636431253603e+00
1.530978450992899642e+00 6.834878953365383722e+02 6.284930636431253603e+00
7.137937227105547455e-01 6.847825136131123145e+02 6.284930636431253603e+00
1.014679010749683918e+00 6.860672804708867716e+02 6.284930636431253603e+00
2.024576737776226931e+00 6.865244012369012125e+02 6.284930636431253603e+00
9.290106197898599927e-01 6.879008749695431106e+02 6.284930636431253603e+00
1.099272471147207941e+00 6.892229950401509768e+02 6.284930636431253603e+00
2.162876896973326968e+00 6.896871843833430376e+02 6.284930636431253603e+00
7.416529529893853834e-01 6.909195502701759324e+02 6.284930636431253603e+00
7.477288689992159787e-01 6.920561184278018345e+02 6.284930636431253603e+00
2.659489933606820511e+00 6.927359287299739208e+02 6.284930636431253603e+00
8.003517004458190476e-01 6.939774542649433897e+02 6.284930636431253603e+00
7.729008390050181587e-01 6.951492994085494956e+02 6.284930636431253603e+00
2.968994366702419896e+00 6.959068984169239229e+02 6.284930636431253603e+00
7.229450577758479435e-01 6.969537916398911648e+02 6.284930636431253603e+00
7.321962311003012980e-01 6.978737918439326222e+02 6.284930636431253603e+00
2.928027763161452857e+00 6.989543141753522377e+02 6.284930636431253603e+00
8.046152643195769727e-01 6.996584274000440473e+02 6.284930636431253603e+00
8.268527678528132530e-01 7.008519325275967731e+02 6.284930636431253603e+00
2.620847679387550144e+00 7.021253537747777500e+02 6.284930636431253603e+00
7.704466777810927702e-01 7.027731827511697702e+02 6.284930636431253603e+00
7.494460827732362107e-01 7.039261661549085147e+02 6.284930636431253603e+00
2.090421251397692526e+00 7.051713175175555079e+02 6.284930636431253603e+00
1.155244336990647769e+00 7.056167977813476000e+02 6.284930636431253603e+00
9.481569011444369588e-01 7.069524400325825582e+02 6.284930636431253603e+00
2.002689860539450528e+00 7.083374180275620802e+02 6.284930636431253603e+00
1.048685017567131839e+00 7.087838336524791885e+02 6.284930636431253603e+00
7.192881025845266896e-01 7.100717498596553696e+02 6.284930636431253603e+00
1.488554110494897609e+00 7.113691174887810575e+02 6.284930636431253603e+00
1.508108159819293581e+00 7.117615410898280288e+02 6.284930636431253603e+00
9.629159658741131000e-01 7.131439568520272587e+02 6.284930636431253603e+00
1.528945564659283773e+00 7.145277537620183921e+02 6.284930636431253603e+00
1.458360109788941372e+00 7.149203294900378296e+02 6.284930636431253603e+00
7.146540394844911326e-01 7.162195205229891144e+02 6.284930636431253603e+00
1.067544158636951401e+00 7.175116596953064345e+02 6.284930636431253603e+00
1.954662695148987162e+00 7.179515844873930064e+02 6.284930636431253603e+00
9.414967279453780868e-01 7.193346945812666036e+02 6.284930636431253603e+00
1.158426689294158374e+00 7.206710257965627306e+02 6.284930636431253603e+00
2.051259111843144467e+00 7.211143983468787155e+02 6.284930636431253603e+00
7.405275120733499916e-01 7.223610140768473684e+02 6.284930636431253603e+00
7.776832507037549913e-01 7.235295893795845359e+02 6.284930636431253603e+00
2.567303221824761117e+00 7.241616367713603495e+02 6.284930636431253603e+00
8.311069011516097893e-01 7.254434749850703383e+02 6.284930636431253603e+00
8.138532113018361880e-01 7.266447512758124958e+02 6.284930636431253603e+00
2.886739860151558368e+00 7.273315205996369741e+02 6.284930636431253603e+00
7.331311530353423755e-01 7.284226996225505673e+02 6.284930636431253603e+00
7.182242598600272476e-01 7.293488749647073064e+02 6.284930636431253603e+00
2.987568903728003544e+00 7.303794004811660443e+02 6.284930636431253603e+00
7.615935750418517669e-01 7.311638192812972648e+02 6.284930636431253603e+00
7.904974471660645152e-01 7.323257742202183636e+02 6.284930636431253603e+00
2.703495064668446357e+00 7.335512312527242784e+02 6.284930636431253603e+00
7.395285974050360700e-01 7.342512567348298944e+02 6.284930636431253603e+00
7.468168038937467168e-01 7.353713098038402904e+02 6.284930636431253603e+00
2.210840730450151614e+00 7.365997069803454451e+02 6.284930636431253603e+00
1.084576391982659871e+00 7.370707367766241305e+02 6.284930636431253603e+00
9.290555353800927785e-01 7.383887582286849920e+02 6.284930636431253603e+00
2.066698934121027342e+00 7.397642603372833037e+02 6.284930636431253603e+00
9.932157471695188811e-01 7.402301506552242927e+02 6.284930636431253603e+00
7.154026604100802711e-01 7.415104109654022295e+02 6.284930636431253603e+00
1.565188055020961366e+00 7.428024708428121130e+02 6.284930636431253603e+00
1.428678220596225623e+00 7.431985091776836043e+02 6.284930636431253603e+00
9.507104185826705800e-01 7.445730183313482939e+02 6.284930636431253603e+00
1.566178788067249972e+00 7.459559890169175560e+02 6.284930636431253603e+00
1.387889823881997220e+00 7.463510470656440248e+02 6.284930636431253603e+00
7.051263636370790344e-01 7.476539430113724620e+02 6.284930636431253603e+00
1.115770043063003536e+00 7.489542417886423209e+02 6.284930636431253603e+00
1.858826774974182694e+00 7.493809420176610274e+02 6.284930636431253603e+00
9.359565928173552152e-01 7.507633920498323050e+02 6.284930636431253603e+00
1.188911211257313250e+00 7.521057391671163259e+02 6.284930636431253603e+00
1.953980383848521241e+00 7.525390403176185146e+02 6.284930636431253603e+00
7.299147487041620641e-01 7.537940574181151305e+02 6.284930636431253603e+00
8.052400507607285762e-01 7.549938242941904036e+02 6.284930636431253603e+00
2.454579051528452016e+00 7.555872651050094646e+02 6.284930636431253603e+00
8.492359676065738272e-01 7.568939773071402897e+02 6.284930636431253603e+00
8.501372616726864395e-01 7.581191604206769625e+02 6.284930636431253603e+00
2.765869577922556832e+00 7.587553782061687571e+02 6.284930636431253603e+00
7.357773541282823793e-01 7.598788659876386191e+02 6.284930636431253603e+00
7.032354161769818202e-01 7.608351970347829365e+02 6.284930636431253603e+00
2.983272328794522643e+00 7.618049774280607380e+02 6.284930636431253603e+00
7.296966567722630304e-01 7.626860143926845694e+02 6.284930636431253603e+00
7.530724709881096990e-01 7.638196330904394244e+02 6.284930636431253603e+00
2.781190703666225339e+00 7.649779209124608315e+02 6.284930636431253603e+00
7.129726039496431245e-01 7.657415350910466714e+02 6.284930636431253603e+00
7.409493709111785176e-01 7.668238949803901505e+02 6.284930636431253603e+00
2.349064234818865504e+00 7.680289395300568458e+02 6.284930636431253603e+00
1.005732424545697112e+00 7.685369832722570891e+02 6.284930636431253603e+00
9.030400779467211425e-01 7.698315305602044418e+02 6.284930636431253603e+00
2.138357117273018471e+00 7.711921867060926843e+02 6.284930636431253603e+00
9.329834626019454236e-01 7.716845758754719782e+02 6.284930636431253603e+00
7.101008233150968296e-01 7.729537903516300048e+02 6.284930636431253603e+00
1.657093538005044664e+00 7.742371467874472728e+02 6.284930636431253603e+00
1.337478637006295212e+00 7.746416927597916811e+02 6.284930636431253603e+00
9.332567796561996865e-01 7.760050157584140607e+02 6.284930636431253603e+00
1.605325775482354667e+00 7.773850247709444830e+02 6.284930636431253603e+00
1.310120189072335739e+00 7.777850806825071004e+02 6.284930636431253603e+00
6.931272332139358783e-01 7.790916790688461333e+02 6.284930636431253603e+00
1.172235330705515777e+00 7.803982981118683711e+02 6.284930636431253603e+00
1.749094492288890024e+00 7.808136739483268229e+02 6.284930636431253603e+00
9.241587686825548653e-01 7.821926616601596152e+02 6.284930636431253603e+00
1.215033420492477312e+00 7.835388875642295261e+02 6.284930636431253603e+00
1.852596906566249979e+00 7.839644283603910253e+02 6.284930636431253603e+00
7.153835480289680859e-01 7.852272934300445968e+02 6.284930636431253603e+00
8.374601170495863389e-01 7.864576984443630181e+02 6.284930636431253603e+00
2.325793637179260909e+00 7.870144100952545614e+02 6.284930636431253603e+00
8.608377956486432669e-01 7.883393203729280003e+02 6.284930636431253603e+00
8.869712970950422992e-01 7.895860581631651485e+02 6.284930636431253603e+00
2.623526040714882157e+00 7.901796686832922205e+02 6.284930636431253603e+00
7.336927305644405095e-01 7.913303701736881521e+02 6.284930636431253603e+00
6.940483195433155839e-01 7.923310696155413098e+02 6.284930636431253603e+00
2.927277321016256373e+00 7.932313112377341895e+02 6.284930636431253603e+00
7.176839517534371327e-01 7.942157296425021968e+02 6.284930636431253603e+00
7.259218836547534082e-01 7.953327841542678698e+02 6.284930636431253603e+00
2.863945168044451872e+00 7.964051425695532771e+02 6.284930636431253603e+00
6.977052735615819623e-01 7.972407246071076088e+02 6.284930636431253603e+00
7.381451423976647108e-01 7.982784799024948370e+02 6.284930636431253603e+00
2.499209540753707159e+00 7.994569070057838189e+02 6.284930636431253603e+00
9.395441226076762797e-01 8.000074745682011326e+02 6.284930636431253603e+00
8.817968318687281482e-01 8.012775000985293445e+02 6.284930636431253603e+00
2.240640863639513647e+00 8.026214025497332614e+02 6.284930636431253603e+00
8.776993761463113275e-01 8.031472127354898021e+02 6.284930636431253603e+00
7.126629413497037602e-01 8.043972025245261648e+02 6.284930636431253603e+00
1.763421908808759486e+00 8.056698328068421233e+02 6.284930636431253603e+00
1.264537795730702463e+00 8.060851571916552984e+02 6.284930636431253603e+00
9.259818684145084688e-01 8.074388270445456328e+02 6.284930636431253603e+00
1.677026499131189619e+00 8.088181785792936580e+02 6.284930636431253603e+00
1.229847204847742237e+00 8.092255964139131947e+02 6.284930636431253603e+00
6.890368784935223534e-01 8.105340193342298107e+02 6.284930636431253603e+00
1.244985319819185143e+00 8.118421895235902639e+02 6.284930636431253603e+00
1.653411978246603908e+00 8.122481300743705788e+02 6.284930636431253603e+00
9.212381089691893399e-01 8.136255763228854221e+02 6.284930636431253603e+00
1.265402680272733837e+00 8.149789539156541878e+02 6.284930636431253603e+00
1.742621790310379559e+00 8.153939477786011594e+02 6.284930636431253603e+00
7.057367817661581721e-01 8.166673068916346665e+02 6.284930636431253603e+00
8.828806124009601630e-01 8.179236205912163769e+02 6.284930636431253603e+00
2.201958135728966148e+00 8.184434908903120913e+02 6.284930636431253603e+00
8.756519681439142166e-01 8.197857481341986841e+02 6.284930636431253603e+00
9.367058317170411375e-01 8.210557222238514896e+02 6.284930636431253603e+00
2.471789309095491216e+00 8.216057902084766056e+02 6.284930636431253603e+00
7.324366666029576978e-01 8.227838422175801725e+02 6.284930636431253603e+00
6.967926995695958858e-01 8.238326985171067918e+02 6.284930636431253603e+00
2.844433085045103837e+00 8.246584640678263440e+02 6.284930636431253603e+00
7.279657281926122936e-01 8.257414601060038422e+02 6.284930636431253603e+00
7.176903919339168159e-01 8.268596492855443785e+02 6.284930636431253603e+00
2.941314080206191228e+00 8.278321227055153031e+02 6.284930636431253603e+00
6.964506869687188129e-01 8.287412844475496740e+02 6.284930636431253603e+00
7.391984248126236556e-01 8.297310631259944103e+02 6.284930636431253603e+00
2.651239309042577652e+00 8.308827541647519865e+02 6.284930636431253603e+00
8.915244458434881114e-01 8.314756140940978639e+02 6.284930636431253603e+00
8.679074272765705533e-01 8.327229118425919978e+02 6.284930636431253603e+00
2.367474823827490304e+00 8.340499970668230389e+02 6.284930636431253603e+00
8.355597650098115503e-01 8.346123308826818175e+02 6.284930636431253603e+00
7.246546378383984521e-01 8.358347191626342010e+02 6.284930636431253603e+00
1.871217302015746542e+00 8.370981088699739985e+02 6.284930636431253603e+00
1.223250968785632775e+00 8.375223863289199926e+02 6.284930636431253603e+00
9.333474396349995539e-01 8.388705446687508811e+02 6.284930636431253603e+00
1.781225699479008773e+00 8.402527581458015220e+02 6.284930636431253603e+00
1.160904606025047636e+00 8.406700728130957714e+02 6.284930636431253603e+00
6.965883351067160278e-01 8.419756178764972674e+02 6.284930636431253603e+00
1.326556390777352323e+00 8.432812313783555282e+02 6.284930636431253603e+00
1.592578322034290172e+00 8.436802364388387332e+02 6.284930636431253603e+00
9.331486992042359319e-01 8.450596833541503656e+02 6.284930636431253603e+00
1.346637037222347510e+00 8.464240562199724991e+02 6.284930636431253603e+00
1.637763204962207730e+00 8.468275976669171996e+02 6.284930636431253603e+00
7.058828598449987668e-01 8.481122700796627214e+02 6.284930636431253603e+00
9.407954744752062837e-01 8.493856847047306928e+02 6.284930636431253603e+00
2.106057682656372609e+00 8.498728132904682298e+02 6.284930636431253603e+00
8.982706002602283135e-01 8.512322295538581329e+02 6.284930636431253603e+00
1.004802872238260925e+00 8.525270285979713663e+02 6.284930636431253603e+00
2.324676200028860329e+00 8.530339641162221369e+02 6.284930636431253603e+00
7.354887912317596976e-01 8.542390348746160953e+02 6.284930636431253603e+00
7.136674470720002494e-01 8.553313676715438305e+02 6.284930636431253603e+00
2.759233779467571424e+00 8.560857198188132315e+02 6.284930636431253603e+00
7.559312873686913070e-01 8.572517535987751671e+02 6.284930636431253603e+00
7.316387044309220489e-01 8.583881078984417172e+02 6.284930636431253603e+00
2.987617771561289270e+00 8.592582263235138953e+02 6.284930636431253603e+00
7.060000486182420598e-01 8.602349947867775199e+02 6.284930636431253603e+00
7.398136290526451386e-01 8.611828069680794897e+02 6.284930636431253603e+00
2.791137203201926376e+00 8.623069950874308915e+02 6.284930636431253603e+00
8.538958457981087324e-01 8.629425981513597890e+02 6.284930636431253603e+00
8.551610549833018604e-01 8.641680847969013257e+02 6.284930636431253603e+00
2.493706209770115034e+00 8.654766076192706805e+02 6.284930636431253603e+00
8.050930756624498086e-01 8.660751632293772673e+02 6.284930636431253603e+00
7.397137486937394035e-01 8.672663490983945849e+02 6.284930636431253603e+00
1.969090436378615694e+00 8.685227770757445569e+02 6.284930636431253603e+00
1.201248484533105731e+00 8.689537088238748765e+02 6.284930636431253603e+00
9.467112792973523261e-01 8.702988084367406145e+02 6.284930636431253603e+00
1.893468442778778460e+00 8.716849447754714220e+02 6.284930636431253603e+00
1.107546924971311908e+00 8.721139801626671897e+02 6.284930636431253603e+00
7.101761335857829094e-01 8.734121216153529303e+02 6.284930636431253603e+00
1.403173761174470568e+00 8.747139648853668632e+02 6.284930636431253603e+00
1.559986184073778093e+00 8.751082720498022809e+02 6.284930636431253603e+00
9.526423331262378058e-01 8.764912629875291259e+02 6.284930636431253603e+00
1.440903094333290335e+00 8.778672054835840299e+02 6.284930636431253603e+00
1.548568951657982806e+00 8.782625818713568151e+02 6.284930636431253603e+00
7.124342810170798401e-01 8.795558212280267298e+02 6.284930636431253603e+00
1.001796545463846222e+00 8.808389408365484314e+02 6.284930636431253603e+00
2.038172853930616757e+00 8.813006832126254722e+02 6.284930636431253603e+00
9.240700015219565078e-01 8.826746479492762774e+02 6.284930636431253603e+00
1.082769591346757432e+00 8.839924251028295430e+02 6.284930636431253603e+00
2.190373354335420686e+00 8.844630879506670453e+02 6.284930636431253603e+00
7.408139130675327477e-01 8.856912390614580772e+02 6.284930636431253603e+00
7.409771716539711450e-01 8.868203401613723145e+02 6.284930636431253603e+00
2.677975446175008933e+00 8.875123994820576172e+02 6.284930636431253603e+00
7.923009706587599288e-01 8.887423868565587100e+02 6.284930636431253603e+00
7.640811091733165084e-01 8.899073455090384641e+02 6.284930636431253603e+00
2.979494600988635611e+00 8.906836150934274201e+02 6.284930636431253603e+00
7.199451031470636142e-01 8.917189480007970133e+02 6.284930636431253603e+00
7.344837078834151045e-01 8.926413296633514847e+02 6.284930636431253603e+00
2.907260054547329275e+00 8.937311315677432049e+02 6.284930636431253603e+00
8.142405799944326672e-01 8.944205203230955021e+02 6.284930636431253603e+00
8.335190932853057122e-01 8.956205307529783113e+02 6.284930636431253603e+00
2.600355375041992545e+00 8.969019990997750256e+02 6.284930636431253603e+00
7.770758361431242545e-01 8.975399138455413777e+02 6.284930636431253603e+00
7.488338137281883578e-01 8.986998576401807668e+02 6.284930636431253603e+00
2.066720202719360078e+00 8.999476811756968573e+02 6.284930636431253603e+00
1.167114057162054852e+00 9.003893480568692667e+02 6.284930636431253603e+00
9.500475018461455035e-01 9.017276525969053864e+02 6.284930636431253603e+00
1.986184585180088558e+00 9.031136734006549887e+02 6.284930636431253603e+00
1.059824624743960442e+00 9.035565393362077202e+02 6.284930636431253603e+00
7.188804284439922476e-01 9.048461827485562026e+02 6.284930636431253603e+00
1.472981642723375062e+00 9.061444138498701477e+02 6.284930636431253603e+00
1.521137069946726594e+00 9.065367350661846331e+02 6.284930636431253603e+00
9.632286753431725801e-01 9.079200014271800683e+02 6.284930636431253603e+00
1.517010457220318909e+00 9.093031645608800773e+02 6.284930636431253603e+00
1.473779590235372527e+00 9.096956852919229277e+02 6.284930636431253603e+00
7.154160011128082308e-01 9.109940196327536341e+02 6.284930636431253603e+00
1.056568320784682768e+00 9.122844472664239674e+02 6.284930636431253603e+00
1.972138283034701400e+00 9.127277356851517425e+02 6.284930636431253603e+00
9.403891172058065351e-01 9.141100824470476027e+02 6.284930636431253603e+00
1.148029944980023309e+00 9.154440863161888728e+02 6.284930636431253603e+00
2.074216481094631526e+00 9.158909101154445125e+02 6.284930636431253603e+00
7.416203213147878337e-01 9.171350213125657547e+02 6.284930636431253603e+00
7.713024888459747430e-01 9.182966676239093431e+02 6.284930636431253603e+00
2.589291782586036206e+00 9.189382709009769314e+02 6.284930636431253603e+00
8.253626573875074701e-01 9.202127738773407373e+02 6.284930636431253603e+00
8.050280166612737709e-01 9.214079758752349107e+02 6.284930636431253603e+00
2.909150999239965785e+00 9.221084192518586633e+02 6.284930636431253603e+00
7.314971249022280686e-01 9.231909650303447279e+02 6.284930636431253603e+00
7.216503575361046252e-01 9.241134302893980248e+02 6.284930636431253603e+00
2.979829548331444311e+00 9.251560697328724245e+02 6.284930636431253603e+00
7.706110737830421664e-01 9.259209574570003269e+02 6.284930636431253603e+00
7.990894097002909646e-01 9.270899539374321421e+02 6.284930636431253603e+00
2.686175981823199610e+00 9.283276993282091780e+02 6.284930636431253603e+00
7.462928615395221232e-01 9.290151180449662434e+02 6.284930636431253603e+00
7.479621419919891823e-01 9.301427609411887261e+02 6.284930636431253603e+00
2.182401373222646601e+00 9.313755219195749078e+02 6.284930636431253603e+00
1.101908976473363833e+00 9.318397472478861800e+02 6.284930636431253603e+00
9.344088923863496099e-01 9.331623582386260978e+02 6.284930636431253603e+00
2.053065643478563462e+00 9.345405545889553878e+02 6.284930636431253603e+00
1.006169544101188862e+00 9.350015797412700067e+02 6.284930636431253603e+00
7.167938844158969758e-01 9.362836337821453299e+02 6.284930636431253603e+00
1.547069871078789127e+00 9.375771361606427945e+02 6.284930636431253603e+00
1.448467483567355663e+00 9.379719146970746806e+02 6.284930636431253603e+00
9.545160708531702509e-01 9.393486403934459759e+02 6.284930636431253603e+00
1.559238665536165414e+00 9.407321754402796614e+02 6.284930636431253603e+00
1.403962221778521924e+00 9.411264275060420914e+02 6.284930636431253603e+00
7.078556008920249276e-01 9.424284898778980732e+02 6.284930636431253603e+00
1.104874635963239093e+00 9.437270029945912029e+02 6.284930636431253603e+00
1.882102931914128918e+00 9.441564250764664621e+02 6.284930636431253603e+00
9.383162137405487435e-01 9.455394629810592733e+02 6.284930636431253603e+00
1.183743579365820198e+00 9.468809212715657395e+02 6.284930636431253603e+00
1.975257264117425304e+00 9.473159462579299088e+02 6.284930636431253603e+00
7.329063117128312710e-01 9.485693445264897719e+02 6.284930636431253603e+00
7.991063325518307225e-01 9.497621877236283581e+02 6.284930636431253603e+00
2.481368449352315597e+00 9.503637842813247971e+02 6.284930636431253603e+00
8.461426959107917201e-01 9.516658727384711938e+02 6.284930636431253603e+00
8.424709725462879994e-01 9.528861559712391909e+02 6.284930636431253603e+00
2.794886243570846585e+00 9.535323885806973294e+02 6.284930636431253603e+00
7.357805807779346230e-01 9.546494424393930558e+02 6.284930636431253603e+00
7.062902484076046816e-01 9.555975030222609803e+02 6.284930636431253603e+00
2.989407610454235531e+00 9.565815361638051399e+02 6.284930636431253603e+00
7.352485181529914149e-01 9.574402613670139317e+02 6.284930636431253603e+00
7.608298049817405762e-01 9.585794136861738934e+02 6.284930636431253603e+00
2.763668890542960721e+00 9.597542198439914500e+02 6.284930636431253603e+00
7.180749107644867069e-01 9.605028863924741245e+02 6.284930636431253603e+00
7.421375067558269034e-01 9.615941622653299419e+02 6.284930636431253603e+00
2.317233087514513734e+00 9.628047931055854178e+02 6.284930636431253603e+00
1.022598583735965239e+00 9.633039298939241917e+02 6.284930636431253603e+00
9.086779065022941859e-01 9.646039132731157224e+02 6.284930636431253603e+00
2.120264955179977484e+00 9.659681267032560754e+02 6.284930636431253603e+00
9.462746910052969307e-01 9.664539942239707671e+02 6.284930636431253603e+00
7.108308638935052493e-01 9.677262301491641665e+02 6.284930636431253603e+00
1.635288559288468502e+00 9.690117936979536353e+02 6.284930636431253603e+00
1.356981815261822266e+00 9.694141258754692672e+02 6.284930636431253603e+00
9.366592852984130246e-01 9.707799418469604689e+02 6.284930636431253603e+00
1.594519109456358663e+00 9.721605213734069366e+02 6.284930636431253603e+00
1.327975235106890528e+00 9.725592845721297408e+02 6.284930636431253603e+00
6.954048239457742975e-01 9.738651206239570683e+02 6.284930636431253603e+00
1.158399112008926091e+00 9.751706909190796750e+02 6.284930636431253603e+00
1.773196641117238181e+00 9.755884397210146517e+02 6.284930636431253603e+00
9.264484007909268293e-01 9.769681561711063296e+02 6.284930636431253603e+00
1.207915483275537882e+00 9.783133618184164106e+02 6.284930636431253603e+00
1.876015021727440057e+00 9.787407990252465879e+02 6.284930636431253603e+00
7.184715355933462000e-01 9.800017335080445946e+02 6.284930636431253603e+00
8.293926869499770316e-01 9.812255657846881149e+02 6.284930636431253603e+00
2.354815564434264541e+00 9.817904828403967485e+02 6.284930636431253603e+00
8.582947729849136342e-01 9.831115531655989344e+02 6.284930636431253603e+00
8.781051542864566350e-01 9.843534592830396832e+02 6.284930636431253603e+00
2.656333105273932738e+00 9.849564394711269415e+02 6.284930636431253603e+00
7.342752346835523802e-01 9.861011970289719102e+02 6.284930636431253603e+00
6.952403695522542115e-01 9.870913823463379231e+02 6.284930636431253603e+00
2.942959104757175037e+00 9.880076691683153740e+02 6.284930636431253603e+00
7.184022712427350355e-01 9.889691548268035604e+02 6.284930636431253603e+00
7.305530822018594383e-01 9.900884873318373138e+02 6.284930636431253603e+00
2.845346310643112719e+00 9.911813737216111804e+02 6.284930636431253603e+00
6.998823047929637609e-01 9.920005786192663209e+02 6.284930636431253603e+00
7.383615649210876208e-01 9.930487488158819360e+02 6.284930636431253603e+00
2.465320389085414288e+00 9.942331581181615547e+02 6.284930636431253603e+00
9.525858637267818896e-01 9.947741782056818920e+02 6.284930636431253603e+00
8.857987113100441734e-01 9.960495335289717787e+02 6.284930636431253603e+00
2.215190261820686679e+00 9.973971770903217475e+02 6.284930636431253603e+00
8.889838973788597443e-01 9.979151366875433951e+02 6.284930636431253603e+00
7.111915730983763284e-01 9.991702025973764876e+02 6.284930636431253603e+00
1.739144918604505596e+00 1.000445197713619905e+03 6.284930636431253603e+00
1.278060728327823803e+00 1.000858159752321740e+03 6.284930636431253603e+00
9.262709023162830624e-01 1.002213648987145007e+03 6.284930636431253603e+00
1.657831891558155579e+00 1.003592827578416177e+03 6.284930636431253603e+00
1.247104419324615909e+00 1.003998385968286129e+03 6.284930636431253603e+00
6.889207192899731158e-01 1.005306732277992978e+03 6.284930636431253603e+00
1.227615965107094587e+00 1.006614999831303521e+03 6.284930636431253603e+00
1.672013914580177563e+00 1.007022821134261108e+03 6.284930636431253603e+00
9.206126642832681561e-01 1.008400302443977807e+03 6.284930636431253603e+00
1.251393896331279620e+00 1.009751709455025775e+03 6.284930636431253603e+00
1.767121551336697127e+00 1.010169266618337474e+03 6.284930636431253603e+00
7.070871347632726733e-01 1.011440099254021675e+03 6.284930636431253603e+00
8.715368972419165194e-01 1.012691360272192583e+03 6.284930636431253603e+00
2.227571208266002856e+00 1.013219219235394121e+03 6.284930636431253603e+00
8.717322616780360800e-01 1.014557609278165955e+03 6.284930636431253603e+00
