1.195688918945871926e+00 2.625269013013744601e-01 3.141592653589661222e+00
9.598162889156746092e-01 1.715655536881922183e+00 3.141592653589661222e+00
1.511061067597355700e+00 2.344549059814533098e+00 3.141592653589661222e+00
1.307715554199416097e+00 3.857237123770966836e+00 3.141592653589661222e+00
1.209749258627484725e+00 4.434920977581002788e+00 3.141592653589661222e+00
1.037494669380684797e+00 5.910420352149047929e+00 3.141592653589661222e+00
1.411308490012386008e+00 6.450019814885611602e+00 3.141592653589661222e+00
7.640351719933036190e-01 7.801122182978946995e+00 3.141592653589661222e+00
1.701091034440659344e+00 8.552329971468097369e+00 3.141592653589661222e+00
1.037741663697919536e+00 9.995930793371481826e+00 3.141592653589661222e+00
1.574744772263155346e+00 1.060023856627823768e+01 3.141592653589661222e+00
8.843136053609450542e-01 1.202001193818448854e+01 3.141592653589661222e+00
1.750316103217651742e+00 1.263061724909954009e+01 3.141592653589661222e+00
6.547387339209091994e-01 1.368145888515632969e+01 3.141592653589661222e+00
1.865177136244816625e+00 1.471588091584621694e+01 3.141592653589661222e+00
7.064879101374474946e-01 1.581511786028337596e+01 3.141592653589661222e+00
1.884492512950044718e+00 1.674513876104888510e+01 3.141592653589661222e+00
6.801792459684730119e-01 1.788602635823081854e+01 3.141592653589661222e+00
1.866482436781013776e+00 1.881109184387892341e+01 3.141592653589661222e+00
8.560964802784131189e-01 1.945051530214430713e+01 3.141592653589661222e+00
1.690110110945309163e+00 2.083958323500596066e+01 3.141592653589661222e+00
9.827808662115712357e-01 2.146890089661242484e+01 3.141592653589661222e+00
1.783076300563371186e+00 2.288593500825130178e+01 3.141592653589661222e+00
7.339950155039881574e-01 2.368843583601078961e+01 3.141592653589661222e+00
1.518318623916341981e+00 2.499021007494554780e+01 3.141592653589661222e+00
1.044230265566680638e+00 2.552204103154553039e+01 3.141592653589661222e+00
1.282770301835809423e+00 2.699901579126106554e+01 3.141592653589661222e+00
1.304183602295238886e+00 2.757259545423223557e+01 3.141592653589661222e+00
1.612747582280195546e+00 2.909397868170263024e+01 3.141592653589661222e+00
9.070859832888957808e-01 2.975440367758084292e+01 3.141592653589661222e+00
1.286692612314372930e+00 3.118588957064482869e+01 3.141592653589661222e+00
1.184299329811015822e+00 3.169982642224298885e+01 3.141592653589661222e+00
1.028845885334074062e+00 3.316514251673532954e+01 3.141592653589661222e+00
1.501379945246005265e+00 3.377710211554060749e+01 3.141592653589661222e+00
1.426105235727305853e+00 3.530994871388694634e+01 3.141592653589661222e+00
1.115206285366551420e+00 3.590201571168273631e+01 3.141592653589661222e+00
1.121496652582696818e+00 3.737693766413320873e+01 3.141592653589661222e+00
1.354677487713127348e+00 3.789711471319142788e+01 3.141592653589661222e+00
8.347912002579361834e-01 3.929503916430249433e+01 3.141592653589661222e+00
1.667683802450740105e+00 3.999510673958111795e+01 3.141592653589661222e+00
1.180960472094193969e+00 4.148838165390815647e+01 3.141592653589661222e+00
1.423155292997339227e+00 4.206558145154656358e+01 3.141592653589661222e+00
9.676787215874529391e-01 4.352468577518084913e+01 3.141592653589661222e+00
1.634707293354370039e+00 4.408544198630308841e+01 3.141592653589661222e+00
6.766481310264312876e-01 4.527967742572447207e+01 3.141592653589661222e+00
1.836620941264302420e+00 4.618433648577396156e+01 3.141592653589661222e+00
8.127906692741553307e-01 4.747444219574374813e+01 3.141592653589661222e+00
1.848594715362958718e+00 4.821832043480829100e+01 3.141592653589661222e+00
7.523076496813518865e-01 4.949026798657007475e+01 3.141592653589661222e+00
1.946360970327400963e+00 5.025945761650184096e+01 3.141592653589661222e+00
7.847372681109222592e-01 5.098173299874913056e+01 3.141592653589661222e+00
1.820428841754462290e+00 5.229446978203251462e+01 3.141592653589661222e+00
8.669876452367611952e-01 5.299328275176065262e+01 3.141592653589661222e+00
1.836591787042861190e+00 5.433274109486711012e+01 3.141592653589661222e+00
6.952158337727257775e-01 5.520585940751941934e+01 3.141592653589661222e+00
1.618722368179407844e+00 5.643393666924944085e+01 3.141592653589661222e+00
1.010865796007565542e+00 5.697546950541303801e+01 3.141592653589661222e+00
1.379384330982891038e+00 5.844557606782923642e+01 3.141592653589661222e+00
1.245029406502917046e+00 5.901835589957656225e+01 3.141592653589661222e+00
1.681381394147130504e+00 6.053035186692150660e+01 3.141592653589661222e+00
8.561381195910237052e-01 6.122370599120484513e+01 3.141592653589661222e+00
1.360632442230632178e+00 6.262847219933158271e+01 3.141592653589661222e+00
1.159431210693078418e+00 6.313881948280353384e+01 3.141592653589661222e+00
1.094416773122943720e+00 6.461263441939951235e+01 3.141592653589661222e+00
1.470894940262082118e+00 6.521033234621259567e+01 3.141592653589661222e+00
1.511754448404716067e+00 6.675153627277758517e+01 3.141592653589661222e+00
1.041451459574709526e+00 6.736281446091369673e+01 3.141592653589661222e+00
1.188981013635184381e+00 6.882894364621701300e+01 3.141592653589661222e+00
1.307378902583446800e+00 6.933921527566248244e+01 3.141592653589661222e+00
8.980178671237537547e-01 7.076634869215072854e+01 3.141592653589661222e+00
1.631456081930335200e+00 7.143209563642760429e+01 3.141592653589661222e+00
1.293251733697907468e+00 7.295250389035290084e+01 3.141592653589661222e+00
1.299153769658819568e+00 7.352605687076280105e+01 3.141592653589661222e+00
1.034732524047962343e+00 7.500098752681091696e+01 3.141592653589661222e+00
1.531809373149797926e+00 7.553576473630144505e+01 3.141592653589661222e+00
7.245762727391382718e-01 7.682604042874626771e+01 3.141592653589661222e+00
1.791328083573361152e+00 7.763912373902000752e+01 3.141592653589661222e+00
9.559252970599185772e-01 7.904127142917724314e+01 3.141592653589661222e+00
1.715920388258271867e+00 7.968286314794339376e+01 3.141592653589661222e+00
8.393326830313100340e-01 8.105667837220120475e+01 3.141592653589661222e+00
1.886753700098628306e+00 8.171242403466453652e+01 3.141592653589661222e+00
6.915680889709006074e-01 8.260209108983924864e+01 3.141592653589661222e+00
1.888312405815024908e+00 8.377257668762328535e+01 3.141592653589661222e+00
7.220559673151351054e-01 8.465524762814753501e+01 3.141592653589661222e+00
1.862473126596658757e+00 8.580269627003661981e+01 3.141592653589661222e+00
6.576967996542529837e-01 8.680773657436628810e+01 3.141592653589661222e+00
1.735574644891489493e+00 8.789166385629677336e+01 3.141592653589661222e+00
9.114825195177009842e-01 8.848423307710741881e+01 3.141592653589661222e+00
1.544166253056822757e+00 8.991826039789782499e+01 3.141592653589661222e+00
1.079732391342072884e+00 9.051215466677942345e+01 3.141592653589661222e+00
1.703548229878770304e+00 9.197261886794463237e+01 3.141592653589661222e+00
7.801041051086538003e-01 9.271439144238759411e+01 3.141592653589661222e+00
1.407453873942678513e+00 9.407512452148506554e+01 3.141592653589661222e+00
1.061275373969864377e+00 9.460749175135445910e+01 3.141592653589661222e+00
1.190936435032583951e+00 9.608504598383454720e+01 3.141592653589661222e+00
1.337360501507630195e+00 9.666426615237712383e+01 3.141592653589661222e+00
1.510112031611734906e+00 9.818264025232701897e+01 3.141592653589661222e+00
9.723321524824738438e-01 9.880902895772335626e+01 3.141592653589661222e+00
1.191050621869645276e+00 1.002640902360683413e+02 3.141592653589661222e+00
1.207797039641893555e+00 1.007883463369993962e+02 3.141592653589661222e+00
9.504790044935113036e-01 1.022387052163730061e+02 3.141592653589661222e+00
1.524617432922030336e+00 1.028718401787109258e+02 3.141592653589661222e+00
1.303105730741098256e+00 1.043849538513084099e+02 3.141592653589661222e+00
1.222162093048108744e+00 1.049618289088855931e+02 3.141592653589661222e+00
1.035102272889277142e+00 1.064372515814239932e+02 3.141592653589661222e+00
1.426007241004735748e+00 1.069768047562470770e+02 3.141592653589661222e+00
7.576362186752944039e-01 1.083204780466551682e+02 3.141592653589661222e+00
1.712554032133086990e+00 1.090795622031993446e+02 3.141592653589661222e+00
1.026485192146299408e+00 1.105183453813370420e+02 3.141592653589661222e+00
1.593408707030391724e+00 1.111266785198632334e+02 3.141592653589661222e+00
8.783189805203982514e-01 1.125413569262329929e+02 3.141592653589661222e+00
1.768582308635748390e+00 1.131570627243199993e+02 3.141592653589661222e+00
6.564188398038732775e-01 1.141878007018745365e+02 3.141592653589661222e+00
1.870219294301426416e+00 1.152395981295051399e+02 3.141592653589661222e+00
7.013311635975433278e-01 1.163116240533057919e+02 3.141592653589661222e+00
1.883951777612784539e+00 1.172687880001554248e+02 3.141592653589661222e+00
6.744844255492841167e-01 1.183927292002140490e+02 3.141592653589661222e+00
1.851553030150466350e+00 1.193379795366157481e+02 3.141592653589661222e+00
8.631547182873597901e-01 1.199704912565683372e+02 3.141592653589661222e+00
1.672510986195038463e+00 1.213662443768151746e+02 3.141592653589661222e+00
9.946954606316540382e-01 1.219900857061634554e+02 3.141592653589661222e+00
1.773582360092846644e+00 1.234134055076701344e+02 3.141592653589661222e+00
7.387516577351697089e-01 1.242081634157686381e+02 3.141592653589661222e+00
1.504244277993964429e+00 1.255177425418769417e+02 3.141592653589661222e+00
1.045295918766962373e+00 1.260498380556628319e+02 3.141592653589661222e+00
1.271923350117290630e+00 1.275269968263053642e+02 3.141592653589661222e+00
1.306965038965719472e+00 1.281010116196771378e+02 3.141592653589661222e+00
1.599399928448696606e+00 1.296218708350906468e+02 3.141592653589661222e+00
9.140055971569324145e-01 1.302777833517371846e+02 3.141592653589661222e+00
1.273759120903703135e+00 1.317126146746924746e+02 3.141592653589661222e+00
1.184929184295575366e+00 1.322281890424518167e+02 3.141592653589661222e+00
1.019651444647297289e+00 1.336921418001213624e+02 3.141592653589661222e+00
1.501804649276863302e+00 1.343060205973671941e+02 3.141592653589661222e+00
1.409334101133860262e+00 1.358361815744138141e+02 3.141592653589661222e+00
1.127472707444692190e+00 1.364256067452903380e+02 3.141592653589661222e+00
1.108994700408148182e+00 1.379012417950421536e+02 3.141592653589661222e+00
1.360953857808620437e+00 1.384240017701624481e+02 3.141592653589661222e+00
8.246670746275972519e-01 1.398165570858691922e+02 3.141592653589661222e+00
1.671344168245267880e+00 1.405226558399696160e+02 3.141592653589661222e+00
1.160619267331829629e+00 1.420099280355038047e+02 3.141592653589661222e+00
1.444052545854173975e+00 1.425893156018632908e+02 3.141592653589661222e+00
9.557060104112063970e-01 1.440442915187780955e+02 3.141592653589661222e+00
1.650707139808680335e+00 1.446109027517042875e+02 3.141592653589661222e+00
6.709270742104113117e-01 1.457871494884497565e+02 3.141592653589661222e+00
1.841758716642711402e+00 1.467084792543766696e+02 3.141592653589661222e+00
7.926610821806643337e-01 1.479756470984967507e+02 3.141592653589661222e+00
1.861401825708693059e+00 1.487414487611399636e+02 3.141592653589661222e+00
7.400450837822275529e-01 1.499950859371397485e+02 3.141592653589661222e+00
1.944440774388622728e+00 1.507853136464110548e+02 3.141592653589661222e+00
7.997890614370283258e-01 1.514887978120459024e+02 3.141592653589661222e+00
1.803412111153266606e+00 1.528177900072358284e+02 3.141592653589661222e+00
8.911189300361085364e-01 1.534999914697685597e+02 3.141592653589661222e+00
1.835068149776142965e+00 1.548580682971179385e+02 3.141592653589661222e+00
7.032136232602382853e-01 1.557177776171411949e+02 3.141592653589661222e+00
1.608287754784407442e+00 1.569599206675481753e+02 3.141592653589661222e+00
1.026409297107786056e+00 1.574953010816343806e+02 3.141592653589661222e+00
1.359983003541855862e+00 1.589684021908610987e+02 3.141592653589661222e+00
1.269481863100033081e+00 1.595405428655880371e+02 3.141592653589661222e+00
1.685526533242997838e+00 1.610591366707417080e+02 3.141592653589661222e+00
8.652810645928111777e-01 1.617489676784551591e+02 3.141592653589661222e+00
1.362209108727254314e+00 1.631569454207272827e+02 3.141592653589661222e+00
1.176287020839601016e+00 1.636632337917675954e+02 3.141592653589661222e+00
1.084831249806549103e+00 1.651357896334582733e+02 3.141592653589661222e+00
1.492322148058353504e+00 1.657367865822352258e+02 3.141592653589661222e+00
1.521130875981253627e+00 1.672824652663163363e+02 3.141592653589661222e+00
1.046516455828912839e+00 1.678937082940570917e+02 3.141592653589661222e+00
1.196392692938065272e+00 1.693602391461613479e+02 3.141592653589661222e+00
1.321557915087090640e+00 1.698671450393632938e+02 3.141592653589661222e+00
8.954686907565643228e-01 1.712917311797996831e+02 3.141592653589661222e+00
1.646621792612198210e+00 1.719609204367549182e+02 3.141592653589661222e+00
1.300415788420649976e+00 1.734841816473282279e+02 3.141592653589661222e+00
1.302567590662965902e+00 1.740576157387452838e+02 3.141592653589661222e+00
1.040208995308015361e+00 1.755330647335781009e+02 3.141592653589661222e+00
1.542167966736703200e+00 1.760654248426269533e+02 3.141592653589661222e+00
7.241786800025939996e-01 1.773522388621471748e+02 3.141592653589661222e+00
1.799741938435672317e+00 1.781686058980489804e+02 3.141592653589661222e+00
9.545846901881088753e-01 1.795696661067706827e+02 3.141592653589661222e+00
1.723993344778262049e+00 1.802127756531157843e+02 3.141592653589661222e+00
8.387817009443876426e-01 1.815844062805229555e+02 3.141592653589661222e+00
1.896872058126443994e+00 1.822416709981664837e+02 3.141592653589661222e+00
6.961183036451933370e-01 1.831212459759553894e+02 3.141592653589661222e+00
1.889923124706961666e+00 1.842997835397896154e+02 3.141592653589661222e+00
7.278440513167697690e-01 1.851695581637800956e+02 3.141592653589661222e+00
1.862962459076926924e+00 1.863302910602868678e+02 3.141592653589661222e+00
6.588763468780167720e-01 1.873268005186384073e+02 3.141592653589661222e+00
1.730489334300959303e+00 1.884201360973792134e+02 3.141592653589661222e+00
9.189779854714235086e-01 1.890080452407767950e+02 3.141592653589661222e+00
1.534171351317311638e+00 1.904455217963580367e+02 3.141592653589661222e+00
1.091943023229199561e+00 1.910368454096511073e+02 3.141592653589661222e+00
1.704515966165015106e+00 1.925019150408464839e+02 3.141592653589661222e+00
7.851707298268190138e-01 1.932404451611638763e+02 3.141592653589661222e+00
1.406437086012936044e+00 1.946042315596794197e+02 3.141592653589661222e+00
1.069640543042448266e+00 1.951341599238450613e+02 3.141592653589661222e+00
1.184683773833463682e+00 1.966119977136804664e+02 3.141592653589661222e+00
1.349089040721184407e+00 1.971921151297596850e+02 3.141592653589661222e+00
1.514457754328903727e+00 1.987131720618488089e+02 3.141592653589661222e+00
9.762534099801826182e-01 1.993391167121988872e+02 3.141592653589661222e+00
1.194385251587799512e+00 2.007946778913122046e+02 3.141592653589661222e+00
1.216083816501604575e+00 2.013170449027408324e+02 3.141592653589661222e+00
9.484058084474047412e-01 2.027663150172535893e+02 3.141592653589661222e+00
1.534216783864318367e+00 2.034012893733161889e+02 3.141592653589661222e+00
1.308170894957718655e+00 2.049163854107740974e+02 3.141592653589661222e+00
1.224351903596518021e+00 2.054932345110183292e+02 3.141592653589661222e+00
1.039009494531008659e+00 2.069689908937631060e+02 3.141592653589661222e+00
1.432507436088541031e+00 2.075069096277206881e+02 3.141592653589661222e+00
7.575285832521153617e-01 2.088489858883961858e+02 3.141592653589661222e+00
1.718652894378667195e+00 2.096097646899769700e+02 3.141592653589661222e+00
1.027891635554373018e+00 2.110491530235399580e+02 3.141592653589661222e+00
1.597090041855387055e+00 2.116575054968691347e+02 3.141592653589661222e+00
8.795731912355058135e-01 2.130720356371366790e+02 3.141592653589661222e+00
1.774899186400004991e+00 2.136872354179708395e+02 3.141592653589661222e+00
6.574319182722260235e-01 2.147136531165634779e+02 3.141592653589661222e+00
1.873147074535550072e+00 2.157689546608970090e+02 3.141592653589661222e+00
7.008977548347049558e-01 2.168353436915161865e+02 3.141592653589661222e+00
1.885569330401871024e+00 2.177982886747172415e+02 3.141592653589661222e+00
6.739013944086428287e-01 2.189184106917677184e+02 3.141592653589661222e+00
1.850870740370366141e+00 2.198678927416082161e+02 3.141592653589661222e+00
8.671459335107912780e-01 2.204972131924999985e+02 3.141592653589661222e+00
1.668395635318409953e+00 2.218954586705250733e+02 3.141592653589661222e+00
1.001009280620355879e+00 2.225170956876190758e+02 3.141592653589661222e+00
1.775040574666092885e+00 2.239435177504553565e+02 3.141592653589661222e+00
7.411303024226600922e-01 2.247364065754356659e+02 3.141592653589661222e+00
1.504486050197359592e+00 2.260478235669075957e+02 3.141592653589661222e+00
1.050394108714966857e+00 2.265781384325748604e+02 3.141592653589661222e+00
1.268459938322399561e+00 2.280557731990947730e+02 3.141592653589661222e+00
1.314343754441770873e+00 2.286299946529682927e+02 3.141592653589661222e+00
1.603685708024314538e+00 2.301528394785319165e+02 3.141592653589661222e+00
9.156753386952792839e-01 2.308088295414520985e+02 3.141592653589661222e+00
1.277284846102469063e+00 2.322437261502032015e+02 3.141592653589661222e+00
1.190323358865864600e+00 2.327577609144184407e+02 3.141592653589661222e+00
1.018932009601973387e+00 2.342213591313489189e+02 3.141592653589661222e+00
1.508397335879426260e+00 2.348360897815914541e+02 3.141592653589661222e+00
1.415305062159557759e+00 2.363680626039139270e+02 3.141592653589661222e+00
1.126964768790995608e+00 2.369579347669200899e+02 3.141592653589661222e+00
1.113552517374428286e+00 2.384336093879200860e+02 3.141592653589661222e+00
1.364289966542205912e+00 2.389548840381189621e+02 3.141592653589661222e+00
8.259248083616707037e-01 2.403474172203657986e+02 3.141592653589661222e+00
1.675162655822566515e+00 2.410536136985885207e+02 3.141592653589661222e+00
1.165608392679497785e+00 2.425425951579401556e+02 3.141592653589661222e+00
1.442313028540491704e+00 2.431215020912285638e+02 3.141592653589661222e+00
9.589913752505438982e-01 2.445773174923056104e+02 3.141592653589661222e+00
1.651808291911361914e+00 2.451423084770987089e+02 3.141592653589661222e+00
6.718390966038547685e-01 2.463197136841118322e+02 3.141592653589661222e+00
1.843356927216605490e+00 2.472398650904292197e+02 3.141592653589661222e+00
7.947036729771085328e-01 2.485091269870272299e+02 3.141592653589661222e+00
1.862085212039791049e+00 2.492730804476079243e+02 3.141592653589661222e+00
7.413792831970804631e-01 2.505278861157883910e+02 3.141592653589661222e+00
1.947170267178576664e+00 2.513164352617768884e+02 3.141592653589661222e+00
8.006406414131026494e-01 2.520193420423736370e+02 3.141592653589661222e+00
1.804659056145394125e+00 2.533485265938315933e+02 3.141592653589661222e+00
8.924322313465054002e-01 2.540302532718630175e+02 3.141592653589661222e+00
1.837561757556892550e+00 2.553890961993469375e+02 3.141592653589661222e+00
7.039053386392333245e-01 2.562488440317963523e+02 3.141592653589661222e+00
1.610992455937008794e+00 2.574908501668818985e+02 3.141592653589661222e+00
1.029723481727431666e+00 2.580248260801146216e+02 3.141592653589661222e+00
1.359334279433449533e+00 2.594983797597403736e+02 3.141592653589661222e+00
1.274205274011598554e+00 2.600704173910019108e+02 3.141592653589661222e+00
1.691134331131721957e+00 2.615905808871285672e+02 3.141592653589661222e+00
8.655339003085162908e-01 2.622813186536396302e+02 3.141592653589661222e+00
1.367471853604173893e+00 2.636886044252049146e+02 3.141592653589661222e+00
1.181009626071547025e+00 2.641932207829268577e+02 3.141592653589661222e+00
1.085366404790736317e+00 2.656657366511158784e+02 3.141592653589661222e+00
1.498280102568161354e+00 2.662671652396651325e+02 3.141592653589661222e+00
1.529862499044019941e+00 2.678149116436127315e+02 3.141592653589661222e+00
1.044036251414798722e+00 2.684275339048107298e+02 3.141592653589661222e+00
1.203531337155139269e+00 2.698934350854315767e+02 3.141592653589661222e+00
1.324302048561310396e+00 2.703985172440098381e+02 3.141592653589661222e+00
8.984265776735472775e-01 2.718236740150636592e+02 3.141592653589661222e+00
1.650239151790315439e+00 2.724923034097530490e+02 3.141592653589661222e+00
1.310065122365905443e+00 2.740180717697171531e+02 3.141592653589661222e+00
1.296413970070273036e+00 2.745917141176101950e+02 3.141592653589661222e+00
1.046611642301257250e+00 2.760679115633067227e+02 3.141592653589661222e+00
1.540027469505044211e+00 2.765980309460882154e+02 3.141592653589661222e+00
7.276345182967494107e-01 2.778886665339555293e+02 3.141592653589661222e+00
1.799905135692621005e+00 2.787012370271326063e+02 3.141592653589661222e+00
9.638039964640749968e-01 2.801075026777465382e+02 3.141592653589661222e+00
1.716673669392186241e+00 2.807464626227834401e+02 3.141592653589661222e+00
8.444772638621961258e-01 2.821226572026817507e+02 3.141592653589661222e+00
1.894080577016141298e+00 2.827745178971854330e+02 3.141592653589661222e+00
6.933771041845084859e-01 2.836624297236207894e+02 3.141592653589661222e+00
1.892481125491761507e+00 2.848336903623124385e+02 3.141592653589661222e+00
7.239786046740277481e-01 2.857139705298269519e+02 3.141592653589661222e+00
1.866743807052446025e+00 2.868642143303877106e+02 3.141592653589661222e+00
6.590759367436460625e-01 2.878676219291787106e+02 3.141592653589661222e+00
1.739944352032466224e+00 2.889529331616423065e+02 3.141592653589661222e+00
9.182706635005413176e-01 2.895415637978741756e+02 3.141592653589661222e+00
1.541752889135755922e+00 2.909778776288953281e+02 3.141592653589661222e+00
1.089922781719658174e+00 2.915699941380219116e+02 3.141592653589661222e+00
1.712129016071274767e+00 2.930344628030173340e+02 3.141592653589661222e+00
7.830578242179347948e-01 2.937762588180610805e+02 3.141592653589661222e+00
1.415133980972485883e+00 2.951370478677743563e+02 3.141592653589661222e+00
1.071755660842819591e+00 2.956657378231378175e+02 3.141592653589661222e+00
1.189573385698526886e+00 2.971438381197359604e+02 3.141592653589661222e+00
1.351469582077766907e+00 2.977236610092070919e+02 3.141592653589661222e+00
1.525281950195051639e+00 2.992463498201831840e+02 3.141592653589661222e+00
9.717379760882162154e-01 2.998747637926955463e+02 3.141592653589661222e+00
1.203721540884024499e+00 3.013288752156140049e+02 3.141592653589661222e+00
1.216833802444003076e+00 3.018495228300157009e+02 3.141592653589661222e+00
9.543318352859945231e-01 3.032999761701026387e+02 3.141592653589661222e+00
1.535713182291460699e+00 3.039335027691129767e+02 3.141592653589661222e+00
1.320871999382961404e+00 3.054513265385349428e+02 3.141592653589661222e+00
1.215228412606099928e+00 3.060289863303863740e+02 3.141592653589661222e+00
1.047641326296837594e+00 3.075053152734035962e+02 3.141592653589661222e+00
1.427861319480006497e+00 3.080407050826457294e+02 3.141592653589661222e+00
7.637922616311226820e-01 3.093878964669826814e+02 3.141592653589661222e+00
1.716828354063377970e+00 3.101433150309230768e+02 3.141592653589661222e+00
1.041988767527260329e+00 3.115887597491912402e+02 3.141592653589661222e+00
1.583580707780825492e+00 3.121929397808121394e+02 3.141592653589661222e+00
8.879551328493129336e-01 3.136125986340898066e+02 3.141592653589661222e+00
1.766171603753738717e+00 3.142215893149713679e+02 3.141592653589661222e+00
6.569538739395111016e-01 3.152621185474208119e+02 3.141592653589661222e+00
1.872966415987655564e+00 3.163049287897340491e+02 3.141592653589661222e+00
7.047419517927863142e-01 3.173909555165057554e+02 3.141592653589661222e+00
1.889392196253163458e+00 3.183345618199190312e+02 3.141592653589661222e+00
6.786194641260022697e-01 3.194662138798332194e+02 3.141592653589661222e+00
1.866162282372190839e+00 3.204014004109454277e+02 3.141592653589661222e+00
8.667233190880170302e-01 3.210321980731584972e+02 3.141592653589661222e+00
1.680159611650723139e+00 3.224279393063310977e+02 3.141592653589661222e+00
9.995086294714338182e-01 3.230512553884470321e+02 3.141592653589661222e+00
1.788053273467655302e+00 3.244767016258304579e+02 3.141592653589661222e+00
7.402149608968477956e-01 3.252744727495302755e+02 3.141592653589661222e+00
1.520194441965953436e+00 3.265809004196501064e+02 3.141592653589661222e+00
1.058702237416204506e+00 3.271075844937795409e+02 3.141592653589661222e+00
1.273655710939305408e+00 3.285859274272129937e+02 3.141592653589661222e+00
1.325079419157966454e+00 3.291600335096434833e+02 3.141592653589661222e+00
1.626444159173322523e+00 3.306871929115097259e+02 3.141592653589661222e+00
9.110959481392170156e-01 3.313483179902381721e+02 3.141592653589661222e+00
1.298238584655224015e+00 3.327796105078852520e+02 3.141592653589661222e+00
1.199952592545296071e+00 3.332888735335577621e+02 3.141592653589661222e+00
1.027433357881902154e+00 3.347532963290769317e+02 3.141592653589661222e+00
1.520583036762337414e+00 3.353675512333052779e+02 3.141592653589661222e+00
1.445444780726372391e+00 3.369059576138465673e+02 3.141592653589661222e+00
1.112228438627075766e+00 3.374998091231332182e+02 3.141592653589661222e+00
1.136369870975243224e+00 3.389745719617301916e+02 3.141592653589661222e+00
1.363779633591379215e+00 3.394901577625215623e+02 3.141592653589661222e+00
8.395487462575651483e-01 3.408885617556679790e+02 3.141592653589661222e+00
1.678507077765633460e+00 3.415883180851207612e+02 3.141592653589661222e+00
1.198316731655749257e+00 3.430872186506356343e+02 3.141592653589661222e+00
1.415071039815486431e+00 3.436630856334460873e+02 3.141592653589661222e+00
9.789609125060971806e-01 3.451249042013244548e+02 3.141592653589661222e+00
1.635501439265146129e+00 3.456803759399120395e+02 3.141592653589661222e+00
6.803460774584427773e-01 3.468803234118361729e+02 3.141592653589661222e+00
1.840405039588392633e+00 3.477793871601586488e+02 3.141592653589661222e+00
8.223080099820865296e-01 3.490785776339577637e+02 3.141592653589661222e+00
1.847501450549092317e+00 3.498143139408289812e+02 3.141592653589661222e+00
7.582751999816661481e-01 3.510924527693890695e+02 3.141592653589661222e+00
1.953269843925659499e+00 3.518536696312189633e+02 3.141592653589661222e+00
7.840019068761840959e-01 3.525781419874969629e+02 3.141592653589661222e+00
1.826649660702503564e+00 3.538882156699533539e+02 3.141592653589661222e+00
8.656661748855452032e-01 3.545890074763304369e+02 3.141592653589661222e+00
1.842796019560090759e+00 3.559268042711853468e+02 3.141592653589661222e+00
6.955085805695181422e-01 3.568024064545236911e+02 3.141592653589661222e+00
1.627139789836565376e+00 3.580276029027217533e+02 3.141592653589661222e+00
1.016014385222912875e+00 3.585667994010282200e+02 3.141592653589661222e+00
1.381360791513141617e+00 3.600375580175304435e+02 3.141592653589661222e+00
1.251999459357943323e+00 3.606100864299336877e+02 3.141592653589661222e+00
1.693921111930844603e+00 3.621247004392636200e+02 3.141592653589661222e+00
8.553971641659966485e-01 3.628207632093753432e+02 3.141592653589661222e+00
1.372824917214502616e+00 3.642233549167374349e+02 3.141592653589661222e+00
1.167862579483262220e+00 3.647303994596659891e+02 3.141592653589661222e+00
1.097330401051968440e+00 3.662043961563977632e+02 3.141592653589661222e+00
1.481579027941590132e+00 3.668025264419307518e+02 3.141592653589661222e+00
1.530929526400224949e+00 3.683479099376866657e+02 3.141592653589661222e+00
1.035029953350618870e+00 3.689624615600454831e+02 3.141592653589661222e+00
1.204733056106106925e+00 3.704270267102788239e+02 3.141592653589661222e+00
1.311795542232848444e+00 3.709335237437334740e+02 3.141592653589661222e+00
9.055069770559724951e-01 3.723623543186614597e+02 3.141592653589661222e+00
1.637788240612422230e+00 3.730262998341511320e+02 3.141592653589661222e+00
1.315033429951292465e+00 3.745521833002098333e+02 3.141592653589661222e+00
1.284322579766919548e+00 3.751262959228964746e+02 3.141592653589661222e+00
1.049134564729994334e+00 3.766028749070167123e+02 3.141592653589661222e+00
1.525484070210619825e+00 3.771327272668218029e+02 3.141592653589661222e+00
7.329689207937061246e-01 3.784322899915300127e+02 3.141592653589661222e+00
1.790554484822564296e+00 3.792361175182469992e+02 3.141592653589661222e+00
9.779804171515499300e-01 3.806503887132133741e+02 3.141592653589661222e+00
1.697294421240195694e+00 3.812823652165756698e+02 3.141592653589661222e+00
8.528920687584286009e-01 3.826669122102222786e+02 3.141592653589661222e+00
1.878309019803072522e+00 3.833100361763806063e+02 3.141592653589661222e+00
6.852165009694020092e-01 3.842208621905718928e+02 3.141592653589661222e+00
1.893494067328657993e+00 3.853729503322097685e+02 3.141592653589661222e+00
7.138211778608852809e-01 3.862829107856956625e+02 3.141592653589661222e+00
1.871843311216587535e+00 3.874031649318379209e+02 3.141592653589661222e+00
6.589461817241675234e-01 3.884257674949874968e+02 3.141592653589661222e+00
1.759653068710204993e+00 3.894891079895144799e+02 3.141592653589661222e+00
9.100017199740796370e-01 3.900834834451241022e+02 3.141592653589661222e+00
1.563263720146716995e+00 3.915144894781009839e+02 3.141592653589661222e+00
1.075152404362907710e+00 3.921104791027708529e+02 3.141592653589661222e+00
1.723155761036897271e+00 3.935694755582846369e+02 3.141592653589661222e+00
7.752259616968346645e-01 3.943195408594759215e+02 3.141592653589661222e+00
1.429932702298139624e+00 3.956725891776700337e+02 3.141592653589661222e+00
1.067508035941231448e+00 3.962015650433158385e+02 3.141592653589661222e+00
1.203085190742847255e+00 3.976797936318274083e+02 3.141592653589661222e+00
1.344538905198319645e+00 3.982583690458400270e+02 3.141592653589661222e+00
1.538395426390437803e+00 3.997811374288207844e+02 3.141592653589661222e+00
9.613199675559558344e-01 4.004139521028076274e+02 3.141592653589661222e+00
1.215570138187074267e+00 4.018651872145280208e+02 3.141592653589661222e+00
1.210831631677451448e+00 4.023848411646423529e+02 3.141592653589661222e+00
9.655623649210843817e-01 4.038380106621436312e+02 3.141592653589661222e+00
1.529651051995241318e+00 4.044677470116162112e+02 3.141592653589661222e+00
1.336396027294914024e+00 4.059880150686551588e+02 3.141592653589661222e+00
1.199195266648806379e+00 4.065671748335720963e+02 3.141592653589661222e+00
1.057937546691469777e+00 4.080439238083047258e+02 3.141592653589661222e+00
1.415161334452814001e+00 4.085768655127144484e+02 3.141592653589661222e+00
7.739641005531868734e-01 4.099331102878498996e+02 3.141592653589661222e+00
1.708657004653679534e+00 4.106789416881931061e+02 3.141592653589661222e+00
1.062975329808692138e+00 4.121329263594309396e+02 3.141592653589661222e+00
1.558959014864305992e+00 4.127311375144115004e+02 3.141592653589661222e+00
9.000130640515753289e-01 4.141584557042187953e+02 3.141592653589661222e+00
1.746456492678664540e+00 4.147586411499482324e+02 3.141592653589661222e+00
6.564335611723849384e-01 4.158247862802692794e+02 3.141592653589661222e+00
1.869351823525372547e+00 4.168450825086935083e+02 3.141592653589661222e+00
7.137880910277754065e-01 4.179663459228762008e+02 3.141592653589661222e+00
1.891987897662123830e+00 4.188751027942868177e+02 3.141592653589661222e+00
6.873428013794871116e-01 4.200281529510506857e+02 3.141592653589661222e+00
1.888757691341026002e+00 4.209372667326028363e+02 3.141592653589661222e+00
8.610563829836718197e-01 4.215744399775452393e+02 3.141592653589661222e+00
1.702143180342301498e+00 4.229631824261676911e+02 3.141592653589661222e+00
9.895588184150331257e-01 4.235918283646669238e+02 3.141592653589661222e+00
1.804824475055881283e+00 4.250118504251481681e+02 3.141592653589661222e+00
7.364117422726593754e-01 4.258187973923414233e+02 3.141592653589661222e+00
1.542617209902394704e+00 4.271157919142033279e+02 3.141592653589661222e+00
1.065227196009344235e+00 4.276391242740840539e+02 3.141592653589661222e+00
1.284645702892974084e+00 4.291179910213847961e+02 3.141592653589661222e+00
1.332727999879989911e+00 4.296917014541604090e+02 3.141592653589661222e+00
1.654913872099377903e+00 4.312229532114400854e+02 3.141592653589661222e+00
9.031342763601771795e-01 4.318915785624650994e+02 3.141592653589661222e+00
1.325352075972377808e+00 4.333172999533699681e+02 3.141592653589661222e+00
1.209444872565014206e+00 4.338210175609114003e+02 3.141592653589661222e+00
1.039765926437954624e+00 4.352868154967468968e+02 3.141592653589661222e+00
1.532756464136593388e+00 4.358998255054709148e+02 3.141592653589661222e+00
1.484160105915811156e+00 4.374458411209340625e+02 3.141592653589661222e+00
1.091704562340176876e+00 4.380457501402163984e+02 3.141592653589661222e+00
1.166334363043232347e+00 4.395184342715029970e+02 3.141592653589661222e+00
1.361327306634674938e+00 4.400271379138991961e+02 3.141592653589661222e+00
8.582314473718748449e-01 4.414333394689683701e+02 3.141592653589661222e+00
1.680937967410763179e+00 4.421244345023627034e+02 3.141592653589661222e+00
1.242626837673251439e+00 4.436357482056899926e+02 3.141592653589661222e+00
1.376433569771084775e+00 4.442091085248379159e+02 3.141592653589661222e+00
1.006145624559567908e+00 4.456777440226009617e+02 3.141592653589661222e+00
1.610568138610834810e+00 4.462215159403298230e+02 3.141592653589661222e+00
6.941963573352788464e-01 4.474519847132727364e+02 3.141592653589661222e+00
1.833865881048871049e+00 4.483222659641508017e+02 3.141592653589661222e+00
8.655921646652929846e-01 4.496607905395913463e+02 3.141592653589661222e+00
1.817450214743365100e+00 4.503601221875574083e+02 3.141592653589661222e+00
7.846450078423513608e-01 4.516715643631958983e+02 3.141592653589661222e+00
1.950911040969245169e+00 4.523946135457454147e+02 3.141592653589661222e+00
7.559817618957225260e-01 4.531592047492173378e+02 3.141592653589661222e+00
1.855500522763539939e+00 4.544345864184722927e+02 3.141592653589661222e+00
8.203577211093074917e-01 4.551735957356127642e+02 3.141592653589661222e+00
1.847385014657190627e+00 4.564699633768123590e+02 3.141592653589661222e+00
6.814199028724218232e-01 4.573749408585078413e+02 3.141592653589661222e+00
1.651569908731574499e+00 4.585688333951304685e+02 3.141592653589661222e+00
9.869325129584948231e-01 4.591204422125297242e+02 3.141592653589661222e+00
1.421612108767762894e+00 4.605842037214903826e+02 3.141592653589661222e+00
1.205264915750974719e+00 4.611592814450227138e+02 3.141592653589661222e+00
1.690358349621757350e+00 4.626608198227247613e+02 3.141592653589661222e+00
8.366223534605987666e-01 4.633656542852796179e+02 3.141592653589661222e+00
1.374715293137562577e+00 4.647602921985887292e+02 3.141592653589661222e+00
1.136929967358280447e+00 4.652746027601844503e+02 3.141592653589661222e+00
1.118423395540727006e+00 4.667506412279702204e+02 3.141592653589661222e+00
1.441494799565279150e+00 4.673427233691945730e+02 3.141592653589661222e+00
1.518039932392278413e+00 4.688801766402290809e+02 3.141592653589661222e+00
1.022483994161518916e+00 4.694959615899884398e+02 3.141592653589661222e+00
1.194762567729401370e+00 4.709591333217795182e+02 3.141592653589661222e+00
1.284278399210956101e+00 4.714713512597391514e+02 3.141592653589661222e+00
9.133220758419452467e-01 4.729055843059125550e+02 3.141592653589661222e+00
1.608331315062465849e+00 4.735621301761174777e+02 3.141592653589661222e+00
1.305911991540308126e+00 4.750835126481613315e+02 3.141592653589661222e+00
1.273584241043777210e+00 4.756579894420930827e+02 3.141592653589661222e+00
1.041572447863207573e+00 4.771339458365055748e+02 3.141592653589661222e+00
1.502854852781547734e+00 4.776674854291937891e+02 3.141592653589661222e+00
7.361604759268104425e-01 4.789760337352168449e+02 3.141592653589661222e+00
1.772708089365466977e+00 4.797710563646064656e+02 3.141592653589661222e+00
9.853656591933084297e-01 4.811896349384347218e+02 3.141592653589661222e+00
1.676546078387755045e+00 4.818169717344541141e+02 3.141592653589661222e+00
8.567023495938148603e-01 4.832076367156245169e+02 3.141592653589661222e+00
1.854981045265399198e+00 4.838456258280638167e+02 3.141592653589661222e+00
6.765088795206406491e-01 4.847815010531516577e+02 3.141592653589661222e+00
1.889586550498616679e+00 4.859131185744035406e+02 3.141592653589661222e+00
7.049228707371324454e-01 4.868563683207721624e+02 3.141592653589661222e+00
1.873910998433324870e+00 4.879428352420353576e+02 3.141592653589661222e+00
6.592004874194928865e-01 4.889867339542859668e+02 3.141592653589661222e+00
1.777220682569657040e+00 4.900258400217102803e+02 3.141592653589661222e+00
8.973105376888167450e-01 4.906290991648232307e+02 3.141592653589661222e+00
1.587077315056282467e+00 4.920526220369018233e+02 3.141592653589661222e+00
1.053719470343228437e+00 4.926543563440423554e+02 3.141592653589661222e+00
1.729618655559011398e+00 4.941047931556818185e+02 3.141592653589661222e+00
7.655278707340517075e-01 4.948638172230843679e+02 3.141592653589661222e+00
1.441144477254954204e+00 4.962083483660786101e+02 3.141592653589661222e+00
1.056973992628116310e+00 4.967399089789649906e+02 3.141592653589661222e+00
1.218300860704579547e+00 4.982177602455840884e+02 3.141592653589661222e+00
1.328872105720747099e+00 4.987948704890337694e+02 3.141592653589661222e+00
1.542998616283016711e+00 5.003150366477178181e+02 3.141592653589661222e+00
9.509514744692826316e-01 5.009513160639911007e+02 3.141592653589661222e+00
1.220423778536907200e+00 5.024000348094897959e+02 3.141592653589661222e+00
1.199269073782968764e+00 5.029208678178299579e+02 3.141592653589661222e+00
9.751258375464200157e-01 5.043766506268810872e+02 3.141592653589661222e+00
1.516607463370514886e+00 5.050023323888764821e+02 3.141592653589661222e+00
1.341533505498317291e+00 5.065221967326810955e+02 3.141592653589661222e+00
1.187058686396982532e+00 5.071024263789986435e+02 3.141592653589661222e+00
1.060913815107482838e+00 5.085790555153344599e+02 3.141592653589661222e+00
1.401139467288067042e+00 5.091120196551204913e+02 3.141592653589661222e+00
7.808038604493118262e-01 5.104751975063616669e+02 3.141592653589661222e+00
1.697555011184768370e+00 5.112135632374121315e+02 3.141592653589661222e+00
1.074594067574530021e+00 5.126719379828392675e+02 3.141592653589661222e+00
1.540187509772176222e+00 5.132668067532368923e+02 3.141592653589661222e+00
9.061853519381974920e-01 5.146986268304541454e+02 3.141592653589661222e+00
1.727950125562038863e+00 5.152942174458219142e+02 3.141592653589661222e+00
6.562783642525978900e-01 5.163798640162428910e+02 3.141592653589661222e+00
1.863527075612758876e+00 5.173831234795636647e+02 3.141592653589661222e+00
7.223340190494774715e-01 5.185305441749381998e+02 3.141592653589661222e+00
1.889790440560363827e+00 5.194132876653271751e+02 3.141592653589661222e+00
6.940936731243413371e-01 5.205831929527970487e+02 3.141592653589661222e+00
1.900756407973289486e+00 5.214723193334577900e+02 3.141592653589661222e+00
8.518871132101089039e-01 5.221183019539587349e+02 3.141592653589661222e+00
1.719620874577294956e+00 5.234990027868402649e+02 3.141592653589661222e+00
9.746790241137466282e-01 5.241343683119134766e+02 3.141592653589661222e+00
1.811000413116355956e+00 5.255463063108164761e+02 3.141592653589661222e+00
7.311016276627302357e-01 5.263610100664830043e+02 3.141592653589661222e+00
1.553840249688730468e+00 5.276500627184387895e+02 3.141592653589661222e+00
1.060688149318818052e+00 5.281744609219168751e+02 3.141592653589661222e+00
1.295836723547140190e+00 5.296528569983449870e+02 3.141592653589661222e+00
1.325189565297001382e+00 5.302260503886983543e+02 3.141592653589661222e+00
1.662471804975533374e+00 5.317562449198546801e+02 3.141592653589661222e+00
8.969888643524860372e-01 5.324285061379425770e+02 3.141592653589661222e+00
1.333474304545856581e+00 5.338513045532914703e+02 3.141592653589661222e+00
1.206067862075389296e+00 5.343546471198421841e+02 3.141592653589661222e+00
1.047178603292669985e+00 5.358216403997189445e+02 3.141592653589661222e+00
1.528874297397834425e+00 5.364327812694973545e+02 3.141592653589661222e+00
1.494108153546290785e+00 5.379797736491622118e+02 3.141592653589661222e+00
1.082887422667368815e+00 5.385819533966870267e+02 3.141592653589661222e+00
1.174186757701676465e+00 5.400535741179387514e+02 3.141592653589661222e+00
1.355539798019536724e+00 5.405611358760206713e+02 3.141592653589661222e+00
8.655699922894521947e-01 5.419709513577436155e+02 3.141592653589661222e+00
1.676664259944962820e+00 5.426578789464936108e+02 3.141592653589661222e+00
1.256463873699418032e+00 5.441725433612831466e+02 3.141592653589661222e+00
1.361055950213716281e+00 5.447455164357136255e+02 3.141592653589661222e+00
1.014401596154946406e+00 5.462160564627204167e+02 3.141592653589661222e+00
1.597722100829952918e+00 5.467566672425340357e+02 3.141592653589661222e+00
6.999155808205186347e-01 5.479992376886307284e+02 3.141592653589661222e+00
1.828463836676342602e+00 5.488580829703006430e+02 3.141592653589661222e+00
8.835463512946870601e-01 5.502110260136253146e+02 3.141592653589661222e+00
1.801087855168418184e+00 5.508971189145369181e+02 3.141592653589661222e+00
7.955829606566726664e-01 5.522218645718295420e+02 3.141592653589661222e+00
1.944106093314418304e+00 5.529301573935033502e+02 3.141592653589661222e+00
7.427783314378583190e-01 5.537155855206030992e+02 3.141592653589661222e+00
1.865427720076048512e+00 5.549733420020124868e+02 3.141592653589661222e+00
7.990915632441281113e-01 5.557337631101025863e+02 3.141592653589661222e+00
1.848345673850797066e+00 5.570072982971798865e+02 3.141592653589661222e+00
6.749376681623295848e-01 5.579279274852316348e+02 3.141592653589661222e+00
1.662901953455444559e+00 5.591050478362755030e+02 3.141592653589661222e+00
9.710127548665348218e-01 5.596641143428296346e+02 3.141592653589661222e+00
1.442412618211694975e+00 5.611233537754796998e+02 3.141592653589661222e+00
1.179636333705188500e+00 5.617006727960244916e+02 3.141592653589661222e+00
1.686790629272191477e+00 5.631944796471592554e+02 3.141592653589661222e+00
8.265430018410349078e-01 5.639039777038505008e+02 3.141592653589661222e+00
1.374273445046318542e+00 5.652943298637519547e+02 3.141592653589661222e+00
1.119244623839757535e+00 5.658131607017875240e+02 3.141592653589661222e+00
1.129459034913024906e+00 5.672898655638895207e+02 3.141592653589661222e+00
1.418154363739130286e+00 5.678789864776135801e+02 3.141592653589661222e+00
1.508013939296230843e+00 5.694113845475353628e+02 3.141592653589661222e+00
1.016307577782936011e+00 5.700273917682494584e+02 3.141592653589661222e+00
1.186860834341492810e+00 5.714900046236655271e+02 3.141592653589661222e+00
1.268466765572601851e+00 5.720059561136091588e+02 3.141592653589661222e+00
9.163298927282974571e-01 5.734427163677497674e+02 3.141592653589661222e+00
1.590866440009929272e+00 5.740955843617379060e+02 3.141592653589661222e+00
1.296687915974086946e+00 5.756134281137739208e+02 3.141592653589661222e+00
1.270193331807895731e+00 5.761879839290953669e+02 3.141592653589661222e+00
1.034570688773520208e+00 5.776632943059431682e+02 3.141592653589661222e+00
1.491331864838669974e+00 5.781998148838679299e+02 3.141592653589661222e+00
7.362625905763291456e-01 5.795115870161947669e+02 3.141592653589661222e+00
1.762652619431286372e+00 5.803034416385027043e+02 3.141592653589661222e+00
9.847334900597245477e-01 5.817219266653621617e+02 3.141592653589661222e+00
1.668846161867056477e+00 5.823485820347484605e+02 3.141592653589661222e+00
8.558507060597726479e-01 5.837404495553806782e+02 3.141592653589661222e+00
1.843645247334701587e+00 5.843782043220322748e+02 3.141592653589661222e+00
6.730663032392638634e-01 5.853235975235666047e+02 3.141592653589661222e+00
1.886097362122036047e+00 5.864476354237294800e+02 3.141592653589661222e+00
7.020374602604535497e-01 5.874036407066049605e+02 3.141592653589661222e+00
1.873012640098430603e+00 5.884770614832889351e+02 3.141592653589661222e+00
6.592029327268604799e-01 5.895291887727237281e+02 3.141592653589661222e+00
1.781805758698937536e+00 5.905590790526741785e+02 3.141592653589661222e+00
8.905365736777113295e-01 5.911670844500058593e+02 3.141592653589661222e+00
1.596295542039236182e+00 5.925868931652886431e+02 3.141592653589661222e+00
1.042706742179622337e+00 5.931916149973221764e+02 3.141592653589661222e+00
1.729213828480700377e+00 5.946374298713411690e+02 3.141592653589661222e+00
7.610255727319772401e-01 5.953998914844164574e+02 3.141592653589661222e+00
1.442821888106901929e+00 5.967411236507618923e+02 3.141592653589661222e+00
1.049619806664762844e+00 5.972749441037674387e+02 3.141592653589661222e+00
1.224508083460632113e+00 5.987523463084680770e+02 3.141592653589661222e+00
1.318298420612297184e+00 5.993288403587671382e+02 3.141592653589661222e+00
1.539571724719807744e+00 6.008465376681308499e+02 3.141592653589661222e+00
9.472034182337125685e-01 6.014834190538572329e+02 3.141592653589661222e+00
1.217888005078918034e+00 6.029315468543990164e+02 3.141592653589661222e+00
1.191758544497186767e+00 6.034540810257180965e+02 3.141592653589661222e+00
9.774641400507316780e-01 6.049107694772964123e+02 3.141592653589661222e+00
1.507738760545247914e+00 6.055348059472808018e+02 3.141592653589661222e+00
1.337068714953626669e+00 6.070528602150354800e+02 3.141592653589661222e+00
1.184932279133734667e+00 6.076330922765680498e+02 3.141592653589661222e+00
1.057439888388009841e+00 6.091094621358603263e+02 3.141592653589661222e+00
1.395142916352630547e+00 6.096438784443583927e+02 3.141592653589661222e+00
7.810844008256121462e-01 6.110084643343612925e+02 3.141592653589661222e+00
1.691760523564323160e+00 6.117452637730315246e+02 3.141592653589661222e+00
1.072981711757868162e+00 6.132029270963986392e+02 3.141592653589661222e+00
1.537113695293990334e+00 6.137978507673243485e+02 3.141592653589661222e+00
9.047934645439210666e-01 6.152296618605494132e+02 3.141592653589661222e+00
1.722299237178235520e+00 6.158258905697990713e+02 3.141592653589661222e+00
6.557828566256093117e-01 6.169150195219596071e+02 3.141592653589661222e+00
1.860508255965657831e+00 6.179153900759721409e+02 3.141592653589661222e+00
7.235469393524015524e-01 6.190670480365830599e+02 3.141592653589661222e+00
1.887426876018775124e+00 6.199454246175113212e+02 3.141592653589661222e+00
6.948406237314760370e-01 6.211185559901975921e+02 3.141592653589661222e+00
1.900005691907325822e+00 6.220042213776324616e+02 3.141592653589661222e+00
8.476338403394496623e-01 6.226538580842385500e+02 3.141592653589661222e+00
1.723057718410180961e+00 6.240317375327084619e+02 3.141592653589661222e+00
9.680079190254221588e-01 6.246697412584786662e+02 3.141592653589661222e+00
1.808505162279554268e+00 6.260780945586635653e+02 3.141592653589661222e+00
7.286423889844845236e-01 6.268946996302313437e+02 3.141592653589661222e+00
1.552561130751474394e+00 6.281818792048497926e+02 3.141592653589661222e+00
1.054281681098509171e+00 6.287086202880479959e+02 3.141592653589661222e+00
1.299691164007326316e+00 6.301863785680136516e+02 3.141592653589661222e+00
1.315917696097684386e+00 6.307593882573622750e+02 3.141592653589661222e+00
1.655628946739265306e+00 6.322869353464649294e+02 3.141592653589661222e+00
8.955160094126065617e-01 6.329586475225555660e+02 3.141592653589661222e+00
1.327505953641059167e+00 6.343817473658646122e+02 3.141592653589661222e+00
1.198655506737531073e+00 6.348873931107328872e+02 3.141592653589661222e+00
1.047749751578233468e+00 6.363547628039033270e+02 3.141592653589661222e+00
1.519734674283760523e+00 6.369648734919986737e+02 3.141592653589661222e+00
1.483972300113749476e+00 6.385091195246085363e+02 3.141592653589661222e+00
1.084984671706900272e+00 6.391100750569138427e+02 3.141592653589661222e+00
1.166181673712509026e+00 6.405820686068000214e+02 3.141592653589661222e+00
1.351263510299868909e+00 6.410919345395260507e+02 3.141592653589661222e+00
8.628647583205680816e-01 6.425013863231640698e+02 3.141592653589661222e+00
1.671443463117305850e+00 6.431886032914534326e+02 3.141592653589661222e+00
1.246520825314703762e+00 6.447003497154963725e+02 3.141592653589661222e+00
1.366586434294731367e+00 6.452735962965717817e+02 3.141592653589661222e+00
1.007911418979225759e+00 6.467429676708725310e+02 3.141592653589661222e+00
1.598630938091033071e+00 6.472862382816532545e+02 3.141592653589661222e+00
6.972110512851993347e-01 6.485251182832098493e+02 3.141592653589661222e+00
1.827233087569622549e+00 6.493875678541018033e+02 3.141592653589661222e+00
8.761852770568197002e-01 6.507350364065994199e+02 3.141592653589661222e+00
1.804891671436188227e+00 6.514258703801859838e+02 3.141592653589661222e+00
7.910255300760449249e-01 6.527461751871255728e+02 3.141592653589661222e+00
1.943107303546901310e+00 6.534598332249995565e+02 3.141592653589661222e+00
7.452527593489731705e-01 6.542405356075096279e+02 3.141592653589661222e+00
1.861590831695229653e+00 6.555025985301828086e+02 3.141592653589661222e+00
8.031840601779788313e-01 6.562581373206688795e+02 3.141592653589661222e+00
1.845833686063784507e+00 6.575366598738119137e+02 3.141592653589661222e+00
6.757791406897385444e-01 6.584535131268702344e+02 3.141592653589661222e+00
1.657548413084817485e+00 6.596348280512389692e+02 3.141592653589661222e+00
9.717802703156045441e-01 6.601935249828050019e+02 3.141592653589661222e+00
1.437918874781397793e+00 6.616532694135622705e+02 3.141592653589661222e+00
1.181376071282210116e+00 6.622303373101776742e+02 3.141592653589661222e+00
1.682664845327336289e+00 6.637244751766347690e+02 3.141592653589661222e+00
8.283347082123752037e-01 6.644321618883707288e+02 3.141592653589661222e+00
1.369700513489379157e+00 6.658240861325689366e+02 3.141592653589661222e+00
1.118939340662788329e+00 6.663434238329755317e+02 3.141592653589661222e+00
1.126438152931829473e+00 6.678199137748623571e+02 3.141592653589661222e+00
1.417899316109380914e+00 6.684093810506292357e+02 3.141592653589661222e+00
1.502459160892613887e+00 6.699410372143001950e+02 3.141592653589661222e+00
1.019464059242163545e+00 6.705557818626955395e+02 3.141592653589661222e+00
1.182215287295409922e+00 6.720190766286643793e+02 3.141592653589661222e+00
1.269197387695193191e+00 6.725358281403086949e+02 3.141592653589661222e+00
9.129597673876106434e-01 6.739716140934422128e+02 3.141592653589661222e+00
1.591166529615444913e+00 6.746256743019509940e+02 3.141592653589661222e+00
1.290062684167961660e+00 6.761420647181211052e+02 3.141592653589661222e+00
1.275943286934077214e+00 6.767163829544732607e+02 3.141592653589661222e+00
1.030285552925659376e+00 6.781912027596083590e+02 3.141592653589661222e+00
1.495149835513505332e+00 6.787290793444690280e+02 3.141592653589661222e+00
7.330298300980789827e-01 6.800371824260408857e+02 3.141592653589661222e+00
1.764386445338384624e+00 6.808327375400656365e+02 3.141592653589661222e+00
9.767923741092747747e-01 6.822470880386705403e+02 3.141592653589661222e+00
1.676782037398908853e+00 6.828770328862731276e+02 3.141592653589661222e+00
8.510683707617605620e-01 6.842651240358807172e+02 3.141592653589661222e+00
1.848601942033124113e+00 6.849072032487432580e+02 3.141592653589661222e+00
6.751694536913116496e-01 6.858436230789507135e+02 3.141592653589661222e+00
1.885234867393744018e+00 6.869754118757292645e+02 3.141592653589661222e+00
7.038464597203053508e-01 6.879193593506579418e+02 3.141592653589661222e+00
1.869539776988955460e+00 6.890047679742409628e+02 3.141592653589661222e+00
6.579550246791215917e-01 6.900494221406526094e+02 3.141592653589661222e+00
1.771862803347496795e+00 6.910882042818617492e+02 3.141592653589661222e+00
8.911727560925002400e-01 6.916952725434772447e+02 3.141592653589661222e+00
1.588323309301919561e+00 6.931165429514261405e+02 3.141592653589661222e+00
1.044561239351646798e+00 6.937202101023569867e+02 3.141592653589661222e+00
1.721113333467464646e+00 6.951667834427086063e+02 3.141592653589661222e+00
7.627229707108668100e-01 6.959257687323598702e+02 3.141592653589661222e+00
1.433352741454842372e+00 6.972703025396316434e+02 3.141592653589661222e+00
1.046649045213932094e+00 6.978056249814675311e+02 3.141592653589661222e+00
1.219601539203124529e+00 6.992827482719363843e+02 3.141592653589661222e+00
1.314824085814665589e+00 6.998594532990348398e+02 3.141592653589661222e+00
1.527633326210028342e+00 7.013752562702895830e+02 3.141592653589661222e+00
9.513269733831856145e-01 7.020093919601399648e+02 3.141592653589661222e+00
1.207402007387713194e+00 7.034592167486736116e+02 3.141592653589661222e+00
1.189791970920193398e+00 7.039837479546359873e+02 3.141592653589661222e+00
9.712803673713447106e-01 7.054394393692449512e+02 3.141592653589661222e+00
1.504912331004525594e+00 7.060646548549403860e+02 3.141592653589661222e+00
1.322903904298366351e+00 7.075796927392539146e+02 3.141592653589661222e+00
1.194021040961341207e+00 7.081587964725798656e+02 3.141592653589661222e+00
1.047542020027924625e+00 7.096347633778480031e+02 3.141592653589661222e+00
1.398821908472800191e+00 7.101719563225530010e+02 3.141592653589661222e+00
7.741240467852950058e-01 7.115318228665524884e+02 3.141592653589661222e+00
1.692827392179552692e+00 7.122736692458993275e+02 3.141592653589661222e+00
1.057725392599168979e+00 7.137253881788439003e+02 3.141592653589661222e+00
1.551150183632705293e+00 7.143239616209145879e+02 3.141592653589661222e+00
8.957265021206702871e-01 7.157510248892186837e+02 3.141592653589661222e+00
1.731269552021418523e+00 7.163532709984021949e+02 3.141592653589661222e+00
6.546957929275092347e-01 7.174285004960968308e+02 3.141592653589661222e+00
1.861268994850527214e+00 7.184413824298184181e+02 3.141592653589661222e+00
7.161620069200350658e-01 7.195738519330498093e+02 3.141592653589661222e+00
1.886028568818504780e+00 7.204710164389516649e+02 3.141592653589661222e+00
6.888850819428943284e-01 7.216324227253879826e+02 3.141592653589661222e+00
1.886901677361600749e+00 7.225325889455274364e+02 3.141592653589661222e+00
8.498728707969883667e-01 7.231790547855389377e+02 3.141592653589661222e+00
1.711154490542164286e+00 7.245606998655147208e+02 3.141592653589661222e+00
9.720375623678577659e-01 7.251959016941771097e+02 3.141592653589661222e+00
1.798020751912262183e+00 7.266068051473365585e+02 3.141592653589661222e+00
7.299505833928785492e-01 7.274184454200485561e+02 3.141592653589661222e+00
1.538863723589129151e+00 7.287108350780613364e+02 3.141592653589661222e+00
1.048476000341090897e+00 7.292402530132196716e+02 3.141592653589661222e+00
1.294308224281377706e+00 7.307175147348015116e+02 3.141592653589661222e+00
1.308592038288573178e+00 7.312906935603356260e+02 3.141592653589661222e+00
1.636900896417523343e+00 7.328150662639493476e+02 3.141592653589661222e+00
8.994222412121199994e-01 7.334821904479583736e+02 3.141592653589661222e+00
1.309716715597996961e+00 7.349087169133853195e+02 3.141592653589661222e+00
1.190490705894262646e+00 7.354183511712527661e+02 3.141592653589661222e+00
1.040775638827478256e+00 7.368850864591212257e+02 3.141592653589661222e+00
1.509421259367943913e+00 7.374955109143976415e+02 3.141592653589661222e+00
1.458057808310223802e+00 7.390344406661278072e+02 3.141592653589661222e+00
1.097244644265814140e+00 7.396313685694512969e+02 3.141592653589661222e+00
1.145929070702557784e+00 7.411048059964030017e+02 3.141592653589661222e+00
1.350767356157616783e+00 7.416194348871911188e+02 3.141592653589661222e+00
8.510703975572430080e-01 7.430245069942274085e+02 3.141592653589661222e+00
1.667928409711510795e+00 7.437165813771100602e+02 3.141592653589661222e+00
1.217457740120094334e+00 7.452203085389328407e+02 3.141592653589661222e+00
1.390440873208713901e+00 7.457947950380582824e+02 3.141592653589661222e+00
9.898384355054967720e-01 7.472600978230366309e+02 3.141592653589661222e+00
1.612863364270675781e+00 7.478108680221766917e+02 3.141592653589661222e+00
6.877346906140160421e-01 7.490316082967491411e+02 3.141592653589661222e+00
1.830618270559844829e+00 7.499113407117325778e+02 3.141592653589661222e+00
8.479427695128980424e-01 7.512354445999966401e+02 3.141592653589661222e+00
1.825190326233819604e+00 7.519475324923834023e+02 3.141592653589661222e+00
7.737376549134699077e-01 7.532476751760021898e+02 3.141592653589661222e+00
1.946328294941226389e+00 7.539844657204566829e+02 3.141592653589661222e+00
7.617500848002464187e-01 7.547389044674088154e+02 3.141592653589661222e+00
1.845202097883433812e+00 7.560237289110791608e+02 3.141592653589661222e+00
8.298980667926002530e-01 7.567528048277574726e+02 3.141592653589661222e+00
1.841004847730242977e+00 7.580593651962508375e+02 3.141592653589661222e+00
6.835259924482505189e-01 7.589562050394343942e+02 3.141592653589661222e+00
1.639058938891084116e+00 7.601590850912518817e+02 3.141592653589661222e+00
9.878497112073625352e-01 7.607103766203503028e+02 3.141592653589661222e+00
1.411884659984880663e+00 7.621749496722492268e+02 3.141592653589661222e+00
1.207951732210678308e+00 7.627497136319813080e+02 3.141592653589661222e+00
1.679806592122315312e+00 7.642514613765579270e+02 3.141592653589661222e+00
8.406180301520531639e-01 7.649521553480557259e+02 3.141592653589661222e+00
1.363350233283781687e+00 7.663503321126330547e+02 3.141592653589661222e+00
1.135133624788246420e+00 7.668662221341708118e+02 3.141592653589661222e+00
1.111681353329847521e+00 7.683417095273043742e+02 3.141592653589661222e+00
1.439407764402298895e+00 7.689345326826171458e+02 3.141592653589661222e+00
1.503385744127139878e+00 7.704697618557813712e+02 3.141592653589661222e+00
1.030235538410560370e+00 7.710824007449446071e+02 3.141592653589661222e+00
1.182577290699233119e+00 7.725472304802641474e+02 3.141592653589661222e+00
1.285267455338747089e+00 7.730617230452390913e+02 3.141592653589661222e+00
9.050888307582106718e-01 7.744935498184319158e+02 3.141592653589661222e+00
1.608040229294117829e+00 7.751529684203820807e+02 3.141592653589661222e+00
1.288395015555372503e+00 7.766703799877711845e+02 3.141592653589661222e+00
1.288270253062106185e+00 7.772442811125007438e+02 3.141592653589661222e+00
1.030217293498741027e+00 7.787189178818090340e+02 3.141592653589661222e+00
1.512146005180162067e+00 7.792561212982266170e+02 3.141592653589661222e+00
7.280336521393863114e-01 7.805552198212232042e+02 3.141592653589661222e+00
1.776530321842790805e+00 7.813597104862448077e+02 3.141592653589661222e+00
9.648206010252533549e-01 7.827673223881380409e+02 3.141592653589661222e+00
1.696504366397259655e+00 7.834034386987266316e+02 3.141592653589661222e+00
8.442506495505773811e-01 7.847840940483085888e+02 3.141592653589661222e+00
1.866794880830096037e+00 7.854335690361040179e+02 3.141592653589661222e+00
6.825500383264224702e-01 7.863467271662666462e+02 3.141592653589661222e+00
1.886524565930130848e+00 7.874979398352138560e+02 3.141592653589661222e+00
7.113305723569703920e-01 7.884110805925747627e+02 3.141592653589661222e+00
1.864972056811805112e+00 7.895275374732997307e+02 3.141592653589661222e+00
6.568852289911500941e-01 7.905524909952239341e+02 3.141592653589661222e+00
1.752243967620380038e+00 7.916139574303256268e+02 3.141592653589661222e+00
8.994209367444169212e-01 7.922147058134277131e+02 3.141592653589661222e+00
1.566675134756884802e+00 7.936419268090073729e+02 3.141592653589661222e+00
1.059266401104292044e+00 7.942410011766178286e+02 3.141592653589661222e+00
1.709640463308246705e+00 7.956935404391580278e+02 3.141592653589661222e+00
7.704304848948663187e-01 7.964437338783769746e+02 3.141592653589661222e+00
1.417804452273595306e+00 7.977965701149313418e+02 3.141592653589661222e+00
1.050686515736959814e+00 7.983315346826229870e+02 3.141592653589661222e+00
1.205511871579358241e+00 7.998087394340701621e+02 3.141592653589661222e+00
1.321744740171455046e+00 8.003864785729409732e+02 3.141592653589661222e+00
1.514104274202774159e+00 8.019022680633693199e+02 3.141592653589661222e+00
9.618891670064828592e-01 8.025318205184428280e+02 3.141592653589661222e+00
1.195152332535293738e+00 8.039846477343535298e+02 3.141592653589661222e+00
1.195826620434961907e+00 8.045101549552052802e+02 3.141592653589661222e+00
9.595949984631523266e-01 8.059632308103460900e+02 3.141592653589661222e+00
1.511206600524855892e+00 8.065922004471118498e+02 3.141592653589661222e+00
1.307445411066712637e+00 8.081048492144602733e+02 3.141592653589661222e+00
1.210054315213429987e+00 8.086825086475433864e+02 3.141592653589661222e+00
1.037319416049889753e+00 8.101579980644169154e+02 3.141592653589661222e+00
1.411566715776020775e+00 8.106976388780590241e+02 3.141592653589661222e+00
7.638474815415838837e-01 8.120485671856195040e+02 3.141592653589661222e+00
1.701265772293687473e+00 8.127999599193893800e+02 3.141592653589661222e+00
1.037370606855576582e+00 8.142434050782641179e+02 3.141592653589661222e+00
1.575198317902686718e+00 8.148478272808182510e+02 3.141592653589661222e+00
8.841025773751286509e-01 8.162674574567397485e+02 3.141592653589661222e+00
1.750689161369520130e+00 8.168782238435010186e+02 3.141592653589661222e+00
6.547541411621730090e-01 8.179285892957850592e+02 3.141592653589661222e+00
1.865251748937237330e+00 8.189634296629827759e+02 3.141592653589661222e+00
7.063308816850613070e-01 8.200620165293300943e+02 3.141592653589661222e+00
1.884445222179225388e+00 8.209926813247136579e+02 3.141592653589661222e+00
6.800215200910972868e-01 8.221331708708490851e+02 3.141592653589661222e+00
1.866071241325840457e+00 8.230587190078431377e+02 3.141592653589661222e+00
8.562072609608608609e-01 8.236980165343048839e+02 3.141592653589661222e+00
1.689700554109249575e+00 8.250872201582237722e+02 3.141592653589661222e+00
9.829762414218937705e-01 8.257164311335112643e+02 3.141592653589661222e+00
1.782771686480774997e+00 8.271335744990790317e+02 3.141592653589661222e+00
7.340730835293605150e-01 8.279358980789570523e+02 3.141592653589661222e+00
1.517909242260900626e+00 8.292378530242737042e+02 3.141592653589661222e+00
1.044137429828004171e+00 8.297697350558893277e+02 3.141592653589661222e+00
1.282544400150229746e+00 8.312467030472474789e+02 3.141592653589661222e+00
1.304084120516159961e+00 8.318202906870786819e+02 3.141592653589661222e+00
1.612260675784082720e+00 8.333416107441735221e+02 3.141592653589661222e+00
9.072402164230283228e-01 8.340019037505215920e+02 3.141592653589661222e+00
1.286233474989606940e+00 8.354334855479850148e+02 3.141592653589661222e+00
1.184178979637381612e+00 8.359475081787531963e+02 3.141592653589661222e+00
1.028603438623847177e+00 8.374127947322546106e+02 3.141592653589661222e+00
1.501222944823693561e+00 8.380247867486489213e+02 3.141592653589661222e+00
1.425471739886167821e+00 8.395575111625871614e+02 3.141592653589661222e+00
1.115567512497632974e+00 8.401494873936745762e+02 3.141592653589661222e+00
1.121018096653104035e+00 8.416244326252547125e+02 3.141592653589661222e+00
1.354765886275498099e+00 8.421447207743074159e+02 3.141592653589661222e+00
8.344680680451632693e-01 8.435424963383261456e+02 3.141592653589661222e+00
1.667686765458176179e+00 8.442427297865741593e+02 3.141592653589661222e+00
1.180244415284142256e+00 8.457357922867652178e+02 3.141592653589661222e+00
1.423801251418635117e+00 8.463130588902670297e+02 3.141592653589661222e+00
9.672467850897638053e-01 8.477720298790890183e+02 3.141592653589661222e+00
1.635139545050714904e+00 8.483329909575983265e+02 3.141592653589661222e+00
6.764476902626416210e-01 8.495266882493824596e+02 3.141592653589661222e+00
1.836732661121558419e+00 8.504318505088215261e+02 3.141592653589661222e+00
8.121336995948985615e-01 8.517212589873970501e+02 3.141592653589661222e+00
1.848989361611014237e+00 8.524657960426566206e+02 3.141592653589661222e+00
7.519065383452544493e-01 8.537371856171572517e+02 3.141592653589661222e+00
1.946285015373562688e+00 8.545070212845831747e+02 3.141592653589661222e+00
7.851691372498474930e-01 8.552287276415182760e+02 3.141592653589661222e+00
1.819917038246705587e+00 8.565419618945045386e+02 3.141592653589661222e+00
8.676826485674554723e-01 8.572402603149835159e+02 3.141592653589661222e+00
1.836498627330838351e+00 8.585802853328327728e+02 3.141592653589661222e+00
6.954386317198282264e-01 8.594529871170577735e+02 3.141592653589661222e+00
1.618348662485462830e+00 8.606815046836798047e+02 3.141592653589661222e+00
1.011273181781875419e+00 8.612228736307293957e+02 3.141592653589661222e+00
1.378802727586482701e+00 8.626930680519745920e+02 3.141592653589661222e+00
1.245682873633839893e+00 8.632658243617072458e+02 3.141592653589661222e+00
1.681396115885871678e+00 8.647779939521244614e+02 3.141592653589661222e+00
8.564135708158538973e-01 8.654712195513782262e+02 3.141592653589661222e+00
1.360574115502851678e+00 8.668761003774918663e+02 3.141592653589661222e+00
1.159853922657846814e+00 8.673863552302619837e+02 3.141592653589661222e+00
1.094109818348353302e+00 8.688601349921399333e+02 3.141592653589661222e+00
1.471436634194594584e+00 8.694579233739697202e+02 3.141592653589661222e+00
1.511873735450403711e+00 8.709992252979891418e+02 3.141592653589661222e+00
1.041656005080480174e+00 8.716104756848549187e+02 3.141592653589661222e+00
1.189071090379547169e+00 8.730766292519992930e+02 3.141592653589661222e+00
1.307762131699478969e+00 8.735868324408985472e+02 3.141592653589661222e+00
8.978818551650425972e-01 8.750138778149740801e+02 3.141592653589661222e+00
1.631855108843479618e+00 8.756797407352702294e+02 3.141592653589661222e+00
1.293293227040752447e+00 8.772001901116299223e+02 3.141592653589661222e+00
1.299373014537264170e+00 8.777737363627188643e+02 3.141592653589661222e+00
1.034782736487767085e+00 8.792486683995141448e+02 3.141592653589661222e+00
1.532167097770143149e+00 8.797834132167482721e+02 3.141592653589661222e+00
7.244999207027916777e-01 8.810735126911604311e+02 3.141592653589661222e+00
1.791585410174995729e+00 8.818867669131170715e+02 3.141592653589661222e+00
9.557187402138804799e-01 8.832887877309350415e+02 3.141592653589661222e+00
1.716299464496648719e+00 8.839305009024907349e+02 3.141592653589661222e+00
8.392141755035019690e-01 8.853041678223058852e+02 3.141592653589661222e+00
1.887115137907222850e+00 8.859600564775711291e+02 3.141592653589661222e+00
6.917516035559992948e-01 8.868492647538192841e+02 3.141592653589661222e+00
1.888320284730086174e+00 8.880201282117537858e+02 3.141592653589661222e+00
7.222900536273850758e-01 8.889022120998064338e+02 3.141592653589661222e+00
1.862414978997695370e+00 8.900502584029316040e+02 3.141592653589661222e+00
6.577226546475885005e-01 8.910549119694359206e+02 3.141592653589661222e+00
1.735241304239276250e+00 8.921392743538871173e+02 3.141592653589661222e+00
9.117151112813446368e-01 8.927316905596111383e+02 3.141592653589661222e+00
1.543725024425263825e+00 8.941658445182943069e+02 3.141592653589661222e+00
1.080128503712497912e+00 8.947596445269207379e+02 3.141592653589661222e+00
1.703425041001690676e+00 8.962202574202040068e+02 3.141592653589661222e+00
7.802939844850066420e-01 8.969618684545007454e+02 3.141592653589661222e+00
1.407250473129101342e+00 8.983227521964278139e+02 3.141592653589661222e+00
1.061479125957889735e+00 8.988550714206514840e+02 3.141592653589661222e+00
1.190653823315162008e+00 9.003326300613074409e+02 3.141592653589661222e+00
1.337659210716932501e+00 9.009118812139720376e+02 3.141592653589661222e+00
1.510026825164193731e+00 9.024303026832556043e+02 3.141592653589661222e+00
9.725372644074591344e-01 9.030566297274808676e+02 3.141592653589661222e+00
1.190965494315723072e+00 9.045117339661143205e+02 3.141592653589661222e+00
1.208028082235159895e+00 9.050359677975677641e+02 3.141592653589661222e+00
9.502997756753562841e-01 9.064862716501636442e+02 3.141592653589661222e+00
1.524873693101130856e+00 9.071194894171908345e+02 3.141592653589661222e+00
1.303009110858861286e+00 9.086326085209901748e+02 3.141592653589661222e+00
1.222404842107868372e+00 9.092094684835025191e+02 3.141592653589661222e+00
1.035051229122893712e+00 9.106848885600051062e+02 3.141592653589661222e+00
1.426290993802005858e+00 9.112244430811482516e+02 3.141592653589661222e+00
7.575117035508607266e-01 9.125679688972869599e+02 3.141592653589661222e+00
1.712771513772898269e+00 9.133272084073779524e+02 3.141592653589661222e+00
1.026257563917350124e+00 9.147658916716228532e+02 3.141592653589661222e+00
1.593774826918038956e+00 9.153743082234783515e+02 3.141592653589661222e+00
8.781961535486378922e-01 9.167888820026020085e+02 3.141592653589661222e+00
1.768934038545625365e+00 9.174046936455574723e+02 3.141592653589661222e+00
6.564591899962081145e-01 9.184350339371959535e+02 3.141592653589661222e+00
1.870308523167955705e+00 9.194871742295965760e+02 3.141592653589661222e+00
7.012481918392836633e-01 9.205586593114371681e+02 3.141592653589661222e+00
1.883923807927213812e+00 9.215163627138300626e+02 3.141592653589661222e+00
6.743776550538633785e-01 9.226399702239708631e+02 3.141592653589661222e+00
1.851239302587827318e+00 9.235856188916399105e+02 3.141592653589661222e+00
8.632793353528832592e-01 9.242180077372953519e+02 3.141592653589661222e+00
1.672163642312956000e+00 9.256138829934835712e+02 3.141592653589661222e+00
9.949095520292116079e-01 9.262376258033328895e+02 3.141592653589661222e+00
1.773374142252179819e+00 9.276610565357211726e+02 3.141592653589661222e+00
7.388405204789724179e-01 9.284556635564057387e+02 3.141592653589661222e+00
1.503949196775868247e+00 9.297653941698471272e+02 3.141592653589661222e+00
1.045292321998191110e+00 9.302975046895091964e+02 3.141592653589661222e+00
1.271714151096849488e+00 9.317746643425309685e+02 3.141592653589661222e+00
1.306985399336821008e+00 9.323486877755503883e+02 3.141592653589661222e+00
1.599098372220776776e+00 9.338695252984657600e+02 3.141592653589661222e+00
9.141443248478517969e-01 9.345253437364046931e+02 3.141592653589661222e+00
1.273471944613054463e+00 9.359602434613466357e+02 3.141592653589661222e+00
1.184919080628236809e+00 9.364758594615778975e+02 3.141592653589661222e+00
1.019460971897429902e+00 9.379397844154607355e+02 3.141592653589661222e+00
1.501784377086146982e+00 9.385537005721856758e+02 3.141592653589661222e+00
1.408955128141643698e+00 9.400837961936432521e+02 3.141592653589661222e+00
1.127734804833281146e+00 9.406731660446411070e+02 3.141592653589661222e+00
1.108713849341241398e+00 9.421488136256315329e+02 3.141592653589661222e+00
1.361074590308078980e+00 9.426716351274311592e+02 3.141592653589661222e+00
8.244496305172052120e-01 9.440640745949992834e+02 3.141592653589661222e+00
1.671405974168163056e+00 9.447703026021290498e+02 3.141592653589661222e+00
1.160171056781464927e+00 9.462574383170009469e+02 3.141592653589661222e+00
1.444499504619529473e+00 9.468368791151306141e+02 3.141592653589661222e+00
9.554414132085350397e-01 9.482917602523942833e+02 3.141592653589661222e+00
1.651038308217264383e+00 9.488585050122501343e+02 3.141592653589661222e+00
6.708112878341864205e-01 9.500343622947298172e+02 3.141592653589661222e+00
1.841855597489425955e+00 9.509560520270455299e+02 3.141592653589661222e+00
7.922453356051185613e-01 9.522227163653752768e+02 3.141592653589661222e+00
1.861639078893375210e+00 9.529890008475523473e+02 3.141592653589661222e+00
7.397903749408443197e-01 9.542422481892557471e+02 3.141592653589661222e+00
1.944354646926606867e+00 9.550329278685626377e+02 3.141592653589661222e+00
8.000886815291184950e-01 9.557360483526730377e+02 3.141592653589661222e+00
1.803040907254534142e+00 9.570653581707932744e+02 3.141592653589661222e+00
8.915986545406424657e-01 9.577472455622595362e+02 3.141592653589661222e+00
1.835016580546096066e+00 9.591056765694910382e+02 3.141592653589661222e+00
7.033718062508385049e-01 9.599651243754549341e+02 3.141592653589661222e+00
1.608060551911594693e+00 9.612075416518418933e+02 3.141592653589661222e+00
1.026692926945776962e+00 9.617428141290498615e+02 3.141592653589661222e+00
1.359604271477809601e+00 9.632159666195185537e+02 3.141592653589661222e+00
1.269929502352173945e+00 9.637881004346392047e+02 3.141592653589661222e+00
1.685566739979464712e+00 9.653068103486967857e+02 3.141592653589661222e+00
8.654578687401557335e-01 9.659965671498433721e+02 3.141592653589661222e+00
1.362202296448322247e+00 9.674046114638965719e+02 3.141592653589661222e+00
1.176583816634213298e+00 9.679108332711361982e+02 3.141592653589661222e+00
1.084639147494065536e+00 9.693833622531634546e+02 3.141592653589661222e+00
1.492696866068706107e+00 9.699844228123054108e+02 3.141592653589661222e+00
1.521246570286130861e+00 9.715301726548523220e+02 3.141592653589661222e+00
1.046633143571483959e+00 9.721414047253122135e+02 3.141592653589661222e+00
1.196482493409790626e+00 9.736079479207951408e+02 3.141592653589661222e+00
1.321814183742035187e+00 9.741148021394244552e+02 3.141592653589661222e+00
8.953949234460003570e-01 9.755393328824417267e+02 3.141592653589661222e+00
1.646888826631181413e+00 9.762085945772448667e+02 3.141592653589661222e+00
1.300475988763808433e+00 9.777318906415516722e+02 3.141592653589661222e+00
1.302683871891770151e+00 9.783053210462902598e+02 3.141592653589661222e+00
1.040262990653740838e+00 9.797807736561676393e+02 3.141592653589661222e+00
1.542387338367743777e+00 9.803131052682446125e+02 3.141592653589661222e+00
7.241424502749262970e-01 9.815998195463409957e+02 3.141592653589661222e+00
1.799903271742623101e+00 9.824162823266605074e+02 3.141592653589661222e+00
9.544804016060256524e-01 9.838172764307514626e+02 3.141592653589661222e+00
1.724211139286990546e+00 9.844604515348531777e+02 3.141592653589661222e+00
8.387223132439727280e-01 9.858320000523139015e+02 3.141592653589661222e+00
1.897090318711291523e+00 9.864893411698149066e+02 3.141592653589661222e+00
6.962325860322562399e-01 9.873686496895824121e+02 3.141592653589661222e+00
1.889929602854935720e+00 9.885474049241250896e+02 3.141592653589661222e+00
7.279959559118609480e-01 9.894168423087579640e+02 3.141592653589661222e+00
1.862942150071590142e+00 9.905779203229889163e+02 3.141592653589661222e+00
6.589011506004948115e-01 9.915742063455986681e+02 3.141592653589661222e+00
1.730314241202224768e+00 9.926677911861396524e+02 3.141592653589661222e+00
9.191347552647827213e-01 9.932556022420262707e+02 3.141592653589661222e+00
1.533911793100726673e+00 9.946931555992946414e+02 3.141592653589661222e+00
1.092205071222480450e+00 9.952844232475105173e+02 3.141592653589661222e+00
1.704479070172014277e+00 9.967495891829080392e+02 3.141592653589661222e+00
7.852889440362580409e-01 9.974880304923988206e+02 3.141592653589661222e+00
1.406352738453277906e+00 9.988518997831851038e+02 3.141592653589661222e+00
1.069794364404990317e+00 9.993817883987211417e+02 3.141592653589661222e+00
1.184521285554418046e+00 1.000859629146894463e+03 3.141592653589661222e+00
1.349308324254264280e+00 1.001439767713092806e+03 3.141592653589661222e+00
1.514465864975165221e+00 1.002960866461423279e+03 3.141592653589661222e+00
9.763652818005130740e-01 1.003586784397130714e+03 3.141592653589661222e+00
1.194384243068483231e+00 1.005042365907683234e+03 3.141592653589661222e+00
1.216245784238316308e+00 1.005564707508583865e+03 3.141592653589661222e+00
9.483201573552256791e-01 1.007013946418488672e+03 3.141592653589661222e+00
1.534399169430486820e+00 1.007648968968490067e+03 3.141592653589661222e+00
1.308179085797049224e+00 1.009164084544631692e+03 3.141592653589661222e+00
1.224462868961623485e+00 1.009740927647679769e+03 3.141592653589661222e+00
1.039024616637347354e+00 1.011216686048510610e+03 3.141592653589661222e+00
1.432672498179664355e+00 1.011754590801862832e+03 3.141592653589661222e+00
7.574804200728617598e-01 1.013096596530904435e+03 3.141592653589661222e+00
1.718788406635714194e+00 1.013857449466246180e+03 3.141592653589661222e+00
1.027815401113971960e+00 1.015296804184556322e+03 3.141592653589661222e+00
