6.884731791628706521e-01 7.470902414567032147e-04 7.853981633974492782e-01
1.326183085756573510e+00 1.504814963728055677e+00 7.853981633974492782e-01
1.779548620552666938e+00 1.834759198584323459e+00 7.853981633974492782e-01
8.497362119852716056e-01 3.240834422457660846e+00 7.853981633974492782e-01
9.692114121844709329e-01 4.439541159515892232e+00 7.853981633974492782e-01
1.334828591199463066e+00 5.065091050952629459e+00 7.853981633974492782e-01
7.910411954653356892e-01 6.128997287924884851e+00 7.853981633974492782e-01
8.217698889974516252e-01 7.579813250175130079e+00 7.853981633974492782e-01
2.525098947594406784e+00 8.030880075392422768e+00 7.853981633974492782e-01
7.892471576882669204e-01 9.373146795941359244e+00 7.853981633974492782e-01
8.368487258457966149e-01 1.049158220681889375e+01 7.853981633974492782e-01
1.711333900813940545e+00 1.124758470775764074e+01 7.853981633974492782e-01
8.964731420639718840e-01 1.227883709690085290e+01 7.853981633974492782e-01
5.679928537202107997e-01 1.344502600272156556e+01 7.853981633974492782e-01
3.356011711281241094e+00 1.425562051894775450e+01 7.853981633974492782e-01
6.737385723428829243e-01 1.531090767196160485e+01 7.853981633974492782e-01
7.875988211684582518e-01 1.640114007795892803e+01 7.853981633974492782e-01
1.888990411679057235e+00 1.744028242373116910e+01 7.853981633974492782e-01
8.827094510085147228e-01 1.835823794644952400e+01 7.853981633974492782e-01
5.962109317779801243e-01 1.928317322911564347e+01 7.853981633974492782e-01
3.199631207054881799e+00 2.050166466655819164e+01 7.853981633974492782e-01
8.455651901922422997e-01 2.108602782769049711e+01 7.853981633974492782e-01
8.843471553424839815e-01 2.237231444337955111e+01 7.853981633974492782e-01
1.592081417764692919e+00 2.362084771976789099e+01 7.853981633974492782e-01
8.684149294267606844e-01 2.434729373609477321e+01 7.853981633974492782e-01
6.354177705057169057e-01 2.534490385655674771e+01 7.853981633974492782e-01
2.240651356533315486e+00 2.674508080127066734e+01 7.853981633974492782e-01
1.194756784146997708e+00 2.712850696601779887e+01 7.853981633974492782e-01
8.950033057473637532e-01 2.851704482594609757e+01 7.853981633974492782e-01
1.253180103420353575e+00 2.977883922620207002e+01 7.853981633974492782e-01
9.984867763712755862e-01 3.039086629268522444e+01 7.853981633974492782e-01
6.757267760675061963e-01 3.145253939589898806e+01 7.853981633974492782e-01
1.462913522083726159e+00 3.294741261071212790e+01 7.853981633974492782e-01
1.661247200262352397e+00 3.327313779577050212e+01 7.853981633974492782e-01
8.610760642608097370e-01 3.468323106281493295e+01 7.853981633974492782e-01
1.009876983386723603e+00 3.589688320314235881e+01 7.853981633974492782e-01
1.265438548163314803e+00 3.650787638985758576e+01 7.853981633974492782e-01
7.685495464325196036e-01 3.757505832462336315e+01 7.853981633974492782e-01
9.101423278230879044e-01 3.905321069879570928e+01 7.853981633974492782e-01
2.356749752886802440e+00 3.946200445619730601e+01 7.853981633974492782e-01
8.100559250656644839e-01 4.082878295674856872e+01 7.853981633974492782e-01
8.622677279247714655e-01 4.196637632546950414e+01 7.853981633974492782e-01
1.632041639291830659e+00 4.268330706613946290e+01 7.853981633974492782e-01
8.815691508961978062e-01 4.372527550626560355e+01 7.853981633974492782e-01
5.966324191487303308e-01 4.496894424295589943e+01 7.853981633974492782e-01
3.217067063187483811e+00 4.568191435338828654e+01 7.853981633974492782e-01
6.930968210336349022e-01 4.683218300035204607e+01 7.853981633974492782e-01
7.849087341279313845e-01 4.790785476661606168e+01 7.853981633974492782e-01
1.909371816768979269e+00 4.887570207182137239e+01 7.853981633974492782e-01
9.005352774296941920e-01 4.982904160767435542e+01 7.853981633974492782e-01
5.853974955306535666e-01 5.076027699137362958e+01 7.853981633974492782e-01
3.371581839211306608e+00 5.192340073584312421e+01 7.853981633974492782e-01
7.907238892340118230e-01 5.257332400305734410e+01 7.853981633974492782e-01
8.727247417467697277e-01 5.382580024716793332e+01 7.853981633974492782e-01
1.667030176519954887e+00 5.505738436977429728e+01 7.853981633974492782e-01
8.620231848472535985e-01 5.581676705474129108e+01 7.853981633974492782e-01
6.342285323029498434e-01 5.679303240597260327e+01 7.853981633974492782e-01
2.417425942745362377e+00 5.816999097158937104e+01 7.853981633974492782e-01
1.132052127025313659e+00 5.857551839533616089e+01 7.853981633974492782e-01
9.038919311398452283e-01 5.995456364469833233e+01 7.853981633974492782e-01
1.317952207280641330e+00 6.122224128957039113e+01 7.853981633974492782e-01
9.649146384945573862e-01 6.184755999084338640e+01 7.853981633974492782e-01
6.680426742424556696e-01 6.290089262343457222e+01 7.853981633974492782e-01
1.597489249663836208e+00 6.438379624232406684e+01 7.853981633974492782e-01
1.566917253975282476e+00 6.471038463387000661e+01 7.853981633974492782e-01
8.734039594778063575e-01 6.612260789766556002e+01 7.853981633974492782e-01
1.053684118962657568e+00 6.734963593909992596e+01 7.853981633974492782e-01
1.206650648618859512e+00 6.795121831904717169e+01 7.853981633974492782e-01
7.504418387046124517e-01 6.902009038592856882e+01 7.853981633974492782e-01
1.001687077099029599e+00 7.051449764721715496e+01 7.853981633974492782e-01
2.215007679795235163e+00 7.089280352738833813e+01 7.853981633974492782e-01
8.282359583870146924e-01 7.227724342593332096e+01 7.853981633974492782e-01
8.899383700623213489e-01 7.343273198549651681e+01 7.853981633974492782e-01
1.558871676772782378e+00 7.411846926653218759e+01 7.853981633974492782e-01
8.656487978321716348e-01 7.516826320490656599e+01 7.853981633974492782e-01
6.370448819503030657e-01 7.647596149234306040e+01 7.853981633974492782e-01
3.071450381938962249e+00 7.710806488843510920e+01 7.853981633974492782e-01
7.202624183829098303e-01 7.832905109310644320e+01 7.853981633974492782e-01
7.918177161940356257e-01 7.940528943091894121e+01 7.853981633974492782e-01
1.899361971705672447e+00 8.030920620555528444e+01 7.853981633974492782e-01
9.134289028854498671e-01 8.128980778342933888e+01 7.853981633974492782e-01
5.730053678338836720e-01 8.224666940052533448e+01 7.853981633974492782e-01
3.484046222202726195e+00 8.334515054477304830e+01 7.853981633974492782e-01
7.416684257910148848e-01 8.407241464542954645e+01 7.853981633974492782e-01
8.540427346522515561e-01 8.528633620073397026e+01 7.853981633974492782e-01
1.731054761860941982e+00 8.649220832400779102e+01 7.853981633974492782e-01
8.590252670280110747e-01 8.728558571135205568e+01 7.853981633974492782e-01
6.292095152071902620e-01 8.824340817164062400e+01 7.853981633974492782e-01
2.590500439388370157e+00 8.959386391287708307e+01 7.853981633974492782e-01
1.066495731435736616e+00 9.002698508368013108e+01 7.853981633974492782e-01
9.059320585190392405e-01 9.139246103350284045e+01 7.853981633974492782e-01
1.377185412654037933e+00 9.266207733204508656e+01 7.853981633974492782e-01
9.357937985346028720e-01 9.330403110762193819e+01 7.853981633974492782e-01
6.593854206386237093e-01 9.434814810293713094e+01 7.853981633974492782e-01
1.729644031316818875e+00 9.581666412099218633e+01 7.853981633974492782e-01
1.475624734640187619e+00 9.614892898584393777e+01 7.853981633974492782e-01
8.802357139742115200e-01 9.755963506082882475e+01 7.853981633974492782e-01
1.093670360926761065e+00 9.879689381889849642e+01 7.853981633974492782e-01
1.153453205199589382e+00 9.939425314384915566e+01 7.853981633974492782e-01
7.317023907144145634e-01 1.004637227897548541e+02 7.853981633974492782e-01
