8.100000000000000533e-01 0.000000000000000000e+00 0.000000000000000000e+00
1.262786906630198436e+00 1.280447267218304264e+00 6.283185307179259382e+00
2.023341475008384460e+00 1.681302208608360882e+00 6.283185307179259382e+00
1.104516309371138760e+00 3.113878389566227867e+00 6.283185307179259382e+00
1.645935418268163808e+00 4.530736388100859102e+00 6.283185307179259382e+00
1.630717136421366398e+00 4.906318414615514101e+00 6.283185307179259382e+00
8.051551715975497903e-01 6.196330732515418660e+00 6.283185307179259382e+00
9.806510562121982799e-01 7.425338063966540503e+00 6.283185307179259382e+00
2.398435757043480443e+00 7.913325141595232814e+00 6.283185307179259382e+00
1.016703205021192824e+00 9.314813548447592240e+00 6.283185307179259382e+00
1.178228449186066618e+00 1.065612559875621557e+01 6.283185307179259382e+00
2.318375179127943664e+00 1.110175812553744201e+01 6.283185307179259382e+00
8.023362438047823009e-01 1.234025644372698771e+01 6.283185307179259382e+00
7.391148878791273802e-01 1.337806800504899662e+01 6.283185307179259382e+00
2.973691082421251686e+00 1.413608852903977109e+01 6.283185307179259382e+00
7.827610975594817555e-01 1.531075499561477571e+01 6.283185307179259382e+00
7.507792321215260856e-01 1.644467536599396240e+01 6.283185307179259382e+00
3.206841134190707709e+00 1.731016113289659941e+01 6.283185307179259382e+00
7.329162634465793413e-01 1.828232567330523395e+01 6.283185307179259382e+00
8.083301351802296697e-01 1.915836310091929207e+01 6.283185307179259382e+00
2.775045098130080490e+00 2.034394998680083333e+01 6.283185307179259382e+00
1.015777225973015563e+00 2.086916372504294159e+01 6.283185307179259382e+00
9.796025291580778838e-01 2.215697148864500221e+01 6.283185307179259382e+00
2.739088231020405217e+00 2.352841793176052931e+01 6.283185307179259382e+00
8.843834383119276721e-01 2.409138185103600804e+01 6.283185307179259382e+00
8.518089090462009905e-01 2.524739648347849652e+01 6.283185307179259382e+00
1.801894420332255109e+00 2.652959942866867848e+01 6.283185307179259382e+00
1.621141103217500046e+00 2.690093811130790513e+01 6.283185307179259382e+00
1.161404237317917643e+00 2.832271097803573667e+01 6.283185307179259382e+00
2.417738704899086155e+00 2.977255989962930727e+01 6.283185307179259382e+00
1.124566879076035475e+00 3.021059489833172051e+01 6.283185307179259382e+00
8.760381322260956116e-01 3.144734192012435159e+01 6.283185307179259382e+00
1.387742825946356007e+00 3.272064644459076277e+01 6.283185307179259382e+00
2.078049012938862905e+00 3.310255543917153176e+01 6.283185307179259382e+00
1.216350645722874102e+00 3.456045476878143319e+01 6.283185307179259382e+00
2.139810995879731781e+00 3.602060144534076613e+01 6.283185307179259382e+00
1.338913624850113226e+00 3.640867294389670406e+01 6.283185307179259382e+00
8.736533952060181463e-01 3.767946374186319503e+01 6.283185307179259382e+00
1.167399562743004271e+00 3.892516450055214960e+01 6.283185307179259382e+00
2.340309268654850783e+00 3.935008856422255974e+01 6.283185307179259382e+00
1.168691453126306845e+00 4.080141032876110074e+01 6.283185307179259382e+00
1.694278158069978168e+00 4.223117677358609257e+01 6.283185307179259382e+00
1.706660924181901073e+00 4.259989577295068131e+01 6.283185307179259382e+00
8.453058949510896536e-01 4.388596034348538666e+01 6.283185307179259382e+00
9.322107433450426139e-01 4.507160165842285693e+01 6.283185307179259382e+00
2.619725052500576190e+00 4.559670591618245084e+01 6.283185307179259382e+00
1.016622245833469940e+00 4.699055627434322702e+01 6.283185307179259382e+00
1.114562602569475702e+00 4.831320046862189344e+01 6.283185307179259382e+00
2.546245387853060205e+00 4.878634156437801295e+01 6.283185307179259382e+00
8.160585782776617059e-01 5.000505284251744342e+01 6.283185307179259382e+00
7.264850560986315653e-01 5.094858637269378221e+01 6.283185307179259382e+00
3.159735793831349948e+00 5.181872006688755050e+01 6.283185307179259382e+00
7.432162028049736913e-01 5.284351809504168784e+01 6.283185307179259382e+00
7.448925340319370036e-01 5.395282153231960365e+01 6.283185307179259382e+00
3.161551830067548252e+00 5.499373988503484867e+01 6.283185307179259382e+00
7.281989892402683795e-01 5.585346319402665927e+01 6.283185307179259382e+00
8.245842885920288134e-01 5.679968490268707626e+01 6.283185307179259382e+00
2.515323411909687668e+00 5.802421409561217303e+01 6.283185307179259382e+00
1.140403988034593086e+00 5.848793393349403402e+01 6.283185307179259382e+00
1.030373953371414464e+00 5.981761783662167176e+01 6.283185307179259382e+00
2.645680923754810010e+00 6.121740067360763504e+01 6.283185307179259382e+00
9.384566744069476885e-01 6.174028512389957513e+01 6.283185307179259382e+00
8.551595819431356826e-01 6.292439690654457252e+01 6.283185307179259382e+00
1.687449593325562214e+00 6.420907053943427911e+01 6.283185307179259382e+00
1.724834793139679467e+00 6.457710222067903771e+01 6.283185307179259382e+00
1.178201341729733675e+00 6.601019802016882920e+01 6.283185307179259382e+00
2.357095815773657232e+00 6.746455199352351428e+01 6.283185307179259382e+00
1.168097431633758010e+00 6.788912037772273322e+01 6.283185307179259382e+00
8.756910941214357536e-01 6.913529182571028286e+01 6.283185307179259382e+00
1.336196509685225964e+00 7.040422031849725215e+01 6.283185307179259382e+00
2.135432301837535185e+00 7.079324871968066191e+01 6.283185307179259382e+00
1.210108782029802654e+00 7.225154031574879809e+01 6.283185307179259382e+00
2.047909428153920519e+00 7.370775580580517783e+01 6.283185307179259382e+00
1.399585439152192023e+00 7.408792816856892216e+01 6.283185307179259382e+00
8.654315705134516534e-01 7.536564367603507719e+01 6.283185307179259382e+00
1.122207863345276779e+00 7.660509563786668252e+01 6.283185307179259382e+00
2.377740067411725722e+00 7.704316643147276977e+01 6.283185307179259382e+00
1.142627277451600643e+00 7.848739633695177531e+01 6.283185307179259382e+00
1.570245620227960881e+00 7.990217277084143177e+01 6.283185307179259382e+00
1.836885021089147640e+00 8.027691227847989808e+01 6.283185307179259382e+00
8.384312215045148786e-01 8.155886926505249335e+01 6.283185307179259382e+00
8.728763110868834607e-01 8.271519090025358878e+01 6.283185307179259382e+00
2.715718718785818719e+00 8.328473856617547710e+01 6.283185307179259382e+00
9.610881563017412699e-01 8.464633593069622464e+01 6.283185307179259382e+00
9.851061154283027310e-01 8.592304392856726736e+01 6.283185307179259382e+00
2.818469806303257830e+00 8.646598654986257770e+01 6.283185307179259382e+00
7.986340374371971862e-01 8.764023523713555619e+01 6.283185307179259382e+00
7.354426843156095517e-01 8.851166354158259253e+01 6.283185307179259382e+00
3.198062617491874260e+00 8.950117685273690427e+01 6.283185307179259382e+00
7.590895845293199606e-01 9.033864814476756067e+01 6.283185307179259382e+00
7.939567072465545383e-01 9.148027240017293593e+01 6.283185307179259382e+00
2.967550005721990125e+00 9.267542991683085063e+01 6.283185307179259382e+00
7.461819999619221377e-01 9.341753909352027563e+01 6.283185307179259382e+00
8.109636368171778686e-01 9.446268581601844971e+01 6.283185307179259382e+00
2.275940071353449667e+00 9.570720076479105387e+01 6.283185307179259382e+00
1.212588541192431757e+00 9.614294376293345579e+01 6.283185307179259382e+00
1.031469059147171574e+00 9.749230233188220041e+01 6.283185307179259382e+00
2.411377086665227765e+00 9.889998622565913422e+01 6.283185307179259382e+00
9.905453944445868908e-01 9.938395214110983034e+01 6.283185307179259382e+00
8.116641382585875197e-01 1.006140471666788301e+02 6.283185307179259382e+00
1.612681227276897333e+00 1.019030458788755737e+02 6.283185307179259382e+00
1.668212258014413196e+00 1.022785182882177111e+02 6.283185307179259382e+00
1.108815656481905831e+00 1.036972775601162624e+02 6.283185307179259382e+00
2.018076039365382712e+00 1.051313167573225940e+02 6.283185307179259382e+00
1.270537834057879234e+00 1.055303459696786064e+02 6.283185307179259382e+00
8.074315782844202483e-01 1.068132571635531605e+02 6.283185307179259382e+00
1.259453172459025216e+00 1.080940984914398939e+02 6.283185307179259382e+00
2.019297969951095340e+00 1.084955046074554303e+02 6.283185307179259382e+00
1.100361923951442167e+00 1.099269989991580019e+02 6.283185307179259382e+00
1.632130735073339611e+00 1.113421574603864883e+02 6.283185307179259382e+00
1.640160113231859285e+00 1.117182610510592866e+02 6.283185307179259382e+00
8.032311807362122469e-01 1.130080726384123011e+02 6.283185307179259382e+00
9.751045861449419982e-01 1.142362547596818416e+02 6.283185307179259382e+00
2.401070328250042962e+00 1.147267396117065488e+02 6.283185307179259382e+00
1.012035805402546673e+00 1.161262557491637750e+02 6.283185307179259382e+00
1.165977789257008013e+00 1.174644329524565620e+02 6.283185307179259382e+00
2.336720908758531223e+00 1.179141230699116818e+02 6.283185307179259382e+00
8.009418188113440751e-01 1.191501458879151301e+02 6.283185307179259382e+00
7.363260801321724891e-01 1.201831119937547783e+02 6.283185307179259382e+00
2.981476225127511537e+00 1.209490546234393378e+02 6.283185307179259382e+00
7.778294113933313936e-01 1.221141908507670308e+02 6.283185307179259382e+00
7.476407596712832948e-01 1.232448544260240908e+02 6.283185307179259382e+00
3.202380071318438937e+00 1.241232133897061090e+02 6.283185307179259382e+00
7.311691816501812990e-01 1.250876825036051514e+02 6.283185307179259382e+00
8.081433183287797251e-01 1.259695447120638931e+02 6.283185307179259382e+00
2.758294605683849099e+00 1.271572140560225819e+02 6.283185307179259382e+00
1.020024238606940248e+00 1.276795219942341078e+02 6.283185307179259382e+00
9.804549630323166065e-01 1.289691470687922958e+02 6.283185307179259382e+00
2.724755817204271846e+00 1.303417494817250883e+02 6.283185307179259382e+00
8.864681171030455165e-01 1.309020637538787355e+02 6.283185307179259382e+00
8.488485252944507620e-01 1.320614701032026232e+02 6.283185307179259382e+00
1.798781076479260221e+00 1.333438237252275940e+02 6.283185307179259382e+00
1.615572309592706590e+00 1.337157515023701251e+02 6.283185307179259382e+00
1.156475764558229757e+00 1.351364001503501413e+02 6.283185307179259382e+00
2.393384437443286217e+00 1.365850024808113403e+02 6.283185307179259382e+00
1.128714022069538636e+00 1.370211052954865067e+02 6.283185307179259382e+00
8.699960688091220584e-01 1.382612877328326704e+02 6.283185307179259382e+00
1.387581074334331088e+00 1.395360427133513213e+02 6.283185307179259382e+00
2.060703490111504443e+00 1.399181448693124707e+02 6.283185307179259382e+00
1.207070361081144627e+00 1.413737327716104346e+02 6.283185307179259382e+00
2.104898762232549014e+00 1.428311196826124956e+02 6.283185307179259382e+00
1.350947277439916494e+00 1.432174917382290005e+02 6.283185307179259382e+00
8.664615817982469492e-01 1.444912779842605062e+02 6.283185307179259382e+00
1.161815895627745121e+00 1.457386399920030726e+02 6.283185307179259382e+00
2.325968552457408300e+00 1.461646295255847008e+02 6.283185307179259382e+00
1.158252232349527011e+00 1.476132262997662394e+02 6.283185307179259382e+00
1.660454632975072231e+00 1.490387292525470855e+02 6.283185307179259382e+00
1.731927017866162544e+00 1.494088467990823688e+02 6.283185307179259382e+00
8.407952299442473798e-01 1.506945195781128177e+02 6.283185307179259382e+00
9.205388059586264715e-01 1.518771275954509576e+02 6.283185307179259382e+00
2.626710497563098823e+00 1.524092235713286527e+02 6.283185307179259382e+00
1.004613725345383290e+00 1.537972996592741026e+02 6.283185307179259382e+00
1.087002912312460712e+00 1.551114051338855973e+02 6.283185307179259382e+00
2.594139487687742385e+00 1.555966134311417477e+02 6.283185307179259382e+00
8.119977587789145579e-01 1.568079121773128577e+02 6.283185307179259382e+00
7.252755354367993457e-01 1.577393485574766316e+02 6.283185307179259382e+00
3.169092805984292660e+00 1.586300696077888404e+02 6.283185307179259382e+00
7.400889733130923132e-01 1.596242543410107828e+02 6.283185307179259382e+00
7.487952740281569319e-01 1.607351656721274935e+02 6.283185307179259382e+00
3.123856885251839799e+00 1.618050758756197638e+02 6.283185307179259382e+00
7.277264671207254176e-01 1.626450788781542371e+02 6.283185307179259382e+00
8.191435607411103881e-01 1.636105470519793812e+02 6.283185307179259382e+00
2.479397755620002641e+00 1.648368088019754794e+02 6.283185307179259382e+00
1.141377184401340728e+00 1.652990709621879262e+02 6.283185307179259382e+00
1.024064064696075915e+00 1.666293915316909136e+02 6.283185307179259382e+00
2.587308291263699989e+00 1.680285485115387303e+02 6.283185307179259382e+00
9.428634261565916885e-01 1.685451346455981252e+02 6.283185307179259382e+00
8.399742357264763370e-01 1.697405198018805095e+02 6.283185307179259382e+00
1.687598193242685340e+00 1.710262140806134141e+02 6.283185307179259382e+00
1.682603420430994534e+00 1.713970562054816185e+02 6.283185307179259382e+00
1.151674132335980483e+00 1.728231606522828940e+02 6.283185307179259382e+00
2.250029634920126309e+00 1.742704143367252527e+02 6.283185307179259382e+00
1.187998491022765668e+00 1.746878826463271821e+02 6.283185307179259382e+00
8.493156291779812017e-01 1.759473896370455748e+02 6.283185307179259382e+00
1.331961679224927142e+00 1.772229942154650644e+02 6.283185307179259382e+00
2.062414166226883783e+00 1.776128884541168986e+02 6.283185307179259382e+00
1.170491100432455633e+00 1.790612087865267483e+02 6.283185307179259382e+00
1.909937751616288981e+00 1.805047456208866947e+02 6.283185307179259382e+00
1.458077949808352702e+00 1.808808509185235209e+02 6.283185307179259382e+00
8.394679231348975978e-01 1.821668191418271761e+02 6.283185307179259382e+00
1.089452624560166782e+00 1.834097448824777814e+02 6.283185307179259382e+00
2.343246751402684236e+00 1.838563385245617781e+02 6.283185307179259382e+00
1.100960865791216214e+00 1.852885804736761202e+02 6.283185307179259382e+00
1.441596607330140944e+00 1.866834589449744897e+02 6.283185307179259382e+00
1.960168730666777659e+00 1.870716415972241009e+02 6.283185307179259382e+00
8.238400768013307562e-01 1.883460151493326293e+02 6.283185307179259382e+00
8.270166255622002360e-01 1.894790259747997538e+02 6.283185307179259382e+00
2.770263003866887619e+00 1.900904118784013406e+02 6.283185307179259382e+00
9.080385294423503062e-01 1.914155398443436695e+02 6.283185307179259382e+00
8.933487993355629930e-01 1.926501360776091474e+02 6.283185307179259382e+00
2.997510977790126319e+00 1.932667654589884592e+02 6.283185307179259382e+00
7.777654059552244759e-01 1.943939767449717522e+02 6.283185307179259382e+00
7.555545690017905214e-01 1.952373643886395485e+02 6.283185307179259382e+00
3.134650268727461331e+00 1.963030929800869160e+02 6.283185307179259382e+00
8.151452053289430788e-01 1.970174566613553395e+02 6.283185307179259382e+00
8.511776035073016500e-01 1.982046073740958434e+02 6.283185307179259382e+00
2.863906900772247077e+00 1.994775979362781015e+02 6.283185307179259382e+00
7.823896181796561322e-01 2.001468485264026924e+02 6.283185307179259382e+00
8.171861565824494189e-01 2.012422764174818326e+02 6.283185307179259382e+00
2.105217195960007892e+00 2.025038248438254413e+02 6.283185307179259382e+00
1.321205761718293070e+00 2.029124553543071556e+02 6.283185307179259382e+00
1.063114024580075201e+00 2.042852434348458814e+02 6.283185307179259382e+00
2.352687568092911796e+00 2.057057272240322732e+02 6.283185307179259382e+00
1.042301943948434229e+00 2.061673664277216460e+02 6.283185307179259382e+00
8.181135353074057148e-01 2.074094950005115550e+02 6.283185307179259382e+00
1.531264863973792245e+00 2.086987805130109734e+02 6.283185307179259382e+00
1.761960236871302543e+00 2.090742476651826962e+02 6.283185307179259382e+00
1.124667267661628722e+00 2.105017154677728399e+02 6.283185307179259382e+00
1.985550929194808134e+00 2.119386957368731998e+02 6.283185307179259382e+00
1.318475722248271254e+00 2.123304575755620931e+02 6.283185307179259382e+00
8.147013471742967639e-01 2.136150187812804688e+02 6.283185307179259382e+00
1.212471240657564397e+00 2.148887530644036588e+02 6.283185307179259382e+00
2.099343551164720267e+00 2.152992744345526148e+02 6.283185307179259382e+00
1.103822103830254919e+00 2.167326362795363366e+02 6.283185307179259382e+00
1.589973322566525793e+00 2.181446984425676874e+02 6.283185307179259382e+00
1.708759860482817361e+00 2.185213289872068003e+02 6.283185307179259382e+00
8.088664677946911796e-01 2.198085437212328941e+02 6.283185307179259382e+00
9.366437692149959249e-01 2.210186914686906334e+02 6.283185307179259382e+00
2.487213806166998609e+00 2.215323530899983666e+02 6.283185307179259382e+00
9.944128266464735688e-01 2.229213216019644506e+02 6.283185307179259382e+00
1.100147678206278012e+00 2.242407804467214021e+02 6.283185307179259382e+00
2.484054249662189573e+00 2.247169041595858516e+02 6.283185307179259382e+00
8.003084552185084632e-01 2.259358295419912110e+02 6.283185307179259382e+00
7.231755613259063242e-01 2.269188141106938019e+02 6.283185307179259382e+00
3.072547450135564517e+00 2.277531361611652301e+02 6.283185307179259382e+00
7.479315411117190004e-01 2.288303611612199404e+02 6.283185307179259382e+00
7.370901907058973190e-01 2.299426402654791275e+02 6.283185307179259382e+00
3.159042718907059122e+00 2.309280250623057498e+02 6.283185307179259382e+00
7.234443472994511737e-01 2.318256185453955140e+02 6.283185307179259382e+00
8.102905750423430309e-01 2.327550151519438373e+02 6.283185307179259382e+00
2.611568624144501527e+00 2.339623049940515216e+02 6.283185307179259382e+00
1.070888754830677803e+00 2.344552845801248111e+02 6.283185307179259382e+00
9.959834977088067864e-01 2.357639105451739283e+02 6.283185307179259382e+00
2.625911542631209628e+00 2.371488214390822122e+02 6.283185307179259382e+00
9.116992098633277530e-01 2.376853123978839051e+02 6.283185307179259382e+00
8.344218116398469665e-01 2.388689545347138505e+02 6.283185307179259382e+00
1.750961525492816140e+00 2.401531614224325892e+02 6.283185307179259382e+00
1.614396822973069856e+00 2.405267260861814407e+02 6.283185307179259382e+00
1.135968211321263688e+00 2.419447934007193055e+02 6.283185307179259382e+00
2.258682891625031885e+00 2.433880022142268729e+02 6.283185307179259382e+00
1.164591109137856684e+00 2.438111588149428144e+02 6.283185307179259382e+00
8.422616137484514320e-01 2.450693521072436170e+02 6.283185307179259382e+00
1.362425753273551976e+00 2.463490079710342116e+02 6.283185307179259382e+00
2.007033132756619320e+00 2.467350104246444005e+02 6.283185307179259382e+00
1.162462790844823513e+00 2.481801362773386188e+02 6.283185307179259382e+00
1.920827734276917997e+00 2.496226698959258385e+02 6.283185307179259382e+00
1.434165521546862943e+00 2.500009901419852270e+02 6.283185307179259382e+00
8.347900108465869939e-01 2.512870069929147405e+02 6.283185307179259382e+00
1.109249235788852594e+00 2.525363818023580222e+02 6.283185307179259382e+00
2.299970432635581208e+00 2.529757298449762288e+02 6.283185307179259382e+00
1.103014027352711146e+00 2.544089643735490824e+02 6.283185307179259382e+00
1.470006494025748234e+00 2.558078432305813692e+02 6.283185307179259382e+00
1.910140349840221630e+00 2.561926548080101611e+02 6.283185307179259382e+00
8.214493766258574858e-01 2.574699763539864534e+02 6.283185307179259382e+00
8.451130487592679597e-01 2.586195464602188281e+02 6.283185307179259382e+00
2.717780417909181345e+00 2.592100973072982129e+02 6.283185307179259382e+00
9.268858894084672784e-01 2.605512346730171203e+02 6.283185307179259382e+00
9.282403914797393574e-01 2.618039010333553733e+02 6.283185307179259382e+00
2.906738008634770942e+00 2.623876354555043804e+02 6.283185307179259382e+00
7.840036715749101326e-01 2.635366788247736167e+02 6.283185307179259382e+00
7.414490963744768681e-01 2.643984771286150703e+02 6.283185307179259382e+00
3.161405898858777430e+00 2.654247101716763950e+02 6.283185307179259382e+00
7.788488145970061671e-01 2.662042987193519821e+02 6.283185307179259382e+00
8.161997516740719938e-01 2.673655319394903813e+02 6.283185307179259382e+00
2.895427593861710225e+00 2.685986904661982067e+02 6.283185307179259382e+00
7.586324592877583539e-01 2.693053448471860634e+02 6.283185307179259382e+00
8.055978113154402820e-01 2.703804057754414885e+02 6.283185307179259382e+00
2.201692399380534404e+00 2.716306635292881992e+02 6.283185307179259382e+00
1.237304968662723770e+00 2.720586299717382417e+02 6.283185307179259382e+00
1.030810311469740004e+00 2.734136297849279345e+02 6.283185307179259382e+00
2.337040896489063435e+00 2.748229028313612048e+02 6.283185307179259382e+00
1.012574049873926407e+00 2.752944686735864366e+02 6.283185307179259382e+00
7.999447170392596229e-01 2.765374408766746228e+02 6.283185307179259382e+00
1.578386905406185425e+00 2.778279540799891265e+02 6.283185307179259382e+00
1.665314074380150444e+00 2.782054693699828363e+02 6.283185307179259382e+00
1.091304621221394822e+00 2.796212364294639201e+02 6.283185307179259382e+00
1.928651176593954464e+00 2.810492329547492432e+02 6.283185307179259382e+00
1.310582721970103615e+00 2.814425460266269852e+02 6.283185307179259382e+00
7.934945898817720167e-01 2.827318104185805510e+02 6.283185307179259382e+00
1.221753554086886906e+00 2.840132602443449059e+02 6.283185307179259382e+00
2.020782459778841300e+00 2.844212913583182853e+02 6.283185307179259382e+00
1.075358110376369858e+00 2.858464377162612777e+02 6.283185307179259382e+00
1.534708403464451809e+00 2.872495253753783118e+02 6.283185307179259382e+00
1.723213743465938030e+00 2.876306448693801485e+02 6.283185307179259382e+00
7.935691164758217342e-01 2.889170785820778065e+02 6.283185307179259382e+00
9.286469664316123751e-01 2.901333286812280789e+02 6.283185307179259382e+00
2.447970829102017465e+00 2.906483419251206897e+02 6.283185307179259382e+00
9.773795109869118924e-01 2.920310468603664162e+02 6.283185307179259382e+00
1.073806279762459459e+00 2.933429218027982870e+02 6.283185307179259382e+00
2.495722505238682221e+00 2.938294143288437681e+02 6.283185307179259382e+00
7.914945119973094689e-01 2.950427032713926110e+02 6.283185307179259382e+00
7.197464459041796880e-01 2.960309005887645526e+02 6.283185307179259382e+00
3.049365263126114112e+00 2.968679245247784024e+02 6.283185307179259382e+00
7.447696983639906509e-01 2.979415396108258847e+02 6.283185307179259382e+00
7.349255956272336965e-01 2.990540752659134682e+02 6.283185307179259382e+00
3.130480240707717243e+00 3.000427967988981095e+02 6.283185307179259382e+00
7.201063990528935310e-01 3.009389690077164801e+02 6.283185307179259382e+00
8.009729400913588870e-01 3.018775417073586027e+02 6.283185307179259382e+00
2.616376512726128922e+00 3.030793847505115650e+02 6.283185307179259382e+00
1.046981098354494710e+00 3.035827319588552200e+02 6.283185307179259382e+00
9.788722814944561534e-01 3.048840620605031404e+02 6.283185307179259382e+00
2.578409172076508327e+00 3.062627449734299034e+02 6.283185307179259382e+00
9.039963986269133889e-01 3.068000963457454304e+02 6.283185307179259382e+00
8.164248558772378983e-01 3.079916129496234021e+02 6.283185307179259382e+00
1.771287171686716233e+00 3.092750609886558664e+02 6.283185307179259382e+00
1.548519474490209769e+00 3.096540053628696683e+02 6.283185307179259382e+00
1.102245803241766353e+00 3.110614516143373294e+02 6.283185307179259382e+00
2.156850399328786860e+00 3.124953110138171724e+02 6.283185307179259382e+00
1.175001553914237107e+00 3.129139854469157740e+02 6.283185307179259382e+00
8.143144042053926945e-01 3.141840730607428327e+02 6.283185307179259382e+00
1.360214731061913263e+00 3.154700422095992280e+02 6.283185307179259382e+00
1.925555276004926597e+00 3.158573384583370398e+02 6.283185307179259382e+00
1.118968632676082375e+00 3.172908955657206320e+02 6.283185307179259382e+00
1.787890601800983692e+00 3.187192387801809446e+02 6.283185307179259382e+00
1.489307272064985366e+00 3.190963982451876291e+02 6.283185307179259382e+00
8.087841826529884592e-01 3.203878403803882975e+02 6.283185307179259382e+00
1.073502407720824170e+00 3.216406677082513852e+02 6.283185307179259382e+00
2.266986859918972197e+00 3.220894001395918735e+02 6.283185307179259382e+00
1.060471744192573507e+00 3.235096424666712664e+02 6.283185307179259382e+00
1.348985548669494383e+00 3.248874810075073469e+02 6.283185307179259382e+00
2.030027124645023218e+00 3.252900101313047116e+02 6.283185307179259382e+00
8.063938410207943663e-01 3.265568950061635292e+02 6.283185307179259382e+00
8.034461238979009323e-01 3.276838109091302726e+02 6.283185307179259382e+00
2.766078795766356624e+00 3.283169348787211561e+02 6.283185307179259382e+00
8.769475849622994090e-01 3.296192652085987334e+02 6.283185307179259382e+00
8.519992811101184671e-01 3.308324685793233471e+02 6.283185307179259382e+00
3.041507215228709704e+00 3.314913149707808770e+02 6.283185307179259382e+00
7.638613360705637234e-01 3.325930114038243346e+02 6.283185307179259382e+00
7.595742244375693897e-01 3.334427881926292230e+02 6.283185307179259382e+00
3.078185319966864064e+00 3.345291812268253580e+02 6.283185307179259382e+00
8.344310593646842023e-01 3.352126082069401036e+02 6.283185307179259382e+00
8.649528910614614485e-01 3.364138763226565629e+02 6.283185307179259382e+00
2.812098720647680850e+00 3.377038506570779646e+02 6.283185307179259382e+00
7.927449414362149893e-01 3.383536564051555047e+02 6.283185307179259382e+00
8.116252252883803253e-01 3.394667847008127524e+02 6.283185307179259382e+00
2.064886657960867122e+00 3.407306208715252183e+02 6.283185307179259382e+00
1.330987128665954256e+00 3.411370464809321561e+02 6.283185307179259382e+00
1.058319390967659146e+00 3.425113222129763813e+02 6.283185307179259382e+00
2.296244959271158681e+00 3.439310865455406656e+02 6.283185307179259382e+00
1.057548187966319109e+00 3.443853166715163070e+02 6.283185307179259382e+00
8.078639934466603778e-01 3.456361166918379695e+02 6.283185307179259382e+00
1.511117055407399601e+00 3.469266300746041907e+02 6.283185307179259382e+00
1.751362169047077311e+00 3.473040606491089193e+02 6.283185307179259382e+00
1.108361775898380142e+00 3.487280818771945405e+02 6.283185307179259382e+00
1.913290854204174885e+00 3.501594672881569750e+02 6.283185307179259382e+00
1.350855658172449791e+00 3.505476072861537205e+02 6.283185307179259382e+00
8.028932770330100555e-01 3.518367404884288021e+02 6.283185307179259382e+00
1.184861058219922825e+00 3.531110027738812960e+02 6.283185307179259382e+00
2.096748982034893682e+00 3.535271137610914707e+02 6.283185307179259382e+00
1.082523104406241110e+00 3.549547670497131548e+02 6.283185307179259382e+00
1.512249391736028237e+00 3.563564558057978502e+02 6.283185307179259382e+00
1.778072847011278101e+00 3.567384592461303328e+02 6.283185307179259382e+00
8.010636352978016683e-01 3.580222253016779064e+02 6.283185307179259382e+00
9.015882142094980845e-01 3.592212686191261355e+02 6.283185307179259382e+00
2.525130072407375526e+00 3.597565198252405025e+02 6.283185307179259382e+00
9.650016800076670620e-01 3.611298317531421276e+02 6.283185307179259382e+00
1.029933744972311160e+00 3.624264646827448360e+02 6.283185307179259382e+00
2.612465413913740875e+00 3.629366034035396638e+02 6.283185307179259382e+00
7.911476095183804791e-01 3.641345098898578385e+02 6.283185307179259382e+00
7.179103097624389695e-01 3.650832641565478411e+02 6.283185307179259382e+00
3.108490763179826644e+00 3.659751873104515880e+02 6.283185307179259382e+00
7.350185228800913961e-01 3.669701000272225997e+02 6.283185307179259382e+00
7.429990407242038630e-01 3.680822013569713249e+02 6.283185307179259382e+00
3.064265522050365842e+00 3.691501541864595310e+02 6.283185307179259382e+00
7.202293913318820184e-01 3.699920632364843982e+02 6.283185307179259382e+00
7.979286957050831797e-01 3.709730317914497846e+02 6.283185307179259382e+00
2.502674747058021065e+00 3.721874884713918732e+02 6.283185307179259382e+00
1.080705175679145702e+00 3.726722041919393860e+02 6.283185307179259382e+00
9.840774160668586124e-01 3.739855017942143149e+02 6.283185307179259382e+00
2.482334434495526043e+00 3.753707586159687253e+02 6.283185307179259382e+00
9.263885188944216420e-01 3.758886776116095234e+02 6.283185307179259382e+00
8.007772848827297008e-01 3.771009126796896567e+02 6.283185307179259382e+00
1.726964507657082093e+00 3.783861873657676256e+02 6.283185307179259382e+00
1.540348134574728078e+00 3.787671146079447340e+02 6.283185307179259382e+00
1.079674060586385043e+00 3.801709035009680520e+02 6.283185307179259382e+00
2.037831025398362694e+00 3.815979033902618767e+02 6.283185307179259382e+00
1.214809606370703010e+00 3.820068104721879649e+02 6.283185307179259382e+00
7.926631784588616947e-01 3.832889712657238306e+02 6.283185307179259382e+00
1.317910748386630582e+00 3.845776985311488829e+02 6.283185307179259382e+00
1.905953138483598153e+00 3.849707442301747733e+02 6.283185307179259382e+00
1.083225686559659673e+00 3.863957983114207764e+02 6.283185307179259382e+00
1.649704251630211393e+00 3.878095943064726612e+02 6.283185307179259382e+00
1.578719048234536348e+00 3.881875890274509970e+02 6.283185307179259382e+00
7.905362222200694733e-01 3.894798036198205864e+02 6.283185307179259382e+00
1.012600449221951582e+00 3.907262715619174287e+02 6.283185307179259382e+00
2.297201193786474249e+00 3.911965297695924164e+02 6.283185307179259382e+00
1.017100163665035861e+00 3.926008861619818617e+02 6.283185307179259382e+00
1.214489272578581636e+00 3.939509968960210813e+02 6.283185307179259382e+00
2.210419931894543222e+00 3.943842059634150701e+02 6.283185307179259382e+00
7.951387039208173135e-01 3.956317291244152443e+02 6.283185307179259382e+00
7.557812657823146374e-01 3.967120609949266168e+02 6.283185307179259382e+00
2.870058551776542899e+00 3.974189048131300410e+02 6.283185307179259382e+00
8.125994831998765155e-01 3.986489347431113401e+02 6.283185307179259382e+00
7.756688639102621297e-01 3.998092534202723982e+02 6.283185307179259382e+00
3.159929567827191921e+00 4.005923380738886976e+02 6.283185307179259382e+00
7.401958109758549620e-01 4.016165427471253793e+02 6.283185307179259382e+00
7.873097327499198883e-01 4.024777425649944576e+02 6.283185307179259382e+00
2.904155442983952895e+00 4.036291199584189826e+02 6.283185307179259382e+00
9.339121645011717598e-01 4.042097107738315458e+02 6.283185307179259382e+00
9.317976745181059117e-01 4.054640585820854426e+02 6.283185307179259382e+00
2.741930089078388644e+00 4.068078769844055955e+02 6.283185307179259382e+00
8.463043134056981165e-01 4.073993040547346141e+02 6.283185307179259382e+00
8.289426323184713175e-01 4.085456835385277827e+02 6.283185307179259382e+00
1.903797143714426765e+00 4.098228160164550786e+02 6.283185307179259382e+00
1.483163161346999548e+00 4.102064881077585028e+02 6.283185307179259382e+00
1.109034289110244931e+00 4.116072176721249889e+02 6.283185307179259382e+00
2.317366799100403885e+00 4.130427329169854715e+02 6.283185307179259382e+00
1.106667245186435666e+00 4.134827734413184430e+02 6.283185307179259382e+00
8.359288355411091942e-01 4.147322928872055741e+02 6.283185307179259382e+00
1.436532106337244041e+00 4.160171076708894589e+02 6.283185307179259382e+00
1.908557590320147046e+00 4.163959578962256955e+02 6.283185307179259382e+00
1.155602826203739220e+00 4.178362330425104005e+02 6.283185307179259382e+00
1.984007978837329489e+00 4.192797355285565004e+02 6.283185307179259382e+00
1.367821022848005885e+00 4.196647730521992230e+02 6.283185307179259382e+00
8.322212573620637599e-01 4.209482000800609853e+02 6.283185307179259382e+00
1.164043744827027327e+00 4.222089212733388308e+02 6.283185307179259382e+00
2.216800275665334219e+00 4.226318695335923508e+02 6.283185307179259382e+00
1.116618537824830337e+00 4.240692263474163042e+02 6.283185307179259382e+00
1.564627262599612045e+00 4.254804555683798526e+02 6.283185307179259382e+00
1.779895602990892778e+00 4.258571799063528829e+02 6.283185307179259382e+00
8.203369685621023644e-01 4.271413928190016236e+02 6.283185307179259382e+00
9.004020697309340626e-01 4.283268414686624510e+02 6.283185307179259382e+00
2.595565704512811767e+00 4.288683105560047579e+02 6.283185307179259382e+00
9.763553964693081344e-01 4.302440581310636958e+02 6.283185307179259382e+00
1.036653037578360248e+00 4.315419386096802441e+02 6.283185307179259382e+00
2.651944080310002949e+00 4.320508024193409256e+02 6.283185307179259382e+00
7.994328798898394650e-01 4.332482884195147221e+02 6.283185307179259382e+00
7.221613932805305280e-01 4.341743446076700934e+02 6.283185307179259382e+00
3.152643826275305816e+00 4.350872372058015571e+02 6.283185307179259382e+00
7.371325669174747519e-01 4.360490263273198934e+02 6.283185307179259382e+00
7.523269740347132695e-01 4.371638860948628462e+02 6.283185307179259382e+00
3.060061716278741795e+00 4.382621313334919364e+02 6.283185307179259382e+00
7.254652307462923222e-01 4.390818429153050602e+02 6.283185307179259382e+00
8.055885303860027546e-01 4.400730777100287696e+02 6.283185307179259382e+00
2.449150492164773762e+00 4.412972537428983628e+02 6.283185307179259382e+00
1.120647809113275661e+00 4.417654720436464117e+02 6.283185307179259382e+00
1.002989631569123796e+00 4.430905441345394706e+02 6.283185307179259382e+00
2.487792111258562144e+00 4.444841106751005668e+02 6.283185307179259382e+00
9.432752334185258158e-01 4.449938795251745205e+02 6.283185307179259382e+00
8.108995893323783788e-01 4.462070012958467373e+02 6.283185307179259382e+00
1.694946900350479346e+00 4.474936196860555242e+02 6.283185307179259382e+00
1.595055979116097644e+00 4.478707673613063207e+02 6.283185307179259382e+00
1.100428197537775210e+00 4.492824102806218889e+02 6.283185307179259382e+00
2.073624207160856603e+00 4.507151833058608190e+02 6.283185307179259382e+00
1.221411993392450324e+00 4.511231586289379152e+02 6.283185307179259382e+00
8.064197374405995822e-01 4.524016987578764883e+02 6.283185307179259382e+00
1.310099992710165973e+00 4.536866704388995686e+02 6.283185307179259382e+00
1.957295900271599720e+00 4.540803488621995712e+02 6.283185307179259382e+00
1.103761956714914172e+00 4.555114150180767751e+02 6.283185307179259382e+00
1.693884043015188023e+00 4.569315861037564446e+02 6.283185307179259382e+00
1.567209592620587122e+00 4.573076276054566165e+02 6.283185307179259382e+00
8.020146350299899307e-01 4.585993062030296983e+02 6.283185307179259382e+00
1.020326104943876988e+00 4.598421098119067665e+02 6.283185307179259382e+00
2.324183462619543228e+00 4.603108411178762935e+02 6.283185307179259382e+00
1.032379159647108136e+00 4.617202930762570077e+02 6.283185307179259382e+00
1.244807251723895503e+00 4.630773336028621543e+02 6.283185307179259382e+00
2.187406304488390241e+00 4.635027733536902588e+02 6.283185307179259382e+00
8.020756669602834288e-01 4.647545939988470991e+02 6.283185307179259382e+00
7.619999716261945943e-01 4.658361099807135020e+02 6.283185307179259382e+00
2.876865096907291974e+00 4.665350437416879004e+02 6.283185307179259382e+00
8.214525510389730778e-01 4.677745255791517707e+02 6.283185307179259382e+00
7.835588124081969141e-01 4.689399574465676892e+02 6.283185307179259382e+00
3.169962311368519803e+00 4.697085966222163620e+02 6.283185307179259382e+00
7.444922760251415639e-01 4.707407537162617359e+02 6.283185307179259382e+00
7.905845608597784624e-01 4.715927685631242525e+02 6.283185307179259382e+00
2.921028273707996892e+00 4.727443131408565478e+02 6.283185307179259382e+00
9.376753928373271485e-01 4.733233223487078476e+02 6.283185307179259382e+00
9.368104931099084931e-01 4.745785757762328103e+02 6.283185307179259382e+00
2.770878170021922937e+00 4.759237454977284187e+02 6.283185307179259382e+00
8.482569096167208444e-01 4.765165512441811870e+02 6.283185307179259382e+00
8.383555511870883770e-01 4.776570232880737876e+02 6.283185307179259382e+00
1.896338699063804700e+00 4.789350758188688815e+02 6.283185307179259382e+00
1.513688132767964545e+00 4.793151943287714971e+02 6.283185307179259382e+00
1.126683783795789484e+00 4.807214118928562243e+02 6.283185307179259382e+00
2.378231183027615714e+00 4.821616825379835518e+02 6.283185307179259382e+00
1.102121270594624836e+00 4.826050529422316799e+02 6.283185307179259382e+00
8.531174166444122076e-01 4.838462220410446548e+02 6.283185307179259382e+00
1.433247999350657720e+00 4.851274940886776221e+02 6.283185307179259382e+00
1.962272786614461584e+00 4.855055216280686636e+02 6.283185307179259382e+00
1.183132336968665932e+00 4.869531028906135930e+02 6.283185307179259382e+00
2.075150545437173921e+00 4.884048718541678227e+02 6.283185307179259382e+00
1.338343475998312826e+00 4.887932392319661403e+02 6.283185307179259382e+00
8.516439689583649164e-01 4.900698313145065299e+02 6.283185307179259382e+00
1.181330395717010928e+00 4.913262767202630812e+02 6.283185307179259382e+00
2.254367035496962490e+00 4.917459385981933906e+02 6.283185307179259382e+00
1.145967353151602586e+00 4.931911866650864340e+02 6.283185307179259382e+00
1.655445448992349355e+00 4.946146596152055963e+02 6.283185307179259382e+00
1.711103862601225378e+00 4.949859948016349449e+02 6.283185307179259382e+00
8.327753103913085875e-01 4.962725533222571812e+02 6.283185307179259382e+00
9.327798995143662397e-01 4.974662243620617232e+02 6.283185307179259382e+00
2.576407909053332279e+00 4.979879936976096815e+02 6.283185307179259382e+00
1.008987495637264420e+00 4.993800903372776361e+02 6.283185307179259382e+00
1.108773073176516410e+00 5.007013598564129779e+02 6.283185307179259382e+00
2.528241424463001152e+00 5.011759607508111003e+02 6.283185307179259382e+00
8.108908278209945308e-01 5.023944586285741138e+02 6.283185307179259382e+00
7.250464745253385468e-01 5.033503441012874191e+02 6.283185307179259382e+00
3.132954850481784348e+00 5.042096255080924720e+02 6.283185307179259382e+00
7.440322633486641246e-01 5.052509516219770376e+02 6.283185307179259382e+00
7.417152210811682744e-01 5.063605649226147989e+02 6.283185307179259382e+00
3.161051388869161816e+00 5.073846388908011136e+02 6.283185307179259382e+00
7.263381150755479077e-01 5.082560049704971448e+02 6.283185307179259382e+00
8.200048594246520661e-01 5.091970157834358019e+02 6.283185307179259382e+00
2.545473568153588495e+00 5.104164133741249429e+02 6.283185307179259382e+00
1.117857170827647018e+00 5.108889270141991688e+02 6.283185307179259382e+00
1.019329956848935348e+00 5.122120710593242165e+02 6.283185307179259382e+00
2.637197425234200310e+00 5.136073085424584406e+02 6.283185307179259382e+00
9.302187720996307752e-01 5.141340992531789880e+02 6.283185307179259382e+00
8.480450504923908728e-01 5.153185267029767829e+02 6.283185307179259382e+00
1.707613651640471852e+00 5.166033498735339435e+02 6.283185307179259382e+00
1.687916246744614490e+00 5.169729172301047129e+02 6.283185307179259382e+00
1.164030688854170936e+00 5.184011205160530835e+02 6.283185307179259382e+00
2.321617341358828135e+00 5.198517893114089929e+02 6.283185307179259382e+00
1.167918150939225352e+00 5.202755633021660060e+02 6.283185307179259382e+00
8.639960856779753673e-01 5.215261460734037655e+02 6.283185307179259382e+00
1.345400141880789713e+00 5.227990450839631649e+02 6.283185307179259382e+00
2.090538059400402826e+00 5.231868238064906791e+02 6.283185307179259382e+00
1.193912787788313112e+00 5.246407006057919489e+02 6.283185307179259382e+00
2.003680083796031575e+00 5.260923305644644188e+02 6.283185307179259382e+00
1.411514582301032661e+00 5.264716364480036646e+02 6.283185307179259382e+00
8.547476862822155352e-01 5.277524926206054943e+02 6.283185307179259382e+00
1.118618100088167644e+00 5.289955711015808220e+02 6.283185307179259382e+00
2.349642193430002468e+00 5.294337999921688152e+02 6.283185307179259382e+00
1.129277373915200000e+00 5.308743954025206904e+02 6.283185307179259382e+00
1.536340825761161932e+00 5.322839587610022818e+02 6.283185307179259382e+00
1.860770413738499940e+00 5.326617138982547885e+02 6.283185307179259382e+00
8.326178931216189349e-01 5.339424071953957309e+02 6.283185307179259382e+00
8.637581437027549436e-01 5.350968169857918610e+02 6.283185307179259382e+00
2.715345556411791872e+00 5.356728984674650746e+02 6.283185307179259382e+00
9.498048974386644749e-01 5.370280817708299992e+02 6.283185307179259382e+00
9.657831583122740149e-01 5.382969787399881625e+02 6.283185307179259382e+00
2.848606525244289145e+00 5.388527937654181414e+02 6.283185307179259382e+00
7.938264454589979424e-01 5.400191020438076066e+02 6.283185307179259382e+00
7.371820236201959142e-01 5.408867943380065526e+02 6.283185307179259382e+00
3.187583351723592084e+00 5.418886674936629788e+02 6.283185307179259382e+00
7.647961612568646705e-01 5.427066589393280083e+02 6.283185307179259382e+00
8.010148523957784095e-01 5.438544710159299029e+02 6.283185307179259382e+00
2.942730978033514244e+00 5.450628104518297050e+02 6.283185307179259382e+00
7.498233492625636654e-01 5.457929773113892225e+02 6.283185307179259382e+00
8.087986300667820982e-01 5.468484951905502385e+02 6.283185307179259382e+00
2.251511222322879036e+00 5.480947883665169229e+02 6.283185307179259382e+00
1.219440821430800570e+00 5.485282097858143970e+02 6.283185307179259382e+00
1.030505111227495219e+00 5.498791795975258765e+02 6.283185307179259382e+00
2.384337205799011095e+00 5.512871960104195068e+02 6.283185307179259382e+00
9.974054704529928816e-01 5.517669595440560215e+02 6.283185307179259382e+00
8.069091420156935257e-01 5.530017964152922332e+02 6.283185307179259382e+00
1.602061247897588414e+00 5.542913327814692366e+02 6.283185307179259382e+00
1.664063889263161400e+00 5.546676292936778054e+02 6.283185307179259382e+00
1.101476136866666566e+00 5.560849423150129951e+02 6.283185307179259382e+00
1.983749597481494042e+00 5.575165690937806175e+02 6.283185307179259382e+00
1.284281142148578247e+00 5.579134429861207991e+02 6.283185307179259382e+00
8.015601218280459239e-01 5.591990134992794310e+02 6.283185307179259382e+00
1.246563605117651630e+00 5.604803941859647693e+02 6.283185307179259382e+00
2.016295697664786779e+00 5.608839881447913740e+02 6.283185307179259382e+00
1.090234480680057683e+00 5.623129175899476877e+02 6.283185307179259382e+00
1.594243215131212033e+00 5.637234817227882786e+02 6.283185307179259382e+00
1.670050577337991449e+00 5.641011823069472939e+02 6.283185307179259382e+00
7.989862626281800662e-01 5.653900509785927397e+02 6.283185307179259382e+00
9.578526132604444632e-01 5.666145042063996016e+02 6.283185307179259382e+00
2.415603393755305195e+00 5.671134406248128244e+02 6.283185307179259382e+00
9.989196227972475528e-01 5.685069945436110856e+02 6.283185307179259382e+00
1.130480876737316009e+00 5.698356420017553319e+02 6.283185307179259382e+00
2.394814544474362261e+00 5.702981494473366411e+02 6.283185307179259382e+00
7.973624209472461866e-01 5.715262745991288966e+02 6.283185307179259382e+00
7.287937926955855295e-01 5.725430176937136366e+02 6.283185307179259382e+00
3.007767716461333674e+00 5.733346069432220702e+02 6.283185307179259382e+00
7.636908018548779209e-01 5.744680152174086061e+02 6.283185307179259382e+00
7.400880903229468677e-01 5.755898065426728181e+02 6.283185307179259382e+00
3.183546059168307352e+00 5.765090624629694958e+02 6.283185307179259382e+00
7.263353376365931924e-01 5.774487842066660050e+02 6.283185307179259382e+00
8.069200038070912795e-01 5.783499878067061672e+02 6.283185307179259382e+00
2.705387396541536482e+00 5.795437869382687950e+02 6.283185307179259382e+00
1.032630437248870603e+00 5.800575932142479587e+02 6.283185307179259382e+00
9.821952409232163062e-01 5.813525429328700511e+02 6.283185307179259382e+00
2.676838067953425160e+00 5.827283543301742839e+02 6.283185307179259382e+00
8.931669702329583238e-01 5.832802354518890979e+02 6.283185307179259382e+00
8.387717994723504766e-01 5.844506749704560207e+02 6.283185307179259382e+00
1.788573374816628370e+00 5.857334997028262933e+02 6.283185307179259382e+00
1.596214317926277992e+00 5.861074750125349055e+02 6.283185307179259382e+00
1.139711051419389332e+00 5.875242300884852966e+02 6.283185307179259382e+00
2.313899131050406233e+00 5.889684628343751456e+02 6.283185307179259382e+00
1.143286578221218930e+00 5.893983419302785478e+02 6.283185307179259382e+00
8.508138570436841741e-01 5.906493100952815212e+02 6.283185307179259382e+00
1.383051483552272476e+00 5.919282936709316800e+02 6.283185307179259382e+00
2.009565848793774645e+00 5.923115649240338598e+02 6.283185307179259382e+00
1.177099272224514825e+00 5.937597025542352185e+02 6.283185307179259382e+00
1.993415080500147818e+00 5.952077754902285278e+02 6.283185307179259382e+00
1.393781849528111128e+00 5.955894008246076510e+02 6.283185307179259382e+00
8.448161577343307194e-01 5.968714590920311593e+02 6.283185307179259382e+00
1.137523891726588632e+00 5.981225274387684294e+02 6.283185307179259382e+00
2.292186053343603369e+00 5.985539274273154433e+02 6.283185307179259382e+00
1.124381870797617200e+00 5.999933779724123042e+02 6.283185307179259382e+00
1.549834111844419882e+00 6.014039324161381046e+02 6.283185307179259382e+00
1.824416964305156874e+00 6.017810231458602175e+02 6.283185307179259382e+00
8.275082625244781775e-01 6.030633202103155099e+02 6.283185307179259382e+00
8.795905089168687407e-01 6.042318167821836141e+02 6.283185307179259382e+00
2.663144590826633351e+00 6.047920809663734190e+02 6.283185307179259382e+00
9.625771418502434562e-01 6.061572853494701576e+02 6.283185307179259382e+00
9.971817329163578103e-01 6.074397237562085365e+02 6.283185307179259382e+00
2.761057082850089994e+00 6.079731708362107838e+02 6.283185307179259382e+00
7.970205629285445070e-01 6.091544051995228983e+02 6.283185307179259382e+00
7.284700900247316202e-01 6.100465858875411413e+02 6.283185307179259382e+00
3.181130584500746483e+00 6.110094082561221285e+02 6.283185307179259382e+00
7.466236076014720613e-01 6.118916188905907347e+02 6.283185307179259382e+00
7.756409173502823995e-01 6.130213220920238655e+02 6.283185307179259382e+00
2.990409512529674796e+00 6.141838533103458531e+02 6.283185307179259382e+00
7.356377151485495869e-01 6.149531436261140698e+02 6.283185307179259382e+00
8.049610613797754111e-01 6.159822986374970242e+02 6.283185307179259382e+00
2.340854024139927603e+00 6.172181845058374847e+02 6.283185307179259382e+00
1.166439410446889591e+00 6.176683873213329434e+02 6.283185307179259382e+00
1.013490121862960391e+00 6.190062643263535165e+02 6.283185307179259382e+00
2.415697288917436847e+00 6.204066770310364518e+02 6.283185307179259382e+00
9.710563501870180803e-01 6.208991242429837030e+02 6.283185307179259382e+00
8.036258381870690082e-01 6.221270419058525931e+02 6.283185307179259382e+00
1.645996572918275724e+00 6.234155469315655864e+02 6.283185307179259382e+00
1.616017847958782561e+00 6.237930137676216873e+02 6.283185307179259382e+00
1.092332478558793118e+00 6.252052708826424805e+02 6.283185307179259382e+00
1.998565350846193356e+00 6.266349692305917642e+02 6.283185307179259382e+00
1.259778964030691117e+00 6.270357510267136831e+02 6.283185307179259382e+00
7.972139704760137224e-01 6.283206325996234227e+02 6.283185307179259382e+00
1.271014381374044877e+00 6.296052628745738957e+02 6.283185307179259382e+00
1.973718983862775556e+00 6.300047637738107369e+02 6.283185307179259382e+00
1.086545514999853745e+00 6.314320870218502932e+02 6.283185307179259382e+00
1.610597178406539154e+00 6.328434688828675689e+02 6.283185307179259382e+00
1.638292462988328868e+00 6.332212178451227373e+02 6.283185307179259382e+00
7.952136836466228154e-01 6.345113611927320107e+02 6.283185307179259382e+00
9.760699563859175365e-01 6.357443322303880677e+02 6.283185307179259382e+00
2.371846313561944086e+00 6.362327487121493732e+02 6.283185307179259382e+00
1.005093996613046547e+00 6.376303160158815899e+02 6.283185307179259382e+00
1.158585142321374883e+00 6.389666707979981766e+02 6.283185307179259382e+00
2.328815966265201265e+00 6.394183052735710362e+02 6.283185307179259382e+00
7.965314624545958289e-01 6.406535851167149076e+02 6.283185307179259382e+00
7.362209093523990333e-01 6.416935319245495748e+02 6.283185307179259382e+00
2.960707093280475100e+00 6.424543410103577799e+02 6.283185307179259382e+00
7.791476864466436725e-01 6.436250961052174944e+02 6.283185307179259382e+00
7.483090281344576544e-01 6.447580123404947017e+02 6.283185307179259382e+00
3.189742052208555112e+00 6.456283940686032565e+02 6.283185307179259382e+00
7.304210660431188495e-01 6.465984188017114320e+02 6.283185307179259382e+00
8.027682159952623797e-01 6.474814462461578159e+02 6.283185307179259382e+00
2.774870332003092077e+00 6.486635188154331217e+02 6.283185307179259382e+00
1.002711662327506303e+00 6.491954859837487675e+02 6.283185307179259382e+00
9.694153704201950994e-01 6.504789032012701000e+02 6.283185307179259382e+00
2.708855985368087804e+00 6.518464302112842006e+02 6.283185307179259382e+00
8.791270171424314661e-01 6.524103654095123375e+02 6.283185307179259382e+00
8.397851493137734602e-01 6.535714827641870670e+02 6.283185307179259382e+00
1.819753883094136659e+00 6.548530972084175801e+02 6.283185307179259382e+00
1.574656833640500020e+00 6.552282549627351500e+02 6.283185307179259382e+00
1.138097704889084572e+00 6.566426021952175915e+02 6.283185307179259382e+00
2.341352331735546688e+00 6.580863270179904703e+02 6.283185307179259382e+00
1.129576551002331675e+00 6.585206529978657954e+02 6.283185307179259382e+00
8.536053758785454582e-01 6.597677184305526907e+02 6.283185307179259382e+00
1.398110617063667460e+00 6.610469957139247299e+02 6.283185307179259382e+00
2.001321674885046864e+00 6.614284789360020795e+02 6.283185307179259382e+00
1.182365626094511235e+00 6.628773639284413548e+02 6.283185307179259382e+00
2.029743021822747906e+00 6.643276661172365039e+02 6.283185307179259382e+00
1.372125676486392054e+00 6.647116262977735914e+02 6.283185307179259382e+00
8.490852051435399117e-01 6.659913660329978029e+02 6.283185307179259382e+00
1.153513889317611119e+00 6.672438309714865454e+02 6.283185307179259382e+00
2.283655173435675145e+00 6.676708891341595518e+02 6.283185307179259382e+00
1.134629013579705470e+00 6.691131798701450180e+02 6.283185307179259382e+00
1.593092898273319236e+00 6.705294291971234770e+02 6.283185307179259382e+00
1.779046040615301250e+00 6.709035306008549924e+02 6.283185307179259382e+00
8.303462560542517190e-01 6.721878381773041156e+02 6.283185307179259382e+00
8.997204389459395601e-01 6.733661646139050845e+02 6.283185307179259382e+00
2.631752385289958696e+00 6.739109211425154626e+02 6.283185307179259382e+00
9.815372484907821660e-01 6.752875908977644031e+02 6.283185307179259382e+00
1.039039961096420051e+00 6.765857632705831293e+02 6.283185307179259382e+00
2.673253437588400949e+00 6.770944792967434296e+02 6.283185307179259382e+00
8.033036222247257330e-01 6.782914151340690978e+02 6.283185307179259382e+00
7.246532819730993058e-01 6.792056872219188790e+02 6.283185307179259382e+00
3.173445130817161175e+00 6.801298731621825482e+02 6.283185307179259382e+00
7.391126209992844309e-01 6.810732433439701481e+02 6.283185307179259382e+00
7.581349009406855854e-01 6.821904742304717502e+02 6.283185307179259382e+00
3.055846504936998276e+00 6.833046961737982201e+02 6.283185307179259382e+00
7.286487864853212759e-01 6.841124401830620627e+02 6.283185307179259382e+00
8.093708502397137794e-01 6.851096872632650729e+02 6.283185307179259382e+00
2.420093901541333192e+00 6.863386165322799570e+02 6.283185307179259382e+00
1.142084357175494835e+00 6.867987546642486905e+02 6.283185307179259382e+00
1.012696509200224027e+00 6.881298213297426400e+02 6.283185307179259382e+00
2.490424023376176077e+00 6.895274861719425417e+02 6.283185307179259382e+00
9.519833548254236222e-01 6.900331977522494071e+02 6.283185307179259382e+00
8.160590203056206082e-01 6.912467799024135502e+02 6.283185307179259382e+00
1.678362066693360077e+00 6.925338294439465017e+02 6.283185307179259382e+00
1.623537312407685063e+00 6.929093664804880746e+02 6.283185307179259382e+00
1.110918981783875825e+00 6.943249264727724039e+02 6.283185307179259382e+00
2.092100852561002977e+00 6.957605727181122575e+02 6.283185307179259382e+00
1.224420289873241918e+00 6.961681459607326588e+02 6.283185307179259382e+00
8.134305900155118785e-01 6.974448001503982368e+02 6.283185307179259382e+00
1.305784290403649628e+00 6.987277068941796188e+02 6.283185307179259382e+00
1.983793911987606906e+00 6.991218539884050642e+02 6.283185307179259382e+00
1.114030690799486578e+00 7.005558952945046940e+02 6.283185307179259382e+00
1.716309962103776288e+00 7.019792213641277385e+02 6.283185307179259382e+00
1.561181436459856631e+00 7.023544160149846221e+02 6.283185307179259382e+00
8.077708056607740827e-01 7.036456937842689285e+02 6.283185307179259382e+00
1.023999377474371641e+00 7.048866397400179267e+02 6.283185307179259382e+00
2.337841174331774852e+00 7.053546806413289687e+02 6.283185307179259382e+00
1.039936981464705923e+00 7.067666019099466439e+02 6.283185307179259382e+00
1.260084074756735228e+00 7.081270429287801562e+02 6.283185307179259382e+00
2.175554545229248848e+00 7.085487946275657123e+02 6.283185307179259382e+00
8.054563509305223690e-01 7.098026402059587099e+02 6.283185307179259382e+00
7.651683283460162244e-01 7.108849028242574377e+02 6.283185307179259382e+00
2.879732925516558684e+00 7.115798345668511047e+02 6.283185307179259382e+00
8.259788733895498947e-01 7.128240308936765359e+02 6.283185307179259382e+00
7.877224903845168047e-01 7.139921680959226933e+02 6.283185307179259382e+00
3.173734866465955040e+00 7.147534589747083373e+02 6.283185307179259382e+00
7.466250243880004911e-01 7.157896973843094202e+02 6.283185307179259382e+00
7.919089790342362933e-01 7.166373916201000611e+02 6.283185307179259382e+00
2.929814108704444031e+00 7.177886975356951780e+02 6.283185307179259382e+00
9.387874518355679987e-01 7.183674642412670437e+02 6.283185307179259382e+00
9.387361347220317676e-01 7.196228564853452099e+02 6.283185307179259382e+00
2.784476483754533493e+00 7.209683951782178610e+02 6.283185307179259382e+00
8.488949329701341862e-01 7.215620684526210198e+02 6.283185307179259382e+00
8.426398098460280428e-01 7.226996871759993155e+02 6.283185307179259382e+00
1.893178034976708446e+00 7.239780773954236111e+02 6.283185307179259382e+00
1.527421125295025828e+00 7.243566718460572247e+02 6.283185307179259382e+00
1.134706937908655844e+00 7.257653342027700774e+02 6.283185307179259382e+00
2.407316752475872068e+00 7.272077193807965614e+02 6.283185307179259382e+00
1.099880423227493242e+00 7.276527605984566662e+02 6.283185307179259382e+00
8.613762812421474901e-01 7.288898314885534546e+02 6.283185307179259382e+00
1.430632806669528634e+00 7.301692495251896844e+02 6.283185307179259382e+00
1.989025432979657504e+00 7.305470588944626797e+02 6.283185307179259382e+00
1.196204022768077246e+00 7.319980892659970095e+02 6.283185307179259382e+00
2.119621430649714089e+00 7.334536659089753812e+02 6.283185307179259382e+00
1.324961905027298714e+00 7.338439412519456937e+02 6.283185307179259382e+00
8.614179774939428880e-01 7.351167477209764911e+02 6.283185307179259382e+00
1.187721826431781480e+00 7.363707172183943612e+02 6.283185307179259382e+00
2.275914715113754205e+00 7.367893207136686442e+02 6.283185307179259382e+00
1.160088502913354080e+00 7.382382680903057235e+02 6.283185307179259382e+00
1.699494922435778710e+00 7.396673078787106306e+02 6.283185307179259382e+00
1.680490931313380898e+00 7.400368880744925946e+02 6.283185307179259382e+00
8.391643948020123256e-01 7.413238430970559421e+02 6.283185307179259382e+00
9.475867884120109386e-01 7.425204167457314952e+02 6.283185307179259382e+00
2.570798953157557687e+00 7.430341277939567135e+02 6.283185307179259382e+00
1.024090671720958134e+00 7.444330683004027378e+02 6.283185307179259382e+00
1.144224202414556579e+00 7.457646454008436194e+02 6.283185307179259382e+00
2.470620364677662106e+00 7.462251461723860757e+02 6.283185307179259382e+00
8.159391078771859318e-01 7.474522113364882898e+02 6.283185307179259382e+00
7.285442715120169499e-01 7.484226909384752844e+02 6.283185307179259382e+00
3.118516649019765996e+00 7.492572440965905116e+02 6.283185307179259382e+00
7.517322763654652462e-01 7.503335813663022691e+02 6.283185307179259382e+00
7.408393578874347130e-01 7.514447885938310492e+02 6.283185307179259382e+00
3.202769111257617318e+00 7.524321359424212687e+02 6.283185307179259382e+00
7.288339731096320495e-01 7.533268859352257323e+02 6.283185307179259382e+00
8.266684672195409034e-01 7.542446728012180301e+02 6.283185307179259382e+00
2.587679797955260597e+00 7.554622413461729593e+02 6.283185307179259382e+00
1.118541859037370356e+00 7.559359332850083319e+02 6.283185307179259382e+00
1.027623618087223578e+00 7.572587047844193648e+02 6.283185307179259382e+00
2.709266702209220501e+00 7.586548738238800524e+02 6.283185307179259382e+00
9.269181417929367450e-01 7.591887095938847096e+02 6.283185307179259382e+00
8.680359985524503941e-01 7.603590067004968205e+02 6.283185307179259382e+00
1.700455726896999309e+00 7.616425239878531102e+02 6.283185307179259382e+00
1.749026011347316167e+00 7.620083679704681572e+02 6.283185307179259382e+00
1.199704532514960897e+00 7.634462365619012871e+02 6.283185307179259382e+00
2.466881657705361164e+00 7.649060522353842089e+02 6.283185307179259382e+00
1.146540790586651593e+00 7.653392879568826856e+02 6.283185307179259382e+00
9.024188985085233039e-01 7.665704196053036412e+02 6.283185307179259382e+00
1.335602738603353323e+00 7.678318678897743439e+02 6.283185307179259382e+00
2.213560817672341585e+00 7.682209669491988961e+02 6.283185307179259382e+00
1.248659347808757092e+00 7.696887496335758669e+02 6.283185307179259382e+00
2.190964067114373748e+00 7.711564835347842291e+02 6.283185307179259382e+00
1.347629216851218503e+00 7.715431237635933712e+02 6.283185307179259382e+00
8.945973327276893761e-01 7.728090688287110197e+02 6.283185307179259382e+00
1.143596084731061779e+00 7.740415347438573690e+02 6.283185307179259382e+00
2.436306304200514639e+00 7.744753068667758953e+02 6.283185307179259382e+00
1.183333736709941020e+00 7.759303578051953991e+02 6.283185307179259382e+00
1.696844835063442414e+00 7.773622232165728292e+02 6.283185307179259382e+00
1.735536198307213063e+00 7.777294964140012326e+02 6.283185307179259382e+00
8.549906917000790196e-01 7.790144274465300214e+02 6.283185307179259382e+00
9.149642131844665238e-01 7.801849669615941139e+02 6.283185307179259382e+00
2.685278481178635435e+00 7.807246812573022225e+02 6.283185307179259382e+00
1.007767949067729152e+00 7.821117800278996128e+02 6.283185307179259382e+00
1.080119720220214186e+00 7.834230524748503512e+02 6.283185307179259382e+00
2.642748938202674758e+00 7.839128410224626577e+02 6.283185307179259382e+00
8.161149111825434233e-01 7.851203780303608255e+02 6.283185307179259382e+00
7.282153777843308751e-01 7.860297994595101727e+02 6.283185307179259382e+00
3.203252484363701580e+00 7.869451810979770698e+02 6.283185307179259382e+00
7.412974026375961367e-01 7.879001357797875471e+02 6.283185307179259382e+00
7.586241218776964557e-01 7.890149788081844235e+02 6.283185307179259382e+00
3.101827021691135222e+00 7.901200655222144178e+02 6.283185307179259382e+00
7.319110018473224955e-01 7.909346500920065637e+02 6.283185307179259382e+00
8.223311842602144539e-01 7.919170104305088671e+02 6.283185307179259382e+00
2.421417524982000469e+00 7.931505167265354430e+02 6.283185307179259382e+00
1.173310270271430200e+00 7.936010015554292067e+02 6.283185307179259382e+00
1.035626004206634754e+00 7.949401588251554358e+02 6.283185307179259382e+00
2.569842065657421237e+00 7.963447883256039859e+02 6.283185307179259382e+00
9.566715477018705727e-01 7.968532735791700361e+02 6.283185307179259382e+00
8.420397154846406274e-01 7.980535308612777499e+02 6.283185307179259382e+00
1.661250996725697426e+00 7.993395437387682705e+02 6.283185307179259382e+00
1.711185780464957951e+00 7.997097690857956422e+02 6.283185307179259382e+00
1.157443479771955719e+00 8.011389358681312842e+02 6.283185307179259382e+00
2.243082587210956991e+00 8.025875965916403629e+02 6.283185307179259382e+00
1.198687225759224706e+00 8.030025295080456544e+02 6.283185307179259382e+00
8.515268053399492887e-01 8.042629433482178456e+02 6.283185307179259382e+00
1.318858120281984236e+00 8.055368183487466922e+02 6.283185307179259382e+00
2.084112061015344963e+00 8.059286329723039444e+02 6.283185307179259382e+00
1.172309240884890080e+00 8.073778656006312531e+02 6.283185307179259382e+00
1.899683159278011901e+00 8.088212600681466711e+02 6.283185307179259382e+00
1.471168259128850853e+00 8.091963476152936892e+02 6.283185307179259382e+00
8.405226959082088278e-01 8.104825282646482947e+02 6.283185307179259382e+00
1.079398502125776593e+00 8.117225546938376510e+02 6.283185307179259382e+00
2.361315921857360500e+00 8.121729122747024121e+02 6.283185307179259382e+00
1.098053289320517267e+00 8.136040547815954369e+02 6.283185307179259382e+00
1.423486932127800308e+00 8.149961114367522441e+02 6.283185307179259382e+00
1.988714689436578364e+00 8.153867503484138979e+02 6.283185307179259382e+00
8.242685389511612559e-01 8.166592660714331942e+02 6.283185307179259382e+00
8.174741733481305506e-01 8.177833289912284727e+02 6.283185307179259382e+00
2.796316737155326582e+00 8.184065002456303546e+02 6.283185307179259382e+00
8.970050032289962338e-01 8.197218305160146201e+02 6.283185307179259382e+00
8.752003575884576003e-01 8.209462700856718129e+02 6.283185307179259382e+00
3.042233652121216103e+00 8.215822629412473361e+02 6.283185307179259382e+00
7.739145725287578381e-01 8.226966749547088966e+02 6.283185307179259382e+00
7.637362549195019223e-01 8.235330439217700587e+02 6.283185307179259382e+00
3.111695333709169287e+00 8.246180951486400090e+02 6.283185307179259382e+00
8.377811414906749521e-01 8.253007749882644930e+02 6.283185307179259382e+00
8.705409473546437127e-01 8.265021201260698263e+02 6.283185307179259382e+00
2.853865799859628627e+00 8.277932749667722874e+02 6.283185307179259382e+00
7.961208543932808412e-01 8.284450817076675548e+02 6.283185307179259382e+00
8.250476237798367585e-01 8.295488340696423393e+02 6.283185307179259382e+00
2.056004108013568477e+00 8.308155593687822602e+02 6.283185307179259382e+00
1.371421991714635968e+00 8.312148489552010915e+02 6.283185307179259382e+00
1.083223271544961674e+00 8.325974129387693665e+02 6.283185307179259382e+00
2.376349345942980751e+00 8.340242515247970232e+02 6.283185307179259382e+00
1.055791186229870560e+00 8.344822843303965101e+02 6.283185307179259382e+00
8.314811112962329220e-01 8.357216353853805231e+02 6.283185307179259382e+00
1.507524529951415282e+00 8.370089782681599218e+02 6.283185307179259382e+00
1.823762488239598856e+00 8.373837491798591373e+02 6.283185307179259382e+00
1.147853301432427697e+00 8.388186386088779045e+02 6.283185307179259382e+00
2.037296498646076870e+00 8.402619940434685759e+02 6.283185307179259382e+00
1.314497847962987631e+00 8.406540799124737759e+02 6.283185307179259382e+00
8.301158852308604397e-01 8.419343961095738678e+02 6.283185307179259382e+00
1.212073512754489490e+00 8.432029874521110742e+02 6.283185307179259382e+00
2.148042783005597922e+00 8.436141805993660228e+02 6.283185307179259382e+00
1.124941828531587529e+00 8.450533918363756811e+02 6.283185307179259382e+00
1.640430939215430595e+00 8.464727470824686861e+02 6.283185307179259382e+00
1.684567830867877314e+00 8.468463047360078235e+02 6.283185307179259382e+00
8.194982149622931367e-01 8.481341361795845160e+02 6.283185307179259382e+00
9.488994973540794131e-01 8.493430061799604118e+02 6.283185307179259382e+00
2.501907712844758436e+00 8.498515775164208890e+02 6.283185307179259382e+00
1.010501172675691173e+00 8.512471084574739280e+02 6.283185307179259382e+00
1.132133908672836142e+00 8.525757012837652837e+02 6.283185307179259382e+00
2.446664811891330338e+00 8.530394036951739736e+02 6.283185307179259382e+00
8.070205534745248377e-01 8.542655611264544859e+02 6.283185307179259382e+00
7.273373904448482419e-01 8.552543451786915512e+02 6.283185307179259382e+00
3.073543389370035239e+00 8.560736988913932919e+02 6.283185307179259382e+00
7.547866754344180196e-01 8.571712123446244505e+02 6.283185307179259382e+00
7.389595649137872257e-01 8.582854865772355879e+02 6.283185307179259382e+00
3.192345265492560813e+00 8.592484811816207184e+02 6.283185307179259382e+00
7.268447844561138904e-01 8.601596641291022252e+02 6.283185307179259382e+00
8.177273163672793554e-01 8.610724820047105368e+02 6.283185307179259382e+00
2.633295790459116326e+00 8.622808430324397477e+02 6.283185307179259382e+00
1.081338327277733269e+00 8.627704064662382279e+02 6.283185307179259382e+00
1.007563568663845333e+00 8.640817478110467391e+02 6.283185307179259382e+00
2.685511862515444381e+00 8.654696334244284799e+02 6.283185307179259382e+00
9.132727702610152765e-01 8.660097351327100341e+02 6.283185307179259382e+00
8.529720429427427586e-01 8.671821720564558973e+02 6.283185307179259382e+00
1.738660492148381476e+00 8.684660788794160453e+02 6.283185307179259382e+00
1.675431525110678388e+00 8.688352358791997858e+02 6.283185307179259382e+00
1.169844276504576897e+00 8.702631183805481214e+02 6.283185307179259382e+00
2.381287002172300493e+00 8.717153276107105739e+02 6.283185307179259382e+00
1.148323882112417094e+00 8.721456748992217172e+02 6.283185307179259382e+00
8.748613116062772255e-01 8.733881567792579972e+02 6.283185307179259382e+00
1.359929767521640853e+00 8.746594887772547509e+02 6.283185307179259382e+00
2.105820581410692505e+00 8.750450675470165152e+02 6.283185307179259382e+00
1.211792215940901141e+00 8.765029169870806527e+02 6.283185307179259382e+00
2.085739936065473810e+00 8.779606704193550968e+02 6.283185307179259382e+00
1.372164509727276549e+00 8.783441254359611321e+02 6.283185307179259382e+00
8.680417602778723873e-01 8.796192411194767828e+02 6.283185307179259382e+00
1.142914295686559223e+00 8.808621622287728314e+02 6.283185307179259382e+00
2.356741556983089847e+00 8.812938813833344511e+02 6.283185307179259382e+00
1.153479029693139868e+00 8.827411813411583807e+02 6.283185307179259382e+00
1.623303513978721968e+00 8.841626472911759720e+02 6.283185307179259382e+00
1.777183985318562698e+00 8.845341428558275538e+02 6.283185307179259382e+00
8.407285856959599846e-01 8.858184261760821983e+02 6.283185307179259382e+00
8.988257617028418966e-01 8.869892428855324624e+02 6.283185307179259382e+00
2.669285787434081403e+00 8.875375634671564740e+02 6.283185307179259382e+00
9.862584205222713063e-01 8.889148600782684753e+02 6.283185307179259382e+00
1.040387959744353719e+00 8.902129522710206402e+02 6.283185307179259382e+00
2.696796552488154752e+00 8.907220751414463393e+02 6.283185307179259382e+00
8.069705756358737103e-01 8.919180776175601295e+02 6.283185307179259382e+00
7.275178709468879124e-01 8.928199205245766734e+02 6.283185307179259382e+00
3.193515396041866072e+00 8.937564437020168953e+02 6.283185307179259382e+00
7.420120824160766348e-01 8.946793348775858021e+02 6.283185307179259382e+00
7.650781996995299483e-01 8.957998570643443372e+02 6.283185307179259382e+00
3.049907245804620803e+00 8.969311733455973581e+02 6.283185307179259382e+00
7.324386963026472408e-01 8.977258857749407071e+02 6.283185307179259382e+00
8.132655548864221595e-01 8.987299862894369653e+02 6.283185307179259382e+00
2.388317574637246921e+00 8.999637640763115769e+02 6.283185307179259382e+00
1.165478691779915810e+00 9.004156496686289302e+02 6.283185307179259382e+00
1.022970462397666092e+00 9.017530150273878462e+02 6.283185307179259382e+00
2.493145394352165756e+00 9.031548990864610005e+02 6.283185307179259382e+00
9.612192331218534225e-01 9.036564143970466603e+02 6.283185307179259382e+00
8.215046064432310891e-01 9.048704759264742279e+02 6.283185307179259382e+00
1.660727052826075800e+00 9.061577909321592870e+02 6.283185307179259382e+00
1.653991322871434244e+00 9.065318613646239783e+02 6.283185307179259382e+00
1.121898718342494883e+00 9.079514830442067250e+02 6.283185307179259382e+00
2.111685713623578486e+00 9.093901045992707850e+02 6.283185307179259382e+00
1.227363207044890103e+00 9.097973013442934871e+02 6.283185307179259382e+00
8.208124242565892903e-01 9.110719423145617384e+02 6.283185307179259382e+00
1.300962646261234701e+00 9.123525601602887036e+02 6.283185307179259382e+00
2.011980132335112526e+00 9.127473155511213463e+02 6.283185307179259382e+00
1.124672762975400753e+00 9.141844195844167871e+02 6.283185307179259382e+00
1.739696549712650420e+00 9.156109855674036453e+02 6.283185307179259382e+00
1.554873874793157418e+00 9.159853906870436049e+02 6.283185307179259382e+00
8.137580786365679053e-01 9.172761571243372600e+02 6.283185307179259382e+00
1.027584215136035928e+00 9.185151293101547481e+02 6.283185307179259382e+00
2.352283346635790195e+00 9.189825450414987245e+02 6.283185307179259382e+00
1.047677959996882402e+00 9.203969567864355668e+02 6.283185307179259382e+00
1.275835164031891455e+00 9.217608429221559163e+02 6.283185307179259382e+00
2.163354596162970989e+00 9.221789468857093652e+02 6.283185307179259382e+00
8.089030186992482996e-01 9.234347793164143923e+02 6.283185307179259382e+00
7.684291320715451734e-01 9.245178167733500914e+02 6.283185307179259382e+00
2.882589724802042674e+00 9.252087053127432910e+02 6.283185307179259382e+00
8.306400430932344703e-01 9.264576416124909883e+02 6.283185307179259382e+00
7.920923746707068114e-01 9.276285978900720011e+02 6.283185307179259382e+00
3.176959103412688723e+00 9.283824136418724038e+02 6.283185307179259382e+00
7.487969276871481172e-01 9.294228158720933379e+02 6.283185307179259382e+00
7.931218322321735847e-01 9.302662519353687003e+02 6.283185307179259382e+00
2.938846200132241737e+00 9.314171882519539167e+02 6.283185307179259382e+00
9.396110162738178229e-01 9.319959219065015077e+02 6.283185307179259382e+00
9.404546038198700053e-01 9.332513317735695182e+02 6.283185307179259382e+00
2.797894569476485849e+00 9.345971230656243733e+02 6.283185307179259382e+00
8.494216426997551750e-01 9.351917340584664089e+02 6.283185307179259382e+00
8.468252002163539904e-01 9.363265047547099584e+02 6.283185307179259382e+00
1.890090737730077741e+00 9.376051853490736221e+02 6.283185307179259382e+00
1.540840120389288304e+00 9.379823348862869352e+02 6.283185307179259382e+00
1.142555006258921368e+00 9.393933679513554580e+02 6.283185307179259382e+00
2.436511823875669336e+00 9.408377925576597818e+02 6.283185307179259382e+00
1.097670882961160777e+00 9.412845363506821741e+02 6.283185307179259382e+00
8.697359458310824909e-01 9.425174293411060944e+02 6.283185307179259382e+00
1.427184092240825430e+00 9.437948539465658087e+02 6.283185307179259382e+00
2.016868538187116311e+00 9.441725814179160352e+02 6.283185307179259382e+00
1.209289691746298745e+00 9.456270584019664511e+02 6.283185307179259382e+00
2.164694086421060426e+00 9.470863644714989960e+02 6.283185307179259382e+00
1.312178298532225673e+00 9.474787138220485758e+02 6.283185307179259382e+00
8.715895131229355330e-01 9.487474015821997000e+02 6.283185307179259382e+00
1.192577723966222081e+00 9.499985213562202944e+02 6.283185307179259382e+00
2.300416042050823506e+00 9.504164785186950439e+02 6.283185307179259382e+00
1.174214632881831255e+00 9.518690762552049591e+02 6.283185307179259382e+00
1.743293209321699289e+00 9.533034571364347585e+02 6.283185307179259382e+00
1.652026769396155004e+00 9.536717585971205153e+02 6.283185307179259382e+00
8.458622031308896672e-01 9.549586485806929659e+02 6.283185307179259382e+00
9.613884612219812942e-01 9.561573105802866621e+02 6.283185307179259382e+00
2.568369136004307940e+00 9.566640392337578760e+02 6.283185307179259382e+00
1.038581724057021871e+00 9.580691430068399086e+02 6.283185307179259382e+00
1.179140761751956257e+00 9.594102197836772348e+02 6.283185307179259382e+00
2.416473668060871827e+00 9.598583102827666380e+02 6.283185307179259382e+00
8.206990602821401248e-01 9.610928629759819160e+02 6.283185307179259382e+00
7.331410309699394334e-01 9.620771542158602188e+02 6.283185307179259382e+00
3.102900858650432525e+00 9.628887219974759546e+02 6.283185307179259382e+00
7.613115592494733574e-01 9.639965269848493108e+02 6.283185307179259382e+00
7.425778316904878551e-01 9.651115586739687160e+02 6.283185307179259382e+00
3.237032018037883319e+00 9.660634244936436517e+02 6.283185307179259382e+00
7.321052653710046210e-01 9.669798256663669918e+02 6.283185307179259382e+00
8.322764504031023858e-01 9.678763762572285714e+02 6.283185307179259382e+00
2.626912590344642862e+00 9.690920592857172551e+02 6.283185307179259382e+00
1.118366282714759796e+00 9.695671173419664228e+02 6.283185307179259382e+00
1.034582509569023978e+00 9.708892914274188115e+02 6.283185307179259382e+00
2.775220230494888529e+00 9.722860034231707687e+02 6.283185307179259382e+00
9.247540782160146300e-01 9.728259576003283655e+02 6.283185307179259382e+00
8.871998935925383689e-01 9.739831576552217030e+02 6.283185307179259382e+00
1.687090963005788202e+00 9.752649200450572380e+02 6.283185307179259382e+00
1.813011405313417201e+00 9.756277314930629245e+02 6.283185307179259382e+00
1.234302725249507571e+00 9.770750249744484108e+02 6.283185307179259382e+00
2.615778760210303755e+00 9.785430904049168248e+02 6.283185307179259382e+00
1.131006163896504324e+00 9.789855495737419915e+02 6.283185307179259382e+00
9.458477919501481201e-01 9.801951813187158677e+02 6.283185307179259382e+00
1.298195577239940057e+00 9.814387476567248996e+02 6.283185307179259382e+00
2.381514126675519094e+00 9.818354504692940736e+02 6.283185307179259382e+00
1.298754405586179494e+00 9.833162223163119506e+02 6.283185307179259382e+00
2.335870219218778132e+00 9.847966999112412623e+02 6.283185307179259382e+00
1.320170952735663095e+00 9.851883755447864814e+02 6.283185307179259382e+00
9.340118347226260553e-01 9.864397351139438115e+02 6.283185307179259382e+00
1.126901995114788058e+00 9.876519851068939033e+02 6.283185307179259382e+00
2.576363440079203038e+00 9.880950218205388182e+02 6.283185307179259382e+00
1.214567506845321887e+00 9.895576181650496892e+02 6.283185307179259382e+00
1.747535501811201986e+00 9.909976846565680262e+02 6.283185307179259382e+00
1.731573115678268104e+00 9.913616550198803452e+02 6.283185307179259382e+00
8.721701356938152960e-01 9.926455631640451429e+02 6.283185307179259382e+00
9.107520853815207484e-01 9.938026035791392587e+02 6.283185307179259382e+00
2.750532418569930027e+00 9.943499058873743479e+02 6.283185307179259382e+00
1.011977778835260855e+00 9.957361976025705417e+02 6.283185307179259382e+00
1.074553423364197569e+00 9.970448926753697378e+02 6.283185307179259382e+00
2.693670405205228491e+00 9.975389069809810962e+02 6.283185307179259382e+00
8.207053165101201309e-01 9.987426994440709223e+02 6.283185307179259382e+00
7.329754627511796405e-01 9.996285427113366495e+02 6.283185307179259382e+00
3.235960557658797754e+00 1.000569891233729891e+03 6.283185307179259382e+00
7.465072001586647854e-01 1.001481814022734739e+03 6.283185307179259382e+00
7.724088413257419461e-01 1.002603772201440165e+03 6.283185307179259382e+00
3.080323049565298899e+00 1.003744580873265591e+03 6.283185307179259382e+00
7.386616815677420345e-01 1.004532216959067227e+03 6.283185307179259382e+00
8.273338298008995340e-01 1.005531527412722312e+03 6.283185307179259382e+00
2.357570487802711057e+00 1.006772951482131589e+03 6.283185307179259382e+00
1.214164780171632430e+00 1.007210219280553019e+03 6.283185307179259382e+00
1.051374054315584061e+00 1.008559873950707129e+03 6.283185307179259382e+00
2.562781566334487948e+00 1.009971070191433569e+03 6.283185307179259382e+00
9.725940919185541711e-01 1.010471501891360163e+03 6.283185307179259382e+00
8.482018930010672975e-01 1.011674860131505056e+03 6.283185307179259382e+00
1.629832127378927131e+00 1.012960653154955025e+03 6.283185307179259382e+00
1.756351456231654451e+00 1.013329928692613180e+03 6.283185307179259382e+00
1.170392530488393978e+00 1.014764278619095876e+03 6.283185307179259382e+00
2.258252312929931893e+00 1.016216232111850445e+03 6.283185307179259382e+00
1.206657010054815293e+00 1.016629661852762183e+03 6.283185307179259382e+00
