1.141724451595947043e+00 2.714281448463067847e-01 3.141592653589661222e+00
9.491802273284000169e-01 1.726073889490851609e+00 3.141592653589661222e+00
1.445257922456674615e+00 2.349514085702296917e+00 3.141592653589661222e+00
1.230270461967613693e+00 3.839561577050990326e+00 3.141592653589661222e+00
1.224532984058035012e+00 4.415737709209197170e+00 3.141592653589661222e+00
9.818628596133015529e-01 5.885923628839073274e+00 3.141592653589661222e+00
1.383713089206964897e+00 6.445586458727337487e+00 3.141592653589661222e+00
7.418681604350323422e-01 7.788938738767615000e+00 3.141592653589661222e+00
1.665674181741782611e+00 8.548042277469209083e+00 3.141592653589661222e+00
9.786136130269349476e-01 9.965342678173923829e+00 3.141592653589661222e+00
1.593697312667120114e+00 1.058547193687997989e+01 3.141592653589661222e+00
8.459057868640789124e-01 1.198745273674647116e+01 3.141592653589661222e+00
1.733971992367971504e+00 1.262430105237770128e+01 3.141592653589661222e+00
6.487767223771270242e-01 1.365672197655906039e+01 3.141592653589661222e+00
1.843306039258220341e+00 1.470979758051086783e+01 3.141592653589661222e+00
6.957515117102833768e-01 1.578015453544042579e+01 3.141592653589661222e+00
1.857798680375438050e+00 1.673683730653250734e+01 3.141592653589661222e+00
6.671752218005992940e-01 1.786397026366404717e+01 3.141592653589661222e+00
1.815529374573483734e+00 1.880965718847982160e+01 3.141592653589661222e+00
8.292735521646502628e-01 1.946721958818917031e+01 3.141592653589661222e+00
1.675420099667006557e+00 2.084676326985743700e+01 3.141592653589661222e+00
9.438189327766651759e-01 2.148706014712076140e+01 3.141592653589661222e+00
1.728712684900323593e+00 2.288478779698241539e+01 3.141592653589661222e+00
7.199282719060432489e-01 2.368432253492300532e+01 3.141592653589661222e+00
1.464162274294934951e+00 2.498950753183295248e+01 3.141592653589661222e+00
9.835355079579732873e-01 2.554575670757573391e+01 3.141592653589661222e+00
1.285446407114478884e+00 2.701570498243359708e+01 3.141592653589661222e+00
1.220447560288887789e+00 2.758995351651254779e+01 3.141592653589661222e+00
1.514126260326058127e+00 2.908389294030077110e+01 3.141592653589661222e+00
9.070181169570538104e-01 2.972932886697686072e+01 3.141592653589661222e+00
1.200567389650778471e+00 3.116982389443526102e+01 3.141592653589661222e+00
1.120798083985782068e+00 3.170799159197519046e+01 3.141592653589661222e+00
1.003517989822299006e+00 3.317209911332944472e+01 3.141592653589661222e+00
1.421971882737677051e+00 3.378097780181175125e+01 3.141592653589661222e+00
1.299266776286879255e+00 3.528222906351608401e+01 3.141592653589661222e+00
1.157462302430193324e+00 3.586325126291470866e+01 3.141592653589661222e+00
1.027302932947156799e+00 3.733702309422113785e+01 3.141592653589661222e+00
1.333028696684866343e+00 3.788466613492052915e+01 3.141592653589661222e+00
7.866263838472908887e-01 3.926457014762977593e+01 3.141592653589661222e+00
1.631044401686090994e+00 3.998382792959557008e+01 3.141592653589661222e+00
1.058975684051565613e+00 4.143511969368621095e+01 3.141592653589661222e+00
1.501477490915886559e+00 4.202990968745747580e+01 3.141592653589661222e+00
8.915152745921500754e-01 4.346235180885705063e+01 3.141592653589661222e+00
1.661196464328795752e+00 4.406428381209207146e+01 3.141592653589661222e+00
6.520500761553383873e-01 4.519116982888908751e+01 3.141592653589661222e+00
1.826397116056305281e+00 4.615950916860865050e+01 3.141592653589661222e+00
7.391471760506704847e-01 4.735475275557231356e+01 3.141592653589661222e+00
1.858636387614795327e+00 4.818812820655856655e+01 3.141592653589661222e+00
7.040404461146100301e-01 4.939581070245045424e+01 3.141592653589661222e+00
1.887334708987233434e+00 5.024478585359537419e+01 3.141592653589661222e+00
8.020325985929308565e-01 5.093736455209356961e+01 3.141592653589661222e+00
1.756685371709486798e+00 5.228152463859662191e+01 3.141592653589661222e+00
8.965229581924826219e-01 5.295324480862314687e+01 3.141592653589661222e+00
1.784987732797908899e+00 5.431880138468316943e+01 3.141592653589661222e+00
7.014719905428673519e-01 5.516017663062996945e+01 3.141592653589661222e+00
1.544356229607239506e+00 5.642272032722512876e+01 3.141592653589661222e+00
9.876085222134811659e-01 5.697544118322531403e+01 3.141592653589661222e+00
1.342820294730231012e+00 5.844380417743141720e+01 3.141592653589661222e+00
1.217707047864610592e+00 5.901764226503050281e+01 3.141592653589661222e+00
1.592585690792001074e+00 6.051673692763734635e+01 3.141592653589661222e+00
8.734527623750952818e-01 6.118666869902968841e+01 3.141592653589661222e+00
1.274581821526469927e+00 6.260959477223948966e+01 3.141592653589661222e+00
1.122825683885745773e+00 6.313798720688572530e+01 3.141592653589661222e+00
1.056302083257474766e+00 6.460835971543261280e+01 3.141592653589661222e+00
1.424850520601290915e+00 6.520815552132438597e+01 3.141592653589661222e+00
1.390360930167660936e+00 6.672513448298636263e+01 3.141592653589661222e+00
1.095195778996885583e+00 6.731729465769855381e+01 3.141592653589661222e+00
1.093365119179483091e+00 6.879040706652043013e+01 3.141592653589661222e+00
1.302825709231044016e+00 6.932267583896455676e+01 3.141592653589661222e+00
8.402192524437591681e-01 7.073093094127136737e+01 3.141592653589661222e+00
1.613981656720824276e+00 7.141804470921802306e+01 3.141592653589661222e+00
1.158918009153668827e+00 7.290212767307176023e+01 3.141592653589661222e+00
1.403889120134205415e+00 7.348051457050503643e+01 3.141592653589661222e+00
9.501614309484985865e-01 7.493761078704746126e+01 3.141592653589661222e+00
1.590719037469392916e+00 7.550667616400738780e+01 3.141592653589661222e+00
6.766049262144068210e-01 7.672051458935945334e+01 3.141592653589661222e+00
1.805890459328252318e+00 7.760786606872679272e+01 3.141592653589661222e+00
8.243706451429919646e-01 7.891363522776291006e+01 3.141592653589661222e+00
1.815773503198061745e+00 7.964052850329017019e+01 3.141592653589661222e+00
7.583566400668009244e-01 8.093094114961998287e+01 3.141592653589661222e+00
1.914382477327136733e+00 8.168305178854774340e+01 3.141592653589661222e+00
7.501536756145781304e-01 8.244801171096879955e+01 3.141592653589661222e+00
1.831789272577782457e+00 8.372722718137939069e+01 3.141592653589661222e+00
8.125878230835379412e-01 8.446703778021554854e+01 3.141592653589661222e+00
1.816767965054510992e+00 8.575991638698921804e+01 3.141592653589661222e+00
6.744221832933656735e-01 8.666151399548013501e+01 3.141592653589661222e+00
1.615139244914107541e+00 8.786056994734678938e+01 3.141592653589661222e+00
9.518580785048090798e-01 8.842880972345638213e+01 3.141592653589661222e+00
1.422214249900046079e+00 8.988578901643779773e+01 3.141592653589661222e+00
1.155394441419009599e+00 9.046450981794765767e+01 3.141592653589661222e+00
1.628931484969058152e+00 9.194828196837134726e+01 3.141592653589661222e+00
8.312346456253892901e-01 9.264375010068110328e+01 3.141592653589661222e+00
1.317409049614682637e+00 9.404552415204857141e+01 3.141592653589661222e+00
1.086596330480296357e+00 9.457804234897763251e+01 3.141592653589661222e+00
1.109027210774195638e+00 9.605279845224303870e+01 3.141592653589661222e+00
1.376761363468273602e+00 9.664172057155727202e+01 3.141592653589661222e+00
1.424856974553706745e+00 9.815656460951586837e+01 3.141592653589661222e+00
1.043940558731060397e+00 9.875907287828935921e+01 3.141592653589661222e+00
1.119588172003862514e+00 1.002274041531013182e+02 3.141592653589661222e+00
1.253316189204813913e+00 1.007590582181995700e+02 3.141592653589661222e+00
8.796607512976698517e-01 1.021872533854867982e+02 3.141592653589661222e+00
1.567557423328250099e+00 1.028495957197238369e+02 3.141592653589661222e+00
1.204758351606888489e+00 1.043436265703897590e+02 3.141592653589661222e+00
1.331576448798509338e+00 1.049184634058660350e+02 3.141592653589661222e+00
9.745735231290345579e-01 1.063844363988542767e+02 3.141592653589661222e+00
1.517665014253898104e+00 1.069431498298717997e+02 3.141592653589661222e+00
7.008281897839525598e-01 1.082146118252863403e+02 3.141592653589661222e+00
1.765839668239465476e+00 1.090468510447209525e+02 3.141592653589661222e+00
8.959541470756794412e-01 1.104132692664333462e+02 3.141592653589661222e+00
1.738568855575489902e+00 1.110826192167573652e+02 3.141592653589661222e+00
8.012735978396435810e-01 1.124294451293615111e+02 3.141592653589661222e+00
1.870512199017106969e+00 1.131204269971958070e+02 3.141592653589661222e+00
6.959361057910364856e-01 1.139846409652085129e+02 3.141592653589661222e+00
1.863163864647138013e+00 1.151800657434429809e+02 3.141592653589661222e+00
7.303289561538860442e-01 1.160313317786720404e+02 3.141592653589661222e+00
1.832139922406228916e+00 1.172086296371502243e+02 3.141592653589661222e+00
6.524050077576952766e-01 1.181919164296300977e+02 3.141592653589661222e+00
1.683747932519694679e+00 1.193024751093041544e+02 3.141592653589661222e+00
8.920513411533723680e-01 1.199049228204059574e+02 3.141592653589661222e+00
1.520881571807365829e+00 1.213361376053484406e+02 3.141592653589661222e+00
1.054856007385126970e+00 1.219325918627860403e+02 3.141592653589661222e+00
1.646598476888244011e+00 1.233825998333977907e+02 3.141592653589661222e+00
7.792557243019593294e-01 1.241113865810315957e+02 3.141592653589661222e+00
1.350129560669560247e+00 1.254834571183361334e+02 3.141592653589661222e+00
1.023275403889200241e+00 1.260311419531176540e+02 3.141592653589661222e+00
1.172540265408371418e+00 1.275057881613928146e+02 3.141592653589661222e+00
1.288426606711342126e+00 1.280848322710764933e+02 3.141592653589661222e+00
1.426090545998343950e+00 1.295845600899887700e+02 3.141592653589661222e+00
9.906321249275706897e-01 1.301971595275171012e+02 3.141592653589661222e+00
1.121418880103449034e+00 1.316587202661993672e+02 3.141592653589661222e+00
1.181816745327065155e+00 1.321994011579181461e+02 3.141592653589661222e+00
9.149747115191524394e-01 1.336441850822026822e+02 3.141592653589661222e+00
1.490133739213769903e+00 1.342828494938254948e+02 3.141592653589661222e+00
1.209078433492495330e+00 1.357721210025756307e+02 3.141592653589661222e+00
1.272891914329488117e+00 1.363473220805618666e+02 3.141592653589661222e+00
9.713503013329072289e-01 1.378151188278642678e+02 3.141592653589661222e+00
1.437545369589983135e+00 1.383768772133636844e+02 3.141592653589661222e+00
7.198874650189887037e-01 1.396902059330124359e+02 3.141592653589661222e+00
1.706479528592174999e+00 1.404807401165809040e+02 3.141592653589661222e+00
9.389929320467136353e-01 1.418765728088665412e+02 3.141592653589661222e+00
1.657555490831381206e+00 1.425165685343260122e+02 3.141592653589661222e+00
8.246249387205776271e-01 1.438961614339566495e+02 3.141592653589661222e+00
1.793233545259457662e+00 1.445555358061773461e+02 3.141592653589661222e+00
6.612526084752344824e-01 1.455164392463576917e+02 3.141592653589661222e+00
1.856102986396424237e+00 1.466311297137536656e+02 3.141592653589661222e+00
6.933855953055522159e-01 1.476064772472942082e+02 3.141592653589661222e+00
1.846907770966664586e+00 1.486581628890587012e+02 3.141592653589661222e+00
6.525691463686665861e-01 1.497246973226298223e+02 3.141592653589661222e+00
1.756595271627308330e+00 1.507414492110809476e+02 3.141592653589661222e+00
8.494574461621263728e-01 1.513773086778791708e+02 3.141592653589661222e+00
1.612086094677733117e+00 1.527787895323645557e+02 3.141592653589661222e+00
9.805610889482209158e-01 1.534000116730652508e+02 3.141592653589661222e+00
1.685974985224265588e+00 1.548179567716584017e+02 3.141592653589661222e+00
7.389568348497360661e-01 1.555867435854302414e+02 3.141592653589661222e+00
1.407006646380770221e+00 1.569217254610084922e+02 3.141592653589661222e+00
9.874301955043774948e-01 1.574784271868761607e+02 3.141592653589661222e+00
1.239048045371642148e+00 1.589498964852255369e+02 3.141592653589661222e+00
1.232223937383418511e+00 1.595250676731349699e+02 3.141592653589661222e+00
1.461590792271990402e+00 1.610171015618062711e+02 3.141592653589661222e+00
9.384622721882053265e-01 1.616461117191013841e+02 3.141592653589661222e+00
1.153184098266505142e+00 1.630972948945415908e+02 3.141592653589661222e+00
1.132643189314686660e+00 1.636402310240818849e+02 3.141592653589661222e+00
9.623996314737386371e-01 1.650976733504848255e+02 3.141592653589661222e+00
1.435015718176266386e+00 1.657167235671460901e+02 3.141592653589661222e+00
1.243368281596796132e+00 1.672085229464513247e+02 3.141592653589661222e+00
1.207470496919638148e+00 1.677853991639440778e+02 3.141592653589661222e+00
9.898729139485569206e-01 1.692565996170005747e+02 3.141592653589661222e+00
1.368169533045382913e+00 1.698141529710003965e+02 3.141592653589661222e+00
7.515941785722113355e-01 1.711673493116309714e+02 3.141592653589661222e+00
1.654328210564410817e+00 1.719158814077325985e+02 3.141592653589661222e+00
9.957127730810887423e-01 1.733412432377236883e+02 3.141592653589661222e+00
1.571115344199959463e+00 1.739546440871133086e+02 3.141592653589661222e+00
8.553725178724904676e-01 1.753643666161360386e+02 3.141592653589661222e+00
1.714730608647679011e+00 1.759928686055682761e+02 3.141592653589661222e+00
6.473685639444569651e-01 1.770494610131502498e+02 3.141592653589661222e+00
1.838811303777521111e+00 1.780812165172237655e+02 3.141592653589661222e+00
7.023367991040206926e-01 1.791836908356872016e+02 3.141592653589661222e+00
1.860266442070240611e+00 1.801084612256952653e+02 3.141592653589661222e+00
6.746902469657651835e-01 1.812558880674019974e+02 3.141592653589661222e+00
1.835316032988280277e+00 1.821773270955891064e+02 3.141592653589661222e+00
8.232476928598032595e-01 1.828423656570418814e+02 3.141592653589661222e+00
1.696235903796696309e+00 1.842141276089727455e+02 3.141592653589661222e+00
9.329341890532861781e-01 1.848611951840133827e+02 3.141592653589661222e+00
1.743961504244331051e+00 1.862520856327129479e+02 3.141592653589661222e+00
7.150269022051838341e-01 1.870619141628611999e+02 3.141592653589661222e+00
1.484774270652938766e+00 1.883568233619361649e+02 3.141592653589661222e+00
9.849752725739711057e-01 1.889119538402367766e+02 3.141592653589661222e+00
1.300088194612829318e+00 1.903816319212327244e+02 3.141592653589661222e+00
1.220316982907293957e+00 1.909556783470094956e+02 3.141592653589661222e+00
1.534707542272473413e+00 1.924512201175683401e+02 3.141592653589661222e+00
8.979599276892636928e-01 1.931027370469724360e+02 3.141592653589661222e+00
1.219480112063102695e+00 1.945390805132584831e+02 3.141592653589661222e+00
1.120737243757496726e+00 1.950747298744076943e+02 3.141592653589661222e+00
1.017440859504337602e+00 1.965406538845076341e+02 3.141592653589661222e+00
1.422140469036318633e+00 1.971469049464043337e+02 3.141592653589661222e+00
1.322436768439834154e+00 1.986523247926116937e+02 3.141592653589661222e+00
1.140936908551929641e+00 1.992356272128762669e+02 3.141592653589661222e+00
1.043637417214551277e+00 2.007097950973347054e+02 3.141592653589661222e+00
1.324278024494299100e+00 2.012533262210032206e+02 3.141592653589661222e+00
8.001012887043170707e-01 2.026412987998945425e+02 3.141592653589661222e+00
1.626061213721619714e+00 2.033515429480333410e+02 3.141592653589661222e+00
1.084065502544492521e+00 2.048118719899835867e+02 3.141592653589661222e+00
1.476717984144918505e+00 2.054012904379002862e+02 3.141592653589661222e+00
9.061347474063201624e-01 2.068409663723420522e+02 3.141592653589661222e+00
1.643445010052700717e+00 2.074337443149434250e+02 3.141592653589661222e+00
6.565703335750756597e-01 2.085839616110783936e+02 3.141592653589661222e+00
1.822027010495255839e+00 2.095308325895422570e+02 3.141592653589661222e+00
7.575309223919078905e-01 2.107564336001034917e+02 3.141592653589661222e+00
1.853059005824924554e+00 2.115602277060416441e+02 3.141592653589661222e+00
7.164290323815203365e-01 2.127889633125513740e+02 3.141592653589661222e+00
1.900418454694974946e+00 2.136128302664252772e+02 3.141592653589661222e+00
7.917119711717346409e-01 2.143188988690444035e+02 3.141592653589661222e+00
1.777064643668842647e+00 2.156503975755436784e+02 3.141592653589661222e+00
8.795895013518005845e-01 2.163341722035846999e+02 3.141592653589661222e+00
1.795781114831187741e+00 2.176869022139182164e+02 3.141592653589661222e+00
6.958425001064326709e-01 2.185406538832975514e+02 3.141592653589661222e+00
1.563058500874304979e+00 2.197902647492525716e+02 3.141592653589661222e+00
9.840321361590455007e-01 2.203441622622891600e+02 3.141592653589661222e+00
1.359297875428442159e+00 2.218111702272017567e+02 3.141592653589661222e+00
1.210273594563762156e+00 2.223853317430114771e+02 3.141592653589661222e+00
1.607099300394638997e+00 2.238834390909616445e+02 3.141592653589661222e+00
8.645645069171661312e-01 2.245595420097381520e+02 3.141592653589661222e+00
1.289480119693479976e+00 2.259776209710689443e+02 3.141592653589661222e+00
1.119708629537364608e+00 2.265050117855462872e+02 3.141592653589661222e+00
1.068862555786523227e+00 2.279766867288514618e+02 3.141592653589661222e+00
1.420730121707813876e+00 2.285741801401422890e+02 3.141592653589661222e+00
1.407150597589975183e+00 2.300931385924727692e+02 3.141592653589661222e+00
1.081396539983384031e+00 2.306883875863783544e+02 3.141592653589661222e+00
1.106036314843048540e+00 2.321604810393592402e+02 3.141592653589661222e+00
1.294174937647312174e+00 2.326905750209029407e+02 3.141592653589661222e+00
8.521026742245649821e-01 2.341044443919907962e+02 3.141592653589661222e+00
1.607358415048871780e+00 2.347849198538072244e+02 3.141592653589661222e+00
1.178731251402532765e+00 2.362743879295597367e+02 3.141592653589661222e+00
1.382045989825067878e+00 2.368509362569420773e+02 3.141592653589661222e+00
9.616706145397190264e-01 2.383118278494236790e+02 3.141592653589661222e+00
1.572794556312471004e+00 2.388755567609745185e+02 3.141592653589661222e+00
6.839887159128882343e-01 2.401072199839301220e+02 3.141592653589661222e+00
1.798302307343647044e+00 2.409776527861515376e+02 3.141592653589661222e+00
8.469190930846236531e-01 2.423043790623345899e+02 3.141592653589661222e+00
1.797261436536660151e+00 2.430114970994331713e+02 3.141592653589661222e+00
7.721029741139411318e-01 2.443200243465850008e+02 3.141592653589661222e+00
1.909117660189682208e+00 2.450517797529158486e+02 3.141592653589661222e+00
7.347329219810891932e-01 2.458416793864654153e+02 3.141592653589661222e+00
1.845200472644634493e+00 2.470994835386241562e+02 3.141592653589661222e+00
7.881165535010927758e-01 2.478652545956599340e+02 3.141592653589661222e+00
1.821380037392391404e+00 2.491308348720685046e+02 3.141592653589661222e+00
6.670645514363279238e-01 2.500523957640393462e+02 3.141592653589661222e+00
1.632696017983691794e+00 2.512300982513997099e+02 3.141592653589661222e+00
9.361842697547372305e-01 2.518063316622373691e+02 3.141592653589661222e+00
1.447430040795695927e+00 2.532576882887309750e+02 3.141592653589661222e+00
1.129237743165034669e+00 2.538397563743928060e+02 3.141592653589661222e+00
1.632583644036655679e+00 2.553155351904051145e+02 3.141592653589661222e+00
8.177919000087949808e-01 2.560186542396396590e+02 3.141592653589661222e+00
1.324474161242200854e+00 2.574137165146643156e+02 3.141592653589661222e+00
1.069780301210041307e+00 2.579499908979507836e+02 3.141592653589661222e+00
1.124497500789326754e+00 2.594252493557671073e+02 3.141592653589661222e+00
1.353938993144225389e+00 2.600111099183329770e+02 3.141592653589661222e+00
1.424236024416206892e+00 2.615221662866967449e+02 3.141592653589661222e+00
1.030845389849750715e+00 2.621268810477975535e+02 3.141592653589661222e+00
1.119166198820058078e+00 2.635937275748027560e+02 3.141592653589661222e+00
1.234980393663079212e+00 2.641277321020475597e+02 3.141592653589661222e+00
8.879996058757075872e-01 2.655604532976218479e+02 3.141592653589661222e+00
1.548164204899582286e+00 2.662166130615068482e+02 3.141592653589661222e+00
1.205895260151046644e+00 2.677095750120395792e+02 3.141592653589661222e+00
1.316879527821562146e+00 2.682844113584344541e+02 3.141592653589661222e+00
9.737878845025412788e-01 2.697509284886648970e+02 3.141592653589661222e+00
1.497408052619114915e+00 2.703103375152576859e+02 3.141592653589661222e+00
7.053074237687073644e-01 2.715929068315577979e+02 3.141592653589661222e+00
1.751496418833400348e+00 2.724143012401362967e+02 3.141592653589661222e+00
9.076464649358015890e-01 2.737893004129820724e+02 3.141592653589661222e+00
1.718239690983890844e+00 2.744501605827980484e+02 3.141592653589661222e+00
8.078543584935720112e-01 2.758063357127604149e+02 3.141592653589661222e+00
1.852186607914271255e+00 2.764881058897304911e+02 3.141592653589661222e+00
6.852350241969653588e-01 2.773771591951604023e+02 3.141592653589661222e+00
1.863556252020662551e+00 2.785519742112308563e+02 3.141592653589661222e+00
7.164931549098786379e-01 2.794341274063952483e+02 3.141592653589661222e+00
1.835585322474361236e+00 2.805799428878455615e+02 3.141592653589661222e+00
6.502336614575409124e-01 2.815845225035779436e+02 3.141592653589661222e+00
1.701421974947479709e+00 2.826714862127260517e+02 3.141592653589661222e+00
8.791032464774658495e-01 2.832829464994542832e+02 3.141592653589661222e+00
1.544879783473232848e+00 2.847066288471881421e+02 3.141592653589661222e+00
1.032673337870505303e+00 2.853090909623147695e+02 3.141592653589661222e+00
1.654011324984993037e+00 2.867503671554473499e+02 3.141592653589661222e+00
7.674140336942034679e-01 2.874888737395285716e+02 3.141592653589661222e+00
1.361839967398339235e+00 2.888520776421431719e+02 3.141592653589661222e+00
1.010586177873959768e+00 2.894030491304976067e+02 3.141592653589661222e+00
1.189452502233147690e+00 2.908769580785209428e+02 3.141592653589661222e+00
1.269633975535560788e+00 2.914545266829736647e+02 3.141592653589661222e+00
1.430730044142431101e+00 2.929511718763486101e+02 3.141592653589661222e+00
9.767527549151161503e-01 2.935672307833152672e+02 3.141592653589661222e+00
1.125657866582157274e+00 2.950265672739077445e+02 3.141592653589661222e+00
1.165994043014450865e+00 2.955687785405936552e+02 3.141592653589661222e+00
9.256957614114175170e-01 2.970171904589639666e+02 3.141592653589661222e+00
1.472496780650192960e+00 2.976503215525698920e+02 3.141592653589661222e+00
1.213330486111094286e+00 2.991390925332603388e+02 3.141592653589661222e+00
1.256923737024166599e+00 2.997145123759292460e+02 3.141592653589661222e+00
9.727581963027917000e-01 3.011829538363061829e+02 3.141592653589661222e+00
1.418034386587912588e+00 3.017447332274340965e+02 3.141592653589661222e+00
7.262505386191641099e-01 3.030683522180349314e+02 3.141592653589661222e+00
1.691515477922212130e+00 3.038482567630334188e+02 3.141592653589661222e+00
9.507915959377680748e-01 3.052509907479982303e+02 3.141592653589661222e+00
1.636255471460415833e+00 3.058842972294638685e+02 3.141592653589661222e+00
8.308506854165172983e-01 3.072714061692603877e+02 3.141592653589661222e+00
1.772668249391469386e+00 3.079234719627117443e+02 3.141592653589661222e+00
6.556372191078547740e-01 3.089087219938378439e+02 3.141592653589661222e+00
1.851908548326559600e+00 3.100026839766497915e+02 3.141592653589661222e+00
6.913272824375291670e-01 3.110102871590592031e+02 3.141592653589661222e+00
1.850837695108652481e+00 3.120296156474878444e+02 3.141592653589661222e+00
6.561995772310550423e-01 3.131169357755479723e+02 3.141592653589661222e+00
1.776331677522387631e+00 3.141095821773502053e+02 3.141592653589661222e+00
8.417401981615968420e-01 3.147530693832555357e+02 3.141592653589661222e+00
1.634013707142327743e+00 3.161470654952346422e+02 3.141592653589661222e+00
9.666271338945556790e-01 3.167747926388666428e+02 3.141592653589661222e+00
1.699596329687796947e+00 3.181855561999424822e+02 3.141592653589661222e+00
7.314750740148271424e-01 3.189648731696423170e+02 3.141592653589661222e+00
1.425372186438923050e+00 3.202897938478062656e+02 3.141592653589661222e+00
9.840987945069110676e-01 3.208470395331627856e+02 3.141592653589661222e+00
1.255384092348203806e+00 3.223178220682848405e+02 3.141592653589661222e+00
1.225460854561614132e+00 3.228925965260046951e+02 3.141592653589661222e+00
1.477293446127008636e+00 3.243845631963355345e+02 3.141592653589661222e+00
9.268770620186784770e-01 3.250188186444125904e+02 3.141592653589661222e+00
1.167252596878076254e+00 3.264666525689287369e+02 3.141592653589661222e+00
1.126138477634760049e+00 3.270085807836779281e+02 3.141592653589661222e+00
9.761241864931707868e-01 3.284685346736472980e+02 3.141592653589661222e+00
1.427704161866817367e+00 3.290836687267902221e+02 3.141592653589661222e+00
1.259505806872537770e+00 3.305779800534992887e+02 3.141592653589661222e+00
1.190397220526902666e+00 3.311558653426413343e+02 3.141592653589661222e+00
1.000271222342161481e+00 3.326280659395670227e+02 3.141592653589661222e+00
1.354416018885040041e+00 3.331828370021402748e+02 3.141592653589661222e+00
7.624478835519731268e-01 3.345455181222001784e+02 3.141592653589661222e+00
1.644672788607564051e+00 3.352837495320845278e+02 3.141592653589661222e+00
1.014943880013418509e+00 3.367175610915008974e+02 3.141592653589661222e+00
1.548083256866539248e+00 3.373243775132468159e+02 3.141592653589661222e+00
8.661953473950086968e-01 3.387418582706104644e+02 3.141592653589661222e+00
1.696101692304873731e+00 3.393616559384109905e+02 3.141592653589661222e+00
6.474609584573844945e-01 3.404422361152047642e+02 3.141592653589661222e+00
1.834454334759121563e+00 3.414525832307696191e+02 3.141592653589661222e+00
7.118613172848033965e-01 3.425868425664268102e+02 3.141592653589661222e+00
1.861509728122257457e+00 3.434801509056985651e+02 3.141592653589661222e+00
6.834166598029483009e-01 3.446478107878436390e+02 3.141592653589661222e+00
1.854315044286142244e+00 3.455449391036693783e+02 3.141592653589661222e+00
8.169660588923276512e-01 3.462180414456462927e+02 3.141592653589661222e+00
1.716784870109870687e+00 3.475814924041184781e+02 3.141592653589661222e+00
9.218401612032366410e-01 3.482358330232644335e+02 3.141592653589661222e+00
1.758801854121560648e+00 3.496193684276130398e+02 3.141592653589661222e+00
7.105062495759255636e-01 3.504395124135318724e+02 3.141592653589661222e+00
1.505340766092585270e+00 3.517239711033356002e+02 3.141592653589661222e+00
9.867327014774495142e-01 3.522778921865905772e+02 3.141592653589661222e+00
1.314345073582240842e+00 3.537473088977258726e+02 3.141592653589661222e+00
1.220670886699662283e+00 3.543211955351037545e+02 3.141592653589661222e+00
1.555401832357407477e+00 3.558183960763978462e+02 3.141592653589661222e+00
8.894852351449891170e-01 3.564761113186591501e+02 3.141592653589661222e+00
1.238777567801983226e+00 3.579080901099608809e+02 3.141592653589661222e+00
1.121712286597185804e+00 3.584410615575688439e+02 3.141592653589661222e+00
1.030996181885311502e+00 3.599086219057126073e+02 3.141592653589661222e+00
1.423488940064875807e+00 3.605125527537404651e+02 3.141592653589661222e+00
1.346346857611090853e+00 3.620222435041078484e+02 3.141592653589661222e+00
1.124855191138062871e+00 3.626082574362163768e+02 3.141592653589661222e+00
1.060846853339402873e+00 3.640824501719781665e+02 3.141592653589661222e+00
1.316662866109090668e+00 3.646218347169017875e+02 3.141592653589661222e+00
8.138890879067277595e-01 3.660172751787603715e+02 3.141592653589661222e+00
1.621980611233779568e+00 3.667190965949278052e+02 3.141592653589661222e+00
1.110010615349322993e+00 3.681881823176392459e+02 3.141592653589661222e+00
1.451695901820883927e+00 3.687729887305321199e+02 3.141592653589661222e+00
9.213519371129849089e-01 3.702193478762196150e+02 3.141592653589661222e+00
1.625677426811551030e+00 3.708033230229487458e+02 3.141592653589661222e+00
6.624190726237876303e-01 3.719762194619488582e+02 3.141592653589661222e+00
1.817260802885191318e+00 3.729020365181482930e+02 3.141592653589661222e+00
7.785365473514207491e-01 3.741567711739438096e+02 3.141592653589661222e+00
1.843999765201759677e+00 3.749323857820941726e+02 3.141592653589661222e+00
7.299328197257701767e-01 3.761823739542949170e+02 3.141592653589661222e+00
1.909717317661696612e+00 3.769811756917773664e+02 3.141592653589661222e+00
7.792637824529281554e-01 3.777039059874662144e+02 3.141592653589661222e+00
1.796969275712980041e+00 3.790202551731786684e+02 3.141592653589661222e+00
8.593991199017045890e-01 3.797192202931869360e+02 3.141592653589661222e+00
1.804488545645813513e+00 3.810556526787250959e+02 3.141592653589661222e+00
6.892577770159425965e-01 3.819234575673148697e+02 3.141592653589661222e+00
1.580883371977830576e+00 3.831583049747063683e+02 3.141592653589661222e+00
9.766147086457622750e-01 3.837151874509674485e+02 3.141592653589661222e+00
1.378005526099656430e+00 3.851799325809540164e+02 3.141592653589661222e+00
1.197075844358430841e+00 3.857548833807667847e+02 3.141592653589661222e+00
1.617549727809552529e+00 3.872500709698736046e+02 3.141592653589661222e+00
8.546389640665256193e-01 3.879323527488353420e+02 3.141592653589661222e+00
1.301184408677058313e+00 3.893453858138055352e+02 3.141592653589661222e+00
1.112477433078835842e+00 3.898731766880102896e+02 3.141592653589661222e+00
1.081601562550862150e+00 3.913460604291639697e+02 3.141592653589661222e+00
1.411216817557135572e+00 3.919409371669279949e+02 3.141592653589661222e+00
1.418092237765788077e+00 3.934601214851886652e+02 3.141592653589661222e+00
1.068539106332193400e+00 3.940581150294125905e+02 3.141592653589661222e+00
1.114376306329064592e+00 3.955290307007927026e+02 3.141592653589661222e+00
1.283167312666593451e+00 3.960583780029455738e+02 3.141592653589661222e+00
8.624351018777655087e-01 3.974773327126742402e+02 3.141592653589661222e+00
1.597524907334380906e+00 3.981516050359402925e+02 3.141592653589661222e+00
1.192771610522262549e+00 3.996443940715656140e+02 3.141592653589661222e+00
1.362977017250596390e+00 4.002199004123365285e+02 3.141592653589661222e+00
9.694895554041799146e-01 4.016833774406297266e+02 3.141592653589661222e+00
1.554827803188696178e+00 4.022437527381563882e+02 3.141592653589661222e+00
6.905682149495953048e-01 4.034906551252498730e+02 3.141592653589661222e+00
1.789155394440500535e+00 4.043465428233914167e+02 3.141592653589661222e+00
8.665624607706319260e-01 4.056899741137265778e+02 3.141592653589661222e+00
1.777734203387283385e+00 4.063813490246690208e+02 3.141592653589661222e+00
7.839678273786964136e-01 4.077051819536493440e+02 3.141592653589661222e+00
1.899413553409567301e+00 4.084201585420831861e+02 3.141592653589661222e+00
7.203785274602722000e-01 4.092353493370823685e+02 3.141592653589661222e+00
1.854676270418285311e+00 4.104717200661039556e+02 3.141592653589661222e+00
7.658366674990324530e-01 4.112652661588757041e+02 3.141592653589661222e+00
1.825349622427163476e+00 4.125019370687545575e+02 3.141592653589661222e+00
6.608017609826359884e-01 4.134441086932689018e+02 3.141592653589661222e+00
1.650043166085294111e+00 4.145995836346294823e+02 3.141592653589661222e+00
9.205487717305569362e-01 4.151844287207348998e+02 3.141592653589661222e+00
1.472678477178949841e+00 4.166294528210771091e+02 3.141592653589661222e+00
1.103038829320885705e+00 4.172157068368524619e+02 3.141592653589661222e+00
1.636426779426783717e+00 4.186829500357699771e+02 3.141592653589661222e+00
8.043574289785589970e-01 4.193942478429803487e+02 3.141592653589661222e+00
1.332045979643011968e+00 4.207820549521789530e+02 3.141592653589661222e+00
1.053032177939384750e+00 4.213222900440035232e+02 3.141592653589661222e+00
1.140422487128647022e+00 4.227976704570592688e+02 3.141592653589661222e+00
1.330799939622036687e+00 4.233808123721153720e+02 3.141592653589661222e+00
1.423612632713847415e+00 4.248878741126691239e+02 3.141592653589661222e+00
1.017460217689529545e+00 4.254949590031691287e+02 3.141592653589661222e+00
1.118826833072202209e+00 4.269601891631082253e+02 3.141592653589661222e+00
1.216413277451486863e+00 4.274966463349331889e+02 3.141592653589661222e+00
8.965674242493276713e-01 4.289336744988640362e+02 3.141592653589661222e+00
1.528155044888202863e+00 4.295837568771769384e+02 3.141592653589661222e+00
1.206297458056703853e+00 4.310753496988324969e+02 3.141592653589661222e+00
1.302308756007523494e+00 4.316502665122547455e+02 3.141592653589661222e+00
9.724969340484229674e-01 4.331171915296574753e+02 3.141592653589661222e+00
1.477007136959916700e+00 4.336775434704695726e+02 3.141592653589661222e+00
7.098237389209922643e-01 4.349707244223231442e+02 3.141592653589661222e+00
1.736469223479225610e+00 4.357816212619563316e+02 3.141592653589661222e+00
9.183401971392854968e-01 4.371641180306020260e+02 3.141592653589661222e+00
1.697891879930625958e+00 4.378174613829893360e+02 3.141592653589661222e+00
8.136921878320376722e-01 4.391820396047306758e+02 3.141592653589661222e+00
1.832790953786946675e+00 4.398557220719030738e+02 3.141592653589661222e+00
6.758746650654429144e-01 4.407692603853769810e+02 3.141592653589661222e+00
1.862199839579189886e+00 4.419237118147664205e+02 3.141592653589661222e+00
7.057730091333884737e-01 4.428371173591004322e+02 3.141592653589661222e+00
1.839283662876526337e+00 4.439512441950869857e+02 3.141592653589661222e+00
6.495974616394972756e-01 4.449769586445338518e+02 3.141592653589661222e+00
1.719613087163889054e+00 4.460402382177661593e+02 3.141592653589661222e+00
8.677411457839766529e-01 4.466603210675535252e+02 3.141592653589661222e+00
1.568184434889476009e+00 4.480764591833839177e+02 3.141592653589661222e+00
1.012941117572843330e+00 4.486851572360256455e+02 3.141592653589661222e+00
1.663295198806617803e+00 4.501181358486934982e+02 3.141592653589661222e+00
7.566799163785972171e-01 4.508666972864253921e+02 3.141592653589661222e+00
1.375493899251036156e+00 4.522206371555491842e+02 3.141592653589661222e+00
1.000417226920530478e+00 4.527742232165712153e+02 3.141592653589661222e+00
1.206387556993451682e+00 4.542472998522551393e+02 3.141592653589661222e+00
1.253979153496554311e+00 4.548237798329362818e+02 3.141592653589661222e+00
1.438453983184980078e+00 4.563181214693211700e+02 3.141592653589661222e+00
9.632066634817137984e-01 4.569381280010559863e+02 3.141592653589661222e+00
1.132561462208989456e+00 4.583949761005647474e+02 3.141592653589661222e+00
1.152398072338195911e+00 4.589380537568961245e+02 3.141592653589661222e+00
9.373763086413637868e-01 4.603898092470084862e+02 3.141592653589661222e+00
1.457262819236823992e+00 4.610177653745894872e+02 3.141592653589661222e+00
1.220602936852123843e+00 4.625068238713639062e+02 3.141592653589661222e+00
1.240424371433608508e+00 4.630825565242448079e+02 3.141592653589661222e+00
9.763650589650525458e-01 4.645518330803797653e+02 3.141592653589661222e+00
1.399714433527595503e+00 4.651128729045984755e+02 3.141592653589661222e+00
7.337410575615455066e-01 4.664467211738561900e+02 3.141592653589661222e+00
1.677614584458803071e+00 4.672159093619043801e+02 3.141592653589661222e+00
9.642435039663317387e-01 4.686259457530960049e+02 3.141592653589661222e+00
1.614551331572893877e+00 4.692524824431669117e+02 3.141592653589661222e+00
8.380672435069456139e-01 4.706472033985813255e+02 3.141592653589661222e+00
1.752519193421330668e+00 4.712916127806300892e+02 3.141592653589661222e+00
6.514292925510796195e-01 4.723011733367185911e+02 3.141592653589661222e+00
1.847513919892595169e+00 4.733741843545270740e+02 3.141592653589661222e+00
6.922214512156322774e-01 4.744141163472049243e+02 3.141592653589661222e+00
1.854644429355945423e+00 4.754011231565393700e+02 3.141592653589661222e+00
6.612283249492305615e-01 4.765090252788995713e+02 3.141592653589661222e+00
1.796486919448837538e+00 4.774775144328255578e+02 3.141592653589661222e+00
8.350378588797265911e-01 4.781282907325067981e+02 3.141592653589661222e+00
1.655511820616196061e+00 4.795148789800713871e+02 3.141592653589661222e+00
9.543743312813518509e-01 4.801490534767842746e+02 3.141592653589661222e+00
1.714316505678955771e+00 4.815530311115908830e+02 3.141592653589661222e+00
7.251041874953236821e-01 4.823428084911657834e+02 3.141592653589661222e+00
1.444977629044604583e+00 4.836575905673143438e+02 3.141592653589661222e+00
9.830113041789201311e-01 4.842146057481038497e+02 3.141592653589661222e+00
1.271156299631624575e+00 4.856848832783525154e+02 3.141592653589661222e+00
1.221765676491060271e+00 4.862593605019055758e+02 3.141592653589661222e+00
1.495442861939026091e+00 4.877520591507092718e+02 3.141592653589661222e+00
9.162311083996740324e-01 4.883919350341415679e+02 3.141592653589661222e+00
1.183599618920069041e+00 4.898361210285386846e+02 3.141592653589661222e+00
1.122313326100395026e+00 4.903763671229962711e+02 3.141592653589661222e+00
9.901999878249203579e-01 4.918385714062604279e+02 3.141592653589661222e+00
1.423499304913961261e+00 4.924502727148396843e+02 3.141592653589661222e+00
1.278796694783743915e+00 4.939478776088341192e+02 3.141592653589661222e+00
1.173354387113671571e+00 4.945271664011232247e+02 3.141592653589661222e+00
1.013195446430878555e+00 4.960002754251202077e+02 3.141592653589661222e+00
1.342575136846316353e+00 4.965515996180784555e+02 3.141592653589661222e+00
7.744586151045479427e-01 4.979233765830929315e+02 3.141592653589661222e+00
1.636873941172880098e+00 4.986516306380490846e+02 3.141592653589661222e+00
1.036619482644723478e+00 5.000943331086460262e+02 3.141592653589661222e+00
1.524391711445364006e+00 5.006947652643950732e+02 3.141592653589661222e+00
8.785879040780496529e-01 5.021200249088466308e+02 3.141592653589661222e+00
1.677991827823333004e+00 5.027307113727017054e+02 3.141592653589661222e+00
6.491029179765778201e-01 5.038352160957213641e+02 3.141592653589661222e+00
1.830295466839678920e+00 5.048239649224173036e+02 3.141592653589661222e+00
7.244607757015103511e-01 5.059898177115547355e+02 3.141592653589661222e+00
1.861123234930505133e+00 5.068520002539960956e+02 3.141592653589661222e+00
6.934375071980960481e-01 5.080401114828819118e+02 3.141592653589661222e+00
1.872235393083205635e+00 5.089126048083755336e+02 3.141592653589661222e+00
8.099448328258640473e-01 5.095948670379892746e+02 3.141592653589661222e+00
1.737322117382895215e+00 5.109490813902587547e+02 3.141592653589661222e+00
9.097684342639639210e-01 5.116116218111095009e+02 3.141592653589661222e+00
1.772945112921438193e+00 5.129867659465661518e+02 3.141592653589661222e+00
7.060407680130399433e-01 5.138175255893429494e+02 3.141592653589661222e+00
1.525742137101500306e+00 5.150910837547002075e+02 3.141592653589661222e+00
9.880395767772069959e-01 5.156440109336833757e+02 3.141592653589661222e+00
1.328670157304920219e+00 5.171130522453479443e+02 3.141592653589661222e+00
1.220387124699381376e+00 5.176868453104035552e+02 3.141592653589661222e+00
1.575540401267771395e+00 5.191854392686936990e+02 3.141592653589661222e+00
8.812876490949428376e-01 5.198494534524772916e+02 3.141592653589661222e+00
1.257915320188356390e+00 5.212768470896758117e+02 3.141592653589661222e+00
1.122914957180247919e+00 5.218072011456549717e+02 3.141592653589661222e+00
1.044211336326964279e+00 5.232762611606567589e+02 3.141592653589661222e+00
1.425027009917759990e+00 5.238780574392028484e+02 3.141592653589661222e+00
1.370114891115403966e+00 5.253918589531331236e+02 3.141592653589661222e+00
1.109216741330264488e+00 5.259809623782672361e+02 3.141592653589661222e+00
1.078278973815422148e+00 5.274547794807748460e+02 3.141592653589661222e+00
1.309670802552415303e+00 5.279901903890166750e+02 3.141592653589661222e+00
8.277458685205166811e-01 5.293925328591468542e+02 3.141592653589661222e+00
1.618231724551482120e+00 5.300864858429501965e+02 3.141592653589661222e+00
1.136109159546603298e+00 5.315638267900025085e+02 3.141592653589661222e+00
1.426611050147758908e+00 5.321448616508182567e+02 3.141592653589661222e+00
9.367325936540344955e-01 5.335972235443956606e+02 3.141592653589661222e+00
1.607718400945075343e+00 5.341729681810763850e+02 3.141592653589661222e+00
6.694355171058821163e-01 5.353677158608286391e+02 3.141592653589661222e+00
1.811862574427991923e+00 5.362730744850492783e+02 3.141592653589661222e+00
8.017819442607341252e-01 5.375553893453075034e+02 3.141592653589661222e+00
1.831123418633520350e+00 5.383045648030138182e+02 3.141592653589661222e+00
7.444581114468030725e-01 5.395758266844486570e+02 3.141592653589661222e+00
1.914570138371146646e+00 5.403498736389833539e+02 3.141592653589661222e+00
7.648278912781552030e-01 5.410928651608937798e+02 3.141592653589661222e+00
1.815930287019176248e+00 5.423912277205832879e+02 3.141592653589661222e+00
8.361224180907874670e-01 5.431093266495225862e+02 3.141592653589661222e+00
1.811475422301115135e+00 5.444252713913186881e+02 3.141592653589661222e+00
6.817920655710349997e-01 5.453094071420026694e+02 3.141592653589661222e+00
1.598501397972563520e+00 5.465270098254526374e+02 3.141592653589661222e+00
9.653249105288396192e-01 5.470888662951696233e+02 3.141592653589661222e+00
1.399569944119294584e+00 5.485501987608056425e+02 3.141592653589661222e+00
1.177911573547054669e+00 5.491266505626593926e+02 3.141592653589661222e+00
1.624557187882840648e+00 5.506168447587722312e+02 3.141592653589661222e+00
8.432479503225142059e-01 5.513056468648679811e+02 3.141592653589661222e+00
1.310316883697075552e+00 5.527131785641790884e+02 3.141592653589661222e+00
1.100863597376900982e+00 5.532428172854816921e+02 3.141592653589661222e+00
1.095200277915972409e+00 5.547167785219261305e+02 3.141592653589661222e+00
1.395846266934735347e+00 5.553086840197446463e+02 3.141592653589661222e+00
1.423571808473927724e+00 5.568263322402108315e+02 3.141592653589661222e+00
1.055967049438654382e+00 5.574267473221516411e+02 3.141592653589661222e+00
1.118583638835431104e+00 5.588963783493446726e+02 3.141592653589661222e+00
1.269138634025423817e+00 5.594263751615175124e+02 3.141592653589661222e+00
8.716256664755607231e-01 5.608501535546880632e+02 3.141592653589661222e+00
1.583814377906620274e+00 5.615183147543584710e+02 3.141592653589661222e+00
1.201167890539491356e+00 5.630124925045928421e+02 3.141592653589661222e+00
1.346106136622426286e+00 5.635874945229355717e+02 3.141592653589661222e+00
9.736002567777497507e-01 5.650525902004686714e+02 3.141592653589661222e+00
1.536159892223369017e+00 5.656114214903689117e+02 3.141592653589661222e+00
6.962274185991135234e-01 5.668716142865646361e+02 3.141592653589661222e+00
1.778077386737019872e+00 5.677147459207254769e+02 3.141592653589661222e+00
8.830610930797607727e-01 5.690713320805716648e+02 3.141592653589661222e+00
1.757685073153659738e+00 5.697502040521671915e+02 3.141592653589661222e+00
7.937853553237632642e-01 5.710868469267454657e+02 3.141592653589661222e+00
1.885961687597019321e+00 5.717882277551190100e+02 3.141592653589661222e+00
7.072176987171751028e-01 5.726287312423289677e+02 3.141592653589661222e+00
1.860536591334720713e+00 5.738438819674461229e+02 3.141592653589661222e+00
7.461959760770627836e-01 5.746666336543027001e+02 3.141592653589661222e+00
1.828944715314428260e+00 5.758731635920437384e+02 3.141592653589661222e+00
6.558229239878502481e-01 5.768363851842995018e+02 3.141592653589661222e+00
1.667360864470294191e+00 5.779689623174366488e+02 3.141592653589661222e+00
9.054654900468993572e-01 5.785627875996818830e+02 3.141592653589661222e+00
1.497692483364316152e+00 5.800009081660011816e+02 3.141592653589661222e+00
1.077616060240910834e+00 5.805921066658797827e+02 3.141592653589661222e+00
1.641104232200928381e+00 5.820505252666940805e+02 3.141592653589661222e+00
7.911932958567352570e-01 5.827705699474572612e+02 3.141592653589661222e+00
1.340700558330383707e+00 5.841505427371699852e+02 3.141592653589661222e+00
1.037090748906698057e+00 5.846947081695850557e+02 3.141592653589661222e+00
1.156786469251794180e+00 5.861698553787293804e+02 3.141592653589661222e+00
1.308330974659974055e+00 5.867506850571297718e+02 3.141592653589661222e+00
1.424068421782231919e+00 5.882538371955686216e+02 3.141592653589661222e+00
1.003747240925072726e+00 5.888635865551715369e+02 3.141592653589661222e+00
1.119447690595381850e+00 5.903270251568991398e+02 3.141592653589661222e+00
1.198198017520973435e+00 5.908657962239281005e+02 3.141592653589661222e+00
9.056978140042331038e-01 5.923069243395349304e+02 3.141592653589661222e+00
1.508244936068373176e+00 5.929510470053249946e+02 3.141592653589661222e+00
1.207146247454508492e+00 5.944413157593168080e+02 3.141592653589661222e+00
1.287400142244253587e+00 5.950163590715995952e+02 3.141592653589661222e+00
9.715016742856248388e-01 5.964836956318996499e+02 3.141592653589661222e+00
1.456581427046300226e+00 5.970449107328491891e+02 3.141592653589661222e+00
7.147184985711368954e-01 5.983485091004132528e+02 3.141592653589661222e+00
1.721053737864809197e+00 5.991489509791317687e+02 3.141592653589661222e+00
9.288256174238191942e-01 6.005384160437351966e+02 3.141592653589661222e+00
1.677280394684207643e+00 6.011847553158493156e+02 3.141592653589661222e+00
8.192801910619479377e-01 6.025572085570033778e+02 3.141592653589661222e+00
1.812634447762919265e+00 6.032233918774636550e+02 3.141592653589661222e+00
6.677565981956732344e-01 6.041613339268852769e+02 3.141592653589661222e+00
1.859531342320297265e+00 6.052953755363024584e+02 3.141592653589661222e+00
6.980145979795160383e-01 6.062405132482914496e+02 3.141592653589661222e+00
1.843191435158082481e+00 6.073226004575740262e+02 3.141592653589661222e+00
6.504501523053606293e-01 6.083693898572738590e+02 3.141592653589661222e+00
1.738432368317972099e+00 6.094087773803667005e+02 3.141592653589661222e+00
8.577670873118679040e-01 6.100371292220110035e+02 3.141592653589661222e+00
1.591009310844256452e+00 6.114457178764801029e+02 3.141592653589661222e+00
9.953741329653285064e-01 6.120608153133601945e+02 3.141592653589661222e+00
1.674313565748708488e+00 6.134858891695738521e+02 3.141592653589661222e+00
7.470400465543647339e-01 6.142447895763644965e+02 3.141592653589661222e+00
1.390996551707902151e+00 6.155890957586295826e+02 3.141592653589661222e+00
9.926703287129851061e-01 6.161446042407106916e+02 3.141592653589661222e+00
1.223300091507320886e+00 6.176168323928045538e+02 3.141592653589661222e+00
1.241400390781636887e+00 6.181925283196775354e+02 3.141592653589661222e+00
1.449144824329972714e+00 6.196853396759062207e+02 3.141592653589661222e+00
9.501457272332473059e-01 6.203097799155493703e+02 3.141592653589661222e+00
1.142077226273866541e+00 6.217638476609797635e+02 3.141592653589661222e+00
1.141118603410819388e+00 6.223071386408537364e+02 3.141592653589661222e+00
9.499480572842251558e-01 6.237619584923405682e+02 3.141592653589661222e+00
1.444575226966578807e+00 6.243851256630013040e+02 3.141592653589661222e+00
1.230967739614845735e+00 6.258752572187847818e+02 3.141592653589661222e+00
1.223522356851177495e+00 6.264514676882795357e+02 3.141592653589661222e+00
9.822760711500614361e-01 6.279217132033891176e+02 3.141592653589661222e+00
1.382745455578841431e+00 6.284812689324350004e+02 3.141592653589661222e+00
7.424149832719325603e-01 6.298252145571066194e+02 3.141592653589661222e+00
1.664959337101093784e+00 6.305836844957234462e+02 3.141592653589661222e+00
9.795758947204172840e-01 6.320014542645430993e+02 3.141592653589661222e+00
1.592367456640363832e+00 6.326211805471872367e+02 3.141592653589661222e+00
8.464346528127646430e-01 6.340236210088301050e+02 3.141592653589661222e+00
1.732814418839364157e+00 6.346599821847852354e+02 3.141592653589661222e+00
6.486521401526995634e-01 6.356938437107525033e+02 3.141592653589661222e+00
1.843038622449719721e+00 6.367456556062787740e+02 3.141592653589661222e+00
6.960613349884190448e-01 6.378179288382502818e+02 3.141592653589661222e+00
1.857974367202990473e+00 6.387727046332305463e+02 3.141592653589661222e+00
6.675879753699637265e-01 6.399010471259574615e+02 3.141592653589661222e+00
1.816722267376190914e+00 6.408452936203149193e+02 3.141592653589661222e+00
8.289167182131144118e-01 6.415032893983741360e+02 3.141592653589661222e+00
1.676666371960430668e+00 6.428823813766508692e+02 3.141592653589661222e+00
9.431687566909017217e-01 6.435230707901974938e+02 3.141592653589661222e+00
1.729625036503260160e+00 6.449204010340051809e+02 3.141592653589661222e+00
7.196223270941269901e-01 6.457205489921685739e+02 3.141592653589661222e+00
1.465384680978049747e+00 6.470251261930006876e+02 3.141592653589661222e+00
9.836023911592683966e-01 6.475813151462582482e+02 3.141592653589661222e+00
1.286330929286740865e+00 6.490512458367960562e+02 3.141592653589661222e+00
1.220412472629808898e+00 6.496254812248400867e+02 3.141592653589661222e+00
1.515336300666989544e+00 6.511195103858266293e+02 3.141592653589661222e+00
9.064603238861910217e-01 6.517653035628650287e+02 3.141592653589661222e+00
1.201672431434281707e+00 6.532055581439605021e+02 3.141592653589661222e+00
1.120756065782049893e+00 6.537435832260810002e+02 3.141592653589661222e+00
1.004354025356876345e+00 6.552078043429557965e+02 3.141592653589661222e+00
1.421937696379931948e+00 6.558165168955289346e+02 3.141592653589661222e+00
1.300611631312732497e+00 6.573180098409766288e+02 3.141592653589661222e+00
1.156468564037634650e+00 6.578991550783782714e+02 3.141592653589661222e+00
1.028241115610655232e+00 6.593729600554091803e+02 3.141592653589661222e+00
1.332471692199305391e+00 6.599203623553079296e+02 3.141592653589661222e+00
7.874145361698992041e-01 6.613007627250059386e+02 3.141592653589661222e+00
1.630717189762593389e+00 6.620194684495852471e+02 3.141592653589661222e+00
1.060434653730229160e+00 6.634713023722530352e+02 3.141592653589661222e+00
1.500015892495865089e+00 6.640657535281588935e+02 3.141592653589661222e+00
8.923625512145344496e-01 6.654986388931005195e+02 3.141592653589661222e+00
1.660140211937369159e+00 6.661000199875189764e+02 3.141592653589661222e+00
6.522797969295920373e-01 6.672283079286058864e+02 3.141592653589661222e+00
1.826145997452508940e+00 6.681953627354282617e+02 3.141592653589661222e+00
7.401621403490383777e-01 6.693924396327171280e+02 3.141592653589661222e+00
1.858394939719989924e+00 6.702240233162189043e+02 3.141592653589661222e+00
7.047452027118146223e-01 6.714329502562809466e+02 3.141592653589661222e+00
1.888206394174077429e+00 6.722804347396197500e+02 3.141592653589661222e+00
8.014777648047530789e-01 6.729737359435955568e+02 3.141592653589661222e+00
1.757904501171168254e+00 6.743172053990119821e+02 3.141592653589661222e+00
8.956048398106295494e-01 6.749895682988395720e+02 3.141592653589661222e+00
1.785690230997258654e+00 6.763544464231702023e+02 3.141592653589661222e+00
7.011625540686039493e-01 6.771965207452221875e+02 3.141592653589661222e+00
1.545499892428706445e+00 6.784583361321705297e+02 3.141592653589661222e+00
9.874958895447191187e-01 6.790110817117680426e+02 3.141592653589661222e+00
1.343750474851938881e+00 6.804793851399316509e+02 3.141592653589661222e+00
1.217412961577654107e+00 6.810532329820881614e+02 3.141592653589661222e+00
1.593561915396344064e+00 6.825523179191632153e+02 3.141592653589661222e+00
8.729452425565432661e-01 6.832226198205174796e+02 3.141592653589661222e+00
1.275557077699920994e+00 6.846452607411163171e+02 3.141592653589661222e+00
1.122741617501159528e+00 6.851735581327284308e+02 3.141592653589661222e+00
1.057053951108652079e+00 6.866440105820871622e+02 3.141592653589661222e+00
1.424737284111808666e+00 6.872436763323897821e+02 3.141592653589661222e+00
1.391512932670733393e+00 6.887608182236341463e+02 3.141592653589661222e+00
1.094342899939991565e+00 6.893531693096782647e+02 3.141592653589661222e+00
1.094229875207958003e+00 6.908262276386296890e+02 3.141592653589661222e+00
1.302361754460769516e+00 6.913583297088025574e+02 3.141592653589661222e+00
8.409698264504023024e-01 6.927669371303956041e+02 3.141592653589661222e+00
1.613660978673396640e+00 6.934536392264851656e+02 3.141592653589661222e+00
1.160242914167709971e+00 6.949380982167812135e+02 3.141592653589661222e+00
1.402514996146115189e+00 6.955163489475853567e+02 3.141592653589661222e+00
9.509381300580398433e-01 6.969737072290964761e+02 3.141592653589661222e+00
1.589648961450093267e+00 6.975424006613122856e+02 3.141592653589661222e+00
6.770581321817871201e-01 6.987573743980406107e+02 3.141592653589661222e+00
1.805477872964306618e+00 6.996436512670059074e+02 3.141592653589661222e+00
8.257722604380386411e-01 7.009507878537874603e+02 3.141592653589661222e+00
1.814722367982222417e+00 7.016763875276589033e+02 3.141592653589661222e+00
7.592144545080111717e-01 7.029679509618775910e+02 3.141592653589661222e+00
1.914210155429332039e+00 7.037187558237195617e+02 3.141592653589661222e+00
7.492199607643003079e-01 7.044851679822372716e+02 3.141592653589661222e+00
1.832694296515666510e+00 7.057631280351332634e+02 3.141592653589661222e+00
8.110964890816179107e-01 7.065044114951982692e+02 3.141592653589661222e+00
1.817067105324226661e+00 7.077957332703563225e+02 3.141592653589661222e+00
6.739633489563183755e-01 7.086984863682183686e+02 3.141592653589661222e+00
1.616188106699314231e+00 7.098963108693192225e+02 3.141592653589661222e+00
9.509483635525055600e-01 7.104649979816906580e+02 3.141592653589661222e+00
1.423694112266496337e+00 7.119216685498569177e+02 3.141592653589661222e+00
1.153877034927921263e+00 7.125005621746214501e+02 3.141592653589661222e+00
1.629163156035550397e+00 7.139838853072029679e+02 3.141592653589661222e+00
8.304470562837917846e-01 7.146797924079801305e+02 3.141592653589661222e+00
1.317831110220149871e+00 7.160811838805058187e+02 3.141592653589661222e+00
1.085623838900986016e+00 7.166139110950140321e+02 3.141592653589661222e+00
1.109928481467540307e+00 7.180887076086613661e+02 3.141592653589661222e+00
1.375451626596379429e+00 7.186774416406245791e+02 3.141592653589661222e+00
1.424854125685122153e+00 7.201920767133810841e+02 3.141592653589661222e+00
1.043171314389462090e+00 7.207947146623358776e+02 3.141592653589661222e+00
1.119587808548830665e+00 7.222629608505396845e+02 3.141592653589661222e+00
1.252255243528317408e+00 7.227947434031797229e+02 3.141592653589661222e+00
8.801574301869280470e-01 7.242232129903088662e+02 3.141592653589661222e+00
1.566448416937682442e+00 7.248851866637427293e+02 3.141592653589661222e+00
1.204881052644310113e+00 7.263791731768604905e+02 3.141592653589661222e+00
1.330688627071100472e+00 7.269540062264800326e+02 3.141592653589661222e+00
9.745644553566393808e-01 7.284200197141118451e+02 3.141592653589661222e+00
1.516473157434098162e+00 7.289787574856865149e+02 3.141592653589661222e+00
7.011015641963208589e-01 7.302509002411200072e+02 3.141592653589661222e+00
1.765018229808569483e+00 7.310824783493266068e+02 3.141592653589661222e+00
8.966962541182715851e-01 7.324494512706871774e+02 3.141592653589661222e+00
1.737359965184104960e+00 7.331182574956687859e+02 3.141592653589661222e+00
8.016976813426666126e-01 7.344656755197258917e+02 3.141592653589661222e+00
1.869467367662787982e+00 7.351560650400291479e+02 3.141592653589661222e+00
6.952623514765166046e-01 7.360217666074858016e+02 3.141592653589661222e+00
1.863248625665359093e+00 7.372159566270845517e+02 3.141592653589661222e+00
7.294184661567623129e-01 7.380690452520866529e+02 3.141592653589661222e+00
1.832340412674005270e+00 7.392444803773270223e+02 3.141592653589661222e+00
6.522331324535384223e-01 7.402290356352034451e+02 3.141592653589661222e+00
1.684788080884624284e+00 7.413381956455896216e+02 3.141592653589661222e+00
8.912400236690485311e-01 7.419411865381999860e+02 3.141592653589661222e+00
1.522327817013786611e+00 7.433719568591859570e+02 3.141592653589661222e+00
1.053473381496531580e+00 7.439687583413190168e+02 3.141592653589661222e+00
1.646989544026044472e+00 7.454182383583992078e+02 3.141592653589661222e+00
7.785244065698452287e-01 7.461475914707582433e+02 3.141592653589661222e+00
1.350773472972234268e+00 7.475191476655384122e+02 3.141592653589661222e+00
1.022457090951469860e+00 7.480670435371512212e+02 3.141592653589661222e+00
1.173542181558192121e+00 7.495416506871073352e+02 3.141592653589661222e+00
1.287231953804435225e+00 7.501205951594251928e+02 3.141592653589661222e+00
1.426286743443761384e+00 7.516201209407259967e+02 3.141592653589661222e+00
9.898028045850815193e-01 7.522329128922885957e+02 3.141592653589661222e+00
1.121602443028771656e+00 7.536943483228634477e+02 3.141592653589661222e+00
1.180823199899803333e+00 7.542351366431156521e+02 3.141592653589661222e+00
9.155855992902803830e-01 7.556801438534340605e+02 3.141592653589661222e+00
1.489029903504421437e+00 7.563184707721071618e+02 3.141592653589661222e+00
1.209257721365864624e+00 7.578076935026036836e+02 3.141592653589661222e+00
1.271959193956785361e+00 7.583829058904349267e+02 3.141592653589661222e+00
9.713812825842567111e-01 7.598507357716608794e+02 3.141592653589661222e+00
1.436360016629292469e+00 7.604125140888552323e+02 3.141592653589661222e+00
7.202376172076648819e-01 7.617264554361191813e+02 3.141592653589661222e+00
1.705569080183208186e+00 7.625163611381282180e+02 3.141592653589661222e+00
9.396579343874098544e-01 7.639125965484597600e+02 3.141592653589661222e+00
1.656299974148037091e+00 7.645521953801307973e+02 3.141592653589661222e+00
8.249741169797486506e-01 7.659322346508125747e+02 3.141592653589661222e+00
1.792005220774329999e+00 7.665911803830668987e+02 3.141592653589661222e+00
6.608807560965245242e-01 7.675535319870319881e+02 3.141592653589661222e+00
1.855865200665714143e+00 7.686669960589731545e+02 3.141592653589661222e+00
6.931808136018168254e-01 7.696442569762488120e+02 3.141592653589661222e+00
1.847141967630812731e+00 7.706940202052255700e+02 3.141592653589661222e+00
6.527452308356849198e-01 7.717617957355467979e+02 3.141592653589661222e+00
1.757754848415842064e+00 7.727771164685379972e+02 3.141592653589661222e+00
8.489669946851662319e-01 7.734134398837762774e+02 3.141592653589661222e+00
1.613402279668003203e+00 7.748144733845971359e+02 3.141592653589661222e+00
9.796811702022063528e-01 7.754360832288251686e+02 3.141592653589661222e+00
1.686749410413055372e+00 7.768535895441480079e+02 3.141592653589661222e+00
7.384799641954929994e-01 7.776230024799435796e+02 3.141592653589661222e+00
1.408059507872401861e+00 7.789573899541835544e+02 3.141592653589661222e+00
9.871667600447729951e-01 7.795141457685654132e+02 3.141592653589661222e+00
1.240031976144249981e+00 7.809855700118041568e+02 3.141592653589661222e+00
1.231733826677941623e+00 7.815607136652193958e+02 3.141592653589661222e+00
1.462451652007461300e+00 7.830527208651141109e+02 3.141592653589661222e+00
9.377486424946247512e-01 7.836820315868877742e+02 3.141592653589661222e+00
1.153953811917282080e+00 7.851330240288967843e+02 3.141592653589661222e+00
1.132182073648306142e+00 7.856759191365391644e+02 3.141592653589661222e+00
9.632020090603371498e-01 7.871335184506374389e+02 3.141592653589661222e+00
1.434495684764258261e+00 7.877523224844109109e+02 3.141592653589661222e+00
1.244238802780571307e+00 7.892442490085952613e+02 3.141592653589661222e+00
1.206456125215620956e+00 7.898211757134308755e+02 3.141592653589661222e+00
9.904210429047984876e-01 7.912924365328703971e+02 3.141592653589661222e+00
1.367300140778833217e+00 7.918498438897643155e+02 3.141592653589661222e+00
7.522065619839750639e-01 7.932036139450543715e+02 3.141592653589661222e+00
1.653704422168914112e+00 7.939515260988141563e+02 3.141592653589661222e+00
9.967911068009813746e-01 7.953773777966285934e+02 3.141592653589661222e+00
1.569761665853690369e+00 7.959903834260984468e+02 3.141592653589661222e+00
8.559744716587252000e-01 7.974005658066877231e+02 3.141592653589661222e+00
1.713606604085448737e+00 7.980285619565628394e+02 3.141592653589661222e+00
6.473315883201175014e-01 7.990865832488638034e+02 3.141592653589661222e+00
1.838547007654458110e+00 8.001170705712810332e+02 3.141592653589661222e+00
7.028194505552318727e-01 8.012214408108744692e+02 3.141592653589661222e+00
1.860377207303608227e+00 8.021443308926347981e+02 3.141592653589661222e+00
6.751740673736185139e-01 8.032929588013039393e+02 3.141592653589661222e+00
1.836467896617649309e+00 8.042129579522992344e+02 3.141592653589661222e+00
8.228852797532449914e-01 8.048784554585857904e+02 3.141592653589661222e+00
1.697461512091124725e+00 8.062497413837196518e+02 3.141592653589661222e+00
9.322867556702595371e-01 8.068972240164097229e+02 3.141592653589661222e+00
1.744856061185823481e+00 8.082876956704490112e+02 3.141592653589661222e+00
7.147502487440688945e-01 8.090981343228907008e+02 3.141592653589661222e+00
1.485997579494340304e+00 8.103924296151320732e+02 3.141592653589661222e+00
9.850760082015203034e-01 8.109474888156220231e+02 3.141592653589661222e+00
1.300942567980712061e+00 8.124171518791705466e+02 3.141592653589661222e+00
1.220332026889490606e+00 8.129911875811275195e+02 3.141592653589661222e+00
1.535937455148190134e+00 8.144868283471074619e+02 3.141592653589661222e+00
8.974426389868952469e-01 8.151387101716900361e+02 3.141592653589661222e+00
1.220618645502298039e+00 8.165748004719249593e+02 3.141592653589661222e+00
1.120771437510874158e+00 8.171102939746942866e+02 3.141592653589661222e+00
1.018256055997143195e+00 8.185763197662184893e+02 3.141592653589661222e+00
1.422193823005728275e+00 8.191824253717782085e+02 3.141592653589661222e+00
1.323840953180219548e+00 8.206880975032337346e+02 3.141592653589661222e+00
1.139970028013528092e+00 8.212715490562372906e+02 3.141592653589661222e+00
1.044638507978037589e+00 8.227457291244962789e+02 3.141592653589661222e+00
1.323797468849640113e+00 8.232890137735264489e+02 3.141592653589661222e+00
8.009126970062487860e-01 8.246774460990527587e+02 3.141592653589661222e+00
1.625797204484642267e+00 8.253871740328014539e+02 3.141592653589661222e+00
1.085585576648651518e+00 8.268480319254680353e+02 3.141592653589661222e+00
1.475239217480214693e+00 8.274371547577064803e+02 3.141592653589661222e+00
9.070236256604335967e-01 8.288772436373892560e+02 3.141592653589661222e+00
1.642392102278154020e+00 8.294694879463528423e+02 3.141592653589661222e+00
6.568813240383472030e-01 8.306210706283642367e+02 3.141592653589661222e+00
1.821756580710859996e+00 8.315666792683903168e+02 3.141592653589661222e+00
7.587066423420804062e-01 8.327940457252178703e+02 3.141592653589661222e+00
1.852622219103635226e+00 8.335961258071361044e+02 3.141592653589661222e+00
7.171993436927396326e-01 8.348261177395806953e+02 3.141592653589661222e+00
1.901081737936147098e+00 8.356484946036484871e+02 3.141592653589661222e+00
7.910323789355461210e-01 8.363554586271511653e+02 3.141592653589661222e+00
1.778262220959840878e+00 8.376861317530690485e+02 3.141592653589661222e+00
8.784825439683547899e-01 8.383707125908123317e+02 3.141592653589661222e+00
1.796353312352509501e+00 8.397225793934328522e+02 3.141592653589661222e+00
6.954786615046666398e-01 8.405771123620233993e+02 3.141592653589661222e+00
1.564135171020590409e+00 8.418259044167679122e+02 3.141592653589661222e+00
9.837014652721252084e-01 8.423799262867510151e+02 3.141592653589661222e+00
1.360338842276685778e+00 8.438468276334441498e+02 3.141592653589661222e+00
1.209656143017807661e+00 8.444210209114705776e+02 3.141592653589661222e+00
1.607829850675592365e+00 8.459190109833497218e+02 3.141592653589661222e+00
8.640089081734458887e-01 8.465954777968127019e+02 3.141592653589661222e+00
1.290260753945943417e+00 8.480132647723247601e+02 3.141592653589661222e+00
1.119399710986140661e+00 8.485406389409981784e+02 3.141592653589661222e+00
1.069607229322319775e+00 8.500123883580897655e+02 3.141592653589661222e+00
1.420323898240523297e+00 8.506097361167254576e+02 3.141592653589661222e+00
1.407964061610237572e+00 8.521287580189318760e+02 3.141592653589661222e+00
1.080612183443222074e+00 8.527241801416499811e+02 3.141592653589661222e+00
1.106654013902503841e+00 8.541962072129372245e+02 3.141592653589661222e+00
1.293595267916676450e+00 8.547262164704461611e+02 3.141592653589661222e+00
8.527569185673773422e-01 8.561403999121372408e+02 3.141592653589661222e+00
1.606872498590013354e+00 8.568204982586413507e+02 3.141592653589661222e+00
1.179729086151265927e+00 8.583102208326230311e+02 3.141592653589661222e+00
1.380839070608313568e+00 8.588866877958367922e+02 3.141592653589661222e+00
9.622407790534869276e-01 8.603477645528903395e+02 3.141592653589661222e+00
1.571734244591471485e+00 8.609112398238598871e+02 3.141592653589661222e+00
6.844046893660574726e-01 8.621438753978949308e+02 3.141592653589661222e+00
1.797806079922750211e+00 8.630133824039373849e+02 3.141592653589661222e+00
8.481730216663773136e-01 8.643412142727980836e+02 3.141592653589661222e+00
1.796121927407218211e+00 8.650472911386166288e+02 3.141592653589661222e+00
7.728639458302050125e-01 8.663568048608353820e+02 3.141592653589661222e+00
1.908656831269853305e+00 8.670874654948686384e+02 3.141592653589661222e+00
7.338468437653213883e-01 8.678788642636128543e+02 3.141592653589661222e+00
1.845871442519841477e+00 8.691353906521084127e+02 3.141592653589661222e+00
7.867237445889696534e-01 8.699027675481343067e+02 3.141592653589661222e+00
1.821630078000567199e+00 8.711666686448053269e+02 3.141592653589661222e+00
6.666587456264340128e-01 8.720894398105033360e+02 3.141592653589661222e+00
1.633730762129756320e+00 8.732658422808913201e+02 3.141592653589661222e+00
9.352457333291668284e-01 8.738425740525993888e+02 3.141592653589661222e+00
1.448934476757820278e+00 8.752935721585132569e+02 3.141592653589661222e+00
1.127669015921487272e+00 8.758758666012131471e+02 3.141592653589661222e+00
1.632797326253266457e+00 8.773511493215075916e+02 3.141592653589661222e+00
8.169894751810349298e-01 8.780547392735932135e+02 3.141592653589661222e+00
1.324901812058598027e+00 8.794493858337416441e+02 3.141592653589661222e+00
1.068772018853290096e+00 8.799858933277873803e+02 3.141592653589661222e+00
1.125431848542455038e+00 8.814611695053724816e+02 3.141592653589661222e+00
1.352558149858321235e+00 8.820468578117427114e+02 3.141592653589661222e+00
1.424183611980622155e+00 8.835576782857768876e+02 3.141592653589661222e+00
1.030058846490229829e+00 8.841625276134216165e+02 3.141592653589661222e+00
1.119131368837877893e+00 8.856292822205830362e+02 3.141592653589661222e+00
1.233875170638685681e+00 8.861634331739890058e+02 3.141592653589661222e+00
8.884979375929210610e-01 8.875964162695830737e+02 3.141592653589661222e+00
1.546982232927344603e+00 8.882522117861760762e+02 3.141592653589661222e+00
1.205923433310154724e+00 8.897450958978716926e+02 3.141592653589661222e+00
1.316016634661439255e+00 8.903199353831657845e+02 3.141592653589661222e+00
9.737143596043796867e-01 8.917864785333634927e+02 3.141592653589661222e+00
1.496198102353693882e+00 8.923459412672110602e+02 3.141592653589661222e+00
7.055703358710851969e-01 8.936291507726111831e+02 3.141592653589661222e+00
1.750618458266490762e+00 8.944499159436941227e+02 3.141592653589661222e+00
9.082993364128790770e-01 8.958253833066585230e+02 3.141592653589661222e+00
1.717034029336341083e+00 8.964857760125937602e+02 3.141592653589661222e+00
8.082154645245831492e-01 8.978424712334281139e+02 3.141592653589661222e+00
1.851059359170269980e+00 8.985237366899680183e+02 3.141592653589661222e+00
6.846426549272397466e-01 8.994142513918393433e+02 3.141592653589661222e+00
1.863518560662347667e+00 9.005878532030146744e+02 3.141592653589661222e+00
7.157711659324763609e-01 9.014718514053565741e+02 3.141592653589661222e+00
1.835796959859544497e+00 9.026157917861301030e+02 3.141592653589661222e+00
6.501532865560660790e-01 9.036216301785659653e+02 3.141592653589661222e+00
1.702485244296243039e+00 9.047071908946970780e+02 3.141592653589661222e+00
8.783846540536818237e-01 9.053191747972333587e+02 3.141592653589661222e+00
1.546281098744994864e+00 9.067424087181410641e+02 3.141592653589661222e+00
1.031433689788081809e+00 9.073452360248758168e+02 3.141592653589661222e+00
1.654509759537857727e+00 9.087860067570728688e+02 3.141592653589661222e+00
7.667449960576386836e-01 9.095251016138234945e+02 3.141592653589661222e+00
1.362595754466274345e+00 9.108877661557766032e+02 3.141592653589661222e+00
1.009910683721896074e+00 9.114389126768887763e+02 3.141592653589661222e+00
1.190457986696935366e+00 9.129127738407328252e+02 3.141592653589661222e+00
1.268614305331848602e+00 9.134902677745888013e+02 3.141592653589661222e+00
1.431100714110553840e+00 9.149867535681308937e+02 3.141592653589661222e+00
9.759372238496729635e-01 9.156030329789011830e+02 3.141592653589661222e+00
1.125991475406899367e+00 9.170622294292790002e+02 3.141592653589661222e+00
1.165121626613846439e+00 9.176045112765822296e+02 3.141592653589661222e+00
9.263623383475398931e-01 9.190531296441240556e+02 3.141592653589661222e+00
1.471521193146843043e+00 9.196859430316416137e+02 3.141592653589661222e+00
1.213673928528063994e+00 9.211747081187368167e+02 3.141592653589661222e+00
1.255958256578764587e+00 9.217501432999770259e+02 3.141592653589661222e+00
9.729075935623360261e-01 9.232186291995731153e+02 3.141592653589661222e+00
1.416910689131448908e+00 9.237803866957463015e+02 3.141592653589661222e+00
7.266622567453782100e-01 9.251046150277219340e+02 3.141592653589661222e+00
1.690657168191076476e+00 9.258838853256321499e+02 3.141592653589661222e+00
9.515395980202536741e-01 9.272870401675586436e+02 3.141592653589661222e+00
1.634979201843921093e+00 9.279199474495250115e+02 3.141592653589661222e+00
8.312484102035146982e-01 9.293075046700531630e+02 3.141592653589661222e+00
1.771458830575766363e+00 9.299591272490805522e+02 3.141592653589661222e+00
6.553476994787003074e-01 9.309458209421758283e+02 3.141592653589661222e+00
1.851650859251283254e+00 9.320385460204137189e+02 3.141592653589661222e+00
6.912979672153963806e-01 9.330480665979877131e+02 3.141592653589661222e+00
1.851069322853793109e+00 9.340654750923569054e+02 3.141592653589661222e+00
6.564594741920641852e-01 9.351540222078424449e+02 3.141592653589661222e+00
1.777517989258652342e+00 9.361452364324966311e+02 3.141592653589661222e+00
8.413168594361885022e-01 9.367891643683125267e+02 3.141592653589661222e+00
1.635300957503841746e+00 9.381827193623593075e+02 3.141592653589661222e+00
9.658569739818386735e-01 9.388108305566219087e+02 3.141592653589661222e+00
1.700442723214904195e+00 9.402211815263212884e+02 3.141592653589661222e+00
7.310671464664662000e-01 9.410011219814360857e+02 3.141592653589661222e+00
1.426504183032290873e+00 9.423254425104197480e+02 3.141592653589661222e+00
9.839745515277210641e-01 9.428826954874425610e+02 3.141592653589661222e+00
1.256337095828716777e+00 9.443534427412319019e+02 3.141592653589661222e+00
1.225159265792992169e+00 9.449281973713118532e+02 3.141592653589661222e+00
1.478306217402001632e+00 9.464201859871681108e+02 3.141592653589661222e+00
9.262187869437699117e-01 9.470547650622216906e+02 3.141592653589661222e+00
1.168162098433859875e+00 9.485023907801671612e+02 3.141592653589661222e+00
1.125837901686524312e+00 9.490442375095348098e+02 3.141592653589661222e+00
9.769520446014043902e-01 9.505043320054148808e+02 3.141592653589661222e+00
1.427368937142588834e+00 9.511192489284317162e+02 3.141592653589661222e+00
1.260564996848868358e+00 9.526137346630742968e+02 3.141592653589661222e+00
1.189384013994776890e+00 9.531916914450014247e+02 3.141592653589661222e+00
1.000968861928875020e+00 9.546639495586018711e+02 3.141592653589661222e+00
1.353659921140478284e+00 9.552185336503113149e+02 3.141592653589661222e+00
7.631292609424018547e-01 9.565817660876558648e+02 3.141592653589661222e+00
1.644158113360306928e+00 9.573193954597055608e+02 3.141592653589661222e+00
1.016161710987778521e+00 9.587537230855862163e+02 3.141592653589661222e+00
1.546696957095683889e+00 9.593601536458394321e+02 3.141592653589661222e+00
8.668866857412143023e-01 9.607780963685555662e+02 3.141592653589661222e+00
1.695014251589397780e+00 9.613973638508032309e+02 3.141592653589661222e+00
6.475148473317327014e-01 9.624793653698762910e+02 3.141592653589661222e+00
1.834202614783322582e+00 9.634884360854744045e+02 3.141592653589661222e+00
7.125220674575900581e-01 9.646245757681675741e+02 3.141592653589661222e+00
1.861537962239060873e+00 9.655160272639750474e+02 3.141592653589661222e+00
6.839747368864038668e-01 9.666848925592446449e+02 3.141592653589661222e+00
1.855414406370187397e+00 9.675805696031505931e+02 3.141592653589661222e+00
8.165761017817496636e-01 9.682541785064303212e+02 3.141592653589661222e+00
1.718002324014327398e+00 9.696171120246501687e+02 3.141592653589661222e+00
9.211606089160045974e-01 9.702719079207796540e+02 3.141592653589661222e+00
1.759665790755514436e+00 9.716549809699802154e+02 3.141592653589661222e+00
7.102436716525394322e-01 9.724757433320140763e+02 3.141592653589661222e+00
1.506559303246326920e+00 9.737595708816679689e+02 3.141592653589661222e+00
9.868336534808537230e-01 9.743134224970578998e+02 3.141592653589661222e+00
1.315187850394694324e+00 9.757828219158227512e+02 3.141592653589661222e+00
1.220687625866890835e+00 9.763567006709556608e+02 3.141592653589661222e+00
1.556623718138448131e+00 9.778539960679013348e+02 3.141592653589661222e+00
8.889945022449773360e-01 9.785120830016442142e+02 3.141592653589661222e+00
1.239927189938011320e+00 9.799437956052901200e+02 3.141592653589661222e+00
1.121789069759194124e+00 9.804766065004370148e+02 3.141592653589661222e+00
1.031790250850023183e+00 9.819442593175991760e+02 3.141592653589661222e+00
1.423589565237501242e+00 9.825480597574401145e+02 3.141592653589661222e+00
1.347776657944353751e+00 9.840580032388439804e+02 3.141592653589661222e+00
1.123913040006656372e+00 9.846441911895349222e+02 3.141592653589661222e+00
1.061886630585577418e+00 9.861183730104578444e+02 3.141592653589661222e+00
1.316237402863736250e+00 9.866575134475669984e+02 3.141592653589661222e+00
8.147142154581773488e-01 9.880533796321377622e+02 3.141592653589661222e+00
1.621757118238917217e+00 9.887547183229187340e+02 3.141592653589661222e+00
1.111568788300564492e+00 9.902243122559794983e+02 3.141592653589661222e+00
1.450202974345888407e+00 9.908088699735195632e+02 3.141592653589661222e+00
9.222686585793669067e-01 9.922556068082869842e+02 3.141592653589661222e+00
1.624617536626847603e+00 9.928390733292661707e+02 3.141592653589661222e+00
6.628060492006192517e-01 9.940132945988879101e+02 3.141592653589661222e+00
1.816961115282856420e+00 9.949378760695116171e+02 3.141592653589661222e+00
7.798618883042014449e-01 9.961942986677938734e+02 3.141592653589661222e+00
1.843343750177984353e+00 9.969682880802415639e+02 3.141592653589661222e+00
7.307701189669119080e-01 9.982195437968056240e+02 3.141592653589661222e+00
1.910137810176624873e+00 9.990168606175070636e+02 3.141592653589661222e+00
7.784584092804757161e-01 9.997406915473322897e+02 3.141592653589661222e+00
1.798129620421675678e+00 1.001056053262777368e+03 3.141592653589661222e+00
8.580974797959263212e-01 1.001756037705781864e+03 3.141592653589661222e+00
1.804947922745889777e+00 1.003091376089698656e+03 3.141592653589661222e+00
6.888366824099804164e-01 1.003960082496383052e+03 3.141592653589661222e+00
1.581929483124491220e+00 1.005193980380946869e+03 3.141592653589661222e+00
9.760500866600733127e-01 1.005751101680866896e+03 3.141592653589661222e+00
1.379202702313313100e+00 1.007215678511182205e+03 3.141592653589661222e+00
1.196102346927289117e+00 1.007790695853306374e+03 3.141592653589661222e+00
1.618053788211789801e+00 1.009285645308737458e+03 3.141592653589661222e+00
8.540064811927181587e-01 1.009968301296188542e+03 3.141592653589661222e+00
1.301790446473229723e+00 1.011381023098039577e+03 3.141592653589661222e+00
1.111909360350393117e+00 1.011908883664782934e+03 3.141592653589661222e+00
1.082379199235696809e+00 1.013381835800806243e+03 3.141592653589661222e+00
1.410468044477827032e+00 1.013976545669392749e+03 3.141592653589661222e+00
