9.252822536099164497e-01 3.244448395349647934e-02 1.570796326794862363e+00
1.328063971135781562e+00 1.630168976310172990e+00 1.570796326794862363e+00
2.037835626503576414e+00 1.958424276782214424e+00 1.570796326794862363e+00
1.021741673503447023e+00 3.439480511497116311e+00 1.570796326794862363e+00
9.645315075383489312e-01 4.481906029353077692e+00 1.570796326794862363e+00
1.096502926149376611e+00 5.378489936968361640e+00 1.570796326794862363e+00
1.087951476256844963e+00 6.215555009577413692e+00 1.570796326794862363e+00
8.446677113719722740e-01 7.731879280178454827e+00 1.570796326794862363e+00
2.666841155924406515e+00 8.171053050059869705e+00 1.570796326794862363e+00
8.999923373963177875e-01 9.591254240129845954e+00 1.570796326794862363e+00
9.544203192418931891e-01 1.055669791463005502e+01 1.570796326794862363e+00
1.237626379205826632e+00 1.150911320423788631e+01 1.570796326794862363e+00
1.282672972688063462e+00 1.240142524655035494e+01 1.570796326794862363e+00
5.374435988151535781e-01 1.354430833335552542e+01 1.570796326794862363e+00
3.429468839006474035e+00 1.438819228637773762e+01 1.570796326794862363e+00
6.883412751119277750e-01 1.546221013771968877e+01 1.570796326794862363e+00
9.949519444689688408e-01 1.649303292287373424e+01 1.570796326794862363e+00
1.306345128418464618e+00 1.759499646898613179e+01 1.570796326794862363e+00
1.257110875799919647e+00 1.853119204043559165e+01 1.570796326794862363e+00
6.645568839825120033e-01 1.923353013977646242e+01 1.570796326794862363e+00
3.122766784767041504e+00 2.062274591881522667e+01 1.570796326794862363e+00
1.014153881212727315e+00 2.112004443093647765e+01 1.570796326794862363e+00
1.121698897572294573e+00 2.249595414253966652e+01 1.570796326794862363e+00
1.158428075555651526e+00 2.368219242809649927e+01 1.570796326794862363e+00
1.083970556653238493e+00 2.459244797086799039e+01 1.570796326794862363e+00
8.077313641469703320e-01 2.530337161197594043e+01 1.570796326794862363e+00
2.108002426639689730e+00 2.685909073363565369e+01 1.570796326794862363e+00
1.509017154025385166e+00 2.719836868616984304e+01 1.570796326794862363e+00
1.117659141176390092e+00 2.867476236801520528e+01 1.570796326794862363e+00
1.045459029969534104e+00 2.981184492876150216e+01 1.570796326794862363e+00
1.039101501996545718e+00 3.069861166443523359e+01 1.570796326794862363e+00
9.127765464264756545e-01 3.146906762738194985e+01 1.570796326794862363e+00
1.447074871073858793e+00 3.306718945397820164e+01 1.570796326794862363e+00
1.965808194399919939e+00 3.338765266952697885e+01 1.570796326794862363e+00
1.055601179459566108e+00 3.487755188146739016e+01 1.570796326794862363e+00
9.815539599367580914e-01 3.594183316130041561e+01 1.570796326794862363e+00
1.081449212250933156e+00 3.683151478866891892e+01 1.570796326794862363e+00
1.058301530067749852e+00 3.765375937457560696e+01 1.570796326794862363e+00
9.470843832437803034e-01 3.920233260794125130e+01 1.570796326794862363e+00
2.540029115835058526e+00 3.960074954377667922e+01 1.570796326794862363e+00
9.492045404226014949e-01 4.105084809187701467e+01 1.570796326794862363e+00
9.588070641849036901e-01 4.203517736144735295e+01 1.570796326794862363e+00
1.203829268212100345e+00 4.296683323181205338e+01 1.570796326794862363e+00
1.251089989299365879e+00 4.384315062887839076e+01 1.570796326794862363e+00
5.790969989071140800e-01 4.510898549256588552e+01 1.570796326794862363e+00
3.297435426997234575e+00 4.581841338340988301e+01 1.570796326794862363e+00
7.284426659391795011e-01 4.702664197598596729e+01 1.570796326794862363e+00
9.821751008411504502e-01 4.800155403153079448e+01 1.570796326794862363e+00
1.332456933862649073e+00 4.905736532495828328e+01 1.570796326794862363e+00
1.312480007849231134e+00 4.999071261649253728e+01 1.570796326794862363e+00
6.369572019454620149e-01 5.071081518104724495e+01 1.570796326794862363e+00
3.351148056149429788e+00 5.204425296773176512e+01 1.570796326794862363e+00
9.397878105319052988e-01 5.259439660174152209e+01 1.570796326794862363e+00
1.123568944029989636e+00 5.393773413090535485e+01 1.570796326794862363e+00
1.197867589314866477e+00 5.512830386441692809e+01 1.570796326794862363e+00
1.115437040021541426e+00 5.604471206749997947e+01 1.570796326794862363e+00
8.132954460762092941e-01 5.673376237755517337e+01 1.570796326794862363e+00
2.243773696937441997e+00 5.828124796059228885e+01 1.570796326794862363e+00
1.487385116949228481e+00 5.862531101296077196e+01 1.570796326794862363e+00
1.153350814263087498e+00 6.010461816399452317e+01 1.570796326794862363e+00
1.083455417079873806e+00 6.126179394041260196e+01 1.570796326794862363e+00
1.055731290728936900e+00 6.215133249651722025e+01 1.570796326794862363e+00
9.192440221661408728e-01 6.290045723774810682e+01 1.570796326794862363e+00
1.558916165482149951e+00 6.449716956649442068e+01 1.570796326794862363e+00
1.945816919827976443e+00 6.481180871757139528e+01 1.570796326794862363e+00
1.104923012650091518e+00 6.631446699268057898e+01 1.570796326794862363e+00
1.011982040934912730e+00 6.740573503036354452e+01 1.570796326794862363e+00
1.077454948702692095e+00 6.829021778558220035e+01 1.570796326794862363e+00
1.044182571860264419e+00 6.909244656927189965e+01 1.570796326794862363e+00
1.061966807547230607e+00 7.066186893548311332e+01 1.570796326794862363e+00
2.456220415002934310e+00 7.102897264433090641e+01 1.570796326794862363e+00
1.009771138811796476e+00 7.250736808544461098e+01 1.570796326794862363e+00
9.736986189746247300e-01 7.351862854268064495e+01 1.570796326794862363e+00
1.173469441179578965e+00 7.443044948893130197e+01 1.570796326794862363e+00
1.219837959684277440e+00 7.528683257084036029e+01 1.570796326794862363e+00
6.545930205532684010e-01 7.665800972896288101e+01 1.570796326794862363e+00
3.152568422879573173e+00 7.724957170990134614e+01 1.570796326794862363e+00
7.998603127070164076e-01 7.856779177788503432e+01 1.570796326794862363e+00
9.763833004984092678e-01 7.951738339321786952e+01 1.570796326794862363e+00
1.332368084523726903e+00 8.052601844659088215e+01 1.570796326794862363e+00
1.350502582769111726e+00 8.144944556028600857e+01 1.570796326794862363e+00
5.873913545550566440e-01 8.224013136558257031e+01 1.570796326794862363e+00
3.556954339335442139e+00 8.346895030499686641e+01 1.570796326794862363e+00
8.254668347131837169e-01 8.412373194649539698e+01 1.570796326794862363e+00
1.094565955470592655e+00 8.539926008356280818e+01 1.570796326794862363e+00
1.227134443544269038e+00 8.658276501127733127e+01 1.570796326794862363e+00
1.142896322626894445e+00 8.750657777638717505e+01 1.570796326794862363e+00
7.816963532035522411e-01 8.818680341126507471e+01 1.570796326794862363e+00
2.445178136380433020e+00 8.970911000145873970e+01 1.570796326794862363e+00
1.369051647874410138e+00 9.007592710654506618e+01 1.570796326794862363e+00
1.151881069596873974e+00 9.153904731758629509e+01 1.570796326794862363e+00
1.100189080777777217e+00 9.270661039104587076e+01 1.570796326794862363e+00
1.057610699782890684e+00 9.360023631366210850e+01 1.570796326794862363e+00
8.915439830313848235e-01 9.433898201685600782e+01 1.570796326794862363e+00
1.682900245203977629e+00 9.593090762763846158e+01 1.570796326794862363e+00
1.835536128999921468e+00 9.624566140324652963e+01 1.570796326794862363e+00
1.112145337731412331e+00 9.774520590071772119e+01 1.570796326794862363e+00
1.019947616689679037e+00 9.884939990091784523e+01 1.570796326794862363e+00
1.064768344950883794e+00 9.973302977039433870e+01 1.570796326794862363e+00
1.009924229997629652e+00 1.005264570790742056e+02 1.570796326794862363e+00
