7.396000000000000352e-01 0.000000000000000000e+00 0.000000000000000000e+00
1.256006390473241918e+00 1.298167519443706119e+00 6.283185307179259382e+00
1.806904710988642693e+00 1.700749959563635283e+00 6.283185307179259382e+00
9.987378537848793369e-01 3.102454237019153460e+00 6.283185307179259382e+00
1.408704640843746025e+00 4.482562563187006965e+00 6.283185307179259382e+00
1.723349469279043866e+00 4.877172898109610522e+00 6.283185307179259382e+00
7.496105787513469565e-01 6.160713902430305033e+00 6.283185307179259382e+00
9.181298170942653325e-01 7.400480459635173425e+00 6.283185307179259382e+00
2.307143836477106191e+00 7.910944216925046568e+00 6.283185307179259382e+00
9.337002995559674501e-01 9.278635850558599074e+00 6.283185307179259382e+00
1.020442971735804782e+00 1.057544803599961725e+01 6.283185307179259382e+00
2.465723189806583449e+00 1.108274655483161197e+01 6.283185307179259382e+00
7.649740361698086355e-01 1.228552927786280335e+01 6.283185307179259382e+00
7.118988146188532928e-01 1.330923294214058927e+01 6.283185307179259382e+00
2.943400243453966336e+00 1.412775736812393923e+01 6.283185307179259382e+00
7.425008359947558034e-01 1.522453630021002446e+01 6.283185307179259382e+00
7.281656586645256501e-01 1.634171657128584343e+01 6.283185307179259382e+00
3.064275309813578652e+00 1.730216978774330627e+01 6.283185307179259382e+00
7.111007404561917600e-01 1.821868998838483833e+01 6.283185307179259382e+00
7.735828608617743019e-01 1.916839112918638222e+01 6.283185307179259382e+00
2.672549848099229575e+00 2.034500412258640623e+01 6.283185307179259382e+00
9.639588707366070208e-01 2.089279255903676003e+01 6.283185307179259382e+00
9.252624803977980150e-01 2.216573807500360260e+01 6.283185307179259382e+00
2.495507255351443465e+00 2.352018720092394233e+01 6.283185307179259382e+00
8.688196292982518498e-01 2.407218127366359539e+01 6.283185307179259382e+00
7.745756590982334489e-01 2.527454476919369242e+01 6.283185307179259382e+00
1.839360953299965740e+00 2.655078466090653322e+01 6.283185307179259382e+00
1.381680204248789678e+00 2.694838185780509932e+01 6.283185307179259382e+00
1.021638821218251447e+00 2.832746828437480247e+01 6.283185307179259382e+00
1.970194774204264032e+00 2.973777770840994350e+01 6.283185307179259382e+00
1.173554426445360122e+00 3.015395741773795990e+01 6.283185307179259382e+00
7.564589695474653874e-01 3.144350459198079761e+01 6.283185307179259382e+00
1.356028204103301160e+00 3.274058278987079973e+01 6.283185307179259382e+00
1.751724218013613665e+00 3.313185248322063359e+01 6.283185307179259382e+00
1.027619503521017386e+00 3.453946435011468452e+01 6.283185307179259382e+00
1.555144915818473583e+00 3.593720610229038215e+01 6.283185307179259382e+00
1.576875848992593587e+00 3.632178395863790143e+01 6.283185307179259382e+00
7.580233169193281162e-01 3.761513976120775027e+01 6.283185307179259382e+00
1.007298916121411203e+00 3.887663593672920115e+01 6.283185307179259382e+00
2.192515440281984418e+00 3.934384276017699023e+01 6.283185307179259382e+00
9.795799248405741011e-01 4.073621269557446567e+01 6.283185307179259382e+00
1.158039160032644510e+00 4.207283108146713602e+01 6.283185307179259382e+00
2.215343207843227802e+00 4.252113055091945881e+01 6.283185307179259382e+00
7.742427812157518519e-01 4.376106756045515311e+01 6.283185307179259382e+00
7.491714323824928412e-01 4.485761045749190146e+01 6.283185307179259382e+00
2.802506542150883018e+00 4.556176425326695067e+01 6.283185307179259382e+00
8.042118540993707931e-01 4.678995856606555748e+01 6.283185307179259382e+00
7.702709011153318075e-01 4.795089158583490985e+01 6.283185307179259382e+00
3.097080930611439076e+00 4.873458688166691388e+01 6.283185307179259382e+00
7.325899997482993031e-01 4.976142973497179156e+01 6.283185307179259382e+00
7.673298831665505970e-01 5.064474430690627571e+01 6.283185307179259382e+00
2.911229174462700797e+00 5.177554675691948205e+01 6.283185307179259382e+00
8.862215317906783074e-01 5.239302176754760865e+01 6.283185307179259382e+00
8.939223469819136403e-01 5.362727023480782407e+01 6.283185307179259382e+00
2.674103700859904009e+00 5.495051950568523580e+01 6.283185307179259382e+00
8.211677330166332611e-01 5.555556170823531659e+01 6.283185307179259382e+00
7.946849856507415266e-01 5.671073447251303890e+01 6.283185307179259382e+00
1.968922443279981449e+00 5.797951390735289579e+01 6.283185307179259382e+00
1.347069821612018270e+00 5.838249404242539242e+01 6.283185307179259382e+00
1.040622000290525317e+00 5.975827904617788278e+01 6.283185307179259382e+00
2.146075905064673606e+00 6.117397352477516392e+01 6.283185307179259382e+00
1.101299837437014428e+00 6.161029762102021579e+01 6.283185307179259382e+00
7.812297765212319334e-01 6.288152235784651367e+01 6.283185307179259382e+00
1.451116009819116703e+00 6.417538603543836473e+01 6.283185307179259382e+00
1.730781758608821219e+00 6.455841353538141902e+01 6.283185307179259382e+00
1.066377745493957363e+00 6.597348665593067096e+01 6.283185307179259382e+00
1.735564502176934587e+00 6.738924695117323438e+01 6.283185307179259382e+00
1.444056987135784675e+00 6.777219748384050035e+01 6.283185307179259382e+00
7.765702315756491947e-01 6.906779036521020032e+01 6.283185307179259382e+00
1.106414699215187092e+00 7.034051908192022040e+01 6.283185307179259382e+00
2.113938729489356128e+00 7.077519810380083243e+01 6.283185307179259382e+00
1.030843732126017320e+00 7.218739687671796901e+01 6.283185307179259382e+00
1.331910687766210799e+00 7.356047691798852384e+01 6.283185307179259382e+00
1.968700362170695994e+00 7.396555967078799654e+01 6.283185307179259382e+00
7.852620907166967257e-01 7.523384972533764881e+01 6.283185307179259382e+00
8.205111201009137600e-01 7.639472203157568231e+01 6.283185307179259382e+00
2.640613603414934119e+00 7.699719287374531973e+01 6.283185307179259382e+00
8.890965223757996139e-01 7.831830123731596416e+01 6.283185307179259382e+00
8.822169072286325520e-01 7.955192240883235399e+01 6.283185307179259382e+00
2.902126254301255148e+00 8.017091489453881081e+01 6.283185307179259382e+00
7.638614818997824241e-01 8.130066428846242843e+01 6.283185307179259382e+00
7.320965557943379665e-01 8.218787809848453207e+01 6.283185307179259382e+00
3.096960705244484302e+00 8.321239439855604303e+01 6.283185307179259382e+00
7.697750174373304555e-01 8.400016769651359994e+01 6.283185307179259382e+00
8.037705052296100217e-01 8.515936354583195111e+01 6.283185307179259382e+00
2.827849717353094317e+00 8.638577465341806771e+01 6.283185307179259382e+00
7.490825685438742276e-01 8.709424616763025995e+01 6.283185307179259382e+00
7.818096232846911686e-01 8.818405099508862577e+01 6.283185307179259382e+00
2.221724037156092901e+00 8.942484923819174014e+01 6.283185307179259382e+00
1.166395181433790951e+00 8.987152328960209502e+01 6.283185307179259382e+00
9.869052419226671535e-01 9.120977552236432473e+01 6.283185307179259382e+00
2.223165828826767942e+00 9.260495164594694018e+01 6.283185307179259382e+00
1.002952296396800502e+00 9.307453637086986475e+01 6.283185307179259382e+00
7.627263409331699329e-01 9.433391773621509913e+01 6.283185307179259382e+00
1.585053507673413353e+00 9.562570827883648406e+01 6.283185307179259382e+00
1.550654665156342205e+00 9.601073323134646387e+01 6.283185307179259382e+00
1.027835618376624849e+00 9.740774401139093186e+01 6.283185307179259382e+00
1.758626489927915815e+00 9.881611605927909636e+01 6.283185307179259382e+00
1.348121505071591786e+00 9.920755588413220494e+01 6.283185307179259382e+00
7.524297291850434721e-01 1.005063683900672800e+02 6.283185307179259382e+00
1.179170566364054817e+00 1.017964947312503767e+02 6.283185307179259382e+00
1.939616617536867871e+00 1.022118160081229092e+02 6.283185307179259382e+00
1.011024263712507310e+00 1.036183081191411475e+02 6.283185307179259382e+00
1.364544069985077934e+00 1.049944618466133761e+02 6.283185307179259382e+00
1.838709332880718916e+00 1.053940699355310642e+02 6.283185307179259382e+00
7.645609637231414180e-01 1.066700881431097372e+02 6.283185307179259382e+00
8.672059538223287900e-01 1.078773273478844743e+02 6.283185307179259382e+00
2.458647633345779848e+00 1.084277431546021404e+02 6.283185307179259382e+00
9.159626843087641523e-01 1.097780001866844941e+02 6.283185307179259382e+00
9.533963728004952731e-01 1.110479788178198106e+02 6.283185307179259382e+00
2.666896621433103132e+00 1.116007282343074536e+02 6.283185307179259382e+00
7.667646474620735120e-01 1.127741462192805955e+02 6.283185307179259382e+00
7.097831645132794964e-01 1.137303857115279015e+02 6.283185307179259382e+00
3.052152828505938498e+00 1.146447490629001891e+02 6.283185307179259382e+00
7.285559682209308274e-01 1.156081391716112705e+02 6.283185307179259382e+00
7.419124960248982825e-01 1.167248227744141786e+02 6.283185307179259382e+00
2.961232151091893972e+00 1.178193309726964912e+02 6.283185307179259382e+00
7.130639948102067693e-01 1.186407072434040799e+02 6.283185307179259382e+00
7.724347875374526495e-01 1.196577189624504314e+02 6.283185307179259382e+00
2.471172698186724581e+00 1.208629643086456298e+02 6.283185307179259382e+00
1.031160664635953461e+00 1.213665086483559747e+02 6.283185307179259382e+00
9.427336795160351501e-01 1.226659517518780831e+02 6.283185307179259382e+00
2.341629611259743893e+00 1.240373899683846304e+02 6.283185307179259382e+00
9.176225507722428620e-01 1.245498777695402026e+02 6.283185307179259382e+00
7.573918574171906171e-01 1.257860107791370012e+02 6.283185307179259382e+00
1.728475438965065836e+00 1.270688090608867356e+02 6.283185307179259382e+00
1.416626645661645645e+00 1.274628501672746665e+02 6.283185307179259382e+00
1.004905682637164510e+00 1.288442073231020402e+02 6.283185307179259382e+00
1.826943665895241820e+00 1.302484316426235011e+02 6.283185307179259382e+00
1.248868203216078943e+00 1.306513615977654013e+02 6.283185307179259382e+00
7.400063940457437539e-01 1.319503150580492559e+02 6.283185307179259382e+00
1.267190217102615257e+00 1.332487289301082001e+02 6.283185307179259382e+00
1.795644851951838428e+00 1.336498715752704527e+02 6.283185307179259382e+00
9.998937989398146708e-01 1.350516928641190759e+02 6.283185307179259382e+00
1.420476969069803586e+00 1.364332190361652977e+02 6.283185307179259382e+00
1.706966260948053815e+00 1.368266820581010563e+02 6.283185307179259382e+00
7.492265866455004586e-01 1.381114614956855178e+02 6.283185307179259382e+00
9.267532601645578350e-01 1.393545404300699886e+02 6.283185307179259382e+00
2.290745539404916542e+00 1.398597874783813495e+02 6.283185307179259382e+00
9.375354906151277534e-01 1.412301078513699224e+02 6.283185307179259382e+00
1.032524566304340974e+00 1.425310262044876026e+02 6.283185307179259382e+00
2.438499498537654020e+00 1.430317342599949484e+02 6.283185307179259382e+00
7.654287560473357344e-01 1.442386777876183714e+02 6.283185307179259382e+00
7.141169217254538237e-01 1.452708952584004010e+02 6.283185307179259382e+00
2.928186910618526984e+00 1.460765749580501165e+02 6.283185307179259382e+00
7.472187775831181655e-01 1.471895482162035762e+02 6.283185307179259382e+00
7.294994263333852702e-01 1.483093741454774204e+02 6.283185307179259382e+00
3.075294741361884299e+00 1.492508383857646095e+02 6.283185307179259382e+00
7.124869875847856804e-01 1.501797201121716512e+02 6.283185307179259382e+00
7.739451237507810610e-01 1.511205587296718420e+02 6.283185307179259382e+00
2.698812898813021111e+00 1.522933849602761711e+02 6.283185307179259382e+00
9.568635134054863656e-01 1.528468571756952770e+02 6.283185307179259382e+00
9.235775283821473502e-01 1.541165227814136358e+02 6.283185307179259382e+00
2.517643616672840423e+00 1.554687531172919535e+02 6.283185307179259382e+00
8.638150577106822325e-01 1.560259567393775342e+02 6.283185307179259382e+00
7.778267219562383650e-01 1.572231677838947519e+02 6.283185307179259382e+00
1.852443999065303215e+00 1.584988063342823921e+02 6.283185307179259382e+00
1.381238669911120542e+00 1.588964173117349503e+02 6.283185307179259382e+00
1.025682043713116887e+00 1.602758493170182703e+02 6.283185307179259382e+00
1.993465413086971116e+00 1.616874217324491951e+02 6.283185307179259382e+00
1.164882403650601805e+00 1.621056393378436269e+02 6.283185307179259382e+00
7.602279096975774753e-01 1.633931207525868388e+02 6.283185307179259382e+00
1.367475850778343549e+00 1.646896990097947651e+02 6.283185307179259382e+00
1.751505959723010042e+00 1.650797796836917257e+02 6.283185307179259382e+00
1.033635600191786796e+00 1.664887651644694415e+02 6.283185307179259382e+00
1.578821234986262922e+00 1.678892524315432695e+02 6.283185307179259382e+00
1.559402775772638083e+00 1.682729268157465867e+02 6.283185307179259382e+00
7.607459551997414193e-01 1.695670259397678308e+02 6.283185307179259382e+00
1.019647566374122905e+00 1.708300597198093556e+02 6.283185307179259382e+00
2.183453228506254451e+00 1.712926405798328631e+02 6.283185307179259382e+00
9.868720743425575259e-01 1.726881128629772491e+02 6.283185307179259382e+00
1.179649613660124885e+00 1.740299461073058183e+02 6.283185307179259382e+00
2.183546459253234762e+00 1.744714041838342382e+02 6.283185307179259382e+00
7.761111698073493992e-01 1.757156712049423390e+02 6.283185307179259382e+00
7.565560386629813783e-01 1.768205879700296634e+02 6.283185307179259382e+00
2.784528924694735341e+00 1.775110157253307364e+02 6.283185307179259382e+00
8.144466524996183399e-01 1.787531602338498828e+02 6.283185307179259382e+00
7.806393391763333245e-01 1.799222876005336218e+02 6.283185307179259382e+00
3.087225024836863785e+00 1.806837323237711530e+02 6.283185307179259382e+00
7.364047904307929882e-01 1.817242096387812467e+02 6.283185307179259382e+00
7.644355118140616634e-01 1.826026925510402350e+02 6.283185307179259382e+00
2.940787542842068447e+00 1.837246428098670776e+02 6.283185307179259382e+00
8.730451419332591056e-01 1.843559228405572981e+02 6.283185307179259382e+00
8.860884637351924553e-01 1.855830022712331981e+02 6.283185307179259382e+00
2.692350516308481989e+00 1.868993053545082716e+02 6.283185307179259382e+00
8.136638783928362706e-01 1.875130749289257039e+02 6.283185307179259382e+00
7.947221623710993832e-01 1.886620632398689565e+02 6.283185307179259382e+00
1.990774414555860572e+00 1.899290332991479602e+02 6.283185307179259382e+00
1.332978289927855498e+00 1.903345318663193098e+02 6.283185307179259382e+00
1.037947936558131223e+00 1.917078860050549167e+02 6.283185307179259382e+00
2.158392360018214440e+00 1.931226063759607428e+02 6.283185307179259382e+00
1.092005926808827354e+00 1.935617905402013434e+02 6.283185307179259382e+00
7.811262912599293839e-01 1.948314531705565003e+02 6.283185307179259382e+00
1.463259997027755110e+00 1.961252859317994535e+02 6.283185307179259382e+00
1.718489111028757232e+00 1.965078282952923416e+02 6.283185307179259382e+00
1.065828578317996378e+00 1.979221870514544719e+02 6.283185307179259382e+00
1.745590698546850339e+00 1.993383052910635627e+02 6.283185307179259382e+00
1.432499210854073723e+00 1.997218822043727471e+02 6.283185307179259382e+00
7.760774215513326357e-01 2.010175572383708129e+02 6.283185307179259382e+00
1.115377593498508846e+00 2.022918835900487409e+02 6.283185307179259382e+00
2.100183482314738281e+00 2.027239421406351028e+02 6.283185307179259382e+00
1.032300721235237528e+00 2.041367110667968632e+02 6.283185307179259382e+00
1.343258669173012398e+00 2.055116754404001256e+02 6.283185307179259382e+00
1.949063516080209446e+00 2.059147442186873889e+02 6.283185307179259382e+00
7.846464556928821610e-01 2.071846235309884605e+02 6.283185307179259382e+00
8.274480360785833044e-01 2.083512753542650273e+02 6.283185307179259382e+00
2.621667458880982071e+00 2.089459145639704900e+02 6.283185307179259382e+00
8.954186279254467973e-01 2.102727735264880948e+02 6.283185307179259382e+00
8.938890483573518342e-01 2.115126191132302154e+02 6.283185307179259382e+00
2.872869906558055408e+00 2.121198184591455629e+02 6.283185307179259382e+00
7.658599866831261593e-01 2.132571701083118683e+02 6.283185307179259382e+00
7.284292141294591572e-01 2.141505495762962994e+02 6.283185307179259382e+00
3.101970786892647158e+00 2.151614490391483230e+02 6.283185307179259382e+00
7.608546669250866312e-01 2.159714111555457805e+02 6.283185307179259382e+00
7.940599546424922384e-01 2.171230722247412075e+02 6.283185307179259382e+00
2.845488575741537574e+00 2.183349436617184551e+02 6.283185307179259382e+00
7.426207847708908849e-01 2.190571385456633493e+02 6.283185307179259382e+00
7.803211330983655936e-01 2.201382236773849570e+02 6.283185307179259382e+00
2.253172013929463979e+00 2.213748862242462678e+02 6.283185307179259382e+00
1.146797183622419780e+00 2.218281589307984234e+02 6.283185307179259382e+00
9.805937559430816242e-01 2.231615098760649687e+02 6.283185307179259382e+00
2.234966383643049781e+00 2.245538228489756989e+02 6.283185307179259382e+00
9.913643444080086908e-01 2.250282255161998819e+02 6.283185307179259382e+00
7.610717190709420654e-01 2.262855008381141033e+02 6.283185307179259382e+00
1.602510033808096646e+00 2.275764478465544869e+02 6.283185307179259382e+00
1.530597163126635518e+00 2.279623586294128472e+02 6.283185307179259382e+00
1.023583421423455153e+00 2.293571115068015729e+02 6.283185307179259382e+00
1.763358974689718028e+00 2.307646313771766415e+02 6.283185307179259382e+00
1.335920137798558338e+00 2.311573035443176707e+02 6.283185307179259382e+00
7.498589889303560740e-01 2.324564188329532612e+02 6.283185307179259382e+00
1.188977225044279828e+00 2.337481293920851613e+02 6.283185307179259382e+00
1.919116188455175731e+00 2.341614514029677423e+02 6.283185307179259382e+00
1.008504661172433758e+00 2.355671083400169437e+02 6.283185307179259382e+00
1.368676677545823894e+00 2.369435521295330602e+02 6.283185307179259382e+00
1.823177629532306110e+00 2.373426044514276896e+02 6.283185307179259382e+00
7.620195119076147439e-01 2.386195596701302861e+02 6.283185307179259382e+00
8.734115057933976578e-01 2.398318215336988999e+02 6.283185307179259382e+00
2.436652349724142130e+00 2.403765061275558708e+02 6.283185307179259382e+00
9.183298695179593629e-01 2.417293780859731953e+02 6.283185307179259382e+00
9.618727700000073710e-01 2.430031387297866559e+02 6.283185307179259382e+00
2.638834222134806229e+00 2.435493047196232794e+02 6.283185307179259382e+00
7.665489546802192189e-01 2.447270182433438208e+02 6.283185307179259382e+00
7.088076797994810052e-01 2.456925535487952175e+02 6.283185307179259382e+00
3.039622220377944384e+00 2.465935611479014824e+02 6.283185307179259382e+00
7.281489033979668957e-01 2.475768659495827535e+02 6.283185307179259382e+00
7.376996689230314042e-01 2.486914931810100029e+02 6.283185307179259382e+00
2.977989796463873073e+00 2.497682331094561050e+02 6.283185307179259382e+00
7.114473371664949974e-01 2.506031934941555619e+02 6.283185307179259382e+00
7.725322638137361864e-01 2.516105977354153254e+02 6.283185307179259382e+00
2.499997765230081992e+00 2.528118787189412444e+02 6.283185307179259382e+00
1.020357251064901050e+00 2.533216228256698344e+02 6.283185307179259382e+00
9.399352463710597405e-01 2.546172374000174159e+02 6.283185307179259382e+00
2.362350980905131959e+00 2.559863458844129411e+02 6.283185307179259382e+00
9.096275378348613883e-01 2.565043396451314379e+02 6.283185307179259382e+00
7.592200144328405953e-01 2.577362020243944585e+02 6.283185307179259382e+00
1.745031885692508222e+00 2.590179384569156582e+02 6.283185307179259382e+00
1.409009909361510493e+00 2.594126827646834954e+02 6.283185307179259382e+00
1.006199466323084879e+00 2.607933579492548120e+02 6.283185307179259382e+00
1.844760512605837732e+00 2.621982006190092989e+02 6.283185307179259382e+00
1.237178452647470284e+00 2.626027860813521215e+02 6.283185307179259382e+00
7.413763940930268026e-01 2.639009242148642329e+02 6.283185307179259382e+00
1.279874584316168740e+00 2.651994130937521845e+02 6.283185307179259382e+00
1.785950646949971743e+00 2.655989811826580649e+02 6.283185307179259382e+00
1.002512603333665320e+00 2.670013093412765102e+02 6.283185307179259382e+00
1.436421334172338415e+00 2.683848384565379206e+02 6.283185307179259382e+00
1.688210973869766596e+00 2.687768351154586526e+02 6.283185307179259382e+00
7.495674498863968971e-01 2.700630593235847527e+02 6.283185307179259382e+00
9.371917062276499122e-01 2.713094645187910601e+02 6.283185307179259382e+00
2.274206053784946224e+00 2.718088596687961740e+02 6.283185307179259382e+00
9.427222186660146885e-01 2.731823823501488278e+02 6.283185307179259382e+00
1.047816399222806005e+00 2.744882624277120158e+02 6.283185307179259382e+00
2.407364206810737706e+00 2.749811760751848055e+02 6.283185307179259382e+00
7.663736236559179904e-01 2.761930095694074794e+02 6.283185307179259382e+00
7.173018247001013981e-01 2.772345764651417994e+02 6.283185307179259382e+00
2.911522959459254878e+00 2.780256722352532393e+02 6.283185307179259382e+00
7.533825437720028662e-01 2.791566059676309237e+02 6.283185307179259382e+00
7.320346872380705250e-01 2.802801381868227963e+02 6.283185307179259382e+00
3.086981003484893904e+00 2.811997451193345796e+02 6.283185307179259382e+00
7.145196271926319564e-01 2.821425970019711826e+02 6.283185307179259382e+00
7.744295177097219041e-01 2.830733710250343051e+02 6.283185307179259382e+00
2.728599372209646656e+00 2.842419098350292757e+02 6.283185307179259382e+00
9.492893889401673446e-01 2.848017456088288668e+02 6.283185307179259382e+00
9.218601899588643178e-01 2.860677659871026890e+02 6.283185307179259382e+00
2.543361988292734743e+00 2.874175031535353924e+02 6.283185307179259382e+00
8.585445940287955713e-01 2.879805826453221016e+02 6.283185307179259382e+00
7.818406429169217908e-01 2.891717430846005641e+02 6.283185307179259382e+00
1.866666665117248103e+00 2.904468005457184745e+02 6.283185307179259382e+00
1.382118968396474301e+00 2.908442399328949364e+02 6.283185307179259382e+00
1.030908849757916190e+00 2.922242976551685274e+02 6.283185307179259382e+00
2.021497986354850340e+00 2.936374692049647592e+02 6.283185307179259382e+00
1.155395237332050851e+00 2.940580938162923417e+02 6.283185307179259382e+00
7.650808744762980229e-01 2.953429266840344667e+02 6.283185307179259382e+00
1.380254945755734042e+00 2.966388498362971973e+02 6.283185307179259382e+00
1.753284013620193926e+00 2.970275811654464633e+02 6.283185307179259382e+00
1.041364729976986370e+00 2.984383668858930605e+02 6.283185307179259382e+00
1.608112036149366819e+00 2.998422102783633250e+02 6.283185307179259382e+00
1.539252739126264036e+00 3.002249817227716449e+02 6.283185307179259382e+00
7.644352128708143956e-01 3.015197372779030047e+02 6.283185307179259382e+00
1.034306864684141791e+00 3.027842564758390722e+02 6.283185307179259382e+00
2.174540854407034818e+00 3.032416604084860978e+02 6.283185307179259382e+00
9.959167986537156292e-01 3.046407871905483944e+02 6.283185307179259382e+00
1.206433118505218172e+00 3.059887989100324148e+02 6.283185307179259382e+00
2.146098964591970581e+00 3.064224573354201198e+02 6.283185307179259382e+00
7.785368661319790329e-01 3.076716696836496112e+02 6.283185307179259382e+00
7.660196275773006880e-01 3.087861404017647828e+02 6.283185307179259382e+00
2.763559226589594964e+00 3.094607025711971460e+02 6.283185307179259382e+00
8.270479778941862703e-01 3.107185398880313301e+02 6.283185307179259382e+00
7.944317687938466932e-01 3.118978886861708588e+02 6.283185307179259382e+00
3.070944556854176000e+00 3.126333765743944468e+02 6.283185307179259382e+00
7.411647925368489709e-01 3.136898098711444618e+02 6.283185307179259382e+00
7.604551604685250155e-01 3.145639792681431004e+02 6.283185307179259382e+00
2.974790653215550140e+00 3.156742549100394513e+02 6.283185307179259382e+00
8.567445402557500866e-01 3.163238520109754290e+02 6.283185307179259382e+00
8.756709331721634904e-01 3.175417043408700692e+02 6.283185307179259382e+00
2.713525550809595899e+00 3.188485440808468070e+02 6.283185307179259382e+00
8.042694241712177172e-01 3.194736321459429860e+02 6.283185307179259382e+00
7.941201597753614339e-01 3.206149472303612811e+02 6.283185307179259382e+00
2.019158210981944368e+00 3.218793706215333259e+02 6.283185307179259382e+00
1.313364028480421108e+00 3.222886025461085069e+02 6.283185307179259382e+00
1.033331202472222543e+00 3.236584007300465373e+02 6.283185307179259382e+00
2.170845869073146694e+00 3.250714666259842716e+02 6.283185307179259382e+00
1.080439294304429199e+00 3.255142569036611917e+02 6.283185307179259382e+00
7.800878743112964475e-01 3.267822605491132890e+02 6.283185307179259382e+00
1.478491234597021586e+00 3.280760927011583590e+02 6.283185307179259382e+00
1.700515717583005681e+00 3.284582488994703908e+02 6.283185307179259382e+00
1.063546662604201387e+00 3.298712363323259638e+02 6.283185307179259382e+00
1.753911328265847835e+00 3.312872605926132792e+02 6.283185307179259382e+00
1.419594484169687476e+00 3.316717070665337133e+02 6.283185307179259382e+00
7.745548921277808363e-01 3.329675739188481884e+02 6.283185307179259382e+00
1.125374311835372065e+00 3.342439644589954355e+02 6.283185307179259382e+00
2.081765952122669017e+00 3.346731398080546569e+02 6.283185307179259382e+00
1.032506709152969604e+00 3.360860819854112265e+02 6.283185307179259382e+00
1.353377804415150543e+00 3.374625965235591707e+02 6.283185307179259382e+00
1.928431321503329965e+00 3.378639480426614909e+02 6.283185307179259382e+00
7.832568146532538078e-01 3.391353445386269527e+02 6.283185307179259382e+00
8.348669915444302259e-01 3.403084710513857090e+02 6.283185307179259382e+00
2.599115951344078468e+00 3.408948439029673523e+02 6.283185307179259382e+00
9.015390539366517908e-01 3.422273604990595572e+02 6.283185307179259382e+00
9.062546740546810753e-01 3.434736372736796852e+02 6.283185307179259382e+00
2.839379413758214454e+00 3.440688938094147602e+02 6.283185307179259382e+00
7.675714815115669554e-01 3.452139970110466720e+02 6.283185307179259382e+00
7.245522358233779103e-01 3.461153891264190179e+02 6.283185307179259382e+00
3.103699381992639506e+00 3.471107403007670769e+02 6.283185307179259382e+00
7.521049441787174272e-01 3.479460054264904443e+02 6.283185307179259382e+00
7.836325520515196041e-01 3.490897675476089148e+02 6.283185307179259382e+00
2.865601647409403707e+00 3.502844061975189902e+02 6.283185307179259382e+00
7.359828582504587269e-01 3.510224154093907600e+02 6.283185307179259382e+00
7.788240347208305048e-01 3.520933367809010406e+02 6.283185307179259382e+00
2.288894404251152093e+00 3.533252014519020463e+02 6.283185307179259382e+00
1.125675098214368175e+00 3.537861314822462191e+02 6.283185307179259382e+00
9.738290078585647436e-01 3.551139643935831600e+02 6.283185307179259382e+00
2.249863067545695650e+00 3.565030302091108751e+02 6.283185307179259382e+00
9.784695700467845869e-01 3.569831273006635683e+02 6.283185307179259382e+00
7.596466280644039726e-01 3.582376832781534972e+02 6.283185307179259382e+00
1.622612418879756158e+00 3.595275424339552046e+02 6.283185307179259382e+00
1.509210252252900952e+00 3.599145458061822183e+02 6.283185307179259382e+00
1.019397640405107497e+00 3.613068779580425485e+02 6.283185307179259382e+00
1.770560906425105996e+00 3.627136022649269194e+02 6.283185307179259382e+00
1.321753490013828802e+00 3.631077392730049951e+02 6.283185307179259382e+00
7.473827235042056483e-01 3.644070997892841319e+02 6.283185307179259382e+00
1.200730360825939869e+00 3.657003955359874681e+02 6.283185307179259382e+00
1.896749033806348850e+00 3.661114899292716700e+02 6.283185307179259382e+00
1.006170903261311977e+00 3.675163278166124883e+02 6.283185307179259382e+00
1.374765376305741027e+00 3.688933086282351610e+02 6.283185307179259382e+00
1.804784732176835993e+00 3.692915770952105845e+02 6.283185307179259382e+00
7.593923489270208993e-01 3.705697034621649664e+02 6.283185307179259382e+00
8.810621800688602789e-01 3.717875465680141360e+02 6.283185307179259382e+00
2.411804853001404236e+00 3.723256080867971605e+02 6.283185307179259382e+00
9.212740968164827571e-01 3.736815073982659214e+02 6.283185307179259382e+00
9.722652517264507299e-01 3.749597150062973014e+02 6.283185307179259382e+00
2.606254977643601478e+00 3.754982188888423593e+02 6.283185307179259382e+00
7.663712847094246161e-01 3.766808971246744591e+02 6.283185307179259382e+00
7.082226807374588651e-01 3.776572117338848784e+02 6.283185307179259382e+00
3.024174870905122159e+00 3.785426880235955309e+02 6.283185307179259382e+00
7.287536133917574821e-01 3.795486372150551801e+02 6.283185307179259382e+00
7.337599918121062714e-01 3.806617409007686206e+02 6.283185307179259382e+00
2.997282657691748398e+00 3.817174223785978597e+02 6.283185307179259382e+00
7.102364419280344787e-01 3.825680449409597372e+02 6.283185307179259382e+00
7.729092124140979347e-01 3.835641546759715652e+02 6.283185307179259382e+00
2.533098806712171136e+00 3.847609725635484210e+02 6.283185307179259382e+00
1.009024160482427046e+00 3.852776371027023856e+02 6.283185307179259382e+00
9.372564650516695961e-01 3.865690417561874028e+02 6.283185307179259382e+00
2.387655870692718452e+00 3.879355958435864409e+02 6.283185307179259382e+00
9.010559656092937963e-01 3.884599589607931875e+02 6.283185307179259382e+00
7.619285717453124773e-01 3.896865289792896760e+02 6.283185307179259382e+00
1.763664382107172690e+00 3.909671345081999334e+02 6.283185307179259382e+00
1.402426184636782036e+00 3.913624903697562445e+02 6.283185307179259382e+00
1.008737474048426508e+00 3.927427196231008111e+02 6.283185307179259382e+00
1.867722174243983568e+00 3.941485598801594961e+02 6.283185307179259382e+00
1.224040483612889751e+00 3.945551544752238442e+02 6.283185307179259382e+00
7.437458313917406638e-01 3.958520481263385022e+02 6.283185307179259382e+00
1.294806795622509554e+00 3.971504269351960374e+02 6.283185307179259382e+00
1.777122327954447023e+00 3.975482134764816919e+02 6.283185307179259382e+00
1.006670621508835683e+00 3.989514289286574922e+02 6.283185307179259382e+00
1.457489523694813993e+00 4.003376167957318330e+02 6.283185307179259382e+00
1.666066851289401463e+00 4.007278485859617376e+02 6.283185307179259382e+00
7.506343619972479786e-01 4.020157395278022250e+02 6.283185307179259382e+00
9.501319095745661691e-01 4.032656469578672613e+02 6.283185307179259382e+00
2.256502457338145806e+00 4.037582923390495466e+02 6.283185307179259382e+00
9.495146619045633507e-01 4.051356943267327324e+02 6.283185307179259382e+00
1.067406562085262856e+00 4.064476293133891431e+02 6.283185307179259382e+00
2.370282993414892569e+00 4.069312597645754863e+02 6.283185307179259382e+00
7.678058726365516451e-01 4.081489037182321908e+02 6.283185307179259382e+00
7.218833137854540061e-01 4.092013107010705539e+02 6.283185307179259382e+00
2.891834944447060352e+00 4.099752012166794657e+02 6.283185307179259382e+00
7.616405775299862624e-01 4.111267316664670375e+02 6.283185307179259382e+00
7.363966496821456875e-01 4.122556055632232415e+02 6.283185307179259382e+00
3.098336857265572064e+00 4.131490256610430833e+02 6.283185307179259382e+00
7.173964083134602987e-01 4.141083277977264743e+02 6.283185307179259382e+00
7.747093870199001087e-01 4.150275997424539014e+02 6.283185307179259382e+00
2.763908578053975162e+00 4.161907484405180071e+02 6.283185307179259382e+00
9.400287927462793736e-01 4.167585824974911475e+02 6.283185307179259382e+00
9.193816497866472703e-01 4.180200494623297232e+02 6.283185307179259382e+00
2.573169391895104408e+00 4.193665330395886599e+02 6.283185307179259382e+00
8.524289877303070639e-01 4.199366677494486453e+02 6.283185307179259382e+00
7.864153267450496587e-01 4.211206145152837621e+02 6.283185307179259382e+00
1.883330867421565857e+00 4.223949858171436631e+02 6.283185307179259382e+00
1.382852711730127471e+00 4.227922750779831631e+02 6.283185307179259382e+00
1.036817233236302149e+00 4.241729891699173436e+02 6.283185307179259382e+00
2.054273911226734306e+00 4.255879322133014853e+02 6.283185307179259382e+00
1.144601654983673500e+00 4.260115009323703816e+02 6.283185307179259382e+00
7.708104193457988584e-01 4.272930449357186262e+02 6.283185307179259382e+00
1.394792263848681380e+00 4.285882009898824094e+02 6.283185307179259382e+00
1.755948928941185594e+00 4.289754162694860042e+02 6.283185307179259382e+00
1.050478857637882735e+00 4.303883001415750300e+02 6.283185307179259382e+00
1.643033022983632963e+00 4.317960070299115500e+02 6.283185307179259382e+00
1.516105115229581246e+00 4.321780435067508392e+02 6.283185307179259382e+00
7.689406143491376300e-01 4.334732714112172971e+02 6.283185307179259382e+00
1.051531085873143700e+00 4.347393153797537479e+02 6.283185307179259382e+00
2.164961176100085982e+00 4.351909696400061875e+02 6.283185307179259382e+00
1.006576917919859371e+00 4.365942064307564010e+02 6.283185307179259382e+00
1.238836855904173806e+00 4.379493067362875536e+02 6.283185307179259382e+00
2.102268605798892409e+00 4.383744128014267858e+02 6.283185307179259382e+00
7.813773566464239373e-01 4.396290882454947564e+02 6.283185307179259382e+00
7.780644863404275746e-01 4.407545461694613778e+02 6.283185307179259382e+00
2.738303240644887726e+00 4.414109132925820518e+02 6.283185307179259382e+00
8.423482901392538302e-01 4.426861113285258966e+02 6.283185307179259382e+00
8.127415530880521821e-01 4.438781169633685977e+02 6.283185307179259382e+00
3.044389073936968337e+00 4.445836633693272688e+02 6.283185307179259382e+00
7.469697936635244506e-01 4.456586330135261278e+02 6.283185307179259382e+00
7.548743530377354238e-01 4.465301655586076777e+02 6.283185307179259382e+00
3.012737314073573369e+00 4.476245627416043362e+02 6.283185307179259382e+00
8.363928838166925228e-01 4.482993038130152854e+02 6.283185307179259382e+00
8.614734094561632416e-01 4.495050302658285659e+02 6.283185307179259382e+00
2.738212514359271932e+00 4.507984283726985950e+02 6.283185307179259382e+00
7.922548656915807674e-01 4.514387328367362784e+02 6.283185307179259382e+00
7.923657282577536431e-01 4.525702736108567024e+02 6.283185307179259382e+00
2.057291007462257681e+00 4.538309125959107178e+02 6.283185307179259382e+00
1.285278451820750512e+00 4.542459514416916022e+02 6.283185307179259382e+00
1.025480340878467622e+00 4.556103636519718521e+02 6.283185307179259382e+00
2.182590131945612022e+00 4.570206195590963034e+02 6.283185307179259382e+00
1.065480045867575498e+00 4.574681392941433273e+02 6.283185307179259382e+00
7.773753430653210783e-01 4.587344557223553352e+02 6.283185307179259382e+00
1.498342422197417978e+00 4.600282852070006356e+02 6.283185307179259382e+00
1.673336617985259345e+00 4.604103301106910067e+02 6.283185307179259382e+00
1.058151526021466449e+00 4.618208007107897970e+02 6.283185307179259382e+00
1.758235431514267644e+00 4.632358842577675659e+02 6.283185307179259382e+00
1.405031145122930925e+00 4.636215500244784948e+02 6.283185307179259382e+00
7.711580442680320280e-01 4.649178504303287696e+02 6.283185307179259382e+00
1.136496021844952242e+00 4.661970335641177599e+02 6.283185307179259382e+00
2.055834934700846883e+00 4.666230380273782998e+02 6.283185307179259382e+00
1.030247178507360140e+00 4.680353824279711716e+02 6.283185307179259382e+00
1.360040372726539992e+00 4.694126881060953451e+02 6.283185307179259382e+00
1.907507549319649387e+00 4.698129497403291452e+02 6.283185307179259382e+00
7.804562900416377458e-01 4.710856474186123251e+02 6.283185307179259382e+00
8.423943191024536592e-01 4.722661298561573062e+02 6.283185307179259382e+00
2.571464224812241905e+00 4.728439973875741202e+02 6.283185307179259382e+00
9.066768099881036269e-01 4.741816723096213764e+02 6.283185307179259382e+00
9.184051674555573364e-01 4.754341919617845065e+02 6.283185307179259382e+00
2.801709844311987219e+00 4.760180603601676239e+02 6.283185307179259382e+00
7.685529806866090441e-01 4.771706528899930504e+02 6.283185307179259382e+00
7.204947590716324068e-01 4.780824201198936976e+02 6.283185307179259382e+00
3.100135755683108840e+00 4.790602636408223134e+02 6.283185307179259382e+00
7.439320688635314704e-01 4.799239299561475605e+02 6.283185307179259382e+00
7.726774288494748788e-01 4.810597623515818668e+02 6.283185307179259382e+00
2.887329427907951551e+00 4.822341466036702400e+02 6.283185307179259382e+00
7.293409962207585417e-01 4.829901110271810580e+02 6.283185307179259382e+00
7.771262884309604324e-01 4.840495470231148261e+02 6.283185307179259382e+00
2.328970685213919811e+00 4.852758067339692616e+02 6.283185307179259382e+00
1.102737788311283884e+00 4.857457169224415452e+02 6.283185307179259382e+00
9.663015699437237371e-01 4.870672598560056485e+02 6.283185307179259382e+00
2.267247564737523646e+00 4.884525357817576605e+02 6.283185307179259382e+00
9.642847705789804325e-01 4.889392734063214334e+02 6.283185307179259382e+00
7.582477965867843173e-01 4.901905286960196690e+02 6.283185307179259382e+00
1.645449273215178199e+00 4.914790184394627772e+02 6.283185307179259382e+00
1.485934670557325532e+00 4.918674340707547685e+02 6.283185307179259382e+00
1.014899326001890589e+00 4.932570517039676474e+02 6.283185307179259382e+00
1.779339342829973081e+00 4.946629029845407786e+02 6.283185307179259382e+00
1.305862505894443304e+00 4.950587714993151280e+02 6.283185307179259382e+00
7.447835678685438277e-01 4.963583425243476768e+02 6.283185307179259382e+00
1.214212170759672027e+00 4.976532255513245673e+02 6.283185307179259382e+00
1.872146449443472749e+00 4.980619616280852142e+02 6.283185307179259382e+00
1.003622903040676029e+00 4.994658633517187809e+02 6.283185307179259382e+00
1.381847297704023925e+00 5.008434460887190767e+02 6.283185307179259382e+00
1.784271891024865164e+00 5.012408645837887775e+02 6.283185307179259382e+00
7.565084598364621993e-01 5.025203060572772529e+02 6.283185307179259382e+00
8.898499842692607631e-01 5.037441638579988421e+02 6.283185307179259382e+00
2.384213446769450240e+00 5.042750073213427981e+02 6.283185307179259382e+00
9.243428893915900391e-01 5.056340566499493434e+02 6.283185307179259382e+00
9.838805151939664650e-01 5.069170565969267273e+02 6.283185307179259382e+00
2.570189738802308721e+00 5.074473819082385830e+02 6.283185307179259382e+00
7.660194226536795048e-01 5.086353524938970736e+02 6.283185307179259382e+00
7.081651861949108673e-01 5.096238029610208287e+02 6.283185307179259382e+00
3.005240611783299709e+00 5.104920683715199630e+02 6.283185307179259382e+00
7.306198892035628001e-01 5.115224438252017762e+02 6.283185307179259382e+00
7.305187875427933131e-01 5.126349635932331239e+02 6.283185307179259382e+00
3.017188675914552753e+00 5.136668104189021733e+02 6.283185307179259382e+00
7.095578651586886831e-01 5.145346219443277960e+02 6.283185307179259382e+00
7.732748167983094500e-01 5.155183956200869488e+02 6.283185307179259382e+00
2.569395219826237309e+00 5.167102129094749898e+02 6.283185307179259382e+00
9.970010657530576914e-01 5.172346099756703097e+02 6.283185307179259382e+00
9.343305402024532080e-01 5.185213604275343187e+02 6.283185307179259382e+00
2.415713339734951948e+00 5.198850121875980221e+02 6.283185307179259382e+00
8.921184035533999968e-01 5.204164378377134881e+02 6.283185307179259382e+00
7.650984309868712474e-01 5.216369736362363483e+02 6.283185307179259382e+00
1.783770185382167917e+00 5.229163882637682264e+02 6.283185307179259382e+00
1.396174869880833391e+00 5.233123598939241674e+02 6.283185307179259382e+00
1.011870296134932401e+00 5.246922145686778549e+02 6.283185307179259382e+00
1.893755921037177714e+00 5.260992112612294704e+02 6.283185307179259382e+00
1.210148144087522137e+00 5.265081312568281646e+02 6.283185307179259382e+00
7.467047367932078128e-01 5.278034230606311894e+02 6.283185307179259382e+00
1.311081205251509063e+00 5.291015696171714353e+02 6.283185307179259382e+00
1.768856900615676908e+00 5.294975093861621644e+02 6.283185307179259382e+00
1.011692739889757942e+00 5.309017939888713045e+02 6.283185307179259382e+00
1.481745793673629796e+00 5.322909714620018349e+02 6.283185307179259382e+00
1.642124508840723696e+00 5.326794265589691122e+02 6.283185307179259382e+00
7.521569289023614102e-01 5.339690046575453835e+02 6.283185307179259382e+00
9.646957892842430438e-01 5.352223993246004738e+02 6.283185307179259382e+00
2.238254185911318750e+00 5.357079384299039475e+02 6.283185307179259382e+00
9.571821764888847062e-01 5.370894705231697799e+02 6.283185307179259382e+00
1.089862336356232309e+00 5.384079987921589918e+02 6.283185307179259382e+00
2.329596014384378577e+00 5.388817860032357885e+02 6.283185307179259382e+00
7.694443096036938101e-01 5.401056041588117296e+02 6.283185307179259382e+00
7.277778882039480646e-01 5.411697912548885370e+02 6.283185307179259382e+00
2.869471635398979981e+00 5.419250128237846411e+02 6.283185307179259382e+00
7.716538822362545291e-01 5.430981353585361830e+02 6.283185307179259382e+00
7.428089012325120866e-01 5.442339860536613969e+02 6.283185307179259382e+00
3.106089149518591164e+00 5.450985491861758874e+02 6.283185307179259382e+00
7.209374860776027738e-01 5.460757396333667657e+02 6.283185307179259382e+00
7.741959506212502395e-01 5.469834806672099603e+02 6.283185307179259382e+00
2.802663516659153586e+00 5.481398946826261636e+02 6.283185307179259382e+00
9.284548229054266910e-01 5.487178487373984126e+02 6.283185307179259382e+00
9.152691169827273932e-01 5.499736029753867115e+02 6.283185307179259382e+00
2.603391409641051091e+00 5.513157049705996542e+02 6.283185307179259382e+00
8.453247833604248251e-01 5.518939417702512173e+02 6.283185307179259382e+00
7.904440209765205561e-01 5.530701653574907368e+02 6.283185307179259382e+00
1.902536976469738628e+00 5.543435942122659981e+02 6.283185307179259382e+00
1.380406856349770228e+00 5.547412095753525136e+02 6.283185307179259382e+00
1.041470732938100552e+00 5.561220055764870267e+02 6.283185307179259382e+00
2.086210489925872658e+00 5.575383001928192925e+02 6.283185307179259382e+00
1.133194842441460626e+00 5.579651461143537290e+02 6.283185307179259382e+00
7.759844755286319229e-01 5.592432999803252187e+02 6.283185307179259382e+00
1.409882162635904823e+00 5.605377870824702313e+02 6.283185307179259382e+00
1.756343450884580770e+00 5.609235451205854588e+02 6.283185307179259382e+00
1.058676772504232311e+00 5.623381932852589671e+02 6.283185307179259382e+00
1.677146139605556030e+00 5.637494250920240120e+02 6.283185307179259382e+00
1.493135718446473748e+00 5.641311641035811135e+02 6.283185307179259382e+00
7.730649009829158036e-01 5.654265959670216262e+02 6.283185307179259382e+00
1.068881296998295927e+00 5.666942173756270904e+02 6.283185307179259382e+00
2.154209128542292628e+00 5.671403438083650599e+02 6.283185307179259382e+00
1.016637182118226068e+00 5.685473176119961636e+02 6.283185307179259382e+00
1.271407037874304979e+00 5.699091354411103794e+02 6.283185307179259382e+00
2.058444255762652997e+00 5.703265143465038136e+02 6.283185307179259382e+00
7.838466667255789000e-01 5.715862112387808338e+02 6.283185307179259382e+00
7.910825894451153362e-01 5.727227052278442443e+02 6.283185307179259382e+00
2.711053833392916612e+00 5.733612163879308810e+02 6.283185307179259382e+00
8.579762421394706573e-01 5.746526839573069765e+02 6.283185307179259382e+00
8.333713485631978335e-01 5.758579670839520759e+02 6.283185307179259382e+00
3.008677134898383621e+00 5.765341840108387714e+02 6.283185307179259382e+00
7.528558543674892523e-01 5.776274960931231135e+02 6.283185307179259382e+00
7.482793792153838996e-01 5.784996306892976463e+02 6.283185307179259382e+00
3.047301462347217882e+00 5.795751760531601349e+02 6.283185307179259382e+00
8.148426769326426733e-01 5.802800890872457558e+02 6.283185307179259382e+00
8.449157859384446301e-01 5.814721023124003523e+02 6.283185307179259382e+00
2.763920389216775408e+00 5.827486945806622316e+02 6.283185307179259382e+00
7.790485027513440741e-01 5.834070670764115221e+02 6.283185307179259382e+00
7.895497451006048273e-01 5.845274701932564767e+02 6.283185307179259382e+00
2.102115058647574752e+00 5.857831875866413611e+02 6.283185307179259382e+00
1.251424302597316185e+00 5.862059906086243473e+02 6.283185307179259382e+00
1.014970068166276995e+00 5.875635101821164881e+02 6.283185307179259382e+00
2.192845834484402179e+00 5.889699197067707246e+02 6.283185307179259382e+00
1.048264333843542007e+00 5.894230477972229210e+02 6.283185307179259382e+00
7.732036322813217177e-01 5.906877380561290920e+02 6.283185307179259382e+00
1.521449215152046897e+00 5.919814076647847969e+02 6.283185307179259382e+00
1.639149571034025588e+00 5.923638050203167040e+02 6.283185307179259382e+00
1.049937521536247864e+00 5.937707330497654539e+02 6.283185307179259382e+00
1.758051936985610020e+00 5.951840535516867021e+02 6.283185307179259382e+00
1.389778655258916196e+00 5.955712026442424758e+02 6.283185307179259382e+00
7.660584997137591667e-01 5.968681810966459125e+02 6.283185307179259382e+00
1.147883378591773473e+00 5.981506152156456437e+02 6.283185307179259382e+00
2.024149386819050545e+00 5.985734688677838449e+02 6.283185307179259382e+00
1.025430306655871204e+00 5.999844021019816864e+02 6.283185307179259382e+00
1.362108640841088736e+00 6.013615823018734545e+02 6.283185307179259382e+00
1.888148892170317561e+00 6.017615112653414826e+02 6.283185307179259382e+00
7.763211016713633672e-01 6.030351753444706446e+02 6.283185307179259382e+00
8.492500739787313124e-01 6.042232851228043273e+02 6.283185307179259382e+00
2.540719433483113576e+00 6.047931937585150308e+02 6.283185307179259382e+00
9.100631526383314851e-01 6.061349581784463680e+02 6.283185307179259382e+00
9.287842305800709797e-01 6.073928151611236217e+02 6.283185307179259382e+00
2.763710442311090087e+00 6.079670708156717183e+02 6.283185307179259382e+00
7.685368267625075633e-01 6.091260912782576042e+02 6.283185307179259382e+00
7.167235944149336069e-01 6.100496757513761850e+02 6.283185307179259382e+00
3.090889926140166111e+00 6.110097698396012902e+02 6.283185307179259382e+00
7.373767775674214819e-01 6.119019955392959673e+02 6.283185307179259382e+00
7.624907124448779827e-01 6.130309158678271615e+02 6.283185307179259382e+00
2.908085251106883540e+00 6.141838756276140430e+02 6.283185307179259382e+00
7.234726335434004119e-01 6.149581521009665721e+02 6.283185307179259382e+00
7.753321611706156524e-01 6.160059962557522795e+02 6.283185307179259382e+00
2.369396988825500650e+00 6.172263297730278282e+02 6.283185307179259382e+00
1.080242361314785571e+00 6.177057715371133781e+02 6.283185307179259382e+00
9.586715904842129099e-01 6.190208212523984912e+02 6.283185307179259382e+00
2.285286142221965466e+00 6.204020706880961598e+02 6.283185307179259382e+00
9.502512502759652424e-01 6.208957862946639352e+02 6.283185307179259382e+00
7.569735437164444303e-01 6.221434660262533498e+02 6.283185307179259382e+00
1.668814924639063335e+00 6.234304194818051883e+02 6.283185307179259382e+00
1.462980696633886302e+00 6.238204760766769823e+02 6.283185307179259382e+00
1.010449743553450741e+00 6.252073175306438770e+02 6.283185307179259382e+00
1.788662583416664953e+00 6.266122688525505282e+02 6.283185307179259382e+00
1.289883646674777840e+00 6.270099861100310363e+02 6.283185307179259382e+00
7.422790085130440696e-01 6.283097084396971468e+02 6.283185307179259382e+00
1.228066182245270310e+00 6.296060081749906203e+02 6.283185307179259382e+00
1.847687967132551456e+00 6.300125269653233318e+02 6.283185307179259382e+00
1.001021952597210163e+00 6.314154339305268877e+02 6.283185307179259382e+00
1.389015963675506171e+00 6.327935804137688365e+02 6.283185307179259382e+00
1.763842976333857893e+00 6.331902076600269993e+02 6.283185307179259382e+00
7.536171766601423849e-01 6.344709577301872514e+02 6.283185307179259382e+00
8.988478906404507862e-01 6.357006222776011555e+02 6.283185307179259382e+00
2.356650998495021909e+00 6.362244502675487183e+02 6.283185307179259382e+00
9.271059550525180271e-01 6.375863840897483215e+02 6.283185307179259382e+00
9.953760253700728589e-01 6.388739577661780231e+02 6.283185307179259382e+00
2.534539564219294938e+00 6.393965466234448058e+02 6.283185307179259382e+00
7.654672295496931511e-01 6.405895257468235968e+02 6.283185307179259382e+00
7.087056369125365185e-01 6.415901910759722568e+02 6.283185307179259382e+00
2.984588319545375956e+00 6.424414418617021738e+02 6.283185307179259382e+00
7.335927605189458411e-01 6.434952354411944953e+02 6.283185307179259382e+00
7.284738688599925460e-01 6.446083142075871137e+02 6.283185307179259382e+00
3.034705452977862983e+00 6.456161255766896829e+02 6.283185307179259382e+00
7.094696834338583002e-01 6.465007610008357233e+02 6.283185307179259382e+00
7.733904085710431309e-01 6.474727129875160472e+02 6.283185307179259382e+00
2.604971700544713276e+00 6.486593845172304782e+02 6.283185307179259382e+00
9.851546826375322530e-01 6.491917443280692623e+02 6.283185307179259382e+00
9.311334300873225223e-01 6.504737442700204610e+02 6.283185307179259382e+00
2.442759167767803774e+00 6.518343032450000010e+02 6.283185307179259382e+00
8.836398480503768749e-01 6.523727626074288537e+02 6.283185307179259382e+00
7.681137245387845702e-01 6.535872755527504978e+02 6.283185307179259382e+00
1.803318306563051809e+00 6.548655279803545000e+02 6.283185307179259382e+00
1.390063535294408847e+00 6.552621622408363464e+02 6.283185307179259382e+00
1.014777367542523123e+00 6.566415949101414071e+02 6.283185307179259382e+00
1.918946516312521222e+00 6.580496315302417543e+02 6.283185307179259382e+00
1.197077903610058947e+00 6.584609409323663840e+02 6.283185307179259382e+00
7.496228419725554648e-01 6.597545173814856980e+02 6.283185307179259382e+00
1.326688981181141758e+00 6.610523947677464776e+02 6.283185307179259382e+00
1.761319858998201093e+00 6.614466623286649565e+02 6.283185307179259382e+00
1.016551331322699259e+00 6.628519404157875670e+02 6.283185307179259382e+00
1.505431731475226131e+00 6.642439297735725177e+02 6.283185307179259382e+00
1.619530587769842711e+00 6.646309139920973621e+02 6.283185307179259382e+00
7.537311534475235053e-01 6.659219444605326998e+02 6.283185307179259382e+00
9.789046675131136688e-01 6.671784473354674674e+02 6.283185307179259382e+00
2.221237167600492501e+00 6.676574620849776238e+02 6.283185307179259382e+00
9.644756318236764603e-01 6.690427422497065209e+02 6.283185307179259382e+00
1.111957032251271071e+00 6.703674352269206338e+02 6.283185307179259382e+00
2.290628365376236708e+00 6.708322647729676191e+02 6.283185307179259382e+00
7.709311980005477682e-01 6.720617315739547166e+02 6.283185307179259382e+00
7.342281580571659028e-01 6.731371873919845257e+02 6.283185307179259382e+00
2.846892875971923864e+00 6.738747382007995839e+02 6.283185307179259382e+00
7.820329221693970156e-01 6.750675490792308437e+02 6.283185307179259382e+00
7.505479383078712541e-01 6.762111063425347766e+02 6.283185307179259382e+00
3.107978818834883139e+00 6.770479990875572867e+02 6.283185307179259382e+00
7.246027025149351930e-01 6.780422214045563578e+02 6.283185307179259382e+00
7.726585793878566477e-01 6.789403229167451173e+02 6.283185307179259382e+00
2.839863073495576984e+00 6.800891294383291097e+02 6.283185307179259382e+00
9.154126443048086204e-01 6.806787055810375477e+02 6.283185307179259382e+00
9.094733638926001396e-01 6.819279905885011885e+02 6.283185307179259382e+00
2.629315173658138161e+00 6.832647622067078146e+02 6.283185307179259382e+00
8.377380092040158654e-01 6.838513950491533251e+02 6.283185307179259382e+00
7.929161030877880378e-01 6.850204527530099767e+02 6.283185307179259382e+00
1.922969767162979959e+00 6.862926389924567729e+02 6.283185307179259382e+00
1.373049300336334211e+00 6.866913555678349894e+02 6.283185307179259382e+00
1.043257829428685390e+00 6.880712561010501531e+02 6.283185307179259382e+00
2.110892928617624786e+00 6.894880075417817125e+02 6.283185307179259382e+00
1.122438108307620253e+00 6.899180112940473464e+02 6.283185307179259382e+00
7.791628369696755874e-01 6.911934148282686010e+02 6.283185307179259382e+00
1.423831360261137435e+00 6.924875192292928432e+02 6.283185307179259382e+00
1.751852856467384756e+00 6.928721378042084780e+02 6.283185307179259382e+00
1.063626423638666552e+00 6.942876245009745162e+02 6.283185307179259382e+00
1.702714057254859803e+00 6.957011948889579571e+02 6.283185307179259382e+00
1.474257631699294357e+00 6.960830924222824478e+02 6.283185307179259382e+00
7.755151230921067951e-01 6.973785775711721726e+02 6.283185307179259382e+00
1.083247660149924796e+00 6.986478041402110648e+02 6.283185307179259382e+00
2.142293239015176542e+00 6.990894794691351990e+02 6.283185307179259382e+00
1.023626377299881929e+00 7.004990056753817953e+02 6.283185307179259382e+00
1.296871229491863176e+00 7.018657790786588748e+02 6.283185307179259382e+00
2.022904571196751267e+00 7.022776677849723228e+02 6.283185307179259382e+00
7.851758193363239657e-01 7.035410497328078918e+02 6.283185307179259382e+00
8.023029850352311199e-01 7.046868031631353233e+02 6.283185307179259382e+00
2.686133046794330070e+00 7.053109942135521351e+02 6.283185307179259382e+00
8.706060242806441529e-01 7.066148240581604796e+02 6.283185307179259382e+00
8.517328452516845783e-01 7.078312186008132585e+02 6.283185307179259382e+00
2.972079167198294680e+00 7.084842277159730202e+02 6.283185307179259382e+00
7.574946412757996850e-01 7.095922116658243795e+02 6.283185307179259382e+00
7.422066348783372680e-01 7.104678275834581882e+02 6.283185307179259382e+00
3.071317642605549736e+00 7.115253619203433573e+02 6.283185307179259382e+00
7.967796128781277076e-01 7.122593771983945317e+02 6.283185307179259382e+00
8.296585036279549019e-01 7.134390435424388670e+02 6.283185307179259382e+00
2.786687349878492981e+00 7.146987085757492650e+02 6.283185307179259382e+00
7.674828980786081445e-01 7.153745216474268318e+02 6.283185307179259382e+00
7.866199850275628069e-01 7.164843635625921934e+02 6.283185307179259382e+00
2.144612046007326356e+00 7.177350170963433129e+02 6.283185307179259382e+00
1.219781641974451825e+00 7.181659077282409953e+02 6.283185307179259382e+00
1.004612571691932965e+00 7.195165990681974790e+02 6.283185307179259382e+00
2.201934845438568100e+00 7.209190661626444125e+02 6.283185307179259382e+00
1.032060458763754518e+00 7.213777317804834865e+02 6.283185307179259382e+00
7.690312396085008384e-01 7.226408677051730365e+02 6.283185307179259382e+00
1.543582763331120766e+00 7.239341299374203800e+02 6.283185307179259382e+00
1.606365487816703741e+00 7.243172419808670384e+02 6.283185307179259382e+00
1.041542219443802653e+00 7.257205640980222370e+02 6.283185307179259382e+00
1.756455785557064830e+00 7.271319817330615933e+02 6.283185307179259382e+00
1.375628839576330753e+00 7.275205928450441206e+02 6.283185307179259382e+00
7.608647035339961562e-01 7.288182775860161655e+02 6.283185307179259382e+00
1.158315971682914114e+00 7.301036720718715287e+02 6.283185307179259382e+00
1.993606760096870101e+00 7.305238051341020764e+02 6.283185307179259382e+00
1.019987167322127020e+00 7.319330951523172644e+02 6.283185307179259382e+00
1.361925434290532033e+00 7.333097537439523421e+02 6.283185307179259382e+00
1.871496789549977668e+00 7.337097110721234685e+02 6.283185307179259382e+00
7.720233476120308413e-01 7.349841028730451171e+02 6.283185307179259382e+00
8.551025385023740544e-01 7.361790479316492792e+02 6.283185307179259382e+00
2.511900935182256323e+00 7.367421797499678178e+02 6.283185307179259382e+00
9.120873288962455527e-01 7.380869692994947400e+02 6.283185307179259382e+00
9.370294095840180360e-01 7.393490455379100013e+02 6.283185307179259382e+00
2.730069514572876610e+00 7.399157600742207705e+02 6.283185307179259382e+00
7.679483893073902889e-01 7.410798697903431957e+02 6.283185307179259382e+00
7.137701464111694261e-01 7.420146804011111499e+02 6.283185307179259382e+00
3.078994519530692031e+00 7.429589623078558134e+02 6.283185307179259382e+00
7.330007366538535685e-01 7.438762691850403144e+02 6.283185307179259382e+00
7.543523030164281939e-01 7.450000422990917741e+02 6.283185307179259382e+00
2.925993939317457659e+00 7.461332547214320812e+02 6.283185307179259382e+00
7.190429155975897046e-01 7.469238739693157640e+02 6.283185307179259382e+00
7.738650315790700507e-01 7.479613401974531826e+02 6.283185307179259382e+00
2.405078745277831054e+00 7.491762995894047208e+02 6.283185307179259382e+00
1.061362774560839828e+00 7.496643832661744682e+02 6.283185307179259382e+00
9.522265064596278084e-01 7.509737021591879511e+02 6.283185307179259382e+00
2.302484243669343567e+00 7.523513339712138759e+02 6.283185307179259382e+00
9.382080599953692701e-01 7.528514546426708876e+02 6.283185307179259382e+00
7.562462678109436176e-01 7.540956311983063642e+02 6.283185307179259382e+00
1.689704837534646620e+00 7.553811267129767657e+02 6.283185307179259382e+00
1.443982022974479085e+00 7.557727204741106561e+02 6.283185307179259382e+00
1.007085245617530989e+00 7.571572304862006604e+02 6.283185307179259382e+00
1.798507587390488549e+00 7.585615229124622374e+02 6.283185307179259382e+00
1.275670694516420900e+00 7.589609680654913291e+02 6.283185307179259382e+00
7.404892316929221341e-01 7.602606971825908886e+02 6.283185307179259382e+00
1.240838993095517040e+00 7.615580336070968315e+02 6.283185307179259382e+00
1.827076496456795596e+00 7.619626769811065969e+02 6.283185307179259382e+00
9.992143073681380994e-01 7.633648163686272028e+02 6.283185307179259382e+00
1.396619224351320687e+00 7.647436308130082807e+02 6.283185307179259382e+00
1.745329292843766256e+00 7.651394638162196316e+02 6.283185307179259382e+00
7.513315446815590493e-01 7.664214416490306121e+02 6.283185307179259382e+00
9.073502506096390308e-01 7.676560336341002539e+02 6.283185307179259382e+00
2.332670567046318144e+00 7.681736633066392415e+02 6.283185307179259382e+00
9.297346369347146977e-01 7.695381446712622164e+02 6.283185307179259382e+00
1.006187060431380509e+00 7.708298335835568196e+02 6.283185307179259382e+00
2.502732111963042350e+00 7.713455409736038746e+02 6.283185307179259382e+00
7.650236837462552897e-01 7.725429570716146372e+02 6.283185307179259382e+00
7.097808931223725804e-01 7.735544738066270156e+02 6.283185307179259382e+00
2.965341095246623926e+00 7.743905664313259649e+02 6.283185307179259382e+00
7.371783903814407291e-01 7.754645964417195501e+02 6.283185307179259382e+00
7.276986766034426735e-01 7.765790945523799564e+02 6.283185307179259382e+00
3.048809618716822989e+00 7.775651472772530042e+02 6.283185307179259382e+00
7.099016267596501839e-01 7.784646275763626591e+02 6.283185307179259382e+00
7.733966778968079936e-01 7.794262770489514196e+02 6.283185307179259382e+00
2.636412854182273335e+00 7.806082540679232125e+02 6.283185307179259382e+00
9.748768770693888586e-01 7.811478573421509282e+02 6.283185307179259382e+00
9.282152203953867309e-01 7.824255790259194328e+02 6.283185307179259382e+00
2.466729102334404011e+00 7.837832670622384512e+02 6.283185307179259382e+00
8.764521641046445488e-01 7.843280205054043108e+02 6.283185307179259382e+00
7.708620525552556391e-01 7.855370516480290917e+02 6.283185307179259382e+00
1.820388841220127674e+00 7.868143070143836439e+02 6.283185307179259382e+00
1.385170014481666989e+00 7.872115057774905154e+02 6.283185307179259382e+00
1.017496451492144072e+00 7.885906149555271440e+02 6.283185307179259382e+00
1.941632229017965061e+00 7.899995825675264314e+02 6.283185307179259382e+00
1.185928070022115310e+00 7.904130972706659577e+02 6.283185307179259382e+00
7.524123430586828754e-01 7.917049830093495757e+02 6.283185307179259382e+00
1.340319346660752586e+00 7.930025614192043122e+02 6.283185307179259382e+00
1.755601306453121957e+00 7.933954293848235011e+02 6.283185307179259382e+00
1.021110922458758896e+00 7.948016359951137702e+02 6.283185307179259382e+00
1.527073578112213559e+00 7.961961325145399542e+02 6.283185307179259382e+00
1.599923204299627866e+00 7.965819739690746246e+02 6.283185307179259382e+00
7.553577477414892272e-01 7.978741480264916390e+02 6.283185307179259382e+00
9.916591493726656381e-01 7.991331414246322993e+02 6.283185307179259382e+00
2.207083879441503971e+00 7.996066417019358141e+02 6.283185307179259382e+00
9.710357477783493341e-01 8.009951230511287577e+02 6.283185307179259382e+00
1.132150985175673030e+00 8.023251887639056577e+02 6.283185307179259382e+00
2.256357010713877287e+00 8.027824265360695790e+02 6.283185307179259382e+00
7.722804573165281683e-01 8.040167005599752201e+02 6.283185307179259382e+00
7.405961265653332459e-01 8.051019438908853090e+02 6.283185307179259382e+00
2.826506722030022178e+00 8.058241505596217849e+02 6.283185307179259382e+00
7.917691182575530284e-01 8.070334902936472190e+02 6.283185307179259382e+00
7.587100375426412135e-01 8.081845796254831384e+02 6.283185307179259382e+00
3.105214074627744569e+00 8.089971877354505523e+02 6.283185307179259382e+00
7.280642775010860435e-01 8.100063143052905161e+02 6.283185307179259382e+00
7.705356909862353110e-01 8.108971036674868174e+02 6.283185307179259382e+00
2.872514010002321427e+00 8.120382209597059955e+02 6.283185307179259382e+00
9.025697944062784916e-01 8.126396734554269869e+02 6.283185307179259382e+00
9.029686569732842116e-01 8.138824690879559967e+02 6.283185307179259382e+00
2.650196299886850237e+00 8.152135798991287174e+02 6.283185307179259382e+00
8.304314104142608288e-01 8.158082299087467391e+02 6.283185307179259382e+00
7.940782701265545196e-01 8.169710461889899307e+02 6.283185307179259382e+00
1.942901299289847783e+00 8.182418319007585978e+02 6.283185307179259382e+00
1.362700261229119247e+00 8.186421856398948194e+02 6.283185307179259382e+00
1.042811146255039345e+00 8.200205265983544223e+02 6.283185307179259382e+00
2.128308917786926102e+00 8.214370437591387599e+02 6.283185307179259382e+00
1.112918147266511504e+00 8.218698671889810612e+02 6.283185307179259382e+00
7.805926766226061186e-01 8.231432475921124023e+02 6.283185307179259382e+00
1.436085088613903826e+00 8.244371938684586212e+02 6.283185307179259382e+00
1.743845792688417440e+00 8.248210052799037157e+02 6.283185307179259382e+00
1.065715613574214293e+00 8.262365599198474229e+02 6.283185307179259382e+00
1.719639372447165915e+00 8.276514090609690584e+02 6.283185307179259382e+00
1.459816948523256386e+00 8.280336974927068923e+02 6.283185307179259382e+00
7.764505678863163896e-01 8.293292212706775217e+02 6.283185307179259382e+00
1.094284064992785632e+00 8.305999903407869169e+02 6.283185307179259382e+00
2.130135433582154292e+00 8.310382981143866346e+02 6.283185307179259382e+00
1.027689316995997526e+00 8.324493165963340289e+02 6.283185307179259382e+00
1.314551909064402668e+00 8.338193544438828440e+02 6.283185307179259382e+00
1.996514119654325015e+00 8.342276998254337741e+02 6.283185307179259382e+00
7.855255764324686751e-01 8.354935711918494690e+02 6.283185307179259382e+00
8.109969945969204286e-01 8.366465358777360279e+02 6.283185307179259382e+00
2.665152234218265637e+00 8.372601338646209115e+02 6.283185307179259382e+00
8.797611918527138419e-01 8.385726230018162823e+02 6.283185307179259382e+00
8.662236645691382408e-01 8.397973886920623272e+02 6.283185307179259382e+00
2.940073753014636804e+00 8.404335971278716215e+02 6.283185307179259382e+00
7.607247497559395111e-01 8.415522974325619998e+02 6.283185307179259382e+00
7.373421270485359669e-01 8.424325856786826989e+02 6.283185307179259382e+00
3.085742148558358267e+00 8.434748849052543846e+02 6.283185307179259382e+00
7.833500397607541244e-01 8.442336711151345980e+02 6.283185307179259382e+00
8.173261334528912903e-01 8.454035230137203598e+02 6.283185307179259382e+00
2.805488221244127001e+00 8.466481965105423342e+02 6.283185307179259382e+00
7.585205463025056494e-01 8.473389626697605763e+02 6.283185307179259382e+00
7.842207622489377750e-01 8.484397323262353439e+02 6.283185307179259382e+00
2.180336425164765224e+00 8.496858934675066166e+02 6.283185307179259382e+00
1.194182327934801169e+00 8.501239851037346398e+02 6.283185307179259382e+00
9.960762657150972199e-01 8.514688652870185024e+02 6.283185307179259382e+00
2.210557970456394017e+00 8.528679279028443716e+02 6.283185307179259382e+00
1.018497438749687900e+00 8.533314946521448974e+02 6.283185307179259382e+00
7.657686510006733727e-01 8.545931103640157289e+02 6.283185307179259382e+00
1.562549912735615942e+00 8.558858074772160762e+02 6.283185307179259382e+00
1.579571583650863031e+00 8.562697386086329061e+02 6.283185307179259382e+00
1.034711948462943232e+00 8.576700314569751527e+02 6.283185307179259382e+00
1.756022440386437511e+00 8.590798984826025162e+02 6.283185307179259382e+00
1.363318080733905591e+00 8.594697890320642273e+02 6.283185307179259382e+00
7.566486086738715144e-01 8.607680478224338003e+02 6.283185307179259382e+00
1.167472941715521184e+00 8.620557678291638695e+02 6.283185307179259382e+00
1.968103747018842942e+00 8.624736835817676592e+02 6.283185307179259382e+00
1.015448587387686619e+00 8.638815756989971533e+02 6.283185307179259382e+00
1.362053487121624329e+00 8.652578245876508163e+02 6.283185307179259382e+00
1.857149294869666845e+00 8.656577721088082171e+02 6.283185307179259382e+00
7.684049672571406919e-01 8.669328146942140165e+02 6.283185307179259382e+00
8.602457488375958583e-01 8.681334370946162835e+02 6.283185307179259382e+00
2.487426320775227406e+00 8.686908878261111795e+02 6.283185307179259382e+00
9.136251776061745655e-01 8.700380792906024681e+02 6.283185307179259382e+00
9.439890266068257096e-01 8.713036205388675626e+02 6.283185307179259382e+00
2.701669476986659824e+00 8.718641802905243594e+02 6.283185307179259382e+00
7.673224884195481987e-01 8.730324271191345815e+02 6.283185307179259382e+00
7.116816737952050831e-01 8.739769304634479568e+02 6.283185307179259382e+00
3.067276615481267399e+00 8.749077941119697925e+02 6.283185307179259382e+00
7.303835212360583196e-01 8.758460147009484444e+02 6.283185307179259382e+00
7.482601053870678864e-01 8.769661815829934994e+02 6.283185307179259382e+00
2.941365199104200023e+00 8.780822287053456421e+02 6.283185307179259382e+00
7.159483532442022513e-01 8.788866865965586612e+02 6.283185307179259382e+00
7.729320505782686368e-01 8.799151673486801428e+02 6.283185307179259382e+00
2.434984640774069842e+00 8.811256388745968025e+02 6.283185307179259382e+00
1.046747494183672078e+00 8.816209053003846066e+02 6.283185307179259382e+00
9.474011906916556258e-01 8.829255748827187062e+02 6.283185307179259382e+00
2.318717806357011746e+00 8.843002659064525233e+02 6.283185307179259382e+00
9.285355341788235073e-01 8.848059183904052816e+02 6.283185307179259382e+00
7.562440894424261595e-01 8.860467581842997333e+02 6.283185307179259382e+00
1.707310743642974415e+00 8.873310061463085958e+02 6.283185307179259382e+00
1.429953932508243097e+00 8.877238283844068292e+02 6.283185307179259382e+00
1.005232508451809670e+00 8.891066512603244973e+02 6.283185307179259382e+00
1.809250419933381870e+00 8.905106618774026401e+02 6.283185307179259382e+00
1.263608306276305715e+00 8.909116340354131580e+02 6.283185307179259382e+00
7.396681493393308937e-01 8.922111818801156460e+02 6.283185307179259382e+00
1.252243961409979622e+00 8.935091650965580357e+02 6.283185307179259382e+00
1.811386868927880256e+00 8.939122452718244176e+02 6.283185307179259382e+00
9.986421422248932256e-01 8.953139953940813029e+02 6.283185307179259382e+00
1.405306449969456750e+00 8.966937170410496947e+02 6.283185307179259382e+00
1.728821509232738141e+00 8.970886670751037855e+02 6.283185307179259382e+00
7.499118227816292670e-01 8.983718069393546557e+02 6.283185307179259382e+00
9.153636290386604202e-01 8.996103642866611381e+02 6.283185307179259382e+00
2.313124462247663882e+00 9.001225934385207665e+02 6.283185307179259382e+00
9.325925221713501356e-01 9.014894538659010550e+02 6.283185307179259382e+00
1.016697970206311030e+00 9.027849521354664830e+02 6.283185307179259382e+00
2.474868835106720510e+00 9.032943878781960620e+02 6.283185307179259382e+00
7.649182942618943937e-01 9.044958132655567624e+02 6.283185307179259382e+00
7.112804140014447052e-01 9.055165682249178190e+02 6.283185307179259382e+00
2.948701940791956577e+00 9.063394243800756840e+02 6.283185307179259382e+00
7.410676765179911030e-01 9.074306607115945553e+02 6.283185307179259382e+00
7.279070748757007214e-01 9.085470786266848791e+02 6.283185307179259382e+00
3.060502835646659037e+00 9.095138824984950361e+02 6.283185307179259382e+00
7.107300706137955615e-01 9.104262167924782716e+02 6.283185307179259382e+00
7.735036844646332455e-01 9.113788810448277218e+02 6.283185307179259382e+00
2.663667638050331465e+00 9.125567970654707324e+02 6.283185307179259382e+00
9.665179111526636113e-01 9.131026104805887371e+02 6.283185307179259382e+00
9.259206187646771280e-01 9.143767025200914986e+02 6.283185307179259382e+00
2.488252249657234572e+00 9.157319287407486854e+02 6.283185307179259382e+00
8.706167725640631128e-01 9.162821489249474780e+02 6.283185307179259382e+00
7.735824030133447993e-01 9.174861970157071482e+02 6.283185307179259382e+00
1.834792651756893989e+00 9.187626673797128660e+02 6.283185307179259382e+00
1.382236194667514351e+00 9.191602053706235438e+02 6.283185307179259382e+00
1.020471621820178587e+00 9.205392456235355212e+02 6.283185307179259382e+00
1.962813325301057343e+00 9.219491836851962034e+02 6.283185307179259382e+00
1.176550360749338831e+00 9.223646938624985978e+02 6.283185307179259382e+00
7.553459141904413920e-01 9.236548674365287752e+02 6.283185307179259382e+00
1.352155888305566656e+00 9.249520887730078584e+02 6.283185307179259382e+00
1.752309872419624437e+00 9.253437547628883522e+02 6.283185307179259382e+00
1.025837029413877000e+00 9.267509712336230905e+02 6.283185307179259382e+00
1.547784300811088531e+00 9.281478599576498709e+02 6.283185307179259382e+00
1.582642933889185644e+00 9.285327485156831244e+02 6.283185307179259382e+00
7.572572417345356799e-01 9.298258278294763386e+02 6.283185307179259382e+00
1.003313971348793299e+00 9.310867493162613755e+02 6.283185307179259382e+00
2.195882095494066100e+00 9.315555108879673298e+02 6.283185307179259382e+00
9.773279541855379726e-01 9.329468857086806111e+02 6.283185307179259382e+00
1.151289366082689059e+00 9.342818294794230951e+02 6.283185307179259382e+00
2.225697275171235834e+00 9.347323773101287543e+02 6.283185307179259382e+00
7.736979816693373424e-01 9.359708906005212157e+02 6.283185307179259382e+00
7.469044848015203852e-01 9.370646351105264102e+02 6.283185307179259382e+00
2.808475508395344544e+00 9.377733105155587054e+02 6.283185307179259382e+00
8.009872897117662482e-01 9.389968374456722131e+02 6.283185307179259382e+00
7.671613236225638399e-01 9.401552053366896189e+02 6.283185307179259382e+00
3.099604788186055782e+00 9.409461799763162162e+02 6.283185307179259382e+00
7.314040791878879677e-01 9.419685641780454262e+02 6.283185307179259382e+00
7.681942409680313499e-01 9.428536409784616126e+02 6.283185307179259382e+00
2.901507887683617337e+00 9.439871572700814113e+02 6.283185307179259382e+00
8.904162968307306469e-01 9.446004104707923261e+02 6.283185307179259382e+00
8.963142939098761586e-01 9.458368875932866331e+02 6.283185307179259382e+00
2.668117604053668490e+00 9.471622296645665529e+02 6.283185307179259382e+00
8.235470084532564572e-01 9.477645646253723726e+02 6.283185307179259382e+00
7.945902178187712606e-01 9.489216976738591711e+02 6.283185307179259382e+00
1.962142638813254569e+00 9.501910152657690105e+02 6.283185307179259382e+00
1.351275299582746614e+00 9.505932711851165777e+02 6.283185307179259382e+00
1.041304512073792266e+00 9.519697597921233410e+02 6.283185307179259382e+00
2.141795875398319282e+00 9.533857062700298002e+02 6.283185307179259382e+00
1.104263067728034731e+00 9.538211292434966708e+02 6.283185307179259382e+00
7.811487757560232614e-01 9.550928829469636412e+02 6.283185307179259382e+00
1.447266941442918675e+00 9.563867621478135561e+02 6.283185307179259382e+00
1.734359302055088481e+00 9.567699715255295132e+02 6.283185307179259382e+00
1.066351538178175851e+00 9.581852109768593664e+02 6.283185307179259382e+00
1.731858138611409137e+00 9.596007881831828854e+02 6.283185307179259382e+00
1.447935802397026128e+00 9.599835556035286572e+02 6.283185307179259382e+00
7.766165941056322186e-01 9.612791287781104757e+02 6.283185307179259382e+00
1.103417937037744379e+00 9.625513541660145620e+02 6.283185307179259382e+00
2.118172188253677479e+00 9.629869205607360527e+02 6.283185307179259382e+00
1.030178872938004142e+00 9.643988680496123607e+02 6.283185307179259382e+00
1.327810543137818433e+00 9.657712450451805353e+02 6.283185307179259382e+00
1.975449632973476755e+00 9.661770786348757838e+02 6.283185307179259382e+00
7.853821382305831156e-01 9.674447989154799643e+02 6.283185307179259382e+00
8.181675026555255137e-01 9.686037278743855268e+02 6.283185307179259382e+00
2.646784226213001023e+00 9.692088937445428201e+02 6.283185307179259382e+00
8.868636588738887383e-01 9.705279591992318728e+02 6.283185307179259382e+00
8.782708619158826613e-01 9.717594324283364813e+02 6.283185307179259382e+00
2.911701870579294749e+00 9.723825518137249446e+02 6.283185307179259382e+00
7.631272796412466031e-01 9.735096476949632915e+02 6.283185307179259382e+00
7.333659885302495907e-01 9.743949965167546452e+02 6.283185307179259382e+00
3.094648036604022323e+00 9.754239833179551624e+02 6.283185307179259382e+00
7.729775633971865956e-01 9.762044682953941219e+02 6.283185307179259382e+00
8.070851564343979323e-01 9.773662581017212005e+02 6.283185307179259382e+00
2.822146850722043965e+00 9.785973365361312517e+02 6.283185307179259382e+00
7.513475483341837124e-01 9.793013324348064543e+02 6.283185307179259382e+00
7.823633209211950934e-01 9.803939409015720230e+02 6.283185307179259382e+00
2.211354711708182652e+00 9.816360921875105987e+02 6.283185307179259382e+00
1.173137070278822636e+00 9.820806040569179913e+02 6.283185307179259382e+00
9.891071815898271335e-01 9.834204973428632002e+02 6.283185307179259382e+00
2.219681590481032529e+00 9.848166337149252740e+02 6.283185307179259382e+00
1.006820392387470342e+00 9.852846750425302389e+02 6.283185307179259382e+00
7.633937110359692024e-01 9.865446742903051245e+02 6.283185307179259382e+00
1.579360900935496970e+00 9.878367155952861367e+02 6.283185307179259382e+00
1.557626294512732601e+00 9.882214579262708867e+02 6.283185307179259382e+00
1.029418469241467182e+00 9.896192573276135818e+02 6.283185307179259382e+00
1.757573062063912062e+00 9.910279626536951127e+02 6.283185307179259382e+00
1.352033339116589739e+00 9.914190069901894731e+02 6.283185307179259382e+00
7.533963607632176984e-01 9.927176967524135307e+02 6.283185307179259382e+00
1.176104632285920104e+00 9.940072544125430341e+02 6.283185307179259382e+00
1.946598527282658697e+00 9.944232315831948199e+02 6.283185307179259382e+00
1.012012145763112825e+00 9.958300414617833667e+02 6.283185307179259382e+00
1.363595511250262016e+00 9.972061659484533038e+02 6.283185307179259382e+00
1.843562024715323044e+00 9.976059037186216756e+02 6.283185307179259382e+00
7.654711486811819343e-01 9.988816481956678217e+02 6.283185307179259382e+00
8.653291229545423402e-01 1.000087225234742505e+03 6.283185307179259382e+00
2.465891237283511561e+00 1.000639464935225760e+03 6.283185307179259382e+00
9.152894315286833615e-01 1.001988908938838904e+03 6.283185307179259382e+00
9.508463551937842428e-01 1.003257713149728147e+03 6.283185307179259382e+00
2.675860279488785132e+00 1.003812520684300239e+03 6.283185307179259382e+00
7.668735840963442074e-01 1.004984585378539464e+03 6.283185307179259382e+00
7.101978707065956797e-01 1.005937826734336682e+03 6.283185307179259382e+00
3.056084796035478224e+00 1.006856449686378596e+03 6.283185307179259382e+00
7.288828120810574296e-01 1.007813402206863998e+03 6.283185307179259382e+00
7.434275600942611417e-01 1.008930885305098059e+03 6.283185307179259382e+00
2.955985673849225392e+00 1.010030996944881281e+03 6.283185307179259382e+00
7.137102306854261613e-01 1.010848019039695942e+03 6.283185307179259382e+00
7.724887339424352239e-01 1.011868040859265989e+03 6.283185307179259382e+00
2.461894860195528612e+00 1.013074597316787958e+03 6.283185307179259382e+00
1.034921614994521066e+00 1.013576076126755993e+03 6.283185307179259382e+00
9.437946392806468854e-01 1.014876810259579770e+03 6.283185307179259382e+00
