1.027944072848973267e+00 1.307682151243706736e-01 2.356194490192261792e+00
1.122290685762020956e+00 1.717339350296414491e+00 2.356194490192261792e+00
1.663378333036038770e+00 2.149099397903902364e+00 2.356194490192261792e+00
1.042473873554642161e+00 3.617655876401798309e+00 2.356194490192261792e+00
9.869106827234388479e-01 4.407095792808427781e+00 2.356194490192261792e+00
9.724922933187040153e-01 5.634648342918056052e+00 2.356194490192261792e+00
1.277319184594143398e+00 6.306827531718194990e+00 2.356194490192261792e+00
7.425793355808203433e-01 7.781995181841984355e+00 2.356194490192261792e+00
2.106108849909450242e+00 8.347064711331308118e+00 2.356194490192261792e+00
8.846743149094420389e-01 9.745063164553734225e+00 2.356194490192261792e+00
1.158909617266310255e+00 1.052430934167414378e+01 2.356194490192261792e+00
9.524471503323725941e-01 1.174078880160427119e+01 2.356194490192261792e+00
1.576698162021791694e+00 1.250024286006163088e+01 2.356194490192261792e+00
5.425728488749412826e-01 1.358880540409796644e+01 2.356194490192261792e+00
2.553484695971774965e+00 1.454356833482886380e+01 2.356194490192261792e+00
6.842580610844285482e-01 1.560014833788397581e+01 2.356194490192261792e+00
1.303962061020881080e+00 1.659410677088900954e+01 2.356194490192261792e+00
8.783992365389234891e-01 1.773794730714686096e+01 2.356194490192261792e+00
1.583281517031306151e+00 1.867969650782486468e+01 2.356194490192261792e+00
6.956808008904601381e-01 1.934346003934919267e+01 2.356194490192261792e+00
2.367296240624867654e+00 2.075245744544191595e+01 2.356194490192261792e+00
9.322638615318696864e-01 2.132404438370839372e+01 2.356194490192261792e+00
1.314108335264110083e+00 2.268880127846567163e+01 2.356194490192261792e+00
8.259266236756603874e-01 2.370358355289923225e+01 2.356194490192261792e+00
1.279893839823534885e+00 2.481862177353871957e+01 2.356194490192261792e+00
8.531140123109259843e-01 2.541460710228344411e+01 2.356194490192261792e+00
1.718605734895156445e+00 2.697240032954363187e+01 2.356194490192261792e+00
1.274314726158841449e+00 2.740577255636230447e+01 2.356194490192261792e+00
1.206595883932938040e+00 2.887028873001506568e+01 2.356194490192261792e+00
8.614994355857561459e-01 2.975735411329482005e+01 2.356194490192261792e+00
1.077048475433678654e+00 3.095236700122435636e+01 2.356194490192261792e+00
1.001883595119345438e+00 3.156674667937035395e+01 2.356194490192261792e+00
1.203915800967758409e+00 3.315717791145569038e+01 2.356194490192261792e+00
1.608812591061492991e+00 3.358022960823379321e+01 2.356194490192261792e+00
1.075087066681411185e+00 3.505551264900958586e+01 2.356194490192261792e+00
9.638414012319822533e-01 3.585601971444622649e+01 2.356194490192261792e+00
9.852625556443226351e-01 3.708169742543897485e+01 2.356194490192261792e+00
1.232697936181361920e+00 3.774059392935049573e+01 2.356194490192261792e+00
8.045290266615994224e-01 3.925040825731661442e+01 2.356194490192261792e+00
2.031040217765570866e+00 3.977744078521147486e+01 2.356194490192261792e+00
9.261288483582675868e-01 4.120153794699900374e+01 2.356194490192261792e+00
1.125865147442985270e+00 4.197449619405910681e+01 2.356194490192261792e+00
9.606433248061246877e-01 4.319735335005066901e+01 2.356194490192261792e+00
1.533023362735024264e+00 4.393292751676646191e+01 2.356194490192261792e+00
5.562438577366857206e-01 4.511775905516972784e+01 2.356194490192261792e+00
2.498944672921435739e+00 4.597585449067814523e+01 2.356194490192261792e+00
7.072186380987796062e-01 4.713352143566575592e+01 2.356194490192261792e+00
1.294598457304570793e+00 4.805450539705248048e+01 2.356194490192261792e+00
9.027232723287009764e-01 4.921439186546423628e+01 2.356194490192261792e+00
1.638835914185143849e+00 5.011721633753975880e+01 2.356194490192261792e+00
6.714898030088192193e-01 5.080723747135881752e+01 2.356194490192261792e+00
2.475397274752028753e+00 5.217594848090790549e+01 2.356194490192261792e+00
8.870494294764051935e-01 5.278562561136860865e+01 2.356194490192261792e+00
1.333805721560240798e+00 5.412314614863278450e+01 2.356194490192261792e+00
8.327423209557855976e-01 5.515989779726872655e+01 2.356194490192261792e+00
1.331994917068821671e+00 5.625659232113819996e+01 2.356194490192261792e+00
8.503841619613410341e-01 5.684591246677278775e+01 2.356194490192261792e+00
1.806727851695784537e+00 5.839629069281767215e+01 2.356194490192261792e+00
1.254077947088100053e+00 5.883534231778925516e+01 2.356194490192261792e+00
1.243791955302729679e+00 6.030032009698268070e+01 2.356194490192261792e+00
8.584221707915086208e-01 6.120828894863109326e+01 2.356194490192261792e+00
1.114369172094037186e+00 6.239457147809876147e+01 2.356194490192261792e+00
9.924346267785634224e-01 6.299825948733281678e+01 2.356194490192261792e+00
1.280326089552520141e+00 6.459018862746530942e+01 2.356194490192261792e+00
1.581458654860820712e+00 6.500767329958509322e+01 2.356194490192261792e+00
1.116416185909692160e+00 6.649177619956677177e+01 2.356194490192261792e+00
9.475783783428952667e-01 6.730639254715521247e+01 2.356194490192261792e+00
1.007084305338580954e+00 6.852937098090811219e+01 2.356194490192261792e+00
1.203115113428845584e+00 6.917348883771738599e+01 2.356194490192261792e+00
8.697274662827004788e-01 7.070821072071288427e+01 2.356194490192261792e+00
1.978859408307628076e+00 7.120609214070734083e+01 2.356194490192261792e+00
9.725741883619459793e-01 7.265360004615222067e+01 2.356194490192261792e+00
1.097206068651525257e+00 7.342553797423855144e+01 2.356194490192261792e+00
9.733302280231367343e-01 7.465281838331577546e+01 2.356194490192261792e+00
1.494926321308141848e+00 7.536531706549345699e+01 2.356194490192261792e+00
5.840148251398875612e-01 7.663119240458914305e+01 2.356194490192261792e+00
2.446789363295977626e+00 7.740674279806059133e+01 2.356194490192261792e+00
7.465681266127558446e-01 7.864699933222804873e+01 2.356194490192261792e+00
1.281365473032180180e+00 7.951231377696532832e+01 2.356194490192261792e+00
9.256001569468375045e-01 8.068606781150438678e+01 2.356194490192261792e+00
1.678418831456320426e+00 8.155199263499443418e+01 2.356194490192261792e+00
6.434659898328678462e-01 8.228024046610779862e+01 2.356194490192261792e+00
2.564386440756184271e+00 8.359988881961683660e+01 2.356194490192261792e+00
8.384285305420879908e-01 8.425687201925953218e+01 2.356194490192261792e+00
1.343890560711574533e+00 8.555887731194250989e+01 2.356194490192261792e+00
8.384657697485555783e-01 8.661515627239297999e+01 2.356194490192261792e+00
1.378646351356273447e+00 8.769269380139932935e+01 2.356194490192261792e+00
8.411881743895229802e-01 8.827935311581653366e+01 2.356194490192261792e+00
1.891282069024426082e+00 8.982003847388929785e+01 2.356194490192261792e+00
1.224628604183669367e+00 9.026719525701932412e+01 2.356194490192261792e+00
1.271008969602390737e+00 9.172872424943835767e+01 2.356194490192261792e+00
8.551299243587827670e-01 9.265512610645026825e+01 2.356194490192261792e+00
1.146378119519143146e+00 9.383258696238191021e+01 2.356194490192261792e+00
9.811089118431016720e-01 9.442848157095119177e+01 2.356194490192261792e+00
1.348667826625892241e+00 9.602021520249176945e+01 2.356194490192261792e+00
1.551469437397363427e+00 9.643456678370276336e+01 2.356194490192261792e+00
1.148062076519537511e+00 9.792360298830223542e+01 2.356194490192261792e+00
9.337576078045509709e-01 9.875156116932873829e+01 2.356194490192261792e+00
1.025557984522492472e+00 9.997119749876800654e+01 2.356194490192261792e+00
1.175760320137832382e+00 1.006042876696253217e+02 2.356194490192261792e+00
9.286343856546586117e-01 1.021564245818876770e+02 2.356194490192261792e+00
1.929430906445473770e+00 1.026332929149745752e+02 2.356194490192261792e+00
1.009102927480495904e+00 1.040963064654438739e+02 2.356194490192261792e+00
1.071951776297506154e+00 1.048711038161455633e+02 2.356194490192261792e+00
9.827965793247038784e-01 1.061005377249787784e+02 2.356194490192261792e+00
1.455335342689843658e+00 1.067956341172352097e+02 2.356194490192261792e+00
6.176130057362482217e-01 1.081254669149799668e+02 2.356194490192261792e+00
2.388691562095785148e+00 1.088359957294538134e+02 2.356194490192261792e+00
7.891253987228182831e-01 1.101369207043744467e+02 2.356194490192261792e+00
1.260963492038990053e+00 1.109649034533375982e+02 2.356194490192261792e+00
9.421837565377519930e-01 1.121515208598559354e+02 2.356194490192261792e+00
1.691029492993242345e+00 1.129845800339212474e+02 2.356194490192261792e+00
6.087794161827385642e-01 1.137728224385216862e+02 2.356194490192261792e+00
2.622995236044346257e+00 1.150262415667400262e+02 2.356194490192261792e+00
7.806279928257769951e-01 1.157512620444055926e+02 2.356194490192261792e+00
1.340365089339030868e+00 1.170003108286906723e+02 2.356194490192261792e+00
8.410359657000907596e-01 1.180765563267961653e+02 2.356194490192261792e+00
1.419911509456319276e+00 1.191304936631225644e+02 2.356194490192261792e+00
8.124543632634634305e-01 1.197249185074388720e+02 2.356194490192261792e+00
1.988658713733144401e+00 1.212468808557207751e+02 2.356194490192261792e+00
1.162574215518191956e+00 1.217108483829895391e+02 2.356194490192261792e+00
1.280802479090284107e+00 1.231585282216079520e+02 2.356194490192261792e+00
8.457231949249122138e-01 1.241016409988006899e+02 2.356194490192261792e+00
1.167930025424646523e+00 1.252690571058578257e+02 2.356194490192261792e+00
9.512078017621501402e-01 1.258637502041701310e+02 2.356194490192261792e+00
1.419302714670944265e+00 1.274523014738130229e+02 2.356194490192261792e+00
1.489802773766206068e+00 1.278664011262318780e+02 2.356194490192261792e+00
1.158426824202276162e+00 1.293519424733303822e+02 2.356194490192261792e+00
9.165509285980427689e-01 1.301899488402014526e+02 2.356194490192261792e+00
1.031490022011725793e+00 1.314058972032992756e+02 2.356194490192261792e+00
1.135884560266947840e+00 1.320347589862110453e+02 2.356194490192261792e+00
9.801949510643620522e-01 1.336003600712801642e+02 2.356194490192261792e+00
1.858839646840035220e+00 1.340611534052966931e+02 2.356194490192261792e+00
1.023938112763915331e+00 1.355290173701111200e+02 2.356194490192261792e+00
1.047612829312831284e+00 1.363072746638120805e+02 2.356194490192261792e+00
9.819393328347638672e-01 1.375370187731011526e+02 2.356194490192261792e+00
1.406939369771153414e+00 1.382233279101901360e+02 2.356194490192261792e+00
6.499058113238209700e-01 1.396030033300548325e+02 2.356194490192261792e+00
2.314312858840943399e+00 1.402640144737670767e+02 2.356194490192261792e+00
8.224521592407986192e-01 1.416040244192162731e+02 2.356194490192261792e+00
1.233905821325381735e+00 1.424100314648726737e+02 2.356194490192261792e+00
9.495157996220304764e-01 1.436077086302580597e+02 2.356194490192261792e+00
1.673650201235012736e+00 1.444148840618684915e+02 2.356194490192261792e+00
5.751828892524885051e-01 1.452833995626045009e+02 2.356194490192261792e+00
2.638268671661938125e+00 1.464551319176708546e+02 2.356194490192261792e+00
7.267079690540652059e-01 1.472699223258198913e+02 2.356194490192261792e+00
1.328571563116119014e+00 1.484486999260367384e+02 2.356194490192261792e+00
8.445909958670984041e-01 1.495463899506266330e+02 2.356194490192261792e+00
1.462004089066551105e+00 1.505707659136062375e+02 2.356194490192261792e+00
7.713350571395044541e-01 1.511829562517630734e+02 2.356194490192261792e+00
2.100415530902461914e+00 1.526756280939133319e+02 2.356194490192261792e+00
1.080547292111061486e+00 1.531669949935122474e+02 2.356194490192261792e+00
1.282986571779007212e+00 1.545915901564933392e+02 2.356194490192261792e+00
8.331020974522603817e-01 1.555533607958255686e+02 2.356194490192261792e+00
1.188620416166254357e+00 1.567078212053568222e+02 2.356194490192261792e+00
9.091379676269438770e-01 1.573056131626534011e+02 2.356194490192261792e+00
1.501827073390850309e+00 1.588866106937209395e+02 2.356194490192261792e+00
1.405690067097189910e+00 1.593042773389426543e+02 2.356194490192261792e+00
1.159246265256124397e+00 1.607808190063886400e+02 2.356194490192261792e+00
8.953104439591113017e-01 1.616287838479798040e+02 2.356194490192261792e+00
1.032206055379032872e+00 1.628401389608465308e+02 2.356194490192261792e+00
1.084665796729154197e+00 1.634679808161709502e+02 2.356194490192261792e+00
1.035351851405560852e+00 1.650448551327920939e+02 2.356194490192261792e+00
1.768114069068263072e+00 1.654915324037383755e+02 2.356194490192261792e+00
1.026795966352480161e+00 1.669584832336798570e+02 2.356194490192261792e+00
1.021047022982751074e+00 1.677402444077458199e+02 2.356194490192261792e+00
9.744552394843594145e-01 1.689693057103461342e+02 2.356194490192261792e+00
1.348873633891884749e+00 1.696510412762369526e+02 2.356194490192261792e+00
6.843829486469521495e-01 1.710749142662658073e+02 2.356194490192261792e+00
2.222445433373326118e+00 1.716924818687694483e+02 2.356194490192261792e+00
8.480715257702663434e-01 1.730596111437057800e+02 2.356194490192261792e+00
1.201779722232426462e+00 1.738516210320863138e+02 2.356194490192261792e+00
9.504243794763261866e-01 1.750584912559756958e+02 2.356194490192261792e+00
1.634855178862638425e+00 1.758444686147540494e+02 2.356194490192261792e+00
5.508891214760964772e-01 1.768076538153069350e+02 2.356194490192261792e+00
2.614064524897504960e+00 1.778861181249463357e+02 2.356194490192261792e+00
6.912969780302591349e-01 1.788064433406893556e+02 2.356194490192261792e+00
1.316054543360580364e+00 1.799034197336640375e+02 2.356194490192261792e+00
8.546886629720584772e-01 1.810230260633805415e+02 2.356194490192261792e+00
1.511856806857485580e+00 1.820123271581483948e+02 2.356194490192261792e+00
7.320391423716834378e-01 1.826472537105421736e+02 2.356194490192261792e+00
2.220382645853703263e+00 1.841036090910366738e+02 2.356194490192261792e+00
1.003430184934923197e+00 1.846297645401502052e+02 2.356194490192261792e+00
1.291326518797507816e+00 1.860273124369267634e+02 2.356194490192261792e+00
8.247223951204539771e-01 1.870119242626034861e+02 2.356194490192261792e+00
1.221264811605621059e+00 1.881498287186197729e+02 2.356194490192261792e+00
8.731695699306590841e-01 1.887496993836503805e+02 2.356194490192261792e+00
1.597647338866847511e+00 1.903198569001525300e+02 2.356194490192261792e+00
1.329197950876619405e+00 1.907443744811140789e+02 2.356194490192261792e+00
1.170232237423134203e+00 1.922126760452476901e+02 2.356194490192261792e+00
8.753488542081683255e-01 1.930752586423043908e+02 2.356194490192261792e+00
1.042585363793725683e+00 1.942802544701569332e+02 2.356194490192261792e+00
1.036577455374835255e+00 1.949047203370366788e+02 2.356194490192261792e+00
1.104914367865711844e+00 1.964899563118839296e+02 2.356194490192261792e+00
1.679951388630879450e+00 1.969241204899487627e+02 2.356194490192261792e+00
1.037656406966745548e+00 1.983918414370511130e+02 2.356194490192261792e+00
9.928653646423002410e-01 1.991794399354699294e+02 2.356194490192261792e+00
9.715360981756980818e-01 2.004073172991361673e+02 2.356194490192261792e+00
1.289367085269714774e+00 2.010818209010947442e+02 2.356194490192261792e+00
7.303775115828800013e-01 2.025481650383299268e+02 2.356194490192261792e+00
2.125967176264440095e+00 2.031225366226271092e+02 2.356194490192261792e+00
8.769524307457624568e-01 2.045148046915072939e+02 2.356194490192261792e+00
1.166674085443290876e+00 2.052960392666364555e+02 2.356194490192261792e+00
9.515468003291276400e-01 2.065109027393695271e+02 2.356194490192261792e+00
1.587209846220526410e+00 2.072754148145201327e+02 2.356194490192261792e+00
5.420121400892051744e-01 2.083412991153859934e+02 2.356194490192261792e+00
2.565639482049298259e+00 2.093185877036235070e+02 2.356194490192261792e+00
6.824222414903453604e-01 2.103509205712459789e+02 2.356194490192261792e+00
1.305952777877602777e+00 2.113629084218086405e+02 2.356194490192261792e+00
8.733625635392398001e-01 2.125027264756995748e+02 2.356194490192261792e+00
1.570062093759988286e+00 2.134532314344739348e+02 2.356194490192261792e+00
7.013948686629724039e-01 2.141117301895314711e+02 2.356194490192261792e+00
2.341437531890377954e+00 2.155293477495048649e+02 2.356194490192261792e+00
9.433423800980071938e-01 2.160927206754404892e+02 2.356194490192261792e+00
1.309398012517057230e+00 2.174633000044057098e+02 2.356194490192261792e+00
8.248679638651117418e-01 2.184727646935864129e+02 2.356194490192261792e+00
1.268330927890011672e+00 2.195919646942405166e+02 2.356194490192261792e+00
8.548076023677999569e-01 2.201891999759263854e+02 2.356194490192261792e+00
1.697480823273377126e+00 2.217489183996110569e+02 2.356194490192261792e+00
1.280919901345289214e+00 2.221808612338179501e+02 2.356194490192261792e+00
1.198596762640876445e+00 2.236455234034488058e+02 2.356194490192261792e+00
8.629843874273364079e-01 2.245278670495166295e+02 2.356194490192261792e+00
1.069346273043874751e+00 2.257247941008523640e+02 2.356194490192261792e+00
1.005832681533555872e+00 2.263414077240951201e+02 2.356194490192261792e+00
1.185874554109717316e+00 2.279312459348439006e+02 2.356194490192261792e+00
1.617974035433211943e+00 2.283559236926050744e+02 2.356194490192261792e+00
1.066578932697934468e+00 2.298293743139913090e+02 2.356194490192261792e+00
9.683197274241127639e-01 2.306270721050114787e+02 2.356194490192261792e+00
9.813357717937396529e-01 2.318532316792517349e+02 2.356194490192261792e+00
1.241082306095428356e+00 2.325153646746031200e+02 2.356194490192261792e+00
7.901344788643271944e-01 2.340183476091148407e+02 2.356194490192261792e+00
2.045392933433239246e+00 2.345530960690768438e+02 2.356194490192261792e+00
9.161499807629231995e-01 2.359714821013437245e+02 2.356194490192261792e+00
1.132815474299863068e+00 2.367453964822540797e+02 2.356194490192261792e+00
9.582702409516671294e-01 2.379669899669763140e+02 2.356194490192261792e+00
1.542080450624905508e+00 2.387079230335772593e+02 2.356194490192261792e+00
5.517656297450125313e-01 2.398725896986747159e+02 2.356194490192261792e+00
2.510738777338844763e+00 2.407510781235408217e+02 2.356194490192261792e+00
7.003292515447075983e-01 2.418878017813527492e+02 2.356194490192261792e+00
1.296845238049623816e+00 2.428235520305747173e+02 2.356194490192261792e+00
8.972807771488580109e-01 2.439801453642185436e+02 2.356194490192261792e+00
1.627484576800529270e+00 2.448914486103273589e+02 2.356194490192261792e+00
6.768835147160866539e-01 2.455750474609131402e+02 2.356194490192261792e+00
2.452882505713244399e+00 2.469530690950808776e+02 2.356194490192261792e+00
8.968328643664402744e-01 2.475539525070892068e+02 2.356194490192261792e+00
1.329972305503018815e+00 2.488978475128438674e+02 2.356194490192261792e+00
8.311384166230132431e-01 2.499300269061308200e+02 2.356194490192261792e+00
1.320755161995962101e+00 2.510307440504914780e+02 2.356194490192261792e+00
8.508343768048073352e-01 2.516214827991579739e+02 2.356194490192261792e+00
1.788096644674639579e+00 2.531734507686395546e+02 2.356194490192261792e+00
1.258104981862852245e+00 2.536112531954372287e+02 2.356194490192261792e+00
1.235887364322873161e+00 2.550761684778464371e+02 2.356194490192261792e+00
8.588154436593000707e-01 2.559796671440558669e+02 2.356194490192261792e+00
1.106144993410107968e+00 2.571678789100076870e+02 2.356194490192261792e+00
9.938813066779982330e-01 2.577738779973331589e+02 2.356194490192261792e+00
1.264268588895459677e+00 2.593656119590319804e+02 2.356194490192261792e+00
1.586393093296494694e+00 2.597841072570780057e+02 2.356194490192261792e+00
1.107404478857426877e+00 2.612663541087529779e+02 2.356194490192261792e+00
9.507444579659485306e-01 2.620777579781394593e+02 2.356194490192261792e+00
1.002041652967963437e+00 2.633014043226829131e+02 2.356194490192261792e+00
1.208860056635569835e+00 2.639486614414108203e+02 2.356194490192261792e+00
8.555708894866411729e-01 2.654786397906922275e+02 2.356194490192261792e+00
1.989198773431256395e+00 2.659821913830382414e+02 2.356194490192261792e+00
9.625250779879362950e-01 2.674250067272071760e+02 2.356194490192261792e+00
1.103197798615728420e+00 2.681967340367541510e+02 2.356194490192261792e+00
9.704642025737857391e-01 2.694232286159399905e+02 2.356194490192261792e+00
1.503182436869938465e+00 2.701405349766287713e+02 2.356194490192261792e+00
5.770346661568682700e-01 2.713899305227054697e+02 2.356194490192261792e+00
2.458433859799225907e+00 2.721823122639407302e+02 2.356194490192261792e+00
7.370570189973363329e-01 2.734060621699176750e+02 2.356194490192261792e+00
1.284849915348534433e+00 2.742821179009630441e+02 2.356194490192261792e+00
9.209142348614111073e-01 2.754528930960468074e+02 2.356194490192261792e+00
1.671645858121017847e+00 2.763267531562800059e+02 2.356194490192261792e+00
6.503374385706323091e-01 2.770448801212019134e+02 2.356194490192261792e+00
2.546749460702995904e+00 2.783766945295407709e+02 2.356194490192261792e+00
8.501049508893624429e-01 2.790217313003374215e+02 2.356194490192261792e+00
1.342842046063959405e+00 2.803328727079771170e+02 2.356194490192261792e+00
8.375054395559714537e-01 2.813848874523283712e+02 2.356194490192261792e+00
1.368918196045661340e+00 2.824669277692396463e+02 2.356194490192261792e+00
8.447335288441282231e-01 2.830534232897033462e+02 2.356194490192261792e+00
1.871912395979811183e+00 2.845968359666140373e+02 2.356194490192261792e+00
1.233635643612601696e+00 2.850416422891339039e+02 2.356194490192261792e+00
1.266492940307284654e+00 2.865046955083113858e+02 2.356194490192261792e+00
8.562931387936328909e-01 2.874272576554169518e+02 2.356194490192261792e+00
1.140246528106357848e+00 2.886067172479630472e+02 2.356194490192261792e+00
9.849143188032980500e-01 2.892038219353545401e+02 2.356194490192261792e+00
1.333804701909273582e+00 2.907957881296047731e+02 2.356194490192261792e+00
1.560268981105780606e+00 2.912106212674037238e+02 2.356194490192261792e+00
1.142805358175112529e+00 2.926992276987311925e+02 2.356194490192261792e+00
9.369461046260422199e-01 2.935245051097269879e+02 2.356194490192261792e+00
1.022436510857643199e+00 2.947449127638939217e+02 2.356194490192261792e+00
1.182532773764106260e+00 2.953798726463906519e+02 2.356194490192261792e+00
9.163991198858327802e-01 2.969286085328605509e+02 2.356194490192261792e+00
1.941593553961399321e+00 2.974095733366380045e+02 2.356194490192261792e+00
1.002733569728910812e+00 2.988700807465716025e+02 2.356194490192261792e+00
1.077349687672827017e+00 2.996440889014400000e+02 2.356194490192261792e+00
9.814576422152915258e-01 3.008732329979667384e+02 2.356194490192261792e+00
1.464662869399137479e+00 3.015714448900566254e+02 2.356194490192261792e+00
6.101484380435493460e-01 3.028885534088628333e+02 2.356194490192261792e+00
2.402669475349230144e+00 3.036119307550843018e+02 2.356194490192261792e+00
7.801998997498431621e-01 3.049014379988378209e+02 2.356194490192261792e+00
1.266122383910079030e+00 3.057361606481707668e+02 2.356194490192261792e+00
9.392745230374363041e-01 3.069200465687618475e+02 2.356194490192261792e+00
1.690925518061648036e+00 3.077598402526796235e+02 2.356194490192261792e+00
6.167241296958601016e-01 3.085328181927631590e+02 2.356194490192261792e+00
2.613487003962694288e+00 3.098024392194691359e+02 2.356194490192261792e+00
7.937281780824163580e-01 3.105103555022253090e+02 2.356194490192261792e+00
1.342155180830534977e+00 3.117727931182012640e+02 2.356194490192261792e+00
8.405935315216624959e-01 3.128444802179019462e+02 2.356194490192261792e+00
1.410967128594216913e+00 3.139041553243553722e+02 2.356194490192261792e+00
8.204115088173423720e-01 3.144958661145278711e+02 2.356194490192261792e+00
1.965639267101682908e+00 3.160229435077272910e+02 2.356194490192261792e+00
1.178973855443732344e+00 3.164822379551517884e+02 2.356194490192261792e+00
1.279843015154780606e+00 3.179339440323423673e+02 2.356194490192261792e+00
8.483210393484890144e-01 3.188733281024456119e+02 2.356194490192261792e+00
1.163744511205787369e+00 3.200431663650900305e+02 2.356194490192261792e+00
9.594687303074942442e-01 3.206375830174038697e+02 2.356194490192261792e+00
1.402848964854416680e+00 3.222271931328795631e+02 2.356194490192261792e+00
1.506342315790297537e+00 3.226410417975605469e+02 2.356194490192261792e+00
1.157693152474053466e+00 3.241280470735636072e+02 2.356194490192261792e+00
9.208014945528131268e-01 3.249640282669459452e+02 2.356194490192261792e+00
1.031138180685767125e+00 3.261808372249006425e+02 2.356194490192261792e+00
1.146042051943260587e+00 3.268101422513280454e+02 2.356194490192261792e+00
9.689704480927132657e-01 3.283729664954516920e+02 2.356194490192261792e+00
1.876735232075939397e+00 3.288370776347830429e+02 2.356194490192261792e+00
1.022368805449421103e+00 3.303046435705683166e+02 2.356194490192261792e+00
1.053107374861858014e+00 3.310821789244915294e+02 2.356194490192261792e+00
9.830251211485614427e-01 3.323119675934995030e+02 2.356194490192261792e+00
1.418604460038704884e+00 3.329995992179808582e+02 2.356194490192261792e+00
6.428790470095622211e-01 3.343690348789374980e+02 2.356194490192261792e+00
2.332465564976311079e+00 3.350401131397211998e+02 2.356194490192261792e+00
8.160500318080770032e-01 3.363729390016902130e+02 2.356194490192261792e+00
1.240376889043792064e+00 3.371828552090126436e+02 2.356194490192261792e+00
9.486430282756176391e-01 3.383782696311079121e+02 2.356194490192261792e+00
1.679763669657077463e+00 3.391905937528771915e+02 2.356194490192261792e+00
5.820530114511316411e-01 3.400399296913175249e+02 2.356194490192261792e+00
2.638700617485438826e+00 3.412308146638134758e+02 2.356194490192261792e+00
7.374503447331768324e-01 3.420241447171794675e+02 2.356194490192261792e+00
1.331460663405587663e+00 3.432196888612742214e+02 2.356194490192261792e+00
8.434071385396405551e-01 3.443125366725044501e+02 2.356194490192261792e+00
1.452220053785999498e+00 3.453439591181955848e+02 2.356194490192261792e+00
7.807078198113477363e-01 3.459515952166918282e+02 2.356194490192261792e+00
2.074776126299660906e+00 3.474515201966694349e+02 2.356194490192261792e+00
1.099021082572504415e+00 3.479360241199120765e+02 2.356194490192261792e+00
1.282349262991699712e+00 3.493662554069891257e+02 2.356194490192261792e+00
8.357854722207327391e-01 3.503235528356187274e+02 2.356194490192261792e+00
1.183361306189066875e+00 3.514811951778891626e+02 2.356194490192261792e+00
9.185437508936104001e-01 3.520782055909801898e+02 2.356194490192261792e+00
1.482320022194663744e+00 3.536612473197241684e+02 2.356194490192261792e+00
1.424690824305760550e+00 3.540777861470608627e+02 2.356194490192261792e+00
1.158768712752602070e+00 3.555564576689873206e+02 2.356194490192261792e+00
9.001491596286378405e-01 3.564019409044397548e+02 2.356194490192261792e+00
1.031688872350878361e+00 3.576144425115888907e+02 2.356194490192261792e+00
1.096325196835607585e+00 3.582425551231672785e+02 2.356194490192261792e+00
1.022128318993829277e+00 3.598171342538778390e+02 2.356194490192261792e+00
1.788921744660208590e+00 3.602668327020263064e+02 2.356194490192261792e+00
1.026115317898509405e+00 3.617340626490025102e+02 2.356194490192261792e+00
1.027183384675056432e+00 3.625149412462834562e+02 2.356194490192261792e+00
9.761293567733039245e-01 3.637442056261271546e+02 2.356194490192261792e+00
1.362270975967779130e+00 3.644269825526747013e+02 2.356194490192261792e+00
6.760477191514827622e-01 3.658412019871918801e+02 2.356194490192261792e+00
2.243843366519688853e+00 3.664683216058476773e+02 2.356194490192261792e+00
8.425110376519523436e-01 3.678298704326647339e+02 2.356194490192261792e+00
1.209258965143973796e+00 3.686246240149963569e+02 2.356194490192261792e+00
9.504499699173553084e-01 3.698295776978002323e+02 2.356194490192261792e+00
1.644657249372146968e+00 3.706201241280086265e+02 2.356194490192261792e+00
5.551401502205776106e-01 3.715613495618903812e+02 2.356194490192261792e+00
2.622126852342048231e+00 3.726613656900359501e+02 2.356194490192261792e+00
6.970369777637207553e-01 3.735573349713232574e+02 2.356194490192261792e+00
1.318644144084165415e+00 3.746730732935372998e+02 2.356194490192261792e+00
8.516980832019739323e-01 3.757878825678583325e+02 2.356194490192261792e+00
1.499950724335323171e+00 3.767853686763677956e+02 2.356194490192261792e+00
7.400808087872086105e-01 3.774150932616286127e+02 2.356194490192261792e+00
2.193397370494488907e+00 3.788798491535150674e+02 2.356194490192261792e+00
1.019211891477910470e+00 3.793979180232485078e+02 2.356194490192261792e+00
1.288560910580796026e+00 3.808015514556088874e+02 2.356194490192261792e+00
8.258950712775974257e-01 3.817807858888866122e+02 2.356194490192261792e+00
1.212656169941172646e+00 3.829226292815321244e+02 2.356194490192261792e+00
8.798233680889608888e-01 3.835223684993703159e+02 2.356194490192261792e+00
1.575575212914034795e+00 3.850950417192386226e+02 2.356194490192261792e+00
1.344134959466580348e+00 3.855178725985815049e+02 2.356194490192261792e+00
1.166280679334673165e+00 3.869876778629821388e+02 2.356194490192261792e+00
8.792908414019532382e-01 3.878465088805584742e+02 2.356194490192261792e+00
1.038899057122891989e+00 3.890530834142044796e+02 2.356194490192261792e+00
1.046115083254003375e+00 3.896786749075007492e+02 2.356194490192261792e+00
1.088151943545305533e+00 3.912623805341862635e+02 2.356194490192261792e+00
1.697888777374730429e+00 3.916991043833986623e+02 2.356194490192261792e+00
1.033794206850777497e+00 3.931662542101747135e+02 2.356194490192261792e+00
9.990073240090293627e-01 3.939522314565288070e+02 2.356194490192261792e+00
9.712470277219609205e-01 3.951804086126728066e+02 2.356194490192261792e+00
1.301998831832713144e+00 3.958569627863732876e+02 2.356194490192261792e+00
7.188987218507361110e-01 3.973141929187646610e+02 2.356194490192261792e+00
2.146656859141081064e+00 3.978980376953986138e+02 2.356194490192261792e+00
8.697791121092606215e-01 3.992846457802572786e+02 2.356194490192261792e+00
1.174505694825027646e+00 4.000680326168788952e+02 2.356194490192261792e+00
9.509444593048806960e-01 4.012812201283519471e+02 2.356194490192261792e+00
1.597877477516945310e+00 4.020506704431639946e+02 2.356194490192261792e+00
5.423947722679303141e-01 4.030936743839454834e+02 2.356194490192261792e+00
2.577512331252260758e+00 4.040936070127877997e+02 2.356194490192261792e+00
6.819360511155425630e-01 4.051012939497209686e+02 2.356194490192261792e+00
1.308001189447556056e+00 4.061317632128257173e+02 2.356194490192261792e+00
8.685905069538089052e-01 4.072673770622497500e+02 2.356194490192261792e+00
1.556812621911155992e+00 4.082266252186304882e+02 2.356194490192261792e+00
7.074337588780503783e-01 4.088799033558919973e+02 2.356194490192261792e+00
2.315086409142279145e+00 4.103061317124103766e+02 2.356194490192261792e+00
9.551315685289856194e-01 4.108612673161329667e+02 2.356194490192261792e+00
1.304819266488365326e+00 4.122377113741382573e+02 2.356194490192261792e+00
8.241248523129766079e-01 4.132417360705421743e+02 2.356194490192261792e+00
1.257028840975874084e+00 4.143651220862676041e+02 2.356194490192261792e+00
8.572640533772991622e-01 4.149633948548079729e+02 2.356194490192261792e+00
1.675827996947137466e+00 4.165251973847647378e+02 2.356194490192261792e+00
1.288880385642092063e+00 4.169556112985011964e+02 2.356194490192261792e+00
1.191061923371151243e+00 4.184206332955096173e+02 2.356194490192261792e+00
8.649034930989912828e-01 4.192983202906605698e+02 2.356194490192261792e+00
1.062160914992620997e+00 4.204971322269770440e+02 2.356194490192261792e+00
1.010779995551193133e+00 4.211158334734391246e+02 2.356194490192261792e+00
1.167667156390522099e+00 4.227049465282880192e+02 2.356194490192261792e+00
1.628755754924948063e+00 4.231314175877246271e+02 2.356194490192261792e+00
1.058698798378815198e+00 4.246032000688708195e+02 2.356194490192261792e+00
9.731709536262660443e-01 4.253982772285595502e+02 2.356194490192261792e+00
9.779832249308010317e-01 4.266248781136811772e+02 2.356194490192261792e+00
1.250322653009411145e+00 4.272901163838496927e+02 2.356194490192261792e+00
7.760235981879495260e-01 4.287857689327883008e+02 2.356194490192261792e+00
2.061051961718046943e+00 4.293286709078091690e+02 2.356194490192261792e+00
9.065647094399538197e-01 4.307412708236198569e+02 2.356194490192261792e+00
1.139991265370359663e+00 4.315164040247066168e+02 2.356194490192261792e+00
9.561932287140985087e-01 4.327366434845010872e+02 2.356194490192261792e+00
1.551487923058099572e+00 4.334829238215440341e+02 2.356194490192261792e+00
5.480639110339254882e-01 4.346266997028982928e+02 2.356194490192261792e+00
2.522732760201841451e+00 4.355262351264545373e+02 2.356194490192261792e+00
6.943745109145896821e-01 4.366411357239164204e+02 2.356194490192261792e+00
1.298952506339621227e+00 4.375924904796798387e+02 2.356194490192261792e+00
8.918196829019588989e-01 4.387456598091214914e+02 2.356194490192261792e+00
1.615479936941520922e+00 4.396655332607330706e+02 2.356194490192261792e+00
6.821687783727757859e-01 4.403431514211832791e+02 2.356194490192261792e+00
2.429507209998662098e+00 4.417301829501321890e+02 2.356194490192261792e+00
9.065951216636237708e-01 4.423225660057188975e+02 2.356194490192261792e+00
1.325745471220091787e+00 4.436725594882794894e+02 2.356194490192261792e+00
8.295283989092804289e-01 4.447000089521636141e+02 2.356194490192261792e+00
1.309271513889903815e+00 4.458047547336805678e+02 2.356194490192261792e+00
8.511867417220404519e-01 4.463970154702795412e+02 2.356194490192261792e+00
1.769055869637429002e+00 4.479505508170478265e+02 2.356194490192261792e+00
1.262073528504108699e+00 4.483871422597463834e+02 2.356194490192261792e+00
1.227640431849555736e+00 4.498519012005733089e+02 2.356194490192261792e+00
8.592938972706003486e-01 4.507508136160150229e+02 2.356194490192261792e+00
1.097772844287622007e+00 4.519409591458602335e+02 2.356194490192261792e+00
9.955000027469219637e-01 4.525493500762358963e+02 2.356194490192261792e+00
1.247707825893293876e+00 4.541408168380394272e+02 2.356194490192261792e+00
1.591648903049369679e+00 4.545604411825440252e+02 2.356194490192261792e+00
1.098128851664959882e+00 4.560407170272291637e+02 2.356194490192261792e+00
9.541085700357072596e-01 4.568489194733544991e+02 2.356194490192261792e+00
9.969920643902596691e-01 4.580731960643520893e+02 2.356194490192261792e+00
1.214924441613073336e+00 4.587237193493277800e+02 2.356194490192261792e+00
8.411648634110107103e-01 4.602485431562163853e+02 2.356194490192261792e+00
2.000010217644070387e+00 4.607581976218005479e+02 2.356194490192261792e+00
9.521909230318953421e-01 4.621959898581278594e+02 2.356194490192261792e+00
1.109377606789421433e+00 4.629677390165792872e+02 2.356194490192261792e+00
9.675510314573493309e-01 4.641933345888261329e+02 2.356194490192261792e+00
1.511462559751444168e+00 4.649156686948103356e+02 2.356194490192261792e+00
5.704480502176880741e-01 4.661477417132704204e+02 2.356194490192261792e+00
2.469925148575065954e+00 4.669578023130538895e+02 2.356194490192261792e+00
7.278771780045062423e-01 4.681640049371549708e+02 2.356194490192261792e+00
1.287986046698342157e+00 4.690517095810334354e+02 2.356194490192261792e+00
9.159687960614523172e-01 4.702194658051201941e+02 2.356194490192261792e+00
1.663633785951257327e+00 4.711014119655503123e+02 2.356194490192261792e+00
6.568035782577601456e-01 4.718104641436985958e+02 2.356194490192261792e+00
2.527827546028504901e+00 4.731536130814870944e+02 2.356194490192261792e+00
8.612076815075112579e-01 4.737876634981838038e+02 2.356194490192261792e+00
1.341083836513840666e+00 4.751071205900843779e+02 2.356194490192261792e+00
8.363533097244036929e-01 4.761548697936695476e+02 2.356194490192261792e+00
1.358858328241772107e+00 4.772412246310288424e+02 2.356194490192261792e+00
8.472900665854823377e-01 4.778280487981172655e+02 2.356194490192261792e+00
1.853094117996477053e+00 4.793737883422864456e+02 2.356194490192261792e+00
1.240991467906321866e+00 4.798166259774631044e+02 2.356194490192261792e+00
1.261046534759906468e+00 4.812807045234694669e+02 2.356194490192261792e+00
8.571503180212924899e-01 4.821992995345382838e+02 2.356194490192261792e+00
1.133522734754879302e+00 4.833807196959887733e+02 2.356194490192261792e+00
9.878093545598296554e-01 4.839793658500114475e+02 2.356194490192261792e+00
1.318908431915176260e+00 4.855714416534839302e+02 2.356194490192261792e+00
1.567537880785679905e+00 4.859868830980257144e+02 2.356194490192261792e+00
1.136433972633233092e+00 4.874746356746310312e+02 2.356194490192261792e+00
9.400019707072857500e-01 4.882970495583448951e+02 2.356194490192261792e+00
1.018668021872039198e+00 4.895182148068325318e+02 2.356194490192261792e+00
1.188745279582388070e+00 4.901554014304145426e+02 2.356194490192261792e+00
9.036964186999365545e-01 4.917005122348731447e+02 2.356194490192261792e+00
1.952815212498912656e+00 4.921858578747167599e+02 2.356194490192261792e+00
9.952602745882772606e-01 4.936433022451506076e+02 2.356194490192261792e+00
1.082835471455743326e+00 4.944165730157652661e+02 2.356194490192261792e+00
9.796126808585916557e-01 4.956453259189033815e+02 2.356194490192261792e+00
1.473601440703215415e+00 4.963471049166914781e+02 2.356194490192261792e+00
6.026211292052152668e-01 4.976506970812974373e+02 2.356194490192261792e+00
2.415913018256848233e+00 4.983877878915968154e+02 2.356194490192261792e+00
7.708599672942767489e-01 4.996647269817963775e+02 2.356194490192261792e+00
1.270930252841578456e+00 5.005070295985740927e+02 2.356194490192261792e+00
9.359003184319099056e-01 5.016881039070490260e+02 2.356194490192261792e+00
1.689269449951962265e+00 5.025349784585918087e+02 2.356194490192261792e+00
6.246141223120846853e-01 5.032937772680159583e+02 2.356194490192261792e+00
2.601862166935544174e+00 5.045787692570174841e+02 2.356194490192261792e+00
8.068190354219330063e-01 5.052707265430718166e+02 2.356194490192261792e+00
1.343437548441800633e+00 5.065456287168128142e+02 2.356194490192261792e+00
8.401278550497872644e-01 5.076128405055742974e+02 2.356194490192261792e+00
1.401977100660879882e+00 5.086779537663270503e+02 2.356194490192261792e+00
8.275674298834096998e-01 5.092675007876644599e+02 2.356194490192261792e+00
1.943424195820715905e+00 5.107991365858486574e+02 2.356194490192261792e+00
1.194050814418190276e+00 5.112543089954709785e+02 2.356194490192261792e+00
1.278319190488014456e+00 5.127095209035957168e+02 2.356194490192261792e+00
8.506680347772559436e-01 5.136452323276736252e+02 2.356194490192261792e+00
1.159340884555714268e+00 5.148173634272143318e+02 2.356194490192261792e+00
9.668994890610866921e-01 5.154117801238348875e+02 2.356194490192261792e+00
1.386941491796413795e+00 5.170022332334054909e+02 2.356194490192261792e+00
1.521399149185316269e+00 5.174160159446745411e+02 2.356194490192261792e+00
1.156224345274312615e+00 5.189041339537446902e+02 2.356194490192261792e+00
9.248021705367636125e-01 5.197380174792656362e+02 2.356194490192261792e+00
1.030337185723694260e+00 5.209556549960658458e+02 2.356194490192261792e+00
1.155481222970371036e+00 5.215856373572472648e+02 2.356194490192261792e+00
9.577602000166853813e-01 5.231455827695563130e+02 2.356194490192261792e+00
1.893392728760260990e+00 5.236131204026096384e+02 2.356194490192261792e+00
1.019953378709718805e+00 5.250800066699412127e+02 2.356194490192261792e+00
1.058507623867617875e+00 5.258567950535345972e+02 2.356194490192261792e+00
9.836533456683174137e-01 5.270865725071927272e+02 2.356194490192261792e+00
1.429726587616721334e+00 5.277758262508232292e+02 2.356194490192261792e+00
6.358336517652347641e-01 5.291346640252853604e+02 2.356194490192261792e+00
2.349655842670066885e+00 5.298162128267669004e+02 2.356194490192261792e+00
8.091317373933193391e-01 5.311411280662815670e+02 2.356194490192261792e+00
1.246588012318494920e+00 5.319554182565454994e+02 2.356194490192261792e+00
9.473787142917017290e-01 5.331484666128048957e+02 2.356194490192261792e+00
1.684685826158859978e+00 5.339662377084925993e+02 2.356194490192261792e+00
5.893153795902712488e-01 5.347971407724324990e+02 2.356194490192261792e+00
2.637031286172359490e+00 5.360066026482408006e+02 2.356194490192261792e+00
7.490010677070729761e-01 5.367793165364332708e+02 2.356194490192261792e+00
1.334264252526431882e+00 5.379909948536102320e+02 2.356194490192261792e+00
8.425025826346503877e-01 5.390790439421525662e+02 2.356194490192261792e+00
1.442769724107475948e+00 5.401172323914231583e+02 2.356194490192261792e+00
7.900664339003731218e-01 5.407206150741967576e+02 2.356194490192261792e+00
2.049588717686583461e+00 5.422273946784530381e+02 2.356194490192261792e+00
1.117558140325392246e+00 5.427054537320593681e+02 2.356194490192261792e+00
1.281933424002412503e+00 5.441410752890175218e+02 2.356194490192261792e+00
8.386073317480592371e-01 5.450941148584892062e+02 2.356194490192261792e+00
1.178613706496054681e+00 5.462547544751034820e+02 2.356194490192261792e+00
9.280804812738377985e-01 5.468509851453076180e+02 2.356194490192261792e+00
1.463526476409186206e+00 5.484358717477042546e+02 2.356194490192261792e+00
1.443777899551981658e+00 5.488514692388541789e+02 2.356194490192261792e+00
1.158654302413003379e+00 5.503322541561634580e+02 2.356194490192261792e+00
9.049671349192632830e-01 5.511754604911977822e+02 2.356194490192261792e+00
1.031525199908943202e+00 5.523890261349083630e+02 2.356194490192261792e+00
1.107952367677303762e+00 5.530173297862093023e+02 2.356194490192261792e+00
1.009586561310418906e+00 5.545894887920198926e+02 2.356194490192261792e+00
1.809554147996754736e+00 5.550422679708705118e+02 2.356194490192261792e+00
1.025662077737619082e+00 5.565098061060944019e+02 2.356194490192261792e+00
1.033184198477985705e+00 5.572898878818524508e+02 2.356194490192261792e+00
9.779077258217923063e-01 5.585193299316994171e+02 2.356194490192261792e+00
1.375446445718928157e+00 5.592030640840785054e+02 2.356194490192261792e+00
6.682096629456762971e-01 5.606075852234048398e+02 2.356194490192261792e+00
2.264773303801994153e+00 5.612442448874675165e+02 2.356194490192261792e+00
8.370013947013175137e-01 5.626000644732297360e+02 2.356194490192261792e+00
1.216547777272003916e+00 5.633977239807804835e+02 2.356194490192261792e+00
9.504125446527375010e-01 5.646007007618986790e+02 2.356194490192261792e+00
1.653886798345360676e+00 5.653958371754822565e+02 2.356194490192261792e+00
5.600894076871847371e-01 5.663156183866771016e+02 2.356194490192261792e+00
2.628798656463707584e+00 5.674367006411910097e+02 2.356194490192261792e+00
7.040427716537842606e-01 5.683087916991553357e+02 2.356194490192261792e+00
1.321361012552019876e+00 5.694429984390405934e+02 2.356194490192261792e+00
8.491538312609938632e-01 5.705529564470405148e+02 2.356194490192261792e+00
1.488540183796732919e+00 5.715584064652656480e+02 2.356194490192261792e+00
7.485531998762374739e-01 5.721829851868366177e+02 2.356194490192261792e+00
2.166589662715817877e+00 5.736559828074347251e+02 2.356194490192261792e+00
1.035828446937237413e+00 5.741661334418606657e+02 2.356194490192261792e+00
1.286340153126945607e+00 5.755758344870482688e+02 2.356194490192261792e+00
8.274947023758147946e-01 5.765498471284682864e+02 2.356194490192261792e+00
1.204845581987524339e+00 5.776954904008601943e+02 2.356194490192261792e+00
8.873260690946966900e-01 5.782948768332886402e+02 2.356194490192261792e+00
1.553889796936494871e+00 5.798700396321299877e+02 2.356194490192261792e+00
1.360397134357816729e+00 5.802912513001192565e+02 2.356194490192261792e+00
1.163247353109177373e+00 5.817627764875363710e+02 2.356194490192261792e+00
8.835687831651641844e-01 5.826181485359942371e+02 2.356194490192261792e+00
1.036058410655011031e+00 5.838262060557361792e+02 2.356194490192261792e+00
1.056422816495175887e+00 5.844526925961937422e+02 2.356194490192261792e+00
1.072119006628925897e+00 5.860346757437102951e+02 2.356194490192261792e+00
1.716958213418737778e+00 5.864740966285368131e+02 2.356194490192261792e+00
1.030845892770947403e+00 5.879409288621964151e+02 2.356194490192261792e+00
1.005263640817724458e+00 5.887254904861713385e+02 2.356194490192261792e+00
9.715662235311677275e-01 5.899539450735048831e+02 2.356194490192261792e+00
1.315070377921836231e+00 5.906322762664889297e+02 2.356194490192261792e+00
7.081709940599094644e-01 5.920801744215053759e+02 2.356194490192261792e+00
2.167940732659018099e+00 5.926735909369904221e+02 2.356194490192261792e+00
8.631121402432411216e-01 5.940546109236933034e+02 2.356194490192261792e+00
1.182348930688466027e+00 5.948402924323411298e+02 2.356194490192261792e+00
9.505946209911734224e-01 5.960517487439350361e+02 2.356194490192261792e+00
1.608587553637751855e+00 5.968260183292945840e+02 2.356194490192261792e+00
5.437082398274687423e-01 5.978460971892984617e+02 2.356194490192261792e+00
2.588905658668565923e+00 5.988686462071881351e+02 2.356194490192261792e+00
6.828400478754331759e-01 5.998514546215393466e+02 2.356194490192261792e+00
1.310138564861693444e+00 6.009007187396280187e+02 2.356194490192261792e+00
8.641421142547769385e-01 6.020319569845360093e+02 2.356194490192261792e+00
1.543669529334796842e+00 6.029998961962480735e+02 2.356194490192261792e+00
7.138636675466424331e-01 6.036479629684537258e+02 2.356194490192261792e+00
2.288367275453351724e+00 6.050827984687854268e+02 2.356194490192261792e+00
9.677349817806246701e-01 6.056296728513136713e+02 2.356194490192261792e+00
1.300487142956836983e+00 6.070120437121091754e+02 2.356194490192261792e+00
8.237547107311992134e-01 6.080105485832559680e+02 2.356194490192261792e+00
1.246124620683785489e+00 6.091381211798241111e+02 2.356194490192261792e+00
8.605919299277774437e-01 6.097371844440731365e+02 2.356194490192261792e+00
1.653775085830423652e+00 6.113012233186415187e+02 2.356194490192261792e+00
1.298348454146661002e+00 6.117300200451161345e+02 2.356194490192261792e+00
1.184142814519647535e+00 6.131956463225433254e+02 2.356194490192261792e+00
8.672881527080472663e-01 6.140687946455183237e+02 2.356194490192261792e+00
1.055616162010505343e+00 6.152694476505628245e+02 2.356194490192261792e+00
1.016789424722529311e+00 6.158900571833172535e+02 2.356194490192261792e+00
1.149465631980484348e+00 6.174782921731400620e+02 2.356194490192261792e+00
1.641237644366438930e+00 6.179067312190182975e+02 2.356194490192261792e+00
1.051583347937290469e+00 6.193770502453830886e+02 2.356194490192261792e+00
9.783849277940049882e-01 6.201697169320884768e+02 2.356194490192261792e+00
9.752763391607892629e-01 6.213967214267607915e+02 2.356194490192261792e+00
1.260429059598003221e+00 6.220648871795730201e+02 2.356194490192261792e+00
7.623218859564181438e-01 6.235527290438791397e+02 2.356194490192261792e+00
2.078024895756996226e+00 6.241041849753289625e+02 2.356194490192261792e+00
8.974568883611233616e-01 6.255109697676280121e+02 2.356194490192261792e+00
1.147376656983882359e+00 6.262875690546745773e+02 2.356194490192261792e+00
9.544449598328398343e-01 6.275063711475269201e+02 2.356194490192261792e+00
1.561255776423690955e+00 6.282579499671611529e+02 2.356194490192261792e+00
5.452018783641593425e-01 6.293801845943796707e+02 2.356194490192261792e+00
2.534897785918146074e+00 6.303013348556067967e+02 2.356194490192261792e+00
6.894679589572709766e-01 6.313935967129498295e+02 2.356194490192261792e+00
1.300970091609458645e+00 6.323613464681294545e+02 2.356194490192261792e+00
8.863995624362986936e-01 6.335109389826903907e+02 2.356194490192261792e+00
1.602956130978044680e+00 6.344394621269261734e+02 2.356194490192261792e+00
6.874502428283242317e-01 6.351114204939633510e+02 2.356194490192261792e+00
2.405330324599541658e+00 6.365072625429506843e+02 2.356194490192261792e+00
9.165182472180785078e-01 6.370913233392619759e+02 2.356194490192261792e+00
1.321233949787109285e+00 6.384472418970780154e+02 2.356194490192261792e+00
8.279827261481863543e-01 6.394697889153939059e+02 2.356194490192261792e+00
1.297626446206280537e+00 6.405785928468702650e+02 2.356194490192261792e+00
8.516685811443029941e-01 6.411723912617424048e+02 2.356194490192261792e+00
1.749474364739253884e+00 6.427275389955902938e+02 2.356194490192261792e+00
1.266374745700530102e+00 6.431629011214248521e+02 2.356194490192261792e+00
1.219234389710659006e+00 6.446274988459265387e+02 2.356194490192261792e+00
8.599544898204785071e-01 6.455217372281277903e+02 2.356194490192261792e+00
1.089401544116137988e+00 6.467138196718190102e+02 2.356194490192261792e+00
9.975345401052725380e-01 6.473246231573181149e+02 2.356194490192261792e+00
1.230642859028798553e+00 6.489157462088768398e+02 2.356194490192261792e+00
1.597625029142662356e+00 6.493366264674457398e+02 2.356194490192261792e+00
1.088814109805936514e+00 6.508148900645294361e+02 2.356194490192261792e+00
9.577339433690548187e-01 6.516199506317884698e+02 2.356194490192261792e+00
9.920917545021269435e-01 6.528448164680023638e+02 2.356194490192261792e+00
1.221484194597363571e+00 6.534986708580280492e+02 2.356194490192261792e+00
8.266134811370154933e-01 6.550178933991956001e+02 2.356194490192261792e+00
2.011572089929973384e+00 6.555341026403065143e+02 2.356194490192261792e+00
9.417599341141683622e-01 6.569666034320039216e+02 2.356194490192261792e+00
1.115762378909531227e+00 6.577386292336591396e+02 2.356194490192261792e+00
9.646900170457086698e-01 6.589632158279421219e+02 2.356194490192261792e+00
1.519863078069157325e+00 6.596907383052612204e+02 2.356194490192261792e+00
5.643521211556081774e-01 6.609046555093327697e+02 2.356194490192261792e+00
2.481387981884864757e+00 6.617332141358871240e+02 2.356194490192261792e+00
7.191794950977263845e-01 6.629208636811025599e+02 2.356194490192261792e+00
1.290810070873173787e+00 6.638211185779222205e+02 2.356194490192261792e+00
9.108159891442558775e-01 6.649858038637368054e+02 2.356194490192261792e+00
1.654507997376892581e+00 6.658759631778322046e+02 2.356194490192261792e+00
6.628832305935803415e-01 6.665768698767604974e+02 2.356194490192261792e+00
2.507764004742063957e+00 6.679306230017472217e+02 2.356194490192261792e+00
8.717823129930735160e-01 6.685545052927617462e+02 2.356194490192261792e+00
1.338649670785628354e+00 6.698815680440454798e+02 2.356194490192261792e+00
8.350231333099813469e-01 6.709250117638972597e+02 2.356194490192261792e+00
1.348445947624955732e+00 6.720155401717879613e+02 2.356194490192261792e+00
8.489959467775315405e-01 6.726031135288383211e+02 2.356194490192261792e+00
1.834615932299073604e+00 6.741508607936624458e+02 2.356194490192261792e+00
1.246948210888247921e+00 6.745920344404783009e+02 2.356194490192261792e+00
1.254738260338889910e+00 6.760567130126798929e+02 2.356194490192261792e+00
8.577650204876831053e-01 6.769711971812728279e+02 2.356194490192261792e+00
1.126250192716505394e+00 6.781545557844466430e+02 2.356194490192261792e+00
9.899827005514728606e-01 6.787550338494346533e+02 2.356194490192261792e+00
1.303828835927594021e+00 6.803471161666767557e+02 2.356194490192261792e+00
1.573610476642723466e+00 6.807632839997583005e+02 2.356194490192261792e+00
1.129070670402702037e+00 6.822498093523855687e+02 2.356194490192261792e+00
9.429942014950291052e-01 6.830692047886327600e+02 2.356194490192261792e+00
1.014354544746225884e+00 6.842911095286657428e+02 2.356194490192261792e+00
1.194571760312453046e+00 6.849308476670004211e+02 2.356194490192261792e+00
8.905226231607407117e-01 6.864720684013198024e+02 2.356194490192261792e+00
1.963379031319206769e+00 6.869621186617143849e+02 2.356194490192261792e+00
9.868185239447843093e-01 6.884159721501183640e+02 2.356194490192261792e+00
1.088437721960744620e+00 6.891886011602580311e+02 2.356194490192261792e+00
9.773451998656265127e-01 6.904168546123587475e+02 2.356194490192261792e+00
1.482230969086966610e+00 6.911226199460287489e+02 2.356194490192261792e+00
5.951172382779268411e-01 6.924118659020805353e+02 2.356194490192261792e+00
2.428538397889012046e+00 6.931635629839594230e+02 2.356194490192261792e+00
7.612553489457325462e-01 6.944267794377832388e+02 2.356194490192261792e+00
1.275366829847131234e+00 6.952775420705802389e+02 2.356194490192261792e+00
9.320945670731892729e-01 6.964557420117350830e+02 2.356194490192261792e+00
1.686074994249084913e+00 6.973100008530871037e+02 2.356194490192261792e+00
6.323294482442530784e-01 6.980557688531196163e+02 2.356194490192261792e+00
2.588279999824095068e+00 6.993552372087318645e+02 2.356194490192261792e+00
8.196944438804131261e-01 7.000324135662751814e+02 2.356194490192261792e+00
1.344125618731334182e+00 7.013188176718417708e+02 2.356194490192261792e+00
8.395766040875553005e-01 7.023816348705137216e+02 2.356194490192261792e+00
1.392863431758994075e+00 7.034518924716408037e+02 2.356194490192261792e+00
8.337767720484250411e-01 7.040398523285153942e+02 2.356194490192261792e+00
1.922064470421154914e+00 7.055754883230863470e+02 2.356194490192261792e+00
1.207544053201242029e+00 7.060270848023694725e+02 2.356194490192261792e+00
1.276070059852370653e+00 7.074852432486891303e+02 2.356194490192261792e+00
8.527048151147086363e-01 7.084172901114611705e+02 2.356194490192261792e+00
1.154569991592684364e+00 7.095916040516652856e+02 2.356194490192261792e+00
9.733523284211408333e-01 7.101863416214538347e+02 2.356194490192261792e+00
1.371490858798122714e+00 7.117774373488275614e+02 2.356194490192261792e+00
1.534740964587652190e+00 7.121913271883009884e+02 2.356194490192261792e+00
1.153815871730608844e+00 7.136801497028486665e+02 2.356194490192261792e+00
9.285442869201742111e-01 7.145118086484568494e+02 2.356194490192261792e+00
1.028953110276205285e+00 7.157302520376517805e+02 2.356194490192261792e+00
1.164136572850014151e+00 7.163612072677638025e+02 2.356194490192261792e+00
9.464095519840524107e-01 7.179181580425557740e+02 2.356194490192261792e+00
1.908718128022687921e+00 7.183892628411235819e+02 2.356194490192261792e+00
1.016513951137574034e+00 7.198550092756429422e+02 2.356194490192261792e+00
1.063853149328686687e+00 7.206310208218228581e+02 2.356194490192261792e+00
9.837487432925787756e-01 7.218607212054678257e+02 2.356194490192261792e+00
1.440299792192166972e+00 7.225519692696120728e+02 2.356194490192261792e+00
6.286951510379577002e-01 7.238997370846816466e+02 2.356194490192261792e+00
2.365875031347171031e+00 7.245922901007323844e+02 2.356194490192261792e+00
8.016324794610159010e-01 7.259084307997600263e+02 2.356194490192261792e+00
1.252525081817896124e+00 7.267276548028582965e+02 2.356194490192261792e+00
9.456741468078214696e-01 7.279182286950559728e+02 2.356194490192261792e+00
1.688293852055879452e+00 7.287417912446571790e+02 2.356194490192261792e+00
5.968923653667235207e-01 7.295550662176644892e+02 2.356194490192261792e+00
2.633162162560184871e+00 7.307824995949307549e+02 2.356194490192261792e+00
7.612163045368467440e-01 7.315355077552072771e+02 2.356194490192261792e+00
1.336899400874142829e+00 7.327626242663787934e+02 2.356194490192261792e+00
8.418150355895891446e-01 7.338459307999114571e+02 2.356194490192261792e+00
1.433571462181961964e+00 7.348905993362241134e+02 2.356194490192261792e+00
7.992516600665467985e-01 7.354900923221132416e+02 2.356194490192261792e+00
2.024916225052245888e+00 7.370032806343207312e+02 2.356194490192261792e+00
1.135882848255697963e+00 7.374753569372143147e+02 2.356194490192261792e+00
1.281586457020970071e+00 7.389160608712128351e+02 2.356194490192261792e+00
8.414785977457840405e-01 7.398650367865889166e+02 2.356194490192261792e+00
1.174233678670664638e+00 7.410284951730018292e+02 2.356194490192261792e+00
9.375332355569265808e-01 7.416240099259744056e+02 2.356194490192261792e+00
1.445440141381285626e+00 7.432105245871266561e+02 2.356194490192261792e+00
1.462596623488268799e+00 7.436253762994201679e+02 2.356194490192261792e+00
1.158678844941741337e+00 7.451081863381017456e+02 2.356194490192261792e+00
9.096933645420743897e-01 7.459492667899368143e+02 2.356194490192261792e+00
1.031540264065912371e+00 7.471638240576402268e+02 2.356194490192261792e+00
1.119365316194291804e+00 7.477923008704452741e+02 2.356194490192261792e+00
9.976081922113251288e-01 7.493619292307317892e+02 2.356194490192261792e+00
1.829724615483037997e+00 7.498178453981497569e+02 2.356194490192261792e+00
1.025202231255624374e+00 7.512856367910426343e+02 2.356194490192261792e+00
1.039032502847698991e+00 7.520649769914936087e+02 2.356194490192261792e+00
9.796537188754389502e-01 7.532945669158939381e+02 2.356194490192261792e+00
1.388289828775153278e+00 7.539792521376681407e+02 2.356194490192261792e+00
6.607541438928211663e-01 7.553740041366568221e+02 2.356194490192261792e+00
2.285063238308784772e+00 7.560202409421493712e+02 2.356194490192261792e+00
8.314063318969507899e-01 7.573700789565335754e+02 2.356194490192261792e+00
1.223622436581208728e+00 7.581708483866264032e+02 2.356194490192261792e+00
9.502328972144262753e-01 7.593717799174511356e+02 2.356194490192261792e+00
1.662404050390194010e+00 7.601715846190664934e+02 2.356194490192261792e+00
5.656690714042272861e-01 7.610705055669280910e+02 2.356194490192261792e+00
2.633900925918869707e+00 7.622121299339286224e+02 2.356194490192261792e+00
7.122340092226441266e-01 7.630609293063680525e+02 2.356194490192261792e+00
1.324181899679833130e+00 7.642132140294722831e+02 2.356194490192261792e+00
8.470410312216875015e-01 7.653182949398483288e+02 2.356194490192261792e+00
1.477634044140395897e+00 7.663314647089289338e+02 2.356194490192261792e+00
7.573987229664461696e-01 7.669509979249612570e+02 2.356194490192261792e+00
2.140041047607120550e+00 7.684320240983341819e+02 2.356194490192261792e+00
1.053175911086901007e+00 7.689344851395959495e+02 2.356194490192261792e+00
1.284650863885355987e+00 7.703501934241622848e+02 2.356194490192261792e+00
8.294811663114556310e-01 7.713191762832208269e+02 2.356194490192261792e+00
1.197832295281311632e+00 7.724684582454905240e+02 2.356194490192261792e+00
8.955653272536636678e-01 7.730673085980637325e+02 2.356194490192261792e+00
1.532724145934154070e+00 7.746448857936599097e+02 2.356194490192261792e+00
1.377776670165402395e+00 7.750645824408243243e+02 2.356194490192261792e+00
1.161084757742784968e+00 7.765380068446593214e+02 2.356194490192261792e+00
8.881083981281943096e-01 7.773902186751229237e+02 2.356194490192261792e+00
1.034009729249190990e+00 7.785996604427318744e+02 2.356194490192261792e+00
1.067340916249934546e+00 7.792268258314761624e+02 2.356194490192261792e+00
1.056886630290722495e+00 7.808069039917457985e+02 2.356194490192261792e+00
1.736891043198862894e+00 7.812491384037341504e+02 2.356194490192261792e+00
1.028725903170302436e+00 7.827158814312193726e+02 2.356194490192261792e+00
1.011561722518486084e+00 7.834992125440185191e+02 2.356194490192261792e+00
9.724102167259544016e-01 7.847279238026733310e+02 2.356194490192261792e+00
1.328426245506253434e+00 7.854077739996663468e+02 2.356194490192261792e+00
6.981891824781464306e-01 7.868461904893467818e+02 2.356194490192261792e+00
2.189565309369671642e+00 7.874492146495514362e+02 2.356194490192261792e+00
8.568841636019282060e-01 7.888247034560362181e+02 2.356194490192261792e+00
1.190148418461666413e+00 7.896128070207560086e+02 2.356194490192261792e+00
9.504395445711156798e-01 7.908224799434448187e+02 2.356194490192261792e+00
1.619212103950962600e+00 7.916014615771700846e+02 2.356194490192261792e+00
5.459217266942762992e-01 7.925987249470964571e+02 2.356194490192261792e+00
2.599610775252795047e+00 7.936437246267041701e+02 2.356194490192261792e+00
6.851487565026699311e-01 7.946015961769675187e+02 2.356194490192261792e+00
1.312389556520541012e+00 7.956698221533901005e+02 2.356194490192261792e+00
8.600682544883490044e-01 7.967965317216780932e+02 2.356194490192261792e+00
1.530758509855057792e+00 7.977730677859472053e+02 2.356194490192261792e+00
7.207323403446973531e-01 7.984159160517855298e+02 2.356194490192261792e+00
2.261412899280186295e+00 7.998593421543347404e+02 2.356194490192261792e+00
9.812229825300003982e-01 8.003979517157529244e+02 2.356194490192261792e+00
1.296505893802478493e+00 8.017863148587716751e+02 2.356194490192261792e+00
8.238013777733349530e-01 8.027792712149798717e+02 2.356194490192261792e+00
1.235748069647801595e+00 8.039110010905790205e+02 2.356194490192261792e+00
8.648594495270855997e-01 8.045105887777706357e+02 2.356194490192261792e+00
1.631486131365222914e+00 8.060769935975176850e+02 2.356194490192261792e+00
1.309404367038503603e+00 8.065041086752388537e+02 2.356194490192261792e+00
1.177967729175284362e+00 8.079705998142420640e+02 2.356194490192261792e+00
8.701470361050998026e-01 8.088393794585512069e+02 2.356194490192261792e+00
1.049813752915600196e+00 8.100418148255486130e+02 2.356194490192261792e+00
1.023874267128727089e+00 8.106641274952576168e+02 2.356194490192261792e+00
1.131455474941848394e+00 8.122513127973035125e+02 2.356194490192261792e+00
1.655416224563633465e+00 8.126818968541261938e+02 2.356194490192261792e+00
1.045336419326331923e+00 8.141509880198231031e+02 2.356194490192261792e+00
9.839314381179935509e-01 8.149414677874374320e+02 2.356194490192261792e+00
9.732586560145108923e-01 8.161688417054101592e+02 2.356194490192261792e+00
1.271367641611462318e+00 8.168397173136265792e+02 2.356194490192261792e+00
7.491451286535351084e-01 8.183193046593885356e+02 2.356194490192261792e+00
2.096248384563495382e+00 8.188796622838856365e+02 2.356194490192261792e+00
8.888827941778123520e-01 8.202806428896484476e+02 2.356194490192261792e+00
1.154943542770723752e+00 8.210589345239943668e+02 2.356194490192261792e+00
9.530395040883380409e-01 8.222762230844114129e+02 2.356194490192261792e+00
1.571362472979586311e+00 8.230330209729681883e+02 2.356194490192261792e+00
5.432302194371064763e-01 8.241331654370062552e+02 2.356194490192261792e+00
2.547156367606173699e+00 8.250763902312063465e+02 2.356194490192261792e+00
6.857142767803579009e-01 8.261452854899148406e+02 2.356194490192261792e+00
1.302944796471221078e+00 8.271301517146486049e+02 2.356194490192261792e+00
8.810830088059625753e-01 8.282759974349839922e+02 2.356194490192261792e+00
1.590050085327518126e+00 8.292132318596823097e+02 2.356194490192261792e+00
6.928310304976306178e-01 8.298797484342435382e+02 2.356194490192261792e+00
2.380420217934861693e+00 8.312842828961888699e+02 2.356194490192261792e+00
9.267788201197993958e-01 8.318601094686916895e+02 2.356194490192261792e+00
1.316552928268926559e+00 8.332218645843813647e+02 2.356194490192261792e+00
8.265751398088835300e-01 8.342393342388804740e+02 2.356194490192261792e+00
1.285922379920187097e+00 8.353522381265983086e+02 2.356194490192261792e+00
8.524918891332154969e-01 8.359475104091345656e+02 2.356194490192261792e+00
1.729279947232878589e+00 8.375043688446593251e+02 2.356194490192261792e+00
1.271364740872159782e+00 8.379384407516436113e+02 2.356194490192261792e+00
1.210853865878595004e+00 8.394029509921134604e+02 2.356194490192261792e+00
8.608862413481761511e-01 8.402924634272234243e+02 2.356194490192261792e+00
1.081183088826957350e+00 8.414864807131174302e+02 2.356194490192261792e+00
1.000199947041832127e+00 8.420996622800596469e+02 2.356194490192261792e+00
1.213118190129234719e+00 8.436903547632882692e+02 2.356194490192261792e+00
1.604665793016285313e+00 8.441126287637148380e+02 2.356194490192261792e+00
1.079673631890779584e+00 8.455889066378787220e+02 2.356194490192261792e+00
9.616722742218682951e-01 8.463909290524874223e+02 2.356194490192261792e+00
9.874844907738341560e-01 8.476163413957610828e+02 2.356194490192261792e+00
1.228687357108806166e+00 8.482735319504398603e+02 2.356194490192261792e+00
8.120313488589189221e-01 8.497866775043239613e+02 2.356194490192261792e+00
2.024116812991409553e+00 8.503099043576945633e+02 2.356194490192261792e+00
9.314009991283108691e-01 8.517369049651349542e+02 2.356194490192261792e+00
1.122366099820494956e+00 8.525094753580631277e+02 2.356194490192261792e+00
9.619688820535999829e-01 8.537329475217181880e+02 2.356194490192261792e+00
1.528471699152926799e+00 8.544657636246405445e+02 2.356194490192261792e+00
5.588369267252882855e-01 8.556607064881820861e+02 2.356194490192261792e+00
2.492928195387867252e+00 8.565085491371294211e+02 2.356194490192261792e+00
7.111031117549312386e-01 8.576766712593233706e+02 2.356194490192261792e+00
1.293366699638756501e+00 8.585903685790609643e+02 2.356194490192261792e+00
9.055078925952743107e-01 8.597519123781404460e+02 2.356194490192261792e+00
1.644398521619460762e+00 8.606503969521105546e+02 2.356194490192261792e+00
6.686287897567541050e-01 8.613439513206359379e+02 2.356194490192261792e+00
2.486668044060047489e+00 8.627076985282137684e+02 2.356194490192261792e+00
8.819303216269246404e-01 8.633220758003004676e+02 2.356194490192261792e+00
1.335598164324218073e+00 8.646561584883519345e+02 2.356194490192261792e+00
8.335468818665386914e-01 8.656952175224239454e+02 2.356194490192261792e+00
1.337682914146260948e+00 8.667898264400100743e+02 2.356194490192261792e+00
8.500368075324026274e-01 8.673784847978109838e+02 2.356194490192261792e+00
1.816246581445583042e+00 8.689280079085406214e+02 2.356194490192261792e+00
1.251841520081790282e+00 8.693677415737400906e+02 2.356194490192261792e+00
1.247681755834522344e+00 8.708326835680688873e+02 2.356194490192261792e+00
8.582195425719586490e-01 8.717429084729416218e+02 2.356194490192261792e+00
1.118511745476237884e+00 8.729281958206560148e+02 2.356194490192261792e+00
9.916693376499992052e-01 8.735307426250356002e+02 2.356194490192261792e+00
1.288434298912307208e+00 8.751227440621327105e+02 2.356194490192261792e+00
1.578894101851261000e+00 8.755397513973008472e+02 2.356194490192261792e+00
1.120891452024842083e+00 8.770247424247301069e+02 2.356194490192261792e+00
9.459977543035468228e-01 8.778410053511992146e+02 2.356194490192261792e+00
1.009632241519008655e+00 8.790636256532970947e+02 2.356194490192261792e+00
1.200209731858528084e+00 8.797061926007670536e+02 2.356194490192261792e+00
8.769099591650034720e-01 8.812432161015990459e+02 2.356194490192261792e+00
1.973603607403673355e+00 8.817383307178598670e+02 2.356194490192261792e+00
9.775861587249244922e-01 8.831881117563088992e+02 2.356194490192261792e+00
1.094179625282308610e+00 8.839602395637640484e+02 2.356194490192261792e+00
9.747567053606454035e-01 8.851878808980067106e+02 2.356194490192261792e+00
1.490639672250771541e+00 8.858980032675888197e+02 2.356194490192261792e+00
5.877395878105480254e-01 8.871720566775539965e+02 2.356194490192261792e+00
2.440672253917451240e+00 8.879392554722891191e+02 2.356194490192261792e+00
7.515561952345199970e-01 8.891876160214806077e+02 2.356194490192261792e+00
1.279421222233976474e+00 8.900477402111270067e+02 2.356194490192261792e+00
9.279012015445391448e-01 8.912230182977045843e+02 2.356194490192261792e+00
1.681393024856839613e+00 8.920849152832989830e+02 2.356194490192261792e+00
6.397639418846046144e-01 8.928188284166020594e+02 2.356194490192261792e+00
2.572934371201916370e+00 8.941318442151019781e+02 2.356194490192261792e+00
8.321783254470166424e-01 8.947954115352366671e+02 2.356194490192261792e+00
1.344151457609340961e+00 8.960923483832365264e+02 2.356194490192261792e+00
8.388879076164000859e-01 8.971508403716590010e+02 2.356194490192261792e+00
1.383552992313499486e+00 8.982259646977163356e+02 2.356194490192261792e+00
8.389426021695238767e-01 8.988129197704294029e+02 2.356194490192261792e+00
1.901557808331012289e+00 9.003520166140805259e+02 2.356194490192261792e+00
1.219279923189598769e+00 9.008005593801163968e+02 2.356194490192261792e+00
1.272970093496271771e+00 9.022610880006346861e+02 2.356194490192261792e+00
8.543956843959356062e-01 9.031894315271908908e+02 2.356194490192261792e+00
1.149311911462610025e+00 9.043658391349459862e+02 2.356194490192261792e+00
9.787442706743353371e-01 9.049612470200095231e+02 2.356194490192261792e+00
1.356381573000405183e+00 9.065528050723173692e+02 2.356194490192261792e+00
1.546247042477054467e+00 9.069669613439298246e+02 2.356194490192261792e+00
1.150320179079125316e+00 9.084560430402734710e+02 2.356194490192261792e+00
9.320395283894072902e-01 9.092853099940446100e+02 2.356194490192261792e+00
1.026896682763253521e+00 9.105045433389483378e+02 2.356194490192261792e+00
1.171997687666911592e+00 9.111368125268400036e+02 2.356194490192261792e+00
9.347827610504533258e-01 9.126906306856257061e+02 2.356194490192261792e+00
1.922705628540531508e+00 9.131654812182667911e+02 2.356194490192261792e+00
1.011932936642204073e+00 9.146295679710685818e+02 2.356194490192261792e+00
1.069187375751481595e+00 9.154047803873106659e+02 2.356194490192261792e+00
9.832704077946932131e-01 9.166343271355696061e+02 2.356194490192261792e+00
1.450343253156617607e+00 9.173279957664802851e+02 2.356194490192261792e+00
6.214228367016388921e-01 9.186641092099995376e+02 2.356194490192261792e+00
2.381151998351895394e+00 9.193683235079353153e+02 2.356194490192261792e+00
7.935334406540474061e-01 9.206747052461777230e+02 2.356194490192261792e+00
1.258170005303466787e+00 9.214995173257342458e+02 2.356194490192261792e+00
9.434974587453319739e-01 9.226875086875328407e+02 2.356194490192261792e+00
1.690482376124757602e+00 9.235172355878872850e+02 2.356194490192261792e+00
6.046949994095578429e-01 9.243137586786682505e+02 2.356194490192261792e+00
2.627039890532473443e+00 9.255585107695885654e+02 2.356194490192261792e+00
7.739294894418192738e-01 9.262927935474168635e+02 2.356194490192261792e+00
1.339273527887912651e+00 9.275345853580565745e+02 2.356194490192261792e+00
8.412775385927544480e-01 9.286132161989478391e+02 2.356194490192261792e+00
1.424539156743674040e+00 9.296640734914750510e+02 2.356194490192261792e+00
8.080881453865065289e-01 9.302601019713422374e+02 2.356194490192261792e+00
2.000834662489217486e+00 9.317792104572556582e+02 2.356194490192261792e+00
1.153688818674198702e+00 9.322458037369921158e+02 2.356194490192261792e+00
1.281135926771937328e+00 9.336912179258597462e+02 2.356194490192261792e+00
8.443080074029695181e-01 9.346362934204416888e+02 2.356194490192261792e+00
1.170060147104402315e+00 9.358024023393253401e+02 2.356194490192261792e+00
9.466786872345392956e-01 9.363973286458198118e+02 2.356194490192261792e+00
1.428035957273078971e+00 9.379852452505067504e+02 2.356194490192261792e+00
1.480780685628294124e+00 9.383995499964058808e+02 2.356194490192261792e+00
1.158595917695889543e+00 9.398842205585374359e+02 2.356194490192261792e+00
9.142663177011157716e-01 9.407232647702364829e+02 2.356194490192261792e+00
1.031549125451620030e+00 9.419387525978174835e+02 2.356194490192261792e+00
1.130392578573714779e+00 9.425674540795699841e+02 2.356194490192261792e+00
9.860503420416178999e-01 9.441344513953278010e+02 2.356194490192261792e+00
1.849165594043109095e+00 9.445935655194464289e+02 2.356194490192261792e+00
1.024488265275834031e+00 9.460614633580811415e+02 2.356194490192261792e+00
1.044727663420744745e+00 9.468400882708064046e+02 2.356194490192261792e+00
9.812321763840597955e-01 9.480697905425228100e+02 2.356194490192261792e+00
1.400712122436426732e+00 9.487555066572469968e+02 2.356194490192261792e+00
6.535591675214112994e-01 9.501403649264456135e+02 2.356194490192261792e+00
2.304575762576182463e+00 9.507962935818372898e+02 2.356194490192261792e+00
8.255878630178817845e-01 9.521397760494031672e+02 2.356194490192261792e+00
1.230466219048183651e+00 9.529439167468071901e+02 2.356194490192261792e+00
9.498330477107550518e-01 9.541427247216618071e+02 2.356194490192261792e+00
1.670070070373334215e+00 9.549473393512239454e+02 2.356194490192261792e+00
5.718119786570774465e-01 9.558260357099244402e+02 2.356194490192261792e+00
2.637264638541600981e+00 9.569876579464328188e+02 2.356194490192261792e+00
7.215186480845676709e-01 9.578138398327972709e+02 2.356194490192261792e+00
1.327069945920230642e+00 9.589837319388104788e+02 2.356194490192261792e+00
8.453302707846680475e-01 9.600839346177619973e+02 2.356194490192261792e+00
1.467211340960435928e+00 9.611045639493368071e+02 2.356194490192261792e+00
7.665358926095804382e-01 9.617192034841305031e+02 2.356194490192261792e+00
2.113815005684413606e+00 9.632079902915785397e+02 2.356194490192261792e+00
1.071112123294334362e+00 9.637030489906769617e+02 2.356194490192261792e+00
1.283445193740904600e+00 9.651246567149654538e+02 2.356194490192261792e+00
8.317983207010841706e-01 9.660888252933968943e+02 2.356194490192261792e+00
1.191577073927549968e+00 9.672415696574286130e+02 2.356194490192261792e+00
9.043984141906282748e-01 9.678397464468007456e+02 2.356194490192261792e+00
1.512175375358382201e+00 9.694196184437955708e+02 2.356194490192261792e+00
1.396022175332704451e+00 9.698379357391989970e+02 2.356194490192261792e+00
1.159699892748234484e+00 9.713133928485871138e+02 2.356194490192261792e+00
8.928289760468619551e-01 9.721627340146868619e+02 2.356194490192261792e+00
1.032664022157647077e+00 9.733734620400930453e+02 2.356194490192261792e+00
1.078693534187790348e+00 9.740011152986082834e+02 2.356194490192261792e+00
1.042477115033525026e+00 9.755791203873097857e+02 2.356194490192261792e+00
1.757397709720136758e+00 9.760242640192981298e+02 2.356194490192261792e+00
1.027306939814339515e+00 9.774911066070700372e+02 2.356194490192261792e+00
1.017835448785447294e+00 9.782733671751645943e+02 2.356194490192261792e+00
9.736754446440485378e-01 9.795023147113862478e+02 2.356194490192261792e+00
1.341910033773848321e+00 9.801834571286129858e+02 2.356194490192261792e+00
6.889154885917313509e-01 9.816122982823685561e+02 2.356194490192261792e+00
2.211277918044229907e+00 9.822249209923820672e+02 2.356194490192261792e+00
8.510054398529280917e-01 9.835949019874116175e+02 2.356194490192261792e+00
1.197853053114911415e+00 9.843855492707131134e+02 2.356194490192261792e+00
9.504122765226513669e-01 9.855933874681281850e+02 2.356194490192261792e+00
1.629615299865762701e+00 9.863769970796859070e+02 2.356194490192261792e+00
5.489891883263924299e-01 9.873516956420296538e+02 2.356194490192261792e+00
2.609418373429755800e+00 9.884188596276467251e+02 2.356194490192261792e+00
6.888506488337863276e-01 9.893519069568666282e+02 2.356194490192261792e+00
1.314770927352608254e+00 9.904391168005707868e+02 2.356194490192261792e+00
8.564080368390144526e-01 9.915611691433153965e+02 2.356194490192261792e+00
1.518187104283909683e+00 9.925461665636381667e+02 2.356194490192261792e+00
7.280668387774651418e-01 9.931837895699441106e+02 2.356194490192261792e+00
2.234354920918544707e+00 9.946357617984537001e+02 2.356194490192261792e+00
9.956301028014542531e-01 9.951661395841714466e+02 2.356194490192261792e+00
1.292962617662433811e+00 9.965605500003618999e+02 2.356194490192261792e+00
8.242918694147320924e-01 9.975479845471371618e+02 2.356194490192261792e+00
1.226011890527928694e+00 9.986838095268686857e+02 2.356194490192261792e+00
8.700926682458354211e-01 9.992836516758667358e+02 2.356194490192261792e+00
1.609144141738199973e+00 1.000852516469750640e+03 2.356194490192261792e+00
1.322056577550708489e+00 1.001277918465314087e+03 2.356194490192261792e+00
1.172634648528236845e+00 1.002745537474266484e+03 2.356194490192261792e+00
8.734658797301607658e-01 1.003610165642136167e+03 2.356194490192261792e+00
1.044826815145718069e+00 1.004814310842441841e+03 2.356194490192261792e+00
1.031999138358919987e+00 1.005438103443358727e+03 2.356194490192261792e+00
1.113819547588138947e+00 1.007024053158896322e+03 2.356194490192261792e+00
1.671210041877462027e+00 1.007456955469874742e+03 2.356194490192261792e+00
1.040023982703284888e+00 1.008925074718636552e+03 2.356194490192261792e+00
9.897625936532102875e-01 1.009713595972278767e+03 2.356194490192261792e+00
9.719439276672323658e-01 1.010941308931471895e+03 2.356194490192261792e+00
1.283064398808748674e+00 1.011614645866126011e+03 2.356194490192261792e+00
7.365911929969696237e-01 1.013085587186536145e+03 2.356194490192261792e+00
2.115594849532953958e+00 1.013655129145798924e+03 2.356194490192261792e+00
