1.045383901249353320e+00 2.159585936784551297e-02 1.570796326794862363e+00
1.331206227543916487e+00 1.612101262464540552e+00 1.570796326794862363e+00
2.359104745416229054e+00 1.935663527911458015e+00 1.570796326794862363e+00
1.162669674423918220e+00 3.465561989522013331e+00 1.570796326794862363e+00
1.042967723911478295e+00 4.557878508664661155e+00 1.570796326794862363e+00
1.124867364718486806e+00 5.440842258711736434e+00 1.570796326794862363e+00
1.150593236854577928e+00 6.238082182455642943e+00 1.570796326794862363e+00
9.396779510554791326e-01 7.764572281704110068e+00 1.570796326794862363e+00
2.808739533366049201e+00 8.171871699312303505e+00 1.570796326794862363e+00
1.016859232828102089e+00 9.650053353413511559e+00 1.570796326794862363e+00
9.919691209162802004e-01 1.064752103562470786e+01 1.570796326794862363e+00
1.232504863927933902e+00 1.156728457438135393e+01 1.570796326794862363e+00
1.314417301754876366e+00 1.243305000595652388e+01 1.570796326794862363e+00
5.769371368269423650e-01 1.365436465236046715e+01 1.570796326794862363e+00
3.490920704327446611e+00 1.439532095460144845e+01 1.570796326794862363e+00
7.287730539836503318e-01 1.557970845592994991e+01 1.570796326794862363e+00
1.003046108940732095e+00 1.656303443841600398e+01 1.570796326794862363e+00
1.364166235639405089e+00 1.762562080155169042e+01 1.570796326794862363e+00
1.338199029055430644e+00 1.856162042230474896e+01 1.570796326794862363e+00
7.122730478723715564e-01 1.920736817045299105e+01 1.570796326794862363e+00
3.265635283212508178e+00 2.061844747701747593e+01 1.570796326794862363e+00
1.105034531193444414e+00 2.108519749092230455e+01 1.570796326794862363e+00
1.202749914505133244e+00 2.249094008860248195e+01 1.570796326794862363e+00
1.246892525756932102e+00 2.369664430460385418e+01 1.570796326794862363e+00
1.156101256733661042e+00 2.461002489466426724e+01 1.570796326794862363e+00
9.497748854545162711e-01 2.525580728884110115e+01 1.570796326794862363e+00
2.043876999720687593e+00 2.683860554322119540e+01 1.570796326794862363e+00
1.868941199166251677e+00 2.714459604961910699e+01 1.570796326794862363e+00
1.298731965452793347e+00 2.868278271622868303e+01 1.570796326794862363e+00
1.196845345818901896e+00 2.988034773311746761e+01 1.570796326794862363e+00
1.137436071718280317e+00 3.077185849371652537e+01 1.570796326794862363e+00
1.091803249985519697e+00 3.145661187747728604e+01 1.570796326794862363e+00
1.492295662710009463e+00 3.304899874497922951e+01 1.570796326794862363e+00
2.424133094862905402e+00 3.335552831776283256e+01 1.570796326794862363e+00
1.305252642795869722e+00 3.492330299238701485e+01 1.570796326794862363e+00
1.150431791504772816e+00 3.609078707205873826e+01 1.570796326794862363e+00
1.138554647098594108e+00 3.697157215930273821e+01 1.570796326794862363e+00
1.162940030884042963e+00 3.769683628371457473e+01 1.570796326794862363e+00
1.190797077421423600e+00 3.926276620102087378e+01 1.570796326794862363e+00
2.738409529871216996e+00 3.960607523894977078e+01 1.570796326794862363e+00
1.214012488933658762e+00 4.115665134322831875e+01 1.570796326794862363e+00
1.070415916401179279e+00 4.225458319659833251e+01 1.570796326794862363e+00
1.157844970065742718e+00 4.313544678431897950e+01 1.570796326794862363e+00
1.228976156753799343e+00 4.392567968981873605e+01 1.570796326794862363e+00
8.621176438815314480e-01 4.540937815931949473e+01 1.570796326794862363e+00
3.070838703251854263e+00 4.585487856834203058e+01 1.570796326794862363e+00
1.002220161374234753e+00 4.732185700670110151e+01 1.570796326794862363e+00
1.001690796549098428e+00 4.830393364634245046e+01 1.570796326794862363e+00
1.281469307116720246e+00 4.923378093121702648e+01 1.570796326794862363e+00
1.379412757696908409e+00 5.011193305051207147e+01 1.570796326794862363e+00
5.458114156962642349e-01 5.117253273701628302e+01 1.570796326794862363e+00
3.710952428091319089e+00 5.207687370589920306e+01 1.570796326794862363e+00
6.983339276178824884e-01 5.308170359740812216e+01 1.570796326794862363e+00
1.034220870036203221e+00 5.414845732314752524e+01 1.570796326794862363e+00
1.341749857794523271e+00 5.526844688258864124e+01 1.570796326794862363e+00
1.280236499442931386e+00 5.620591358124370629e+01 1.570796326794862363e+00
7.738892968949105944e-01 5.683018790316788227e+01 1.570796326794862363e+00
2.948885735224964222e+00 5.830693886146885774e+01 1.570796326794862363e+00
1.267272977165258663e+00 5.871122550432319542e+01 1.570796326794862363e+00
1.230485853228669102e+00 6.016156333576438442e+01 1.570796326794862363e+00
1.230022508758277677e+00 6.136843487838974198e+01 1.570796326794862363e+00
1.144411993435489272e+00 6.227564417109211092e+01 1.570796326794862363e+00
9.819524048138131844e-01 6.293227442619820522e+01 1.570796326794862363e+00
1.893867367337404017e+00 6.452305362361791197e+01 1.570796326794862363e+00
1.996005173516151032e+00 6.482361812326703898e+01 1.570796326794862363e+00
1.303770301621074879e+00 6.637154032297199535e+01 1.570796326794862363e+00
1.186549798566615355e+00 6.756375536220451750e+01 1.570796326794862363e+00
1.136042854927357570e+00 6.845241192621101334e+01 1.570796326794862363e+00
1.107459600116230236e+00 6.914595955844426101e+01 1.570796326794862363e+00
1.422426289081922590e+00 7.073491955242832319e+01 1.570796326794862363e+00
2.493157230864459617e+00 7.104702995989410397e+01 1.570796326794862363e+00
1.289995911692595199e+00 7.261328326801039168e+01 1.570796326794862363e+00
1.132420402083963440e+00 7.376836989074509177e+01 1.570796326794862363e+00
1.137488003461203379e+00 7.464768849128242323e+01 1.570796326794862363e+00
1.169746433534254448e+00 7.538661675728059208e+01 1.570796326794862363e+00
1.129045080219186481e+00 7.694389156422822396e+01 1.570796326794862363e+00
2.783147770681209998e+00 7.729967306534322802e+01 1.570796326794862363e+00
1.176939190644339384e+00 7.883918436071600411e+01 1.570796326794862363e+00
1.050369325854709546e+00 7.991412518526557562e+01 1.570796326794862363e+00
1.172029704248344517e+00 8.079949966352114643e+01 1.570796326794862363e+00
1.253273936031544800e+00 8.160764782300709896e+01 1.570796326794862363e+00
7.762802569012664522e-01 8.304733626693865745e+01 1.570796326794862363e+00
3.184560805491863711e+00 8.354321996787174953e+01 1.570796326794862363e+00
9.310282999330510290e-01 8.496666190718148925e+01 1.570796326794862363e+00
9.962408255515250444e-01 8.592530782676792001e+01 1.570796326794862363e+00
1.324779190023260167e+00 8.687997959997133535e+01 1.570796326794862363e+00
1.403026415826151840e+00 8.778010994460274219e+01 1.570796326794862363e+00
5.565168660848358595e-01 8.866960912324712751e+01 1.570796326794862363e+00
3.760547825635474961e+00 8.976082097731362808e+01 1.570796326794862363e+00
7.446109108159969514e-01 9.055322481788631706e+01 1.570796326794862363e+00
1.076523032541756297e+00 9.174332773301227917e+01 1.570796326794862363e+00
1.288551216144167233e+00 9.291025909596780252e+01 1.570796326794862363e+00
1.206494289650095864e+00 9.384194293034173029e+01 1.570796326794862363e+00
7.961615134339384836e-01 9.448626501766179331e+01 1.570796326794862363e+00
2.651833122640707252e+00 9.599712569302853638e+01 1.570796326794862363e+00
1.361030040726424417e+00 9.637128684599549899e+01 1.570796326794862363e+00
1.208139202419851621e+00 9.783856557069525195e+01 1.570796326794862363e+00
1.171779654581225127e+00 9.903154600372569405e+01 1.570796326794862363e+00
1.103976342174070924e+00 9.993153121859107557e+01 1.570796326794862363e+00
9.429382138111500611e-01 1.006271412736323327e+02 1.570796326794862363e+00
1.799614168906194189e+00 1.022186388705582090e+02 1.570796326794862363e+00
1.927703215611823451e+00 1.025251801051277312e+02 1.570796326794862363e+00
1.217179523328790758e+00 1.040524480952681046e+02 1.570796326794862363e+00
1.101641776954348062e+00 1.052053490946118188e+02 1.570796326794862363e+00
1.093935863201157987e+00 1.060888588183681946e+02 1.570796326794862363e+00
1.043032298603511876e+00 1.068352770589699219e+02 1.570796326794862363e+00
1.327032239509847056e+00 1.084258034968127191e+02 1.570796326794862363e+00
2.354261933700034337e+00 1.087498965545465239e+02 1.570796326794862363e+00
1.157671398940502527e+00 1.102782733469556433e+02 1.570796326794862363e+00
1.039998121646766416e+00 1.113681858949975805e+02 1.570796326794862363e+00
1.124901227801431425e+00 1.122515652985219248e+02 1.570796326794862363e+00
1.150568105238695349e+00 1.130507439574215027e+02 1.570796326794862363e+00
9.321396714396245065e-01 1.145753961418133571e+02 1.570796326794862363e+00
2.811909939907518918e+00 1.149853686751252724e+02 1.570796326794862363e+00
1.010936490071927540e+00 1.164607827112303369e+02 1.570796326794862363e+00
9.905279688996305731e-01 1.174558215221792778e+02 1.570796326794862363e+00
1.235103188803285956e+00 1.183773217130895290e+02 1.570796326794862363e+00
1.316328808479821921e+00 1.192449504956906452e+02 1.570796326794862363e+00
5.725730046702164344e-01 1.204560663299739787e+02 1.570796326794862363e+00
3.500227538766700341e+00 1.212083182058332511e+02 1.570796326794862363e+00
7.240139822497841937e-01 1.223809310075517374e+02 1.570796326794862363e+00
1.003873647840941130e+00 1.233687377721870462e+02 1.570796326794862363e+00
1.361865389809268967e+00 1.244357856071150650e+02 1.570796326794862363e+00
1.332833519698944258e+00 1.253721037397942695e+02 1.570796326794862363e+00
7.143791865595909840e-01 1.260175528950483965e+02 1.570796326794862363e+00
3.245414532248263928e+00 1.274321863013661869e+02 1.570796326794862363e+00
1.110780254565812752e+00 1.278958730929821144e+02 1.570796326794862363e+00
1.202079894991494813e+00 1.293034984725485401e+02 1.570796326794862363e+00
1.243265362635427307e+00 1.305088753394441312e+02 1.570796326794862363e+00
1.153184312303159986e+00 1.314218252590577265e+02 1.570796326794862363e+00
9.465829077603159503e-01 1.320702071254914642e+02 1.570796326794862363e+00
2.040058407959283837e+00 1.336528506725463501e+02 1.570796326794862363e+00
1.862172987897465770e+00 1.339593527905902306e+02 1.570796326794862363e+00
1.292840205531029962e+00 1.354960435199631377e+02 1.570796326794862363e+00
1.190458651836665327e+00 1.366913573687939163e+02 1.570796326794862363e+00
1.133454357865119722e+00 1.375824407740394690e+02 1.570796326794862363e+00
1.084133603193725648e+00 1.382712948082438800e+02 1.570796326794862363e+00
1.492786643031807081e+00 1.398641930338149848e+02 1.570796326794862363e+00
2.403324069962912368e+00 1.401710476030393409e+02 1.570796326794862363e+00
1.294856151281019940e+00 1.417357883885854051e+02 1.570796326794862363e+00
1.141829656492421963e+00 1.428988141726792378e+02 1.570796326794862363e+00
1.134957882763058201e+00 1.437793200471704438e+02 1.570796326794862363e+00
1.155865708698284644e+00 1.445099655155495668e+02 1.570796326794862363e+00
1.184086534228182108e+00 1.460762306198305680e+02 1.570796326794862363e+00
2.721405378129035491e+00 1.464207094577942030e+02 1.570796326794862363e+00
1.201782863356204878e+00 1.479674416862567341e+02 1.570796326794862363e+00
1.063475237647569349e+00 1.490594622374591722e+02 1.570796326794862363e+00
1.158649308436686676e+00 1.499413660237487136e+02 1.570796326794862363e+00
1.229184180786496716e+00 1.507364612937806214e+02 1.570796326794862363e+00
8.459929719970060713e-01 1.522141780724785747e+02 1.570796326794862363e+00
3.079212182317589974e+00 1.526675429547584883e+02 1.570796326794862363e+00
9.873664852654043811e-01 1.541266120823171661e+02 1.570796326794862363e+00
9.991947411446999716e-01 1.551034565495987749e+02 1.570796326794862363e+00
1.288455034720612069e+00 1.560379313390583604e+02 1.570796326794862363e+00
1.382679103915935404e+00 1.569205204638007558e+02 1.570796326794862363e+00
5.435479739490389761e-01 1.579523955337551797e+02 1.570796326794862363e+00
3.722630439937417268e+00 1.588884171688447680e+02 1.570796326794862363e+00
6.990267491119247500e-01 1.598574430861705764e+02 1.570796326794862363e+00
1.039053252815200112e+00 1.609435956439474182e+02 1.570796326794862363e+00
1.330810349168645601e+00 1.620731667591707037e+02 1.570796326794862363e+00
1.264755301931798082e+00 1.630099984936549617e+02 1.570796326794862363e+00
7.722438993644215044e-01 1.636406593505665228e+02 1.570796326794862363e+00
2.904678788047193816e+00 1.651204671241604842e+02 1.570796326794862363e+00
1.269053451238759456e+00 1.655227654094297236e+02 1.570796326794862363e+00
1.220481926162378716e+00 1.669729700861965682e+02 1.570796326794862363e+00
1.214274513945412082e+00 1.681765511345022901e+02 1.570796326794862363e+00
1.132451464390270779e+00 1.690825288826902693e+02 1.570796326794862363e+00
9.618153358971724964e-01 1.697501038446342534e+02 1.570796326794862363e+00
1.895436075850207347e+00 1.713396239412842590e+02 1.570796326794862363e+00
1.944665598882378443e+00 1.716429945134872810e+02 1.570796326794862363e+00
1.274047619341755144e+00 1.731822302671323541e+02 1.570796326794862363e+00
1.158234747073704884e+00 1.743632599268660215e+02 1.570796326794862363e+00
1.119268871900500395e+00 1.752503733759831448e+02 1.570796326794862363e+00
1.074824023791699501e+00 1.759614729089756793e+02 1.570796326794862363e+00
1.419975849094875064e+00 1.775529703282097387e+02 1.570796326794862363e+00
2.405670743340408979e+00 1.778664832827412567e+02 1.570796326794862363e+00
1.245533873586005535e+00 1.794195177047392917e+02 1.570796326794862363e+00
1.099237472331302090e+00 1.805549658860301463e+02 1.570796326794862363e+00
1.126776947230683223e+00 1.814342523376676581e+02 1.570796326794862363e+00
1.149135773378114234e+00 1.821937834857054952e+02 1.570796326794862363e+00
1.087305886362236018e+00 1.837487237658049253e+02 1.570796326794862363e+00
2.742412375533919366e+00 1.841133768858391875e+02 1.570796326794862363e+00
1.126620911155261862e+00 1.856357941745831965e+02 1.570796326794862363e+00
1.026934268963269004e+00 1.866863643867824294e+02 1.570796326794862363e+00
1.182801788696175027e+00 1.875791877665012350e+02 1.570796326794862363e+00
1.263183687550679668e+00 1.884058261302633070e+02 1.570796326794862363e+00
7.106648124304639769e-01 1.898029376794097232e+02 1.570796326794862363e+00
3.249462414715456493e+00 1.903493244627108254e+02 1.570796326794862363e+00
8.675330475274271036e-01 1.917245511333319996e+02 1.570796326794862363e+00
9.927930380404924593e-01 1.926727268410018610e+02 1.570796326794862363e+00
1.349414703197474141e+00 1.936522922428785591e+02 1.570796326794862363e+00
1.399897519263983536e+00 1.945674293496302312e+02 1.570796326794862363e+00
5.923636012066462175e-01 1.953515034650837379e+02 1.570796326794862363e+00
3.689926670779925644e+00 1.965657210312544407e+02 1.570796326794862363e+00
8.310943855357911803e-01 1.972262389263208888e+02 1.570796326794862363e+00
1.116595696908689206e+00 1.985002413897401823e+02 1.570796326794862363e+00
1.264899487173633430e+00 1.996866909488864792e+02 1.570796326794862363e+00
1.176413599791142017e+00 2.006123624840582522e+02 1.570796326794862363e+00
8.373640843756016139e-01 2.012596265107504792e+02 1.570796326794862363e+00
2.436200271322564337e+00 2.027998768165303431e+02 1.570796326794862363e+00
1.497907456893656786e+00 2.031460309370459925e+02 1.570796326794862363e+00
1.224165496642219519e+00 2.046357968518399844e+02 1.570796326794862363e+00
1.163559300994050361e+00 2.058253198252311904e+02 1.570796326794862363e+00
1.103445676721983126e+00 2.067212154005966624e+02 1.570796326794862363e+00
9.738199731493951683e-01 2.074227262289359430e+02 1.570796326794862363e+00
1.691205111419417317e+00 2.090183205006819946e+02 1.570796326794862363e+00
2.042100345971162856e+00 2.093231167310351566e+02 1.570796326794862363e+00
1.223990187707340693e+00 2.108578659675856386e+02 1.570796326794862363e+00
1.099670351476056629e+00 2.120059457553524851e+02 1.570796326794862363e+00
1.101082788544971214e+00 2.128880650069082776e+02 1.570796326794862363e+00
1.069302923595334187e+00 2.136383124193874039e+02 1.570796326794862363e+00
1.261703140279270663e+00 2.152227553294752909e+02 1.570796326794862363e+00
2.450581536264310856e+00 2.155545745627355529e+02 1.570796326794862363e+00
1.153438219140885623e+00 2.170833497480650180e+02 1.570796326794862363e+00
1.037139552447348123e+00 2.181648109545773195e+02 1.570796326794862363e+00
1.137221123746090967e+00 2.190495388570255386e+02 1.570796326794862363e+00
1.177333938495600085e+00 2.198545866261419519e+02 1.570796326794862363e+00
8.758095644623421494e-01 2.213568065417849198e+02 1.570796326794862363e+00
2.914360453541696039e+00 2.217912463378311827e+02 1.570796326794862363e+00
9.836289330684109267e-01 2.232516596810828844e+02 1.570796326794862363e+00
9.892158897772258541e-01 2.242328928217426380e+02 1.570796326794862363e+00
1.261939126955700541e+00 2.251649342198908528e+02 1.570796326794862363e+00
1.345207208601049365e+00 2.260435529829890129e+02 1.570796326794862363e+00
5.479679797720407031e-01 2.271604808277746770e+02 1.570796326794862363e+00
3.608413446188616369e+00 2.280121850298154698e+02 1.570796326794862363e+00
6.985218907210543060e-01 2.290783271610181941e+02 1.570796326794862363e+00
1.017716251261949756e+00 2.301134278528147945e+02 1.570796326794862363e+00
1.343163889684518386e+00 2.312163266313681049e+02 1.570796326794862363e+00
1.291767884973777925e+00 2.321538763291848397e+02 1.570796326794862363e+00
7.390088974176172165e-01 2.327938143107722055e+02 1.570796326794862363e+00
3.067163905506499422e+00 2.342416431674334092e+02 1.570796326794862363e+00
1.178093332795481452e+00 2.346750037174751924e+02 1.570796326794862363e+00
1.204149788834942836e+00 2.361024914032596769e+02 1.570796326794862363e+00
1.219853294595875992e+00 2.373057211917354152e+02 1.570796326794862363e+00
1.135188691090769364e+00 2.382148488557785413e+02 1.570796326794862363e+00
9.387417781827128715e-01 2.388791785103546772e+02 1.570796326794862363e+00
1.978895248240682747e+00 2.404636482566759526e+02 1.570796326794862363e+00
1.861117529082412014e+00 2.407708695368497160e+02 1.570796326794862363e+00
1.264275255538551468e+00 2.423026209939575608e+02 1.570796326794862363e+00
1.156815413994562336e+00 2.434844973067270359e+02 1.570796326794862363e+00
1.114808341132898395e+00 2.443727970455647380e+02 1.570796326794862363e+00
1.055914210037753209e+00 2.450833829390608969e+02 1.570796326794862363e+00
1.462145049445636058e+00 2.466773258080654045e+02 1.570796326794862363e+00
2.338984399718368135e+00 2.469879742562562512e+02 1.570796326794862363e+00
1.241497767605386215e+00 2.485381205763747232e+02 1.570796326794862363e+00
1.098733985819458026e+00 2.496755414978666465e+02 1.570796326794862363e+00
1.121885392270297377e+00 2.505552119300114100e+02 1.570796326794862363e+00
1.134988230742786319e+00 2.513133706461457848e+02 1.570796326794862363e+00
1.115756574286043357e+00 2.528747289794169149e+02 1.570796326794862363e+00
2.690812792600978387e+00 2.532325641386257189e+02 1.570796326794862363e+00
1.132994951866353350e+00 2.547570133278928495e+02 1.570796326794862363e+00
1.028804018479642535e+00 2.558136226675995886e+02 1.570796326794862363e+00
1.173661351914405016e+00 2.567044942206812834e+02 1.570796326794862363e+00
1.247441612470645778e+00 2.575268895780728258e+02 1.570796326794862363e+00
7.385695633185086484e-01 2.589477278926355552e+02 1.570796326794862363e+00
3.187479918612109664e+00 2.594690982446960561e+02 1.570796326794862363e+00
8.913134986406134885e-01 2.608652223689605876e+02 1.570796326794862363e+00
9.910028538939915643e-01 2.618167604782643707e+02 1.570796326794862363e+00
1.334768560910951196e+00 2.627859324312510694e+02 1.570796326794862363e+00
1.395877191126757122e+00 2.636948360064465646e+02 1.570796326794862363e+00
5.691197056829417900e-01 2.645352152114377873e+02 1.570796326794862363e+00
3.719463037920169413e+00 2.656858645071719707e+02 1.570796326794862363e+00
7.775476103174541187e-01 2.664152315515332248e+02 1.570796326794862363e+00
1.090498429670425207e+00 2.676445958988560392e+02 1.570796326794862363e+00
1.270281927394159682e+00 2.688212813028656569e+02 1.570796326794862363e+00
1.185261482918294140e+00 2.697501081416642705e+02 1.570796326794862363e+00
8.025278759134545359e-01 2.704024052371315179e+02 1.570796326794862363e+00
2.558789860219867318e+00 2.719229044575548642e+02 1.570796326794862363e+00
1.392781028035434465e+00 2.722886075724900365e+02 1.570796326794862363e+00
1.199819443516863871e+00 2.737603907049517602e+02 1.570796326794862363e+00
1.153713124491939634e+00 2.749474878348353286e+02 1.570796326794862363e+00
1.092834784955719396e+00 2.758450927504398464e+02 1.570796326794862363e+00
9.360265999465091635e-01 2.765521286178175160e+02 1.570796326794862363e+00
1.755592936941777094e+00 2.781446022268903562e+02 1.570796326794862363e+00
1.924426912153711866e+00 2.784525350682674798e+02 1.570796326794862363e+00
1.193614112128368099e+00 2.799747706802514244e+02 1.570796326794862363e+00
1.080504733141145479e+00 2.811153347168288406e+02 1.570796326794862363e+00
1.086773692092955379e+00 2.819980044823523144e+02 1.570796326794862363e+00
1.037050067301501732e+00 2.827573814695786041e+02 1.570796326794862363e+00
1.277631543390485902e+00 2.843460869587190132e+02 1.570796326794862363e+00
2.356234850478498455e+00 2.846762275472887609e+02 1.570796326794862363e+00
1.124806865230972397e+00 2.861949076735163544e+02 1.570796326794862363e+00
1.021382825816689932e+00 2.872671034565681225e+02 1.570796326794862363e+00
1.130162150213306349e+00 2.881541768422220002e+02 1.570796326794862363e+00
1.160103330000340716e+00 2.889669526769786785e+02 1.570796326794862363e+00
8.674403981094180871e-01 2.904710979441979930e+02 1.570796326794862363e+00
2.867939185639867716e+00 2.909075736922567899e+02 1.570796326794862363e+00
9.655878072310576377e-01 2.923595208088469803e+02 1.570796326794862363e+00
9.825232638101858429e-01 2.933365254547570657e+02 1.570796326794862363e+00
1.259609886203686191e+00 2.942730169375272453e+02 1.570796326794862363e+00
1.335245196637445675e+00 2.951551157004952870e+02 1.570796326794862363e+00
5.451330157442697555e-01 2.962710377511352817e+02 1.570796326794862363e+00
3.581537252033484720e+00 2.971274208567482447e+02 1.570796326794862363e+00
6.960105062960485478e-01 2.981889075708680821e+02 1.570796326794862363e+00
1.014549385753148680e+00 2.992262206282720740e+02 1.570796326794862363e+00
1.335261819430940466e+00 3.003308941265116232e+02 1.570796326794862363e+00
1.283331281436077775e+00 3.012681985268105223e+02 1.570796326794862363e+00
7.252737660444771306e-01 3.019192399090155732e+02 1.570796326794862363e+00
3.073111665702489947e+00 3.033582668696031988e+02 1.570796326794862363e+00
1.147724292215470232e+00 3.038014817844910453e+02 1.570796326794862363e+00
1.187332626031505356e+00 3.052202729900967597e+02 1.570796326794862363e+00
1.205036796928206311e+00 3.064198870720874197e+02 1.570796326794862363e+00
1.123143484094851985e+00 3.073288916743136383e+02 1.570796326794862363e+00
9.094574895688569693e-01 3.080039884905739314e+02 1.570796326794862363e+00
2.006944674259769190e+00 3.095839964894563536e+02 1.570796326794862363e+00
1.780535604617606182e+00 3.098967649225634773e+02 1.570796326794862363e+00
1.229443587307135877e+00 3.114163648797677411e+02 1.570796326794862363e+00
1.127895472221829953e+00 3.125868096615222385e+02 1.570796326794862363e+00
1.096224027761389053e+00 3.134741633441892077e+02 1.570796326794862363e+00
1.019309454723110075e+00 3.142015072977574732e+02 1.570796326794862363e+00
1.462731155913759684e+00 3.157973961486532062e+02 1.570796326794862363e+00
2.240891297240306557e+00 3.161098661942355648e+02 1.570796326794862363e+00
1.193555499778971685e+00 3.176451468017658044e+02 1.570796326794862363e+00
1.065759222210458823e+00 3.187624179558907258e+02 1.570796326794862363e+00
1.111064121915672054e+00 3.196431220972922915e+02 1.570796326794862363e+00
1.114589713381550773e+00 3.204206628749923311e+02 1.570796326794862363e+00
1.070142909441258672e+00 3.219792231643483547e+02 1.570796326794862363e+00
2.651737452972563691e+00 3.223468075445043723e+02 1.570796326794862363e+00
1.081793548301259511e+00 3.238528958871597183e+02 1.570796326794862363e+00
1.006917347098270854e+00 3.248861328172849312e+02 1.570796326794862363e+00
1.184551973378195511e+00 3.257861211208504528e+02 1.570796326794862363e+00
1.255502783106055675e+00 3.266258079493820219e+02 1.570796326794862363e+00
6.789624926035375818e-01 3.280022313497858590e+02 1.570796326794862363e+00
3.245088595216054195e+00 3.285764142342967489e+02 1.570796326794862363e+00
8.328640264614723954e-01 3.299217119977499237e+02 1.570796326794862363e+00
9.885087578030227196e-01 3.308690492262927023e+02 1.570796326794862363e+00
1.351036120164607945e+00 3.318636429148837124e+02 1.570796326794862363e+00
1.384681248585007074e+00 3.327844636188093546e+02 1.570796326794862363e+00
6.045150218089355709e-01 3.335451677950169369e+02 1.570796326794862363e+00
3.624407547330984247e+00 3.347935287006254157e+02 1.570796326794862363e+00
8.596939502715884585e-01 3.354213125884087390e+02 1.570796326794862363e+00
1.123240112775978350e+00 3.367162922476710492e+02 1.570796326794862363e+00
1.252199520261023213e+00 3.379059255825313812e+02 1.570796326794862363e+00
1.163769490925063099e+00 3.388294847424615455e+02 1.570796326794862363e+00
8.378351578472496008e-01 3.394839782447563721e+02 1.570796326794862363e+00
2.385245925736072081e+00 3.410279225954012645e+02 1.570796326794862363e+00
1.510468994805760579e+00 3.413713610038690263e+02 1.570796326794862363e+00
1.214707857915245048e+00 3.428616127911698754e+02 1.570796326794862363e+00
1.149461913606696806e+00 3.440459885940586560e+02 1.570796326794862363e+00
1.095019742489204084e+00 3.449403847282951006e+02 1.570796326794862363e+00
9.655281542574405407e-01 3.456507908869336916e+02 1.570796326794862363e+00
1.665581716413319757e+00 3.472466801251050015e+02 1.570796326794862363e+00
2.029379323398756707e+00 3.475530729259430700e+02 1.570796326794862363e+00
1.203386103242245930e+00 3.490827229246288539e+02 1.570796326794862363e+00
1.082499733362906724e+00 3.502205680249964530e+02 1.570796326794862363e+00
1.095509930887408556e+00 3.511022930415057886e+02 1.570796326794862363e+00
1.063246380350999054e+00 3.518630625714604889e+02 1.570796326794862363e+00
1.225581424826265531e+00 3.534457139288551843e+02 1.570796326794862363e+00
2.447610978806651350e+00 3.537828030758890350e+02 1.570796326794862363e+00
1.126038050163761239e+00 3.553030829016789198e+02 1.570796326794862363e+00
1.022582172553281543e+00 3.563701614936313149e+02 1.570796326794862363e+00
1.142339394784272377e+00 3.572583824867493831e+02 1.570796326794862363e+00
1.185047646739043170e+00 3.580743494116380816e+02 1.570796326794862363e+00
8.266021222257337042e-01 3.595573673155734582e+02 1.570796326794862363e+00
2.959579919906888623e+00 3.600158295994316973e+02 1.570796326794862363e+00
9.459897933373366818e-01 3.614547708456830151e+02 1.570796326794862363e+00
9.840843381490338437e-01 3.624230318624155984e+02 1.570796326794862363e+00
1.281520427651810401e+00 3.633681376850320817e+02 1.570796326794862363e+00
1.356709963702196209e+00 3.642580499807609726e+02 1.570796326794862363e+00
5.384722725653179332e-01 3.652952289736791727e+02 1.570796326794862363e+00
3.652283820394493841e+00 3.662346672437059851e+02 1.570796326794862363e+00
6.944961890822181072e-01 3.672036357152030632e+02 1.570796326794862363e+00
1.029665444461111745e+00 3.682894765815443634e+02 1.570796326794862363e+00
1.314370275602393834e+00 3.694195025435149091e+02 1.570796326794862363e+00
1.249234995086402344e+00 3.703558460225415843e+02 1.570796326794862363e+00
7.389078979559650096e-01 3.710093462857055897e+02 1.570796326794862363e+00
2.933802508416985422e+00 3.724696997586272005e+02 1.570796326794862363e+00
1.192386186391683145e+00 3.728934049535689610e+02 1.570796326794862363e+00
1.181654942498013394e+00 3.743239389593796318e+02 1.570796326794862363e+00
1.181264709000802382e+00 3.755188817755052924e+02 1.570796326794862363e+00
1.105826965959437969e+00 3.764245661057270240e+02 1.570796326794862363e+00
8.987330345519587427e-01 3.771149608533352193e+02 1.570796326794862363e+00
1.950561868558550849e+00 3.786963556732787879e+02 1.570796326794862363e+00
1.770937338280053064e+00 3.790102812362562190e+02 1.570796326794862363e+00
1.199465497031744432e+00 3.805238147175506356e+02 1.570796326794862363e+00
1.098188935937850719e+00 3.816796988245134230e+02 1.570796326794862363e+00
1.082070840443859483e+00 3.825651620340981367e+02 1.570796326794862363e+00
1.003253429024603571e+00 3.833104022225850258e+02 1.570796326794862363e+00
1.408507124611857231e+00 3.849061531800419971e+02 1.570796326794862363e+00
2.217476570993429430e+00 3.852237282389182838e+02 1.570796326794862363e+00
1.148524154683629561e+00 3.867464854684719739e+02 1.570796326794862363e+00
1.035827813223245020e+00 3.878407000314479092e+02 1.570796326794862363e+00
1.109620158353507469e+00 3.887238329860878707e+02 1.570796326794862363e+00
1.115635680045204969e+00 3.895207776053227349e+02 1.570796326794862363e+00
9.878315629509972773e-01 3.910653259900801686e+02 1.570796326794862363e+00
2.688115212168032730e+00 3.914548516962653935e+02 1.570796326794862363e+00
1.024961767615364616e+00 3.929379461156416937e+02 1.570796326794862363e+00
9.887980664019303534e-01 3.939440354394968722e+02 1.570796326794862363e+00
1.209358367687627389e+00 3.948585115418683245e+02 1.570796326794862363e+00
1.281260715493571789e+00 3.957179605369892101e+02 1.570796326794862363e+00
6.070842613655033082e-01 3.970078302625195192e+02 1.570796326794862363e+00
3.368579388108563499e+00 3.976786462865081830e+02 1.570796326794862363e+00
7.604736970777519200e-01 3.989316635366109836e+02 1.570796326794862363e+00
9.925796242123002822e-01 3.998930002171030651e+02 1.570796326794862363e+00
1.360946506339382633e+00 4.009289925700049366e+02 1.570796326794862363e+00
1.355914638297037955e+00 4.018610406924086078e+02 1.570796326794862363e+00
6.653581658567683244e-01 4.025445225914670573e+02 1.570796326794862363e+00
3.420097437593764944e+00 4.038992823189651631e+02 1.570796326794862363e+00
9.967485557141354535e-01 4.044216030691161450e+02 1.570796326794862363e+00
1.168011340633082096e+00 4.057875986693532013e+02 1.570796326794862363e+00
1.241320112606120629e+00 4.069875958563627023e+02 1.570796326794862363e+00
1.151643006768755750e+00 4.079045518389662561e+02 1.570796326794862363e+00
8.958697224386238389e-01 4.085576773992600010e+02 1.570796326794862363e+00
2.177685035977563910e+00 4.101268665214525413e+02 1.570796326794862363e+00
1.699345916764683828e+00 4.104463682134518763e+02 1.570796326794862363e+00
1.252221966018681298e+00 4.119626557437832730e+02 1.570796326794862363e+00
1.164300162113056869e+00 4.131501011736099258e+02 1.570796326794862363e+00
1.111997707440524508e+00 4.140418540331958184e+02 1.570796326794862363e+00
1.024944821899794078e+00 4.147452005665598449e+02 1.570796326794862363e+00
1.562728582952884082e+00 4.163417374414731285e+02 1.570796326794862363e+00
2.219972709299663727e+00 4.166473759453641037e+02 1.570796326794862363e+00
1.244991238641546705e+00 4.181943555602849756e+02 1.570796326794862363e+00
1.107466800465681800e+00 4.193415147709824282e+02 1.570796326794862363e+00
1.115238258714561281e+00 4.202222264252484933e+02 1.570796326794862363e+00
1.110443997825877549e+00 4.209716566113133354e+02 1.570796326794862363e+00
1.192314113698554223e+00 4.225454121298969881e+02 1.570796326794862363e+00
2.591348359036054649e+00 4.228879875979956182e+02 1.570796326794862363e+00
1.158182819223844140e+00 4.244199587290943896e+02 1.570796326794862363e+00
1.039920819577128119e+00 4.254954856787856556e+02 1.570796326794862363e+00
1.153702382467420406e+00 4.263812038763878149e+02 1.570796326794862363e+00
1.212498971768078748e+00 4.271899076792634560e+02 1.570796326794862363e+00
8.207464177547243445e-01 4.286625653962062756e+02 1.570796326794862363e+00
3.042777691422202668e+00 4.291271944641179630e+02 1.570796326794862363e+00
9.554189033062912006e-01 4.305694322358831414e+02 1.570796326794862363e+00
9.910769492196082053e-01 4.315378168313476408e+02 1.570796326794862363e+00
1.293195147658208199e+00 4.324816560856336878e+02 1.570796326794862363e+00
1.375485517427343707e+00 4.333716521992178627e+02 1.570796326794862363e+00
5.408984885108711893e-01 4.343751971216571519e+02 1.570796326794862363e+00
3.704434930789424651e+00 4.353462931788928927e+02 1.570796326794862363e+00
7.008360464404363999e-01 4.362774953753205409e+02 1.570796326794862363e+00
1.040974358214795448e+00 4.373846684912131195e+02 1.570796326794862363e+00
1.312830636048076149e+00 4.385236551813605956e+02 1.570796326794862363e+00
1.242994486616275429e+00 4.394594477639818138e+02 1.570796326794862363e+00
7.584401712306290122e-01 4.401048874114547971e+02 1.570796326794862363e+00
2.867610138824379984e+00 4.415813937160970681e+02 1.570796326794862363e+00
1.243524749083825931e+00 4.419887271809632239e+02 1.570796326794862363e+00
1.195738383006053729e+00 4.434319606066685537e+02 1.570796326794862363e+00
1.185788420570520474e+00 4.446285179793959514e+02 1.570796326794862363e+00
1.110524060822045245e+00 4.455329879765752707e+02 1.570796326794862363e+00
9.206650757482128800e-01 4.462198633513295363e+02 1.570796326794862363e+00
1.907766729969023300e+00 4.478055719855578900e+02 1.570796326794862363e+00
1.837979552075677647e+00 4.481152817690888810e+02 1.570796326794862363e+00
1.218249086553169658e+00 4.496370802337347641e+02 1.570796326794862363e+00
1.110405606736339257e+00 4.507974011876100917e+02 1.570796326794862363e+00
1.091574238378125949e+00 4.516826318302233290e+02 1.570796326794862363e+00
1.024691637078241957e+00 4.524217825878696999e+02 1.570796326794862363e+00
1.396020431791460625e+00 4.540160389158724001e+02 1.570796326794862363e+00
2.279404301858557247e+00 4.543337461212096855e+02 1.570796326794862363e+00
1.169411467782500269e+00 4.558637445960607124e+02 1.570796326794862363e+00
1.048269753681125849e+00 4.569650664252795309e+02 1.570796326794862363e+00
1.115325249418075426e+00 4.578470298544352204e+02 1.570796326794862363e+00
1.128109546038946087e+00 4.586376838083169787e+02 1.570796326794862363e+00
9.965831577577721756e-01 4.601813427954003259e+02 1.570796326794862363e+00
2.720197053644971774e+00 4.605689730545109910e+02 1.570796326794862363e+00
1.041842483312884537e+00 4.620589717537461070e+02 1.570796326794862363e+00
9.954117492154445079e-01 4.630706699294281634e+02 1.570796326794862363e+00
1.209034501120546778e+00 4.639815965311769332e+02 1.570796326794862363e+00
1.285712610450510773e+00 4.648368174029792499e+02 1.570796326794862363e+00
6.150518574972749786e-01 4.661347780068662701e+02 1.570796326794862363e+00
3.376323003647215160e+00 4.667945233594272736e+02 1.570796326794862363e+00
7.694802944392831190e-01 4.680596331022086360e+02 1.570796326794862363e+00
9.941153330562439994e-01 4.690179042985149636e+02 1.570796326794862363e+00
1.365433563299997877e+00 4.700484058916849222e+02 1.570796326794862363e+00
1.364878356310256446e+00 4.709797900224424438e+02 1.570796326794862363e+00
6.677757855090526995e-01 4.716593987487098616e+02 1.570796326794862363e+00
3.440280538497758389e+00 4.730141177865489226e+02 1.570796326794862363e+00
1.001275554236188192e+00 4.735352068656110305e+02 1.570796326794862363e+00
1.174269590973114674e+00 4.749027272938180317e+02 1.570796326794862363e+00
1.249662788064791474e+00 4.761039797077518188e+02 1.570796326794862363e+00
1.158596958110783337e+00 4.770212777946617848e+02 1.570796326794862363e+00
9.102353693086444597e-01 4.776677728061952735e+02 1.570796326794862363e+00
2.167378412042541225e+00 4.792397700039626898e+02 1.570796326794862363e+00
1.736816398621298330e+00 4.795557925006986011e+02 1.570796326794862363e+00
1.270879002948837488e+00 4.810784251810273418e+02 1.570796326794862363e+00
1.181461029370653559e+00 4.822718165331031059e+02 1.570796326794862363e+00
1.123643956759394769e+00 4.831643270001755468e+02 1.570796326794862363e+00
1.048540180373766839e+00 4.838571972203912992e+02 1.570796326794862363e+00
1.556312989857190354e+00 4.854529211544344776e+02 1.570796326794862363e+00
2.284741514207253132e+00 4.857573484235578576e+02 1.570796326794862363e+00
1.275068302643882268e+00 4.873135426666418084e+02 1.570796326794862363e+00
1.130666833246583458e+00 4.884729767005016470e+02 1.570796326794862363e+00
1.125325990346853766e+00 4.893540356680121590e+02 1.570796326794862363e+00
1.129515538711181710e+00 4.900896478731806383e+02 1.570796326794862363e+00
1.213315099466029556e+00 4.916627346113854173e+02 1.570796326794862363e+00
2.636061296935554576e+00 4.920018195028416130e+02 1.570796326794862363e+00
1.192617238704294591e+00 4.935448286726451670e+02 1.570796326794862363e+00
1.058659665205785583e+00 4.946365925398923764e+02 1.570796326794862363e+00
1.151346475499411826e+00 4.955187988315293524e+02 1.570796326794862363e+00
1.211935676272945184e+00 4.963145822107371714e+02 1.570796326794862363e+00
8.654071588922345182e-01 4.978040979582015098e+02 1.570796326794862363e+00
3.019791802587985963e+00 4.982464397003902263e+02 1.570796326794862363e+00
9.956362397614603177e-01 4.997110022308700650e+02 1.570796326794862363e+00
9.976010108556171430e-01 5.006925794566724903e+02 1.570796326794862363e+00
1.275534175803691106e+00 5.016233526963980580e+02 1.570796326794862363e+00
1.368628188881127361e+00 5.025018268492210041e+02 1.570796326794862363e+00
5.459141570227734608e-01 5.035797626631748471e+02 1.570796326794862363e+00
3.679474716396467837e+00 5.044680684727876496e+02 1.570796326794862363e+00
6.975359955578774862e-01 5.054920881316753594e+02 1.570796326794862363e+00
1.028793726899512206e+00 5.065486543729307982e+02 1.570796326794862363e+00
1.342125506783629740e+00 5.076634960998227371e+02 1.570796326794862363e+00
1.283608701518853090e+00 5.086010614477634135e+02 1.570796326794862363e+00
7.627656483100632157e-01 5.092299776082778067e+02 1.570796326794862363e+00
2.986060136399860454e+00 5.106980646447027539e+02 1.570796326794862363e+00
1.238457755074551914e+00 5.111110833372622437e+02 1.570796326794862363e+00
1.221863878921064739e+00 5.125543845889525301e+02 1.570796326794862363e+00
1.226218808873680510e+00 5.137600250749547968e+02 1.570796326794862363e+00
1.141034077040711248e+00 5.146677849583419402e+02 1.570796326794862363e+00
9.675374501948761363e-01 5.153271727979793013e+02 1.570796326794862363e+00
1.920977045260360949e+00 5.169161976999097305e+02 1.570796326794862363e+00
1.950984092062642228e+00 5.172186936935186168e+02 1.570796326794862363e+00
1.290342343346142284e+00 5.187612949778324491e+02 1.570796326794862363e+00
1.176078193440981190e+00 5.199498761305583230e+02 1.570796326794862363e+00
1.128721163298292973e+00 5.208383415818692583e+02 1.570796326794862363e+00
1.089569904529610112e+00 5.215380071823850585e+02 1.570796326794862363e+00
1.436372362747599940e+00 5.231289252425841596e+02 1.570796326794862363e+00
2.439333075523157479e+00 5.234403542353925332e+02 1.570796326794862363e+00
1.273539927602857613e+00 5.250011723747151109e+02 1.570796326794862363e+00
1.120769853197646881e+00 5.261502527861953240e+02 1.570796326794862363e+00
1.132050880499469558e+00 5.270296051312623149e+02 1.570796326794862363e+00
1.157401189678356035e+00 5.277752807669852473e+02 1.570796326794862363e+00
1.125675775380684307e+00 5.293341905530475060e+02 1.570796326794862363e+00
2.749816535585221100e+00 5.296904169847121011e+02 1.570796326794862363e+00
1.162251472067205249e+00 5.312249497497167567e+02 1.570796326794862363e+00
1.042985364046513430e+00 5.322937603330494767e+02 1.570796326794862363e+00
1.172343990946470571e+00 5.331808222866620781e+02 1.570796326794862363e+00
1.250969715667202387e+00 5.339938018530727959e+02 1.570796326794862363e+00
7.639614065722892811e-01 5.354277954186468378e+02 1.570796326794862363e+00
3.184281957731744495e+00 5.359315540599716314e+02 1.570796326794862363e+00
9.179036543193982434e-01 5.373463959508749213e+02 1.570796326794862363e+00
9.943632632938237403e-01 5.383023717884698272e+02 1.570796326794862363e+00
1.328274281713901717e+00 5.392616554995880733e+02 1.570796326794862363e+00
1.401001858353999374e+00 5.401647858025888809e+02 1.570796326794862363e+00
5.601457502926397991e-01 5.410376061830446588e+02 1.570796326794862363e+00
3.748909055200036811e+00 5.421487725914433895e+02 1.570796326794862363e+00
7.545452262771281671e-01 5.429198142491060253e+02 1.570796326794862363e+00
1.081000557245480609e+00 5.441231134723300329e+02 1.570796326794862363e+00
1.282166076065908822e+00 5.452935525852831233e+02 1.570796326794862363e+00
1.198979297476419736e+00 5.462243192184882901e+02 1.570796326794862363e+00
7.976439352656744530e-01 5.468716077020316106e+02 1.570796326794862363e+00
2.621285725477541462e+00 5.483854537453006515e+02 1.570796326794862363e+00
1.369897610468422622e+00 5.487570502584890164e+02 1.570796326794862363e+00
1.204632412809046871e+00 5.502255345329475631e+02 1.570796326794862363e+00
1.165036573300593181e+00 5.514164240297444621e+02 1.570796326794862363e+00
1.099625176885223654e+00 5.523155993889038200e+02 1.570796326794862363e+00
9.392486628993301778e-01 5.530155002659453203e+02 1.570796326794862363e+00
1.786101983740800536e+00 5.546072056615861356e+02 1.570796326794862363e+00
1.922734784693357790e+00 5.549143697878608918e+02 1.570796326794862363e+00
1.207774313613148687e+00 5.564394441368528987e+02 1.570796326794862363e+00
1.093297826922529081e+00 5.575877197592070615e+02 1.570796326794862363e+00
1.090691811559269198e+00 5.584708907975930288e+02 1.570796326794862363e+00
1.039454329541001476e+00 5.592223541669408178e+02 1.570796326794862363e+00
1.310310349966897547e+00 5.608124465141953578e+02 1.570796326794862363e+00
2.350718149461296758e+00 5.611385502265801506e+02 1.570796326794862363e+00
1.144731672299207359e+00 5.626631092022206531e+02 1.570796326794862363e+00
1.032433250159699778e+00 5.637462612098771615e+02 1.570796326794862363e+00
1.126212685411588144e+00 5.646309036561151515e+02 1.570796326794862363e+00
1.153011062711980061e+00 5.654353808405321615e+02 1.570796326794862363e+00
9.083117324895247924e-01 5.669532817882690097e+02 1.570796326794862363e+00
2.829296339505757096e+00 5.673723042442499036e+02 1.570796326794862363e+00
9.938703153834701487e-01 5.688393499077411661e+02 1.570796326794862363e+00
9.870161060579479839e-01 5.698273405466597978e+02 1.570796326794862363e+00
1.243870694877309502e+00 5.707542038367580517e+02 1.570796326794862363e+00
1.323338919580571815e+00 5.716273297233243511e+02 1.570796326794862363e+00
5.604066675542905829e-01 5.728047059859762840e+02 1.570796326794862363e+00
3.531635954814464462e+00 5.735939405247971763e+02 1.570796326794862363e+00
7.109508965430560989e-01 5.747276443579327179e+02 1.570796326794862363e+00
1.007195646693836766e+00 5.757314220869917563e+02 1.570796326794862363e+00
1.353683173992038746e+00 5.768125410745100226e+02 1.570796326794862363e+00
1.315488342625456220e+00 5.777495871679956281e+02 1.570796326794862363e+00
7.202884978840820018e-01 5.783951324099666635e+02 1.570796326794862363e+00
3.181377531924868496e+00 5.798202498721694838e+02 1.570796326794862363e+00
1.127849059867166881e+00 5.802749257911925724e+02 1.570796326794862363e+00
1.198976498231323129e+00 5.816879371475192784e+02 1.570796326794862363e+00
1.231024390150928571e+00 5.828919155761350339e+02 1.570796326794862363e+00
1.143448699180025008e+00 5.838034668289817546e+02 1.570796326794862363e+00
9.355605150533548020e-01 5.844605285124702050e+02 1.570796326794862363e+00
2.027579943586876876e+00 5.860425765099789714e+02 1.570796326794862363e+00
1.838634812730914891e+00 5.863508685802599985e+02 1.570796326794862363e+00
1.272914916826711540e+00 5.878824143004140979e+02 1.570796326794862363e+00
1.169584026557422662e+00 5.890699750031989197e+02 1.570796326794862363e+00
1.120708141355132748e+00 5.899596953083987501e+02 1.570796326794862363e+00
1.060713593263357346e+00 5.906617460563284112e+02 1.570796326794862363e+00
1.488962780099309935e+00 5.922559694599123077e+02 1.570796326794862363e+00
2.341920401219066417e+00 5.925642821955151476e+02 1.570796326794862363e+00
1.260833172409896452e+00 5.941191566742539862e+02 1.570796326794862363e+00
1.114684019696799089e+00 5.952671598805162603e+02 1.570796326794862363e+00
1.124778565889325455e+00 5.961470833549810777e+02 1.570796326794862363e+00
1.137106657263844411e+00 5.968946089833023052e+02 1.570796326794862363e+00
1.153574896948274642e+00 5.984603058394575328e+02 1.570796326794862363e+00
2.681371969494780849e+00 5.988103755298594706e+02 1.570796326794862363e+00
1.161110116955755389e+00 6.003440749998470665e+02 1.570796326794862363e+00
1.041895148122413461e+00 6.014160367358099393e+02 1.570796326794862363e+00
1.164152939626034167e+00 6.023024269111905369e+02 1.570796326794862363e+00
1.234320310461147319e+00 6.031133525656699703e+02 1.570796326794862363e+00
7.885907382587774572e-01 6.045652028456665903e+02 1.570796326794862363e+00
3.122665224154369312e+00 6.050508573148949836e+02 1.570796326794862363e+00
9.354549011376811496e-01 6.064789624713112062e+02 1.570796326794862363e+00
9.928055769665602437e-01 6.074400837616880153e+02 1.570796326794862363e+00
1.312917673257520290e+00 6.083921665350034118e+02 1.570796326794862363e+00
1.391134906428336926e+00 6.092894530942287474e+02 1.570796326794862363e+00
5.479291436984250474e-01 6.102196615297027620e+02 1.570796326794862363e+00
3.739646423324719748e+00 6.112688627106138028e+02 1.570796326794862363e+00
7.234110258317907327e-01 6.121103344512418971e+02 1.570796326794862363e+00
1.061198958561631489e+00 6.132702497836817201e+02 1.570796326794862363e+00
1.293872562095429224e+00 6.144281594409405898e+02 1.570796326794862363e+00
1.215725339421986906e+00 6.153614571788775720e+02 1.570796326794862363e+00
7.761525391126584683e-01 6.160095194639303600e+02 1.570796326794862363e+00
2.733182920582311493e+00 6.175057562542294818e+02 1.570796326794862363e+00
1.302553953431374589e+00 6.178944514148134886e+02 1.570796326794862363e+00
1.195864324515856225e+00 6.193500095160576393e+02 1.570796326794862363e+00
1.169632807754689363e+00 6.205424180592817720e+02 1.570796326794862363e+00
1.100520485512713087e+00 6.214438237905843607e+02 1.570796326794862363e+00
9.231766255121461873e-01 6.221408456056109344e+02 1.570796326794862363e+00
1.844270883977405351e+00 6.237293337318390058e+02 1.570796326794862363e+00
1.863917740742771390e+00 6.240384845726620142e+02 1.570796326794862363e+00
1.203328873560347567e+00 6.255591304412079126e+02 1.570796326794862363e+00
1.093725083687163258e+00 6.267096143281582954e+02 1.570796326794862363e+00
1.086683563309427836e+00 6.275935296565924091e+02 1.570796326794862363e+00
1.025116971352925122e+00 6.283434137267383903e+02 1.570796326794862363e+00
1.344256721282274691e+00 6.299360539299644870e+02 1.570796326794862363e+00
2.299379272290482223e+00 6.302587926904586766e+02 1.570796326794862363e+00
1.144759659847311095e+00 6.317823722070917256e+02 1.570796326794862363e+00
1.032702806564227416e+00 6.328689402169321738e+02 1.570796326794862363e+00
1.119831401964386242e+00 6.337530718654140856e+02 1.570796326794862363e+00
1.138977446829193108e+00 6.345553138686659622e+02 1.570796326794862363e+00
9.350950831940570973e-01 6.360833904246984503e+02 1.570796326794862363e+00
2.777188247835574497e+00 6.364914689562251624e+02 1.570796326794862363e+00
1.004512690886209203e+00 6.379643722229984633e+02 1.570796326794862363e+00
9.870931414531600723e-01 6.389584102708716955e+02 1.570796326794862363e+00
1.231353386407345374e+00 6.398808415966129814e+02 1.570796326794862363e+00
1.308585157830485901e+00 6.407492678050419954e+02 1.570796326794862363e+00
5.739612026454284921e-01 6.419685392982514713e+02 1.570796326794862363e+00
3.475874482987909797e+00 6.427138291403321091e+02 1.570796326794862363e+00
7.255068731098015533e-01 6.438931978340456226e+02 1.570796326794862363e+00
1.001260315938530487e+00 6.448784088087446662e+02 1.570796326794862363e+00
1.359251354387183142e+00 6.459432385824005678e+02 1.570796326794862363e+00
1.332005012888549000e+00 6.468791945004790023e+02 1.570796326794862363e+00
7.045519451091165619e-01 6.475323545063309894e+02 1.570796326794862363e+00
3.265378633722213486e+00 6.489378413440032318e+02 1.570796326794862363e+00
1.088314056828191712e+00 6.494110163759640955e+02 1.570796326794862363e+00
1.192647236000334621e+00 6.508113230779539435e+02 1.570796326794862363e+00
1.237598566895474983e+00 6.520150363643152787e+02 1.570796326794862363e+00
1.148497799068656899e+00 6.529283769787773508e+02 1.570796326794862363e+00
9.295955878450558041e-01 6.535813902033821705e+02 1.570796326794862363e+00
2.068059643778805690e+00 6.551609260911150159e+02 1.570796326794862363e+00
1.812056092353342418e+00 6.554709053423946443e+02 1.570796326794862363e+00
1.274775578189213165e+00 6.570006565392626499e+02 1.570796326794862363e+00
1.175341303356176814e+00 6.581908569633212664e+02 1.570796326794862363e+00
1.122887902296523688e+00 6.590815105449111115e+02 1.570796326794862363e+00
1.059740248283375985e+00 6.597794396937042620e+02 1.570796326794862363e+00
1.508949827630796214e+00 6.613740742494558162e+02 1.570796326794862363e+00
2.331926624143676463e+00 6.616809663506575134e+02 1.570796326794862363e+00
1.268968266383734944e+00 6.632374179964535870e+02 1.570796326794862363e+00
1.122326420916588408e+00 6.643905505111083585e+02 1.570796326794862363e+00
1.125851335278408749e+00 6.652708096361952812e+02 1.570796326794862363e+00
1.136569818525803743e+00 6.660129977765311651e+02 1.570796326794862363e+00
1.175145790341120877e+00 6.675812047211687741e+02 1.570796326794862363e+00
2.671117898571056415e+00 6.679271272306035598e+02 1.570796326794862363e+00
1.175122016254160462e+00 6.694651772105863756e+02 1.570796326794862363e+00
1.049003881284113371e+00 6.705453030948673359e+02 1.570796326794862363e+00
1.159246802799021703e+00 6.714297438682400525e+02 1.570796326794862363e+00
1.226566315372681348e+00 6.722344643172701808e+02 1.570796326794862363e+00
8.176473652410748416e-01 6.737016579257604008e+02 1.570796326794862363e+00
3.085427185353341262e+00 6.741695653566982855e+02 1.570796326794862363e+00
9.595394481046525259e-01 6.756131001058274705e+02 1.570796326794862363e+00
9.944407982853925576e-01 6.765813881023447038e+02 1.570796326794862363e+00
1.299173093279554214e+00 6.775247422430610413e+02 1.570796326794862363e+00
1.384781379568696513e+00 6.784149495790571791e+02 1.570796326794862363e+00
5.427130864781912756e-01 6.794004364384991277e+02 1.570796326794862363e+00
3.729063065012094835e+00 6.803887461931151392e+02 1.570796326794862363e+00
7.054521390092757249e-01 6.812991311563605450e+02 1.570796326794862363e+00
1.047265835176891535e+00 6.824183492023622648e+02 1.570796326794862363e+00
1.311621346488442308e+00 6.835620316364423843e+02 1.570796326794862363e+00
1.239400447098320202e+00 6.844974267907600733e+02 1.570796326794862363e+00
7.685946351765621243e-01 6.851393310466612547e+02 1.570796326794862363e+00
2.831542503843288205e+00 6.866238030124553688e+02 1.570796326794862363e+00
1.270868479600331336e+00 6.870230976425094696e+02 1.570796326794862363e+00
1.202912487322879365e+00 6.884726910277478282e+02 1.570796326794862363e+00
1.188067120120493758e+00 6.896700267241722031e+02 1.570796326794862363e+00
1.112927719573154839e+00 6.905738753361041518e+02 1.570796326794862363e+00
9.319097238657780835e-01 6.912590803024912702e+02 1.570796326794862363e+00
1.885544487610961495e+00 6.928467075419482626e+02 1.570796326794862363e+00
1.872827339571232708e+00 6.931545428101803736e+02 1.570796326794862363e+00
1.227733132689069473e+00 6.946804689323682851e+02 1.570796326794862363e+00
1.116609775401792293e+00 6.958430520777117181e+02 1.570796326794862363e+00
1.096331640617452807e+00 6.967281782788571718e+02 1.570796326794862363e+00
1.035630727985897392e+00 6.974641953783163899e+02 1.570796326794862363e+00
1.389201358145684129e+00 6.990575469260883210e+02 1.570796326794862363e+00
2.311326654869731545e+00 6.993754479280360101e+02 1.570796326794862363e+00
1.179820491677111560e+00 7.009090404290761853e+02 1.570796326794862363e+00
1.054520350322567968e+00 7.020139329874964460e+02 1.570796326794862363e+00
1.118142563204304940e+00 7.028953613620770966e+02 1.570796326794862363e+00
1.134383889956491531e+00 7.036828001655663911e+02 1.570796326794862363e+00
1.000708574875380785e+00 7.052259604136971802e+02 1.570796326794862363e+00
2.736422835388287123e+00 7.056127185493786556e+02 1.570796326794862363e+00
1.050188210130851285e+00 7.071060717993690332e+02 1.570796326794862363e+00
9.987103241078469917e-01 7.081206181678160192e+02 1.570796326794862363e+00
1.208775970468672245e+00 7.090298443975389091e+02 1.570796326794862363e+00
1.287750995618360372e+00 7.098829249999503190e+02 1.570796326794862363e+00
6.191602417415453807e-01 7.111850020591072052e+02 1.570796326794862363e+00
3.379564862176802631e+00 7.118391902032462895e+02 1.570796326794862363e+00
7.741307999399867912e-01 7.131103412145072298e+02 1.570796326794862363e+00
9.948235173949697696e-01 7.140671888469073565e+02 1.570796326794862363e+00
1.367401919761837670e+00 7.150949204435095226e+02 1.570796326794862363e+00
1.369174696735343533e+00 7.160259274458801428e+02 1.570796326794862363e+00
6.685020213911224696e-01 7.167041208579393015e+02 1.570796326794862363e+00
3.450773211528399553e+00 7.180583028749105097e+02 1.570796326794862363e+00
1.002529625395408130e+00 7.185793166058119823e+02 1.570796326794862363e+00
1.176879608713696790e+00 7.199471950875673656e+02 1.570796326794862363e+00
1.253520407929256786e+00 7.211489562343768966e+02 1.570796326794862363e+00
1.161819841796140951e+00 7.220664402149581065e+02 1.570796326794862363e+00
9.166860393304864241e-01 7.227098822947605186e+02 1.570796326794862363e+00
2.162986440667833410e+00 7.242830535177510001e+02 1.570796326794862363e+00
1.753659575945367699e+00 7.245975810443692353e+02 1.570796326794862363e+00
1.279429328503151497e+00 7.261230586745989513e+02 1.570796326794862363e+00
1.189580848881058195e+00 7.273191715541801159e+02 1.570796326794862363e+00
1.129162285473742200e+00 7.282120636308957273e+02 1.570796326794862363e+00
1.060049302363820667e+00 7.288998906833488718e+02 1.570796326794862363e+00
1.551846423863456392e+00 7.304950986428054875e+02 1.570796326794862363e+00
2.316960317980619966e+00 7.307990806173190776e+02 1.570796326794862363e+00
1.289267661825984401e+00 7.323596201034355317e+02 1.570796326794862363e+00
1.142002968748490943e+00 7.335247730213714021e+02 1.570796326794862363e+00
1.130530221586113493e+00 7.344061198882498047e+02 1.570796326794862363e+00
1.139804871655228702e+00 7.351348803896858044e+02 1.570796326794862363e+00
1.220734965638335945e+00 7.367072335334057698e+02 1.570796326794862363e+00
2.661695132809542397e+00 7.370451094337616951e+02 1.570796326794862363e+00
1.208920842424264341e+00 7.385932578969982387e+02 1.570796326794862363e+00
1.068035272811472591e+00 7.396926496777819011e+02 1.570796326794862363e+00
1.151005805624152778e+00 7.405735392715696435e+02 1.570796326794862363e+00
1.212862811652872574e+00 7.413630149782270564e+02 1.570796326794862363e+00
8.856188641885749391e-01 7.428589995325206701e+02 1.570796326794862363e+00
3.013007553362735180e+00 7.432923635804173728e+02 1.570796326794862363e+00
1.014267254890584224e+00 7.447663595247839794e+02 1.570796326794862363e+00
1.001305409505433675e+00 7.457547775457630905e+02 1.570796326794862363e+00
1.267343600262537118e+00 7.466799469747617195e+02 1.570796326794862363e+00
1.364544905567939503e+00 7.475528292118294758e+02 1.570796326794862363e+00
5.517180061761145504e-01 7.486645894731598219e+02 1.570796326794862363e+00
3.661795506833871450e+00 7.495155016422380641e+02 1.570796326794862363e+00
7.017874332964336714e-01 7.505812077017221782e+02 1.570796326794862363e+00
1.024275849655781334e+00 7.516166609466575892e+02 1.570796326794862363e+00
1.354823123033578991e+00 7.527189403652954525e+02 1.570796326794862363e+00
1.302813194494456539e+00 7.536568870353045213e+02 1.570796326794862363e+00
7.653018377713414200e-01 7.542780521636072990e+02 1.570796326794862363e+00
3.037767353370481871e+00 7.557428262874245775e+02 1.570796326794862363e+00
1.238642463295652307e+00 7.561576954738934546e+02 1.570796326794862363e+00
1.234415031708890886e+00 7.576015578290101757e+02 1.570796326794862363e+00
1.245832520971426938e+00 7.588108558275818041e+02 1.570796326794862363e+00
1.156262259845689977e+00 7.597200051841804225e+02 1.570796326794862363e+00
9.955314531859201788e-01 7.603654147818108413e+02 1.570796326794862363e+00
1.909825897261174132e+00 7.619564087485076698e+02 1.570796326794862363e+00
2.025296438942907340e+00 7.622550471198217110e+02 1.570796326794862363e+00
1.329691879451531777e+00 7.638094488373573085e+02 1.570796326794862363e+00
1.214792557310100163e+00 7.650119359426315668e+02 1.570796326794862363e+00
1.152903447881168386e+00 7.659025236534552050e+02 1.570796326794862363e+00
1.141198153699829243e+00 7.665777316853170760e+02 1.570796326794862363e+00
1.418392824302090460e+00 7.681634659686590112e+02 1.570796326794862363e+00
2.586522423798722325e+00 7.684749197219590542e+02 1.570796326794862363e+00
1.332869400999566523e+00 7.700537725667996938e+02 1.570796326794862363e+00
1.167255783001168501e+00 7.712273371057563054e+02 1.570796326794862363e+00
1.151197671950106916e+00 7.721076412919561562e+02 1.570796326794862363e+00
1.198231946859695141e+00 7.728245459069457866e+02 1.570796326794862363e+00
1.154617627861078688e+00 7.743804510349287966e+02 1.570796326794862363e+00
2.852383337786985162e+00 7.747313805882516817e+02 1.570796326794862363e+00
1.224364669291698515e+00 7.762862004413379964e+02 1.570796326794862363e+00
1.075657847330490524e+00 7.773838083344587631e+02 1.570796326794862363e+00
1.167023898502279389e+00 7.782643642455209374e+02 1.570796326794862363e+00
1.251050611653391709e+00 7.790542753244592404e+02 1.570796326794862363e+00
8.350255665175273512e-01 7.805214196262180621e+02 1.570796326794862363e+00
3.148146904866185203e+00 7.809826671737807828e+02 1.570796326794862363e+00
9.877940129157188887e-01 7.824405163089254529e+02 1.570796326794862363e+00
1.003127898276135577e+00 7.834153174155187571e+02 1.570796326794862363e+00
1.299650939575929476e+00 7.843509369246771712e+02 1.570796326794862363e+00
1.397532319781897403e+00 7.852354862056781712e+02 1.570796326794862363e+00
5.449824657533528516e-01 7.862296233264563625e+02 1.570796326794862363e+00
3.763268894912910945e+00 7.872033288626247440e+02 1.570796326794862363e+00
7.055659967466922922e-01 7.881274658564418587e+02 1.570796326794862363e+00
1.050012980899448722e+00 7.892390076335799449e+02 1.570796326794862363e+00
1.324403134564109852e+00 7.903793960798873286e+02 1.570796326794862363e+00
1.252935718983689384e+00 7.913154019679800513e+02 1.570796326794862363e+00
7.862989469367300810e-01 7.919439635735039928e+02 1.570796326794862363e+00
2.832838675587480370e+00 7.934361039416309040e+02 1.570796326794862363e+00
1.309927550074932334e+00 7.938264378411309963e+02 1.570796326794862363e+00
1.226970194428919081e+00 7.952856161937837669e+02 1.570796326794862363e+00
1.211688754915007715e+00 7.964890448433677648e+02 1.570796326794862363e+00
1.131356570903733427e+00 7.973936783035535427e+02 1.570796326794862363e+00
9.712436252865555009e-01 7.980629605886308582e+02 1.570796326794862363e+00
1.860611798637618053e+00 7.996541814494469236e+02 1.570796326794862363e+00
1.979602341917021668e+00 7.999564136677162196e+02 1.570796326794862363e+00
1.277204200144681501e+00 8.014984309646105203e+02 1.570796326794862363e+00
1.157979520484116565e+00 8.026787169116132645e+02 1.570796326794862363e+00
1.120710306153914759e+00 8.035652948000199558e+02 1.570796326794862363e+00
1.081935096742391300e+00 8.042771701787453367e+02 1.570796326794862363e+00
1.401888564351482014e+00 8.058674695967100661e+02 1.570796326794862363e+00
2.431768441554409410e+00 8.061824719360060953e+02 1.570796326794862363e+00
1.245412023723638129e+00 8.077361616353539375e+02 1.570796326794862363e+00
1.098156977776258092e+00 8.088699144473298475e+02 1.570796326794862363e+00
1.128589454022608907e+00 8.097490711413734061e+02 1.570796326794862363e+00
1.154649235137758856e+00 8.105100202874425577e+02 1.570796326794862363e+00
1.073028296048051500e+00 8.120617817402886658e+02 1.570796326794862363e+00
2.763947775026873277e+00 8.124300525558154504e+02 1.570796326794862363e+00
1.121402750468253995e+00 8.139506610364244352e+02 1.570796326794862363e+00
1.025208205628571179e+00 8.149974597980758517e+02 1.570796326794862363e+00
1.187585687325908967e+00 8.158916137751132283e+02 1.570796326794862363e+00
1.270726553887611132e+00 8.167209486148096858e+02 1.570796326794862363e+00
6.960022510623748992e-01 8.181045303005128062e+02 1.570796326794862363e+00
3.280236022045841970e+00 8.186653763561997721e+02 1.570796326794862363e+00
8.540578295863652247e-01 8.200278886188204979e+02 1.570796326794862363e+00
9.937339584571540652e-01 8.209750818321334691e+02 1.570796326794862363e+00
1.356250154032090149e+00 8.219607606012971246e+02 1.570796326794862363e+00
1.400133070352698406e+00 8.228790407792138240e+02 1.570796326794862363e+00
6.066209541527493032e-01 8.236362243169096473e+02 1.570796326794862363e+00
3.663830872068857492e+00 8.248817009976158943e+02 1.570796326794862363e+00
8.632756448173498631e-01 8.255093276739013390e+02 1.570796326794862363e+00
1.131047052405730113e+00 8.268051645934880298e+02 1.570796326794862363e+00
1.264184307725142897e+00 8.279959329953759379e+02 1.570796326794862363e+00
1.174202944206749866e+00 8.289199803404480917e+02 1.570796326794862363e+00
8.580927683025942887e-01 8.295638990194315738e+02 1.570796326794862363e+00
2.373138828875541506e+00 8.311136843103643059e+02 1.570796326794862363e+00
1.560438468503389187e+00 8.314503388196191054e+02 1.570796326794862363e+00
1.240682717043554595e+00 8.329500892292254548e+02 1.570796326794862363e+00
1.172886766051561169e+00 8.341422321782666813e+02 1.570796326794862363e+00
1.111816682596143746e+00 8.350375317577709211e+02 1.570796326794862363e+00
9.984650356036700591e-01 8.357337186902453823e+02 1.570796326794862363e+00
1.658149148362670910e+00 8.373301397815945393e+02 1.570796326794862363e+00
2.117105341898124049e+00 8.376335568770417694e+02 1.570796326794862363e+00
1.246389467430521369e+00 8.391766232338924283e+02 1.570796326794862363e+00
1.115045619043835812e+00 8.403315098661694265e+02 1.570796326794862363e+00
1.110682369168937145e+00 8.412135095624659016e+02 1.570796326794862363e+00
1.090091910790561780e+00 8.419556597784783207e+02 1.570796326794862363e+00
1.258868642992174935e+00 8.435375430815744267e+02 1.570796326794862363e+00
2.508909596813466703e+00 8.438695792193659599e+02 1.570796326794862363e+00
1.175888314021883430e+00 8.454058995241252887e+02 1.570796326794862363e+00
1.049694552884650189e+00 8.464959816719793935e+02 1.570796326794862363e+00
1.140219389070823430e+00 8.473788678871590037e+02 1.570796326794862363e+00
1.185703332830996937e+00 8.481767871335109703e+02 1.570796326794862363e+00
8.913530346394079595e-01 8.496816191565645795e+02 1.570796326794862363e+00
2.931628950174543835e+00 8.501101840955947182e+02 1.570796326794862363e+00
1.002182250367414706e+00 8.515796003448008378e+02 1.570796326794862363e+00
9.943847505009538734e-01 8.525666507499806812e+02 1.570796326794862363e+00
1.258408389993655119e+00 8.534935499788739435e+02 1.570796326794862363e+00
1.347215605481258072e+00 8.543674567535766755e+02 1.570796326794862363e+00
5.534958559616451890e-01 8.555033942547554489e+02 1.570796326794862363e+00
3.609050553679475914e+00 8.563324567048069866e+02 1.570796326794862363e+00
7.035888419684747097e-01 8.574231483258112121e+02 1.570796326794862363e+00
1.016992289352649737e+00 8.584464629922905488e+02 1.570796326794862363e+00
1.353262885363392121e+00 8.595413525522803866e+02 1.570796326794862363e+00
1.306076656532657365e+00 8.604790643029706416e+02 1.570796326794862363e+00
7.459987632589039075e-01 8.611104289878139753e+02 1.570796326794862363e+00
3.093638246570793449e+00 8.625597764388007818e+02 1.570796326794862363e+00
1.190937399159424759e+00 8.629903136928787717e+02 1.570796326794862363e+00
1.217977118350089594e+00 8.644215629256674447e+02 1.570796326794862363e+00
1.236879022716741661e+00 8.656282307772524973e+02 1.570796326794862363e+00
1.148711094330548743e+00 8.665381773716233056e+02 1.570796326794862363e+00
9.664199182258805809e-01 8.671902642556682395e+02 1.570796326794862363e+00
1.961228299420988419e+00 8.687777798279918215e+02 1.570796326794862363e+00
1.935568255679462002e+00 8.690804703826812556e+02 1.570796326794862363e+00
1.300661000732183270e+00 8.706238491789584941e+02 1.570796326794862363e+00
1.190270721772051177e+00 8.718182619122599135e+02 1.570796326794862363e+00
1.135925327352440339e+00 8.727081491064567444e+02 1.570796326794862363e+00
1.098908806259977888e+00 8.733982722474381717e+02 1.570796326794862363e+00
1.454762143471911129e+00 8.749890788711841196e+02 1.570796326794862363e+00
2.457571578836302617e+00 8.752984741614659470e+02 1.570796326794862363e+00
1.295740905645746954e+00 8.768650814269450393e+02 1.570796326794862363e+00
1.139488916068593927e+00 8.780254208060139263e+02 1.570796326794862363e+00
1.137178668456805930e+00 8.789053280145167264e+02 1.570796326794862363e+00
1.165053641145913144e+00 8.796386815095970633e+02 1.570796326794862363e+00
1.157551729463653256e+00 8.812004140487126733e+02 1.570796326794862363e+00
2.758084995743734780e+00 8.815501583491947031e+02 1.570796326794862363e+00
1.192788698045515794e+00 8.830944902686646856e+02 1.570796326794862363e+00
1.058454397781072309e+00 8.841794860676092185e+02 1.570796326794862363e+00
1.164791776932003531e+00 8.850626371357848257e+02 1.570796326794862363e+00
1.241104649515149205e+00 8.858631045749519899e+02 1.570796326794862363e+00
8.141835741178795605e-01 8.873244564201456797e+02 1.570796326794862363e+00
3.129597594557704809e+00 8.877959466754531377e+02 1.570796326794862363e+00
9.630739037622281229e-01 8.892404145184066238e+02 1.570796326794862363e+00
9.977421234138705852e-01 8.902084225268738464e+02 1.570796326794862363e+00
1.305463552485560896e+00 8.911514611274744766e+02 1.570796326794862363e+00
1.394182799239494619e+00 8.920420692862339820e+02 1.570796326794862363e+00
5.451018656597125256e-01 8.930079163567155547e+02 1.570796326794862363e+00
3.752893569747310032e+00 8.940151612427064265e+02 1.570796326794862363e+00
7.115145520548311620e-01 8.949025531557050499e+02 1.570796326794862363e+00
1.054291348578533460e+00 8.960352896046853175e+02 1.570796326794862363e+00
1.310055936936149967e+00 8.971839641088696453e+02 1.570796326794862363e+00
1.235361581657334673e+00 8.981188500915543500e+02 1.570796326794862363e+00
7.794288936136734014e-01 8.987574470768960282e+02 1.570796326794862363e+00
2.791993103666722931e+00 9.002500975801333425e+02 1.570796326794862363e+00
1.300632891953886316e+00 9.006411633341664356e+02 1.570796326794862363e+00
1.210472832089622308e+00 9.020973693829956801e+02 1.570796326794862363e+00
1.190462395453220745e+00 9.032954969043629490e+02 1.570796326794862363e+00
1.115477363986777659e+00 9.041986910966410278e+02 1.570796326794862363e+00
9.438125871098060893e-01 9.048822129187568635e+02 1.570796326794862363e+00
1.861871849874310314e+00 9.064716555497604986e+02 1.570796326794862363e+00
1.910047308793681564e+00 9.067777159259690052e+02 1.570796326794862363e+00
1.237647247419507268e+00 9.083079273987717670e+02 1.570796326794862363e+00
1.123119717209728474e+00 9.094728865263249418e+02 1.570796326794862363e+00
1.101280284590548053e+00 9.103579122448555836e+02 1.570796326794862363e+00
1.047171014397920041e+00 9.110906124230016303e+02 1.570796326794862363e+00
1.381642648167116239e+00 9.126829022421500213e+02 1.570796326794862363e+00
2.345253243457709580e+00 9.130011068018063725e+02 1.570796326794862363e+00
1.190569145021677766e+00 9.145384046899326904e+02 1.570796326794862363e+00
1.061010037653921545e+00 9.156469903391881644e+02 1.570796326794862363e+00
1.121059649270529812e+00 9.165279003977871071e+02 1.570796326794862363e+00
1.140964826695870737e+00 9.173119702206371358e+02 1.570796326794862363e+00
1.004680491730406189e+00 9.188545409445764562e+02 1.570796326794862363e+00
2.753571761810833518e+00 9.192404869126394260e+02 1.570796326794862363e+00
1.058714450262223439e+00 9.207372270718637992e+02 1.570796326794862363e+00
1.002114023428291922e+00 9.217547178913108610e+02 1.570796326794862363e+00
1.208500533686206913e+00 9.226622516997921366e+02 1.570796326794862363e+00
1.289809414889882655e+00 9.235131216622341981e+02 1.570796326794862363e+00
6.233992099893805872e-01 9.248193401864646148e+02 1.570796326794862363e+00
3.382790730980854921e+00 9.254679364890575926e+02 1.570796326794862363e+00
7.789430239268764211e-01 9.267451709990696145e+02 1.570796326794862363e+00
9.955372509094270184e-01 9.277006606579974459e+02 1.570796326794862363e+00
1.369269096091179749e+00 9.287255801667266724e+02 1.570796326794862363e+00
1.373453275364490134e+00 9.296561792006278893e+02 1.570796326794862363e+00
6.690430188413062362e-01 9.303331511768155906e+02 1.570796326794862363e+00
3.461550635669016440e+00 9.316865837416245313e+02 1.570796326794862363e+00
1.003403067024255080e+00 9.322077307205794341e+02 1.570796326794862363e+00
1.179313517233413044e+00 9.335758134619057955e+02 1.570796326794862363e+00
1.257300510810687832e+00 9.347780371070965657e+02 1.570796326794862363e+00
1.164982454979789805e+00 9.356957136657077854e+02 1.570796326794862363e+00
9.229662731786445473e-01 9.363361633399612174e+02 1.570796326794862363e+00
2.158694668538965633e+00 9.379104358135487018e+02 1.570796326794862363e+00
1.770110008688574155e+00 9.382235422451345812e+02 1.570796326794862363e+00
1.287819219748077115e+00 9.397517855626449546e+02 1.570796326794862363e+00
1.197693561151414343e+00 9.409505521499472707e+02 1.570796326794862363e+00
1.134692583708473368e+00 9.418438344958142352e+02 1.570796326794862363e+00
1.071848642969170706e+00 9.425265718765523388e+02 1.570796326794862363e+00
1.546250848479689299e+00 9.441211613994590834e+02 1.570796326794862363e+00
2.350463961977804939e+00 9.444248002079925755e+02 1.570796326794862363e+00
1.303400805748242020e+00 9.459896739467902762e+02 1.570796326794862363e+00
1.153521364358835788e+00 9.471604381573158662e+02 1.570796326794862363e+00
1.136021264881093451e+00 9.480421390452302148e+02 1.570796326794862363e+00
1.151047204481165265e+00 9.487638794805017142e+02 1.570796326794862363e+00
1.226002365496946966e+00 9.503351591845439543e+02 1.570796326794862363e+00
2.690828113863469984e+00 9.506721887908165627e+02 1.570796326794862363e+00
1.224992830518699671e+00 9.522253768237299028e+02 1.570796326794862363e+00
1.077572973848069271e+00 9.533321783761673487e+02 1.570796326794862363e+00
1.151251051560005179e+00 9.542119753320763493e+02 1.570796326794862363e+00
1.214817311674079470e+00 9.549951458287262085e+02 1.570796326794862363e+00
9.042867149790483339e-01 9.564964336471630304e+02 1.570796326794862363e+00
3.009988611668199088e+00 9.569220679700049459e+02 1.570796326794862363e+00
1.032068976816125527e+00 9.584046038497612017e+02 1.570796326794862363e+00
1.005309710090787956e+00 9.593998845600068535e+02 1.570796326794862363e+00
1.259775986952856863e+00 9.603199856198455109e+02 1.570796326794862363e+00
1.360472260541486955e+00 9.611874197013323737e+02 1.570796326794862363e+00
5.591608285961673364e-01 9.623301826361529265e+02 1.570796326794862363e+00
3.642843364158659281e+00 9.631468406699013940e+02 1.570796326794862363e+00
7.088706667903834635e-01 9.642504416137807084e+02 1.570796326794862363e+00
1.020648527847529907e+00 9.652678092336780082e+02 1.570796326794862363e+00
1.365743407397551401e+00 9.663577063701403631e+02 1.570796326794862363e+00
1.320601212113321488e+00 9.672957287546984162e+02 1.570796326794862363e+00
7.669403620715181669e-01 9.679102806962775958e+02 1.570796326794862363e+00
3.085734189588165588e+00 9.693716404990477713e+02 1.570796326794862363e+00
1.237796296303903754e+00 9.697884916917971623e+02 1.570796326794862363e+00
1.245268082032396473e+00 9.712325608957243048e+02 1.570796326794862363e+00
1.263699118261340626e+00 9.724447327416909275e+02 1.570796326794862363e+00
1.170286080679397545e+00 9.733550936814175429e+02 1.570796326794862363e+00
1.023525327820723918e+00 9.739874478318652109e+02 1.570796326794862363e+00
1.890582672095562300e+00 9.755800553286217109e+02 1.570796326794862363e+00
2.102981986744195897e+00 9.758753230522290778e+02 1.570796326794862363e+00
1.367464257654937843e+00 9.774411524231560406e+02 1.570796326794862363e+00
1.254457185054575374e+00 9.786558434907437913e+02 1.570796326794862363e+00
1.178978941305425909e+00 9.795485723164688352e+02 1.570796326794862363e+00
1.205866078562122468e+00 9.801978783065234211e+02 1.570796326794862363e+00
1.362116866463721321e+00 9.817732698052236628e+02 1.570796326794862363e+00
2.786441225132498367e+00 9.820898475654273625e+02 1.570796326794862363e+00
1.382173944833476220e+00 9.836850086262722925e+02 1.570796326794862363e+00
1.205626896495606504e+00 9.848752005724542187e+02 1.570796326794862363e+00
1.172026469959279504e+00 9.857564116511696284e+02 1.570796326794862363e+00
1.252646667180427276e+00 9.864500990355049908e+02 1.570796326794862363e+00
1.125663020290811778e+00 9.879922383489388267e+02 1.570796326794862363e+00
3.017729741866324922e+00 9.883507559071769037e+02 1.570796326794862363e+00
1.252987269492785272e+00 9.899155369272506277e+02 1.570796326794862363e+00
1.091141276085476175e+00 9.910210449142184643e+02 1.570796326794862363e+00
1.175875638766794129e+00 9.918999099995629649e+02 1.570796326794862363e+00
1.275800831053602868e+00 9.926825334496311370e+02 1.570796326794862363e+00
8.254848997193179327e-01 9.941384069337888150e+02 1.570796326794862363e+00
3.224727743316588402e+00 9.946074391521634652e+02 1.570796326794862363e+00
9.892400392126631248e-01 9.960644239668450837e+02 1.570796326794862363e+00
1.007660817260295216e+00 9.970373658609937593e+02 1.570796326794862363e+00
1.311517892136981667e+00 9.979738056145700966e+02 1.570796326794862363e+00
1.413345396409715349e+00 9.988602579731046944e+02 1.570796326794862363e+00
5.490161307908065780e-01 9.998140951885289951e+02 1.570796326794862363e+00
3.802334037547009160e+00 1.000827874586636995e+03 1.570796326794862363e+00
7.175468963693464319e-01 1.001703566247859726e+03 1.570796326794862363e+00
1.063434157636250044e+00 1.002843548818969452e+03 1.570796326794862363e+00
1.318650084106812281e+00 1.003994619649484775e+03 1.570796326794862363e+00
1.242016140812883362e+00 1.004929484971735860e+03 1.570796326794862363e+00
8.041435456849456154e-01 1.005555024034497137e+03 1.570796326794862363e+00
2.753282247905217694e+00 1.007060757800003330e+03 1.570796326794862363e+00
1.361843587693469804e+00 1.007437724929833507e+03 1.570796326794862363e+00
1.237363108417290025e+00 1.008907588897375831e+03 1.570796326794862363e+00
1.212429878747227185e+00 1.010111588472085714e+03 1.570796326794862363e+00
1.133065015296397027e+00 1.011014895459002219e+03 1.570796326794862363e+00
9.875083072061995315e-01 1.011683755986102369e+03 1.570796326794862363e+00
1.818617028825123105e+00 1.013276910099004681e+03 1.570796326794862363e+00
2.034656252616114713e+00 1.013577517602375337e+03 1.570796326794862363e+00
1.287712500135293814e+00 1.015124779877025276e+03 1.570796326794862363e+00
1.163863946220173418e+00 1.016306754280542350e+03 1.570796326794862363e+00
