1.694130866472178809e-01 4.375356017109034018e-02 7.853981633974492782e-01
3.772427753698727737e-01 1.460591876296584379e+00 7.853981633974492782e-01
4.300271220960995566e-01 1.962023168782712101e+00 7.853981633974492782e-01
1.961139224988728558e-01 3.035126282025143230e+00 7.853981633974492782e-01
2.721174735708944414e-01 4.200714684620328931e+00 7.853981633974492782e-01
4.076659885937696237e-01 4.954275076432855585e+00 7.853981633974492782e-01
2.209670857404974764e-01 5.846863287685191146e+00 7.853981633974492782e-01
2.231313745102284363e-01 7.382050161598859184e+00 7.853981633974492782e-01
5.327864668998669728e-01 8.060991885460767392e+00 7.853981633974492782e-01
2.270670662459708944e-01 8.855281118547898345e+00 7.853981633974492782e-01
2.240752084616175754e-01 1.009613307028674178e+01 7.853981633974492782e-01
3.973849189152074413e-01 1.101298367299182779e+01 7.853981633974492782e-01
2.881882140826668715e-01 1.174556404796379105e+01 7.853981633974492782e-01
1.585307339856277531e-01 1.308744433491006376e+01 7.853981633974492782e-01
4.977787888969382180e-01 1.419103815725597961e+01 7.853981633974492782e-01
3.210635994331680898e-01 1.474689204260489284e+01 7.853981633974492782e-01
2.000420391334904735e-01 1.595908109743824355e+01 7.853981633974492782e-01
3.294202146153256128e-01 1.703168350922485530e+01 7.853981633974492782e-01
3.649712375799079589e-01 1.771682046912234298e+01 7.853981633974492782e-01
1.778768691939869029e-01 1.878313558223294777e+01 7.853981633974492782e-01
3.415701834133406112e-01 2.025311509946334354e+01 7.853981633974492782e-01
4.578072152860650501e-01 2.076705728778587101e+01 7.853981633974492782e-01
1.983935814412809973e-01 2.178858588606187041e+01 7.853981633974492782e-01
2.597749333115268455e-01 2.297420824872906309e+01 7.853981633974492782e-01
4.120066880050106684e-01 2.375748729213624344e+01 7.853981633974492782e-01
2.337679862840507661e-01 2.461125584753495232e+01 7.853981633974492782e-01
2.013136226888569136e-01 2.612750809655176099e+01 7.853981633974492782e-01
5.389716389583268930e-01 2.687929105165877530e+01 7.853981633974492782e-01
2.408747003493670880e-01 2.761493083426669415e+01 7.853981633974492782e-01
2.175031585904227405e-01 2.886133116756976591e+01 7.853981633974492782e-01
3.863992914891001274e-01 2.981329822932788787e+01 7.853981633974492782e-01
3.037560105901266905e-01 3.052449097774318076e+01 7.853981633974492782e-01
1.571542563950419635e-01 3.180731087218762099e+01 7.853981633974492782e-01
4.717067084818282741e-01 3.300438713621656461e+01 7.853981633974492782e-01
3.479274465948868911e-01 3.353180122382134698e+01 7.853981633974492782e-01
1.974796400301213894e-01 3.471804350299522923e+01 7.853981633974492782e-01
3.135173411150253275e-01 3.581731571126265834e+01 7.853981633974492782e-01
3.791420196752727789e-01 3.651174655419269044e+01 7.853981633974492782e-01
1.877726084172418597e-01 3.752892088301978646e+01 7.853981633974492782e-01
3.068850788762231829e-01 3.903743446503340664e+01 7.853981633974492782e-01
4.832568136483636478e-01 3.957611078852306719e+01 7.853981633974492782e-01
2.025370966664880035e-01 4.054156013054881669e+01 7.853981633974492782e-01
2.487377671042423355e-01 4.174533906199273048e+01 7.853981633974492782e-01
4.129488184467047796e-01 4.256137686794151165e+01 7.853981633974492782e-01
2.470792923645792893e-01 4.337894142723637714e+01 7.853981633974492782e-01
1.839741534676213042e-01 4.486325322192778486e+01 7.853981633974492782e-01
5.382427736576895771e-01 4.569821587719661693e+01 7.853981633974492782e-01
2.576285529662220020e-01 4.637871633300434837e+01 7.853981633974492782e-01
2.118296725155667526e-01 4.762541221559418148e+01 7.853981633974492782e-01
3.732922217970713885e-01 4.861125519568402353e+01 7.853981633974492782e-01
3.197669104812275731e-01 4.930659260706018898e+01 7.853981633974492782e-01
1.590257790869493704e-01 5.053005243444592764e+01 7.853981633974492782e-01
4.411039892416186992e-01 5.181393313697815017e+01 7.853981633974492782e-01
3.763125166988030013e-01 5.232245311094322204e+01 7.853981633974492782e-01
1.958846299800790225e-01 5.347538654211890474e+01 7.853981633974492782e-01
2.981290224310102488e-01 5.459948612593536410e+01 7.853981633974492782e-01
3.914914359744919303e-01 5.530955573025836003e+01 7.853981633974492782e-01
1.987343571686340238e-01 5.628057728403072701e+01 7.853981633974492782e-01
2.743954389779219016e-01 5.781248916487739820e+01 7.853981633974492782e-01
5.051947479277203445e-01 5.838854970609243367e+01 7.853981633974492782e-01
2.088310430718164634e-01 5.929484714062282080e+01 7.853981633974492782e-01
2.389903029737250606e-01 6.051450106440711352e+01 7.853981633974492782e-01
4.104590466615036237e-01 6.136526457575392612e+01 7.853981633974492782e-01
2.609373469742451435e-01 6.214959524137218239e+01 7.853981633974492782e-01
1.711240335740555341e-01 6.359094953891567314e+01 7.853981633974492782e-01
5.303755773157735609e-01 6.451696208050159953e+01 7.853981633974492782e-01
2.773362889660021535e-01 6.514741189860946236e+01 7.853981633974492782e-01
2.069729693108472990e-01 6.638834664768060634e+01 7.853981633974492782e-01
3.586373903336290137e-01 6.740640239439490244e+01 7.853981633974492782e-01
3.359553016337218367e-01 6.809202932519885110e+01 7.853981633974492782e-01
1.636602909084312885e-01 6.925772888048408049e+01 7.853981633974492782e-01
4.073485364368900630e-01 7.061857920251711107e+01 7.853981633974492782e-01
4.054124852340039165e-01 7.111856480566122229e+01 7.853981633974492782e-01
1.954324560674173816e-01 7.223113473857529243e+01 7.853981633974492782e-01
2.836076318794191198e-01 7.337834537651349365e+01 7.853981633974492782e-01
4.014461032284234454e-01 7.410979449712412759e+01 7.853981633974492782e-01
2.104835733568719836e-01 7.503737588641051559e+01 7.853981633974492782e-01
2.450693213077174692e-01 7.657743490905528461e+01 7.853981633974492782e-01
5.224870945179977966e-01 7.720370247003288000e+01 7.853981633974492782e-01
2.175505984847168062e-01 7.804940499667495146e+01 7.853981633974492782e-01
2.304590987264749091e-01 7.928204695708105021e+01 7.853981633974492782e-01
4.046784872279137746e-01 8.016847985312436720e+01 7.853981633974492782e-01
2.753933974887187719e-01 8.092308873989615847e+01 7.853981633974492782e-01
1.625993582639494173e-01 8.231308055563599169e+01 7.853981633974492782e-01
5.155252974264663557e-01 8.333467588191810194e+01 7.853981633974492782e-01
2.998691630126934515e-01 8.392156967030004466e+01 7.853981633974492782e-01
2.028936934509037171e-01 8.515002531157273324e+01 7.853981633974492782e-01
3.430283260970251047e-01 8.619839040593691948e+01 7.853981633974492782e-01
3.519258727882615956e-01 8.688087851885896384e+01 7.853981633974492782e-01
1.705652037979413504e-01 8.799154135545278166e+01 7.853981633974492782e-01
3.719261329302363528e-01 8.941717637711455779e+01 7.853981633974492782e-01
4.342615274868842912e-01 8.991971615734927070e+01 7.853981633974492782e-01
1.963461430179686551e-01 9.098548093347659460e+01 7.853981633974492782e-01
2.702001278493131320e-01 9.215415861757999494e+01 7.853981633974492782e-01
4.085206442612874800e-01 9.291190581080769562e+01 7.853981633974492782e-01
2.228392480846889401e-01 9.379856129742462656e+01 7.853981633974492782e-01
2.196082500890599587e-01 9.533181328803995314e+01 7.853981633974492782e-01
5.341258304138895019e-01 9.602086637817191672e+01 7.853981633974492782e-01
2.289381305694195845e-01 9.680627395767611176e+01 7.853981633974492782e-01
2.230365335832025508e-01 9.804825011669643686e+01 7.853981633974492782e-01
