9.485966330322005424e-01 3.029398468620975171e-02 1.570796326794862363e+00
1.332650810233124705e+00 1.627204032892926255e+00 1.570796326794862363e+00
2.098154427417908696e+00 1.953964385140692706e+00 1.570796326794862363e+00
1.049772693311428196e+00 3.445059297619739613e+00 1.570796326794862363e+00
9.797667229792921262e-01 4.496641759777348923e+00 1.570796326794862363e+00
1.103305302514862252e+00 5.389992147656846200e+00 1.570796326794862363e+00
1.101939214585338389e+00 6.219999812234662251e+00 1.570796326794862363e+00
8.619342729013287352e-01 7.737781735624396084e+00 1.570796326794862363e+00
2.700550857527215687e+00 8.170938250100421740e+00 1.570796326794862363e+00
9.223085812527866967e-01 9.603167082246200081e+00 1.570796326794862363e+00
9.620301212170143668e-01 1.057322115204827995e+01 1.570796326794862363e+00
1.240035478612883990e+00 1.151904338634658664e+01 1.570796326794862363e+00
1.293373069017563104e+00 1.240708987444317835e+01 1.570796326794862363e+00
5.426278782333341377e-01 1.355765993871878194e+01 1.570796326794862363e+00
3.457317037883518740e+00 1.438866239814484693e+01 1.570796326794862363e+00
6.932561086989077470e-01 1.547685652435750647e+01 1.570796326794862363e+00
9.983725245190033792e-01 1.650101996116333680e+01 1.570796326794862363e+00
1.318681225456449058e+00 1.759843450057868353e+01 1.570796326794862363e+00
1.271841262618547796e+00 1.853491754855254214e+01 1.570796326794862363e+00
6.780253708293837445e-01 1.922291402113775050e+01 1.570796326794862363e+00
3.141553414570933178e+00 2.062125744218424472e+01 1.570796326794862363e+00
1.040721454692502990e+00 2.110780142269157977e+01 1.570796326794862363e+00
1.140162821058188669e+00 2.249281154885804668e+01 1.570796326794862363e+00
1.175112808816634269e+00 2.368348817069953327e+01 1.570796326794862363e+00
1.097736047613005583e+00 2.459401728127880915e+01 1.570796326794862363e+00
8.349930006735125643e-01 2.529264403652745230e+01 1.570796326794862363e+00
2.098761054455952735e+00 2.685520443880751884e+01 1.570796326794862363e+00
1.575479469195999238e+00 2.718678751151671946e+01 1.570796326794862363e+00
1.150320219604225924e+00 2.867513944571987494e+01 1.570796326794862363e+00
1.069805876809589718e+00 2.982261275271642376e+01 1.570796326794862363e+00
1.055508836066477052e+00 3.070954472979998684e+01 1.570796326794862363e+00
9.400003228962493518e-01 3.146766502502183016e+01 1.570796326794862363e+00
1.464955228564243539e+00 3.306567994455088666e+01 1.570796326794862363e+00
2.030787367423926071e+00 3.338303986276751800e+01 1.570796326794862363e+00
1.094890819690265138e+00 3.488590980739297009e+01 1.570796326794862363e+00
1.004554992107129952e+00 3.596527653715740058e+01 1.570796326794862363e+00
1.088886324456087573e+00 3.685146491860961504e+01 1.570796326794862363e+00
1.071769704511226218e+00 3.766181753957636857e+01 1.570796326794862363e+00
9.867216114930571491e-01 3.921502129685899973e+01 1.570796326794862363e+00
2.563169308494249954e+00 3.960241750725551668e+01 1.570796326794862363e+00
9.868066911332558089e-01 4.106997230612705607e+01 1.570796326794862363e+00
9.711903126471297387e-01 4.206672854662719629e+01 1.570796326794862363e+00
1.198847431114596240e+00 4.298803958909844170e+01 1.570796326794862363e+00
1.254104219971557299e+00 4.385475408845039169e+01 1.570796326794862363e+00
6.029588171404633989e-01 4.515385150722541141e+01 1.570796326794862363e+00
3.289434325616433785e+00 4.582238886785364684e+01 1.570796326794862363e+00
7.534829075110175411e-01 4.707250209332711677e+01 1.570796326794862363e+00
9.839967058075653750e-01 4.803474405280435633e+01 1.570796326794862363e+00
1.344439453981185917e+00 4.907313207250881959e+01 1.570796326794862363e+00
1.337688179483789375e+00 5.000441930228446097e+01 1.570796326794862363e+00
6.360507238295866062e-01 5.072264396007572884e+01 1.570796326794862363e+00
3.427943207749057475e+00 5.204479210739383177e+01 1.570796326794862363e+00
9.340008878675929438e-01 5.260342461771686828e+01 1.570796326794862363e+00
1.133580264999907605e+00 5.394261582371287034e+01 1.570796326794862363e+00
1.218211879709723888e+00 5.513573824881413543e+01 1.570796326794862363e+00
1.132642917060776133e+00 5.605379700015743794e+01 1.570796326794862363e+00
8.343910140577200929e-01 5.672827051011449839e+01 1.570796326794862363e+00
2.263812557710046303e+00 5.827972087768895904e+01 1.570796326794862363e+00
1.531432028895612696e+00 5.861839166492564601e+01 1.570796326794862363e+00
1.185260669669885303e+00 6.010730770812916290e+01 1.570796326794862363e+00
1.111736559542954250e+00 6.127616405703651026e+01 1.570796326794862363e+00
1.073799733551711766e+00 6.216693927887164506e+01 1.570796326794862363e+00
9.460089689224610021e-01 6.290028512303062058e+01 1.570796326794862363e+00
1.588874192553429765e+00 6.449709825446231548e+01 1.570796326794862363e+00
2.004806039069748191e+00 6.480800862133628470e+01 1.570796326794862363e+00
1.149639635566817697e+00 6.632413248864548905e+01 1.570796326794862363e+00
1.041444615667983742e+00 6.743464039120961218e+01 1.570796326794862363e+00
1.086172315013595790e+00 6.831695417243219026e+01 1.570796326794862363e+00
1.056622632342240076e+00 6.910282279200332312e+01 1.570796326794862363e+00
1.121625135846225474e+00 7.067719144643207585e+01 1.570796326794862363e+00
2.468604264522916480e+00 7.103210728172972210e+01 1.570796326794862363e+00
1.058032253459863403e+00 7.252927075164727455e+01 1.570796326794862363e+00
9.922909405096583813e-01 7.356129277922134690e+01 1.570796326794862363e+00
1.162634720288527435e+00 7.446214945430932630e+01 1.570796326794862363e+00
1.211838479580726213e+00 7.530352938144025643e+01 1.570796326794862363e+00
7.103434826674561720e-01 7.671985766986519195e+01 1.570796326794862363e+00
3.097059253097925069e+00 7.725735120375432530e+01 1.570796326794862363e+00
8.516754692772519064e-01 7.862666362741005344e+01 1.570796326794862363e+00
9.785945427935115459e-01 7.957553371565062150e+01 1.570796326794862363e+00
1.323768692462198748e+00 8.055899316485854911e+01 1.570796326794862363e+00
1.365942262980061273e+00 8.147302346095693792e+01 1.570796326794862363e+00
5.624727806295034549e-01 8.232532529259341914e+01 1.570796326794862363e+00
3.643917652136659413e+00 8.347481314495394145e+01 1.570796326794862363e+00
7.667479557423959591e-01 8.421181208342960645e+01 1.570796326794862363e+00
1.074853798508996094e+00 8.543531564680741042e+01 1.570796326794862363e+00
1.250435241168031508e+00 8.660944797073649681e+01 1.570796326794862363e+00
1.167867355482839820e+00 8.753784593149438820e+01 1.570796326794862363e+00
7.652440652887215755e-01 8.821116735723478541e+01 1.570796326794862363e+00
2.585088226644232101e+00 8.971549831699333311e+01 1.570796326794862363e+00
1.304326583150781760e+00 9.009894773109601829e+01 1.570796326794862363e+00
1.156099899554151600e+00 9.155169846656696109e+01 1.570796326794862363e+00
1.117819002134700312e+00 9.272718036962433530e+01 1.570796326794862363e+00
1.065173862793803439e+00 9.362405856399142579e+01 1.570796326794862363e+00
8.818959233645454754e-01 9.435266036225496578e+01 1.570796326794862363e+00
1.768474551649383830e+00 9.594042477347471731e+01 1.570796326794862363e+00
1.784734623966557354e+00 9.625597922030532061e+01 1.570796326794862363e+00
1.126020364714316990e+00 9.775584898181257643e+01 1.570796326794862363e+00
1.032598348970244828e+00 9.887177143474488616e+01 1.570796326794862363e+00
1.061555536233226738e+00 9.975516545135441504e+01 1.570796326794862363e+00
9.944724206066418715e-01 1.005395208676347636e+02 1.570796326794862363e+00
1.225976866209719907e+00 1.021295115045597299e+02 1.570796326794862363e+00
2.258756864317690294e+00 1.024670712198435325e+02 1.570796326794862363e+00
1.050354482770230913e+00 1.039604364819508220e+02 1.570796326794862363e+00
9.832933472206644154e-01 1.050014775053248570e+02 1.570796326794862363e+00
1.129804050398266035e+00 1.058986377092809903e+02 1.570796326794862363e+00
1.151777035417441475e+00 1.067348464428281716e+02 1.570796326794862363e+00
7.847154845893374864e-01 1.082109929634859924e+02 1.570796326794862363e+00
2.881165395294198461e+00 1.086881066120231054e+02 1.570796326794862363e+00
8.918635636514826714e-01 1.100960343434028772e+02 1.570796326794862363e+00
9.683747051028719355e-01 1.110538548433696207e+02 1.570796326794862363e+00
1.279477976108137183e+00 1.120160038856032116e+02 1.570796326794862363e+00
1.332639052164074300e+00 1.129162781912356763e+02 1.570796326794862363e+00
5.325476098464988484e-01 1.139297194486709941e+02 1.570796326794862363e+00
3.587398335885516598e+00 1.149056875086947827e+02 1.570796326794862363e+00
6.929770878045844462e-01 1.158372500919113151e+02 1.570796326794862363e+00
1.024526975357241021e+00 1.169435210836116568e+02 1.570796326794862363e+00
1.285024226439993367e+00 1.180823803378742554e+02 1.570796326794862363e+00
1.216735337323001431e+00 1.190173265245243073e+02 1.570796326794862363e+00
7.078410459892092721e-01 1.196992956542677575e+02 1.570796326794862363e+00
2.895547130219814136e+00 1.211452020945457946e+02 1.570796326794862363e+00
1.130412538278856571e+00 1.215861524935717313e+02 1.570796326794862363e+00
1.137217552386261099e+00 1.229992825517337849e+02 1.570796326794862363e+00
1.138328926106882522e+00 1.241822301098970769e+02 1.570796326794862363e+00
1.071921596321208980e+00 1.250863960497964911e+02 1.570796326794862363e+00
8.370091781097590555e-01 1.258052108574385244e+02 1.570796326794862363e+00
1.956639882985142798e+00 1.273770256912117560e+02 1.570796326794862363e+00
1.619547149674806397e+00 1.277035423363527968e+02 1.570796326794862363e+00
1.119465509784299595e+00 1.291905161489266050e+02 1.570796326794862363e+00
1.037397221932025992e+00 1.303179144966342733e+02 1.570796326794862363e+00
1.046225669838240613e+00 1.312027929572928429e+02 1.570796326794862363e+00
9.453695177740644162e-01 1.319799724164397787e+02 1.570796326794862363e+00
1.347720085575123461e+00 1.335772639465590714e+02 1.570796326794862363e+00
2.084473204829874415e+00 1.339028192460789342e+02 1.570796326794862363e+00
1.052674581164327439e+00 1.353945802053747514e+02 1.570796326794862363e+00
9.810568660967197152e-01 1.364485604122365032e+02 1.570796326794862363e+00
1.100704563675489966e+00 1.373411350900028651e+02 1.570796326794862363e+00
1.096990014411768799e+00 1.381695561970016684e+02 1.570796326794862363e+00
8.743719475887332671e-01 1.396921399382901541e+02 1.570796326794862363e+00
2.680940642276607555e+00 1.401196628571470910e+02 1.570796326794862363e+00
9.280450004700528943e-01 1.415556131528585695e+02 1.570796326794862363e+00
9.620978286347446895e-01 1.425279319258742703e+02 1.570796326794862363e+00
1.235141255836965879e+00 1.434711823521180918e+02 1.570796326794862363e+00
1.288680489801338425e+00 1.443572387226171259e+02 1.570796326794862363e+00
5.466831472629859467e-01 1.455253649134830880e+02 1.570796326794862363e+00
3.439166112015653809e+00 1.463374664946225039e+02 1.570796326794862363e+00
6.970269419238261932e-01 1.474452135710163532e+02 1.570796326794862363e+00
9.960485369563296665e-01 1.484603255300084186e+02 1.570796326794862363e+00
1.322932007018855938e+00 1.495515436301864440e+02 1.570796326794862363e+00
1.279717064405441196e+00 1.504878922929022167e+02 1.570796326794862363e+00
6.746891152177251216e-01 1.511768919655646641e+02 1.570796326794862363e+00
3.173357380388036830e+00 1.525688893161753583e+02 1.570796326794862363e+00
1.031031163716227272e+00 1.530613531539330268e+02 1.570796326794862363e+00
1.141089799912466285e+00 1.544427829140713868e+02 1.570796326794862363e+00
1.180672388823913899e+00 1.556343341004718468e+02 1.570796326794862363e+00
1.102013979654245412e+00 1.565456749431450305e+02 1.570796326794862363e+00
8.365858491157830423e-01 1.572410178141900872e+02 1.570796326794862363e+00
2.115376440982227102e+00 1.588028425547892084e+02 1.570796326794862363e+00
1.574791750280596814e+00 1.591346414843116861e+02 1.570796326794862363e+00
1.156133606892666643e+00 1.606238605395725756e+02 1.570796326794862363e+00
1.075600413623161167e+00 1.617743616066019001e+02 1.570796326794862363e+00
1.058125016621342507e+00 1.626616575345372553e+02 1.570796326794862363e+00
9.417826483635118873e-01 1.634164822142599860e+02 1.570796326794862363e+00
1.479787656204176072e+00 1.650144244613013882e+02 1.570796326794862363e+00
2.030453934482393752e+00 1.653307943305931929e+02 1.570796326794862363e+00
1.102907348643406449e+00 1.668358485826430524e+02 1.570796326794862363e+00
1.009479616795669665e+00 1.679194310339388778e+02 1.570796326794862363e+00
1.088502352875584167e+00 1.688048434072042880e+02 1.570796326794862363e+00
1.070241725639133223e+00 1.696119961395342557e+02 1.570796326794862363e+00
1.003534654330714648e+00 1.711683636983935628e+02 1.570796326794862363e+00
2.552267345950750776e+00 1.715510061817717258e+02 1.570796326794862363e+00
9.965971372726969424e-01 1.730230527987522464e+02 1.570796326794862363e+00
9.736914518657303619e-01 1.740241171567545564e+02 1.570796326794862363e+00
1.194207622363330223e+00 1.749423646693713295e+02 1.570796326794862363e+00
1.249586490609121636e+00 1.758058884773292903e+02 1.570796326794862363e+00
6.142081309173075265e-01 1.771215542490421626e+02 1.570796326794862363e+00
3.268037533343183476e+00 1.777715774129963791e+02 1.570796326794862363e+00
7.646227340307336640e-01 1.790393211517314285e+02 1.570796326794862363e+00
9.830724736259653929e-01 1.799972041775786806e+02 1.570796326794862363e+00
1.344924335582554642e+00 1.810280895954082325e+02 1.570796326794862363e+00
1.344280640144275285e+00 1.819579605459622371e+02 1.570796326794862363e+00
6.281249470545468006e-01 1.826853665720153401e+02 1.570796326794862363e+00
3.462913251098189704e+00 1.839929579470364160e+02 1.570796326794862363e+00
9.157509077410525000e-01 1.845658095960310732e+02 1.570796326794862363e+00
1.129258174289606176e+00 1.858956482069656317e+02 1.570796326794862363e+00
1.222133143462280191e+00 1.870879285427703849e+02 1.570796326794862363e+00
1.136190473624721253e+00 1.880070540217535608e+02 1.570796326794862363e+00
8.297605011918358642e-01 1.886800459033721324e+02 1.570796326794862363e+00
2.291768820155166697e+00 1.902284178511855544e+02 1.570796326794862363e+00
1.513810053527594679e+00 1.905697904803268159e+02 1.570796326794862363e+00
1.184825389180094835e+00 1.920565733768168286e+02 1.570796326794862363e+00
1.113868003657215722e+00 1.932267426290946446e+02 1.570796326794862363e+00
1.073989546512696514e+00 1.941180699122596991e+02 1.570796326794862363e+00
9.422887368687365983e-01 1.948499641908033198e+02 1.570796326794862363e+00
1.605071491646378190e+00 1.964464250660084872e+02 1.570796326794862363e+00
1.989813727687112843e+00 1.967571158574981496e+02 1.570796326794862363e+00
1.150712255155045938e+00 1.982728791950099776e+02 1.570796326794862363e+00
1.042744297875212167e+00 1.993851346101282616e+02 1.570796326794862363e+00
1.084749945525536052e+00 2.002674216889056140e+02 1.570796326794862363e+00
1.052391222607363064e+00 2.010519918066402454e+02 1.570796326794862363e+00
1.134129792386757485e+00 2.026282426707847435e+02 1.570796326794862363e+00
2.452070907427542412e+00 2.029806913887857149e+02 1.570796326794862363e+00
1.061196093998675538e+00 2.044789787530364435e+02 1.570796326794862363e+00
9.930929284705598548e-01 2.055134317202751788e+02 1.570796326794862363e+00
1.159089346983573243e+00 2.064132153517885513e+02 1.570796326794862363e+00
1.206204626494626009e+00 2.072529347673103075e+02 1.570796326794862363e+00
7.209263146253674925e-01 2.086780012871534211e+02 1.570796326794862363e+00
3.074590701837478512e+00 2.092060634605167593e+02 1.570796326794862363e+00
8.597280978598530465e-01 2.105829073394914417e+02 1.570796326794862363e+00
9.779362407313298977e-01 2.115326465337259947e+02 1.570796326794862363e+00
1.319071463387132548e+00 2.125122449761398116e+02 1.570796326794862363e+00
1.364549197890275289e+00 2.134242367164496557e+02 1.570796326794862363e+00
5.564693299394588566e-01 2.142957847993983194e+02 1.570796326794862363e+00
3.649242135826583855e+00 2.154234599039480145e+02 1.570796326794862363e+00
7.527562351770926696e-01 2.161843796267204709e+02 1.570796326794862363e+00
1.067853631562848626e+00 2.173928656051753308e+02 1.570796326794862363e+00
1.254560763806211066e+00 2.185634843379892516e+02 1.570796326794862363e+00
1.173161665756734306e+00 2.194929373005626303e+02 1.570796326794862363e+00
7.572508099237734713e-01 2.201669106477027356e+02 1.570796326794862363e+00
2.624586735758494438e+00 2.216644195729879243e+02 1.570796326794862363e+00
1.279403330196561051e+00 2.220545386103513863e+02 1.570796326794862363e+00
1.152912252735903254e+00 2.235024153567196947e+02 1.570796326794862363e+00
1.119336886432291678e+00 2.246787483485406653e+02 1.570796326794862363e+00
1.064938591739061469e+00 2.255764745438894181e+02 1.570796326794862363e+00
8.748181371541514650e-01 2.263042999142142833e+02 1.570796326794862363e+00
1.791612786030451598e+00 2.278903058980786227e+02 1.570796326794862363e+00
1.760115494524932878e+00 2.282070200049298307e+02 1.570796326794862363e+00
1.123709119038722504e+00 2.297049055268600455e+02 1.570796326794862363e+00
1.032026191013089900e+00 2.308217538001678975e+02 1.570796326794862363e+00
1.058831051244471411e+00 2.317053045323446270e+02 1.570796326794862363e+00
9.871752389776513592e-01 2.324892685658017228e+02 1.570796326794862363e+00
1.239817568768105449e+00 2.340806225589333280e+02 1.570796326794862363e+00
2.234000199629631478e+00 2.344164507188891378e+02 1.570796326794862363e+00
1.049356914393384521e+00 2.359092430320797860e+02 1.570796326794862363e+00
9.822471165075039590e-01 2.369514039202024662e+02 1.570796326794862363e+00
1.125874527295183114e+00 2.378481300160062517e+02 1.570796326794862363e+00
1.144442931422852361e+00 2.386837221281880090e+02 1.570796326794862363e+00
7.943908050486120365e-01 2.401661650835330306e+02 1.570796326794862363e+00
2.854996537035461746e+00 2.406368576518836164e+02 1.570796326794862363e+00
8.959064501416125204e-01 2.420483528709148402e+02 1.570796326794862363e+00
9.672221152606925720e-01 2.430076048262532993e+02 1.570796326794862363e+00
1.273949373805244978e+00 2.439675138432283745e+02 1.570796326794862363e+00
1.327453772814172872e+00 2.448661659227825567e+02 1.570796326794862363e+00
5.319823326038874978e-01 2.458990943554959188e+02 1.570796326794862363e+00
3.572307561883048432e+00 2.468544604040706361e+02 1.570796326794862363e+00
6.899032530941348051e-01 2.478089220842159364e+02 1.570796326794862363e+00
1.020053106175718538e+00 2.489023317544759095e+02 1.570796326794862363e+00
1.289993438019633842e+00 2.500359606296300399e+02 1.570796326794862363e+00
1.224144847500701738e+00 2.509713806899223414e+02 1.570796326794862363e+00
7.032649313735485075e-01 2.516538792115363776e+02 1.570796326794862363e+00
2.930993633343593974e+00 2.530932355383526158e+02 1.570796326794862363e+00
1.116176755573419666e+00 2.535405407211251827e+02 1.570796326794862363e+00
1.137367117843904207e+00 2.549497094328650917e+02 1.570796326794862363e+00
1.143090193958517631e+00 2.561338968858170233e+02 1.570796326794862363e+00
1.074963067508117431e+00 2.570389763692506904e+02 1.570796326794862363e+00
8.355527702134374346e-01 2.577552849563448945e+02 1.570796326794862363e+00
1.977981056217595013e+00 2.593255427819581769e+02 1.570796326794862363e+00
1.610037752139945821e+00 2.596529802898137973e+02 1.570796326794862363e+00
1.122825922161595269e+00 2.611397730584372425e+02 1.570796326794862363e+00
1.041076017464176440e+00 2.622698169627499851e+02 1.570796326794862363e+00
1.046639273904087508e+00 2.631549125736765973e+02 1.570796326794862363e+00
9.430758596738393340e-01 2.639298230391212883e+02 1.570796326794862363e+00
1.364649613210496160e+00 2.655274177895457797e+02 1.570796326794862363e+00
2.072673119362576255e+00 2.658516486171084239e+02 1.570796326794862363e+00
1.057316504759992171e+00 2.673446175115777805e+02 1.570796326794862363e+00
9.833431846872410231e-01 2.684017407543922218e+02 1.570796326794862363e+00
1.098258357328315560e+00 2.692933467638684988e+02 1.570796326794862363e+00
1.092283578348441697e+00 2.701196255216514714e+02 1.570796326794862363e+00
8.892086178360831816e-01 2.716473527921893378e+02 1.570796326794862363e+00
2.661144321033742877e+00 2.720685788862191430e+02 1.570796326794862363e+00
9.354676468306223347e-01 2.735090607177151014e+02 1.570796326794862363e+00
9.626421068038125695e-01 2.744842465660346988e+02 1.570796326794862363e+00
1.229801510173271106e+00 2.754243928169900073e+02 1.570796326794862363e+00
1.283785547428615281e+00 2.763080005073192638e+02 1.570796326794862363e+00
5.521495478184875738e-01 2.774957267789181969e+02 1.570796326794862363e+00
3.419275787875039274e+00 2.782865317483535250e+02 1.570796326794862363e+00
7.023398879551209228e-01 2.794161047029633096e+02 1.570796326794862363e+00
9.937744054231083535e-01 2.804215260079575955e+02 1.570796326794862363e+00
1.327694419660878422e+00 2.815055235776043787e+02 1.570796326794862363e+00
1.288852875356742311e+00 2.824416128927970817e+02 1.570796326794862363e+00
6.710767782034677831e-01 2.831317793549126236e+02 1.570796326794862363e+00
3.209351410659077253e+00 2.845165730822968726e+02 1.570796326794862363e+00
1.020617231298354133e+00 2.850156875209814871e+02 1.570796326794862363e+00
1.142313564900582445e+00 2.863931147435500293e+02 1.570796326794862363e+00
1.187198054119538160e+00 2.875856168607932659e+02 1.570796326794862363e+00
1.107123494298948074e+00 2.884978673076750511e+02 1.570796326794862363e+00
8.390087715225837961e-01 2.891892653858300264e+02 1.570796326794862363e+00
2.133392443716383813e+00 2.907504418032584681e+02 1.570796326794862363e+00
1.575715298417258436e+00 2.910823009643262935e+02 1.570796326794862363e+00
1.163338744148346260e+00 2.925727534865616803e+02 1.570796326794862363e+00
1.082713190741733333e+00 2.937268262902143761e+02 1.570796326794862363e+00
1.061564765897009099e+00 2.946145644671638593e+02 1.570796326794862363e+00
9.447047030319685179e-01 2.953653469237926288e+02 1.570796326794862363e+00
1.496253302259402451e+00 2.969631884766739631e+02 1.570796326794862363e+00
2.032531062037320257e+00 2.972784251748346378e+02 1.570796326794862363e+00
1.112944662018376940e+00 2.987862422745165532e+02 1.570796326794862363e+00
1.015778270905604685e+00 2.998749546339679455e+02 1.570796326794862363e+00
1.088487977281933583e+00 3.007595177298795193e+02 1.570796326794862363e+00
1.069171378530259231e+00 3.015626924198591610e+02 1.570796326794862363e+00
1.023374643455271737e+00 3.031224235951915489e+02 1.570796326794862363e+00
2.541531215297950563e+00 3.034997783727258707e+02 1.570796326794862363e+00
1.008608620515588195e+00 3.049771209530869669e+02 1.570796326794862363e+00
9.770642067083780136e-01 3.059835343976242257e+02 1.570796326794862363e+00
1.188945487239217558e+00 3.068982265964233989e+02 1.570796326794862363e+00
1.244442329049837870e+00 3.077578317265972601e+02 1.570796326794862363e+00
6.284673442453441172e-01 3.090922684023095712e+02 1.570796326794862363e+00
3.243080089076590955e+00 3.097211791080635521e+02 1.570796326794862363e+00
7.785788841281190420e-01 3.110088659435040768e+02 1.570796326794862363e+00
9.822217513651405607e-01 3.119626256862804325e+02 1.570796326794862363e+00
1.344587708226291367e+00 3.129847649454607108e+02 1.570796326794862363e+00
1.351381691853802858e+00 3.139126997938394084e+02 1.570796326794862363e+00
6.181525725899699175e-01 3.146530279996709965e+02 1.570796326794862363e+00
3.502965074899954345e+00 3.159414740902298604e+02 1.570796326794862363e+00
8.930246829223925653e-01 3.165332302609008934e+02 1.570796326794862363e+00
1.123146087298873219e+00 3.178506331267533938e+02 1.570796326794862363e+00
1.226577314740835201e+00 3.190415256201035845e+02 1.570796326794862363e+00
1.140396195795936540e+00 3.199619738673376901e+02 1.570796326794862363e+00
8.229167632668941135e-01 3.206336532402449961e+02 1.570796326794862363e+00
2.328055655979360150e+00 3.221776732906915299e+02 1.570796326794862363e+00
1.489275298770970313e+00 3.225229834252315868e+02 1.570796326794862363e+00
1.183028784022921664e+00 3.240065188294436780e+02 1.570796326794862363e+00
1.115632094525704998e+00 3.251779545988842983e+02 1.570796326794862363e+00
1.073627048058133582e+00 3.260699706486264517e+02 1.570796326794862363e+00
9.363895300880419326e-01 3.268005775917335995e+02 1.570796326794862363e+00
1.625471639503461185e+00 3.283964753182341951e+02 1.570796326794862363e+00
1.967896892122267039e+00 3.287071142537488413e+02 1.570796326794862363e+00
1.150324097034117532e+00 3.302218438921622123e+02 1.570796326794862363e+00
1.043258733715610953e+00 3.313356113441520279e+02 1.570796326794862363e+00
1.082554697760373719e+00 3.322179395569762050e+02 1.570796326794862363e+00
1.046340349371438938e+00 3.330014935488357537e+02 1.570796326794862363e+00
1.148223240449572691e+00 3.345799252449299956e+02 1.570796326794862363e+00
2.429932585491098251e+00 3.349297012244472285e+02 1.570796326794862363e+00
1.063241547761226258e+00 3.364286570192047634e+02 1.570796326794862363e+00
9.933275312202392016e-01 3.374653632157088055e+02 1.570796326794862363e+00
1.154965043566952287e+00 3.383641909743482188e+02 1.570796326794862363e+00
1.199243939844771178e+00 3.392024127287194801e+02 1.570796326794862363e+00
7.323752941863584942e-01 3.406367631031700967e+02 1.570796326794862363e+00
3.047851875568284186e+00 3.411549973796880977e+02 1.570796326794862363e+00
8.677930788077211632e-01 3.425392750409992573e+02 1.570796326794862363e+00
9.770182945087755311e-01 3.434901889862042026e+02 1.570796326794862363e+00
1.313405491105747558e+00 3.444658976189467694e+02 1.570796326794862363e+00
1.361939249655869322e+00 3.453756651709481389e+02 1.570796326794862363e+00
5.504631959770543981e-01 3.462695026522326884e+02 1.570796326794862363e+00
3.650645919989922827e+00 3.473723762336667846e+02 1.570796326794862363e+00
7.385789704881579043e-01 3.481608005999718216e+02 1.570796326794862363e+00
1.060139004440288080e+00 3.493522006823304196e+02 1.570796326794862363e+00
1.259425960171314030e+00 3.505185117427125761e+02 1.570796326794862363e+00
1.179559351383840049e+00 3.514490948825164764e+02 1.570796326794862363e+00
7.485613357961005132e-01 3.521238788895062726e+02 1.570796326794862363e+00
2.669323140176927289e+00 3.536134913995314264e+02 1.570796326794862363e+00
1.252447502153537062e+00 3.540113493492338534e+02 1.570796326794862363e+00
1.149725022112701112e+00 3.554537081774706735e+02 1.570796326794862363e+00
1.121553309801441856e+00 3.566310928005024721e+02 1.570796326794862363e+00
1.065130722429808774e+00 3.575298128102263604e+02 1.570796326794862363e+00
8.674144070214647728e-01 3.582565345287075047e+02 1.570796326794862363e+00
1.818157847759465762e+00 3.598404408693975824e+02 1.570796326794862363e+00
1.733828709265022194e+00 3.601585475082754328e+02 1.570796326794862363e+00
1.121791179915796022e+00 3.616543627200114202e+02 1.570796326794862363e+00
1.031907065535786705e+00 3.627725233665792075e+02 1.570796326794862363e+00
1.056050048067937341e+00 3.636562534992854694e+02 1.570796326794862363e+00
9.793372578097758741e-01 3.644395289284958039e+02 1.570796326794862363e+00
1.256274392028741360e+00 3.660322745415546706e+02 1.570796326794862363e+00
2.206966905617802954e+00 3.663661825091859896e+02 1.570796326794862363e+00
1.048843901004246737e+00 3.678585172221174275e+02 1.570796326794862363e+00
9.813920280816089692e-01 3.689022030493742363e+02 1.570796326794862363e+00
1.121464883671300372e+00 3.697983470568733537e+02 1.570796326794862363e+00
1.136234701874454966e+00 3.706330591627462354e+02 1.570796326794862363e+00
8.061573875561492963e-01 3.721226128496135175e+02 1.570796326794862363e+00
2.825410851385204314e+00 3.725859259397699930e+02 1.570796326794862363e+00
9.008434418065361937e-01 3.740015788500285794e+02 1.570796326794862363e+00
9.660506164372393290e-01 3.749626282567712678e+02 1.570796326794862363e+00
1.267584820557952296e+00 3.759198707964322921e+02 1.570796326794862363e+00
1.321431679239645884e+00 3.768165815657170583e+02 1.570796326794862363e+00
5.321595851874760807e-01 3.778720087931883995e+02 1.570796326794862363e+00
3.553750463855528618e+00 3.788035545170312162e+02 1.570796326794862363e+00
6.877248403311458924e-01 3.797842679595982531e+02 1.570796326794862363e+00
1.015287809866783908e+00 3.808632468952806676e+02 1.570796326794862363e+00
1.295875266447597429e+00 3.819905504358425787e+02 1.570796326794862363e+00
1.233076045290760980e+00 3.829264250815864443e+02 1.570796326794862363e+00
6.984799348828536480e-01 3.836093801830031111e+02 1.570796326794862363e+00
2.971598393458512621e+00 3.850413375271057816e+02 1.570796326794862363e+00
1.101145527523472278e+00 3.854957677157549369e+02 1.570796326794862363e+00
1.138055220762736131e+00 3.869005727670533474e+02 1.570796326794862363e+00
1.149090075763687935e+00 3.880862278583531975e+02 1.570796326794862363e+00
1.078994028336008215e+00 3.889923590863173217e+02 1.570796326794862363e+00
8.348949393178431988e-01 3.897054206400892440e+02 1.570796326794862363e+00
2.001912755510191211e+00 3.912740848262712916e+02 1.570796326794862363e+00
1.601766894817465703e+00 3.916023866485232929e+02 1.570796326794862363e+00
1.127738215676517441e+00 3.930893460920364646e+02 1.570796326794862363e+00
1.046132326390424527e+00 3.942227227509355885e+02 1.570796326794862363e+00
1.047774845290238233e+00 3.951080962870355506e+02 1.570796326794862363e+00
9.415275022380368286e-01 3.958800068921581214e+02 1.570796326794862363e+00
1.384441301136669411e+00 3.974778388325818810e+02 1.570796326794862363e+00
2.061903979379384744e+00 3.978005713285639899e+02 1.570796326794862363e+00
1.063892750282128929e+00 3.992953110816926596e+02 1.570796326794862363e+00
9.867697737725705798e-01 4.003564979387925860e+02 1.570796326794862363e+00
1.095850951771001336e+00 4.012469296927968117e+02 1.570796326794862363e+00
1.087524214488432062e+00 4.020703818588426657e+02 1.570796326794862363e+00
9.074093941210216174e-01 4.036037999196988153e+02 1.570796326794862363e+00
2.639937299976482077e+00 4.040178082274995290e+02 1.570796326794862363e+00
9.449800237857852725e-01 4.054637939144357119e+02 1.570796326794862363e+00
9.637362275717838989e-01 4.064426927379672065e+02 1.570796326794862363e+00
1.223653210522706036e+00 4.073790679435576862e+02 1.570796326794862363e+00
1.278231891254838049e+00 4.082596001813087128e+02 1.570796326794862363e+00
5.597250753677527335e-01 4.094700742774136302e+02 1.570796326794862363e+00
3.395782980520452909e+00 4.102360134836818588e+02 1.570796326794862363e+00
7.099137842374522167e-01 4.113907875107782957e+02 1.570796326794862363e+00
9.914334639872832700e-01 4.123856190456327795e+02 1.570796326794862363e+00
1.332887254878501349e+00 4.134608794120899802e+02 1.570796326794862363e+00
1.299571897933490261e+00 4.143964954934780280e+02 1.570796326794862363e+00
6.664639170117050426e-01 4.150886654649033858e+02 1.570796326794862363e+00
3.251910249809923492e+00 4.164644110620203037e+02 1.570796326794862363e+00
1.007862238499039886e+00 4.169718727979362711e+02 1.570796326794862363e+00
1.143328849958643367e+00 4.183442048724056122e+02 1.570796326794862363e+00
1.194724398416792788e+00 4.195376336420964662e+02 1.570796326794862363e+00
1.113104004156592053e+00 4.204509546328860665e+02 1.570796326794862363e+00
8.416775673210110664e-01 4.211377773840288796e+02 1.570796326794862363e+00
2.154502540813617806e+00 4.226981605855520456e+02 1.570796326794862363e+00
1.576432071810225377e+00 4.230301402191815896e+02 1.570796326794862363e+00
1.171553794604675236e+00 4.245219445814893788e+02 1.570796326794862363e+00
1.091031106444247722e+00 4.256800927000965089e+02 1.570796326794862363e+00
1.065687067718077641e+00 4.265683877680456817e+02 1.570796326794862363e+00
9.483315853591626210e-01 4.273143976712840413e+02 1.570796326794862363e+00
1.514955545141619453e+00 4.289121073962414243e+02 1.570796326794862363e+00
2.035671722849112353e+00 4.292260756411906186e+02 1.570796326794862363e+00
1.124727402719705394e+00 4.307370964871512911e+02 1.570796326794862363e+00
1.023380177026053550e+00 4.318318304441863233e+02 1.570796326794862363e+00
1.088746923297294833e+00 4.327155315094362891e+02 1.570796326794862363e+00
1.068264357647988660e+00 4.335139414716096553e+02 1.570796326794862363e+00
1.046617704443292052e+00 4.350772637916278995e+02 1.570796326794862363e+00
2.529981760287512760e+00 4.354487992842492190e+02 1.570796326794862363e+00
1.022766387041515346e+00 4.369321312987470947e+02 1.570796326794862363e+00
9.813403008255920934e-01 4.379450454250061284e+02 1.570796326794862363e+00
1.182901750055651124e+00 4.388557547834726620e+02 1.570796326794862363e+00
1.238254947750553114e+00 4.397106493831705052e+02 1.570796326794862363e+00
6.464944566677480742e-01 4.410661797512276507e+02 1.570796326794862363e+00
3.213035532410418504e+00 4.416712861587062662e+02 1.570796326794862363e+00
7.958741404877117676e-01 4.429811716023025383e+02 1.570796326794862363e+00
9.814239942065130506e-01 4.439314912549127143e+02 1.570796326794862363e+00
1.342686093547502901e+00 4.449435798956898225e+02 1.570796326794862363e+00
1.358428214776206566e+00 4.458688415188665317e+02 1.570796326794862363e+00
6.054807498455487824e-01 4.466280022814078166e+02 1.570796326794862363e+00
3.547391573694203881e+00 4.478905059507424653e+02 1.570796326794862363e+00
8.643789820543809066e-01 4.485083041025795865e+02 1.570796326794862363e+00
1.114283928612995522e+00 4.498086077349981906e+02 1.570796326794862363e+00
1.231609243136771781e+00 4.509971823313931054e+02 1.570796326794862363e+00
1.145486067371076500e+00 4.519193046593081817e+02 1.570796326794862363e+00
8.125354083253298887e-01 4.525901899719501671e+02 1.570796326794862363e+00
2.376738091914947670e+00 4.541277459696785286e+02 1.570796326794862363e+00
1.454112793102368517e+00 4.544790786622791074e+02 1.570796326794862363e+00
1.178855874587115160e+00 4.559575216772375938e+02 1.570796326794862363e+00
1.116571345044428121e+00 4.571300494143262085e+02 1.570796326794862363e+00
1.072248296232968245e+00 4.580229534744722741e+02 1.570796326794862363e+00
9.268529982006059598e-01 4.587527045420342802e+02 1.570796326794862363e+00
1.652175884186953381e+00 4.603476255320932182e+02 1.570796326794862363e+00
1.934748468692149226e+00 4.606585832979837960e+02 1.570796326794862363e+00
1.147185055565829614e+00 4.621710799081425876e+02 1.570796326794862363e+00
1.042194390363886836e+00 4.632857940310021831e+02 1.570796326794862363e+00
1.078999095437843003e+00 4.641682702155348466e+02 1.570796326794862363e+00
1.037246334155524696e+00 4.649514441648102547e+02 1.570796326794862363e+00
1.164165159342070321e+00 4.665324709951833029e+02 1.570796326794862363e+00
2.398755790225743034e+00 4.668793706133276373e+02 1.570796326794862363e+00
1.062914574275730217e+00 4.683780748327941410e+02 1.570796326794862363e+00
9.923625072401455194e-01 4.694164656501968693e+02 1.570796326794862363e+00
1.150001348373451249e+00 4.703146127260203571e+02 1.570796326794862363e+00
1.190278372741167434e+00 4.711518040536239482e+02 1.570796326794862363e+00
7.442783694578535281e-01 4.725959012292079251e+02 1.570796326794862363e+00
3.015072386983188135e+00 4.731041847460755321e+02 1.570796326794862363e+00
8.750582873489414215e-01 4.744952641010708589e+02 1.570796326794862363e+00
9.755954717822268307e-01 4.754475997170906112e+02 1.570796326794862363e+00
1.306562591703388954e+00 4.764196528466285940e+02 1.570796326794862363e+00
1.357458878464539831e+00 4.773271198725177555e+02 1.570796326794862363e+00
5.446785750941708359e-01 4.782464835057909909e+02 1.570796326794862363e+00
3.645790608664833954e+00 4.793215963718094486e+02 1.570796326794862363e+00
7.247508652795587869e-01 4.801411769628982142e+02 1.570796326794862363e+00
1.051670725242743965e+00 4.813134668622136019e+02 1.570796326794862363e+00
1.264847574881329484e+00 4.824745299823610480e+02 1.570796326794862363e+00
1.186983848571643074e+00 4.834062778426554132e+02 1.570796326794862363e+00
7.389291335257240911e-01 4.840823167680549659e+02 1.570796326794862363e+00
2.719358484778605423e+00 4.855627208271479276e+02 1.570796326794862363e+00
1.223069983496252622e+00 4.859696433855739315e+02 1.570796326794862363e+00
1.146236945471028168e+00 4.874056398003994559e+02 1.570796326794862363e+00
1.124282639850145982e+00 4.885841768788722561e+02 1.570796326794862363e+00
1.065642479158685818e+00 4.894840397116040549e+02 1.570796326794862363e+00
8.593953560251499368e-01 4.902094664624959250e+02 1.570796326794862363e+00
1.848231006469864823e+00 4.917908461481953850e+02 1.570796326794862363e+00
1.705183671988842020e+00 4.921106859570202232e+02 1.570796326794862363e+00
1.119868628258257282e+00 4.936041912574049775e+02 1.570796326794862363e+00
1.031989530200508209e+00 4.947239083189941198e+02 1.570796326794862363e+00
1.053097824127869009e+00 4.956078575422521908e+02 1.570796326794862363e+00
9.707424969330087361e-01 4.963902830478399437e+02 1.570796326794862363e+00
1.275073852972703703e+00 4.979843968392381157e+02 1.570796326794862363e+00
2.177208149448741192e+00 4.983162948218656538e+02 1.570796326794862363e+00
1.048354967750905642e+00 4.998081128350146400e+02 1.570796326794862363e+00
9.805189586830187487e-01 5.008535473636831057e+02 1.570796326794862363e+00
1.116593950567571714e+00 5.017490404236589825e+02 1.570796326794862363e+00
1.127109403724309455e+00 5.025827443585696983e+02 1.570796326794862363e+00
8.195895410752451760e-01 5.040799348352417724e+02 1.570796326794862363e+00
2.792533683977331371e+00 5.045352729788953070e+02 1.570796326794862363e+00
9.061545605106415824e-01 5.059552944182181022e+02 1.570796326794862363e+00
9.647916095736932540e-01 5.069184357590647778e+02 1.570796326794862363e+00
1.260479752904539286e+00 5.078727813501687933e+02 1.570796326794862363e+00
1.314427706054978939e+00 5.087673405207723363e+02 1.570796326794862363e+00
5.333248932098624273e-01 5.098475668037575588e+02 1.570796326794862363e+00
3.531080844127449936e+00 5.107529254287617277e+02 1.570796326794862363e+00
6.869043781587688136e-01 5.117621986379436976e+02 1.570796326794862363e+00
1.010376824932572637e+00 5.128258920751547976e+02 1.570796326794862363e+00
1.302176784465657322e+00 5.139458956154322777e+02 1.570796326794862363e+00
1.243039707253910775e+00 5.148821401692722475e+02 1.570796326794862363e+00
6.932723605014513568e-01 5.155658476023716048e+02 1.570796326794862363e+00
3.016007609932366496e+00 5.169894996027037450e+02 1.570796326794862363e+00
1.085124844079421003e+00 5.174519006944962030e+02 1.570796326794862363e+00
1.138808637373811550e+00 5.188518232776619925e+02 1.570796326794862363e+00
1.155810346182664761e+00 5.200389861373751046e+02 1.570796326794862363e+00
1.083653450723873757e+00 5.209462682889375174e+02 1.570796326794862363e+00
8.345874141585319927e-01 5.216556503980584694e+02 1.570796326794862363e+00
2.027688267344403883e+00 5.232226499989006925e+02 1.570796326794862363e+00
1.593882320913694306e+00 5.235518423176288252e+02 1.570796326794862363e+00
1.133442332970233446e+00 5.250390989510946156e+02 1.570796326794862363e+00
1.052009351073641685e+00 5.261761739659013983e+02 1.570796326794862363e+00
1.049388295932097037e+00 5.270618942822854933e+02 1.570796326794862363e+00
9.404426526480267334e-01 5.278303594194701418e+02 1.570796326794862363e+00
1.405932828989727490e+00 5.294283496666889732e+02 1.570796326794862363e+00
2.051804150310020614e+00 5.297495412941675568e+02 1.570796326794862363e+00
1.071564558436422843e+00 5.312463292966464223e+02 1.570796326794862363e+00
9.909391184214938475e-01 5.323121269782237732e+02 1.570796326794862363e+00
1.093561988125612228e+00 5.332013301579542031e+02 1.570796326794862363e+00
1.082788064548660945e+00 5.340215308708046678e+02 1.570796326794862363e+00
9.277665218695773097e-01 5.355607419097605089e+02 1.570796326794862363e+00
2.618063323092430394e+00 5.359672196428656434e+02 1.570796326794862363e+00
9.556768303691510758e-01 5.374191017032877653e+02 1.570796326794862363e+00
9.652552695969094376e-01 5.384023353009747552e+02 1.570796326794862363e+00
1.217005807888134505e+00 5.393346309769692652e+02 1.570796326794862363e+00
1.272062684595332005e+00 5.402116828138352957e+02 1.570796326794862363e+00
5.692777648886764297e-01 5.414464602281137786e+02 1.570796326794862363e+00
3.369126419076226231e+00 5.421857756929321113e+02 1.570796326794862363e+00
7.195954305587022315e-01 5.433671552834274507e+02 1.570796326794862363e+00
9.891444917615064281e-01 5.443515933848577788e+02 1.570796326794862363e+00
1.337602328058442813e+00 5.454171707005318694e+02 1.570796326794862363e+00
1.310736370044761179e+00 5.463520370187034132e+02 1.570796326794862363e+00
6.603406365567139336e-01 5.470479430488761636e+02 1.570796326794862363e+00
3.298474401525048894e+00 5.484124375188719114e+02 1.570796326794862363e+00
9.919681011898866529e-01 5.489303979693357860e+02 1.570796326794862363e+00
1.143121293357819868e+00 5.502961331803928715e+02 1.570796326794862363e+00
1.202165651115559397e+00 5.514901693293210201e+02 1.570796326794862363e+00
1.119104296239256779e+00 5.524046735904340721e+02 1.570796326794862363e+00
8.430230770764534087e-01 5.530870898152560358e+02 1.570796326794862363e+00
2.178914712933696762e+00 5.546461825832072918e+02 1.570796326794862363e+00
1.573212358952457368e+00 5.549787722387541180e+02 1.570796326794862363e+00
1.178716549824500692e+00 5.564713363914808042e+02 1.570796326794862363e+00
1.098926508542652947e+00 5.576333464935357824e+02 1.570796326794862363e+00
1.069474081099972773e+00 5.585222753773141449e+02 1.570796326794862363e+00
9.510126289600432381e-01 5.592636582725380094e+02 1.570796326794862363e+00
1.534469848276059256e+00 5.608612092540997764e+02 1.570796326794862363e+00
2.036057165907247057e+00 5.611739922718700200e+02 1.570796326794862363e+00
1.135630258171553386e+00 5.626878305851768118e+02 1.570796326794862363e+00
1.030690573436532809e+00 5.637883746193255092e+02 1.570796326794862363e+00
1.088894604103308739e+00 5.646713911978607712e+02 1.570796326794862363e+00
1.066872591478909671e+00 5.654651355410209135e+02 1.570796326794862363e+00
1.070070641998145389e+00 5.670318734546794985e+02 1.570796326794862363e+00
2.517025787867015030e+00 5.673978858811466353e+02 1.570796326794862363e+00
1.036356927203261780e+00 5.688867395837399954e+02 1.570796326794862363e+00
9.856443070976693699e-01 5.699062344835205067e+02 1.570796326794862363e+00
1.176783660024913747e+00 5.708132541966947429e+02 1.570796326794862363e+00
1.231389333709863587e+00 5.716634298401710339e+02 1.570796326794862363e+00
6.659427054260550483e-01 5.730392922238607980e+02 1.570796326794862363e+00
3.180647545949019328e+00 5.736214924190222746e+02 1.570796326794862363e+00
8.139560482588878987e-01 5.749523132485745691e+02 1.570796326794862363e+00
9.807015649998666040e-01 5.759006769342774987e+02 1.570796326794862363e+00
1.338891227633526748e+00 5.769029829264970886e+02 1.570796326794862363e+00
1.363674909013504299e+00 5.778250900759588831e+02 1.570796326794862363e+00
5.918333350600886167e-01 5.786080379852633087e+02 1.570796326794862363e+00
3.587525805551905922e+00 5.798398729047066809e+02 1.570796326794862363e+00
8.336096327317485954e-01 5.804891100667909996e+02 1.570796326794862363e+00
1.103422385205099276e+00 5.817688859018762741e+02 1.570796326794862363e+00
1.236786292784006536e+00 5.829541907855831369e+02 1.570796326794862363e+00
1.151163064183288842e+00 5.838781599458263827e+02 1.570796326794862363e+00
7.994666418151582521e-01 5.845490862421023621e+02 1.570796326794862363e+00
2.433814219034283521e+00 5.860782952124839085e+02 1.570796326794862363e+00
1.411642392447822969e+00 5.864375769030511947e+02 1.570796326794862363e+00
1.172608430391282708e+00 5.879093501745988988e+02 1.570796326794862363e+00
1.116647971324534971e+00 5.890827030107756173e+02 1.570796326794862363e+00
1.070004788186572187e+00 5.899766391265691254e+02 1.570796326794862363e+00
9.143961387587764555e-01 5.907060690584893337e+02 1.570796326794862363e+00
1.683307066525034257e+00 5.922994947521423228e+02 1.570796326794862363e+00
1.893020140170050158e+00 5.926112826615811855e+02 1.570796326794862363e+00
1.141423804760558269e+00 5.941204477318334511e+02 1.570796326794862363e+00
1.039546505259364872e+00 5.952354514807033183e+02 1.570796326794862363e+00
1.074264358474692482e+00 5.961181672189134133e+02 1.570796326794862363e+00
1.025666595167593176e+00 5.969016654030202744e+02 1.570796326794862363e+00
1.180728550744406302e+00 5.984854338857182938e+02 1.570796326794862363e+00
2.360636907330162959e+00 5.988295387868917032e+02 1.570796326794862363e+00
1.059947503014571080e+00 6.003269884511719283e+02 1.570796326794862363e+00
9.901003227607952928e-01 6.013662558207798838e+02 1.570796326794862363e+00
1.144519449951637124e+00 6.022640736871899207e+02 1.570796326794862363e+00
1.179897484431230659e+00 6.031008674768505671e+02 1.570796326794862363e+00
7.554547020094762866e-01 6.045543138911527876e+02 1.570796326794862363e+00
2.978620117076322238e+00 6.050534418501151777e+02 1.570796326794862363e+00
8.805381554145235157e-01 6.064499405867869655e+02 1.570796326794862363e+00
9.736913509281087675e-01 6.074037256606738993e+02 1.570796326794862363e+00
1.299159934771517477e+00 6.083727540550501089e+02 1.570796326794862363e+00
1.351338108063029564e+00 6.092781220320719058e+02 1.570796326794862363e+00
5.398294549873088322e-01 6.102237456978793944e+02 1.570796326794862363e+00
3.634303745680879771e+00 6.112709114120399363e+02 1.570796326794862363e+00
7.129620281126758385e-01 6.121221316324451891e+02 1.570796326794862363e+00
1.043336069879877259e+00 6.132753077509649984e+02 1.570796326794862363e+00
1.270209259904764743e+00 6.144306322990854596e+02 1.570796326794862363e+00
1.194676558152748980e+00 6.153634355283331843e+02 1.570796326794862363e+00
7.292455581588382918e-01 6.160411910349399705e+02 1.570796326794862363e+00
2.769667861339794257e+00 6.175118730140612797e+02 1.570796326794862363e+00
1.194146069018144463e+00 6.179284062667602484e+02 1.570796326794862363e+00
1.142711557802657429e+00 6.193577434836495286e+02 1.570796326794862363e+00
1.127224902021584985e+00 6.205373832759526067e+02 1.570796326794862363e+00
1.066423327376271102e+00 6.214384271703553395e+02 1.570796326794862363e+00
8.514985959296245133e-01 6.221625310895681196e+02 1.570796326794862363e+00
1.878920669032577928e+00 6.237411694167840324e+02 1.570796326794862363e+00
1.676896504088122963e+00 6.240629574604951131e+02 1.570796326794862363e+00
1.118046895097560167e+00 6.255540995069451355e+02 1.570796326794862363e+00
1.032221641565743919e+00 6.266754328645466785e+02 1.570796326794862363e+00
1.050254924389676603e+00 6.275596263546513001e+02 1.570796326794862363e+00
9.622029051846235914e-01 6.283411532020686536e+02 1.570796326794862363e+00
1.294324560638894450e+00 6.299364465835501505e+02 1.570796326794862363e+00
2.147599552801125355e+00 6.302664817061048552e+02 1.570796326794862363e+00
1.047835587522221834e+00 6.317577323683090071e+02 1.570796326794862363e+00
9.796708458862877222e-01 6.328049267629269252e+02 1.570796326794862363e+00
1.111752208124889840e+00 6.336997833880226381e+02 1.570796326794862363e+00
1.117963425958736545e+00 6.345324809486586446e+02 1.570796326794862363e+00
8.332747570526328751e-01 6.360369922207446507e+02 1.570796326794862363e+00
2.759666058853192272e+00 6.364846497710742597e+02 1.570796326794862363e+00
9.111692320260948996e-01 6.379087195554312757e+02 1.570796326794862363e+00
9.635519680965881628e-01 6.388740149071842325e+02 1.570796326794862363e+00
1.253372679039828297e+00 6.398255708867213798e+02 1.570796326794862363e+00
1.307100465005575085e+00 6.407180138812138921e+02 1.570796326794862363e+00
5.354585744162700944e-01 6.418226086465505205e+02 1.570796326794862363e+00
3.506424134553806748e+00 6.427023157455932960e+02 1.570796326794862363e+00
6.876267863182361495e-01 6.437392015123078863e+02 1.570796326794862363e+00
1.005836246005003654e+00 6.447885736695623109e+02 1.570796326794862363e+00
1.308009266560586692e+00 6.459010904071614050e+02 1.570796326794862363e+00
1.252789015066500644e+00 6.468375542682913419e+02 1.570796326794862363e+00
6.879276607971559487e-01 6.475225142130118456e+02 1.570796326794862363e+00
3.059419716879467899e+00 6.489376159048158570e+02 1.570796326794862363e+00
1.069288644313956871e+00 6.494082191901860597e+02 1.570796326794862363e+00
1.139216870153318295e+00 6.508030681690273695e+02 1.570796326794862363e+00
1.162281228046878390e+00 6.519915296827750808e+02 1.570796326794862363e+00
1.088245088302036034e+00 6.528999366685666246e+02 1.570796326794862363e+00
8.342379260573946631e-01 6.536057727691959371e+02 1.570796326794862363e+00
2.052729946836987729e+00 6.551711230572722116e+02 1.570796326794862363e+00
1.586170064196362972e+00 6.555012417683997228e+02 1.570796326794862363e+00
1.138828477610467127e+00 6.569887121382378155e+02 1.570796326794862363e+00
1.057728722680080002e+00 6.581292919624928572e+02 1.570796326794862363e+00
1.051085258616115015e+00 6.590153936618820580e+02 1.570796326794862363e+00
9.395701216718889137e-01 6.597805053535680599e+02 1.570796326794862363e+00
1.426512248216482259e+00 6.613785702957802641e+02 1.570796326794862363e+00
2.042585879760031364e+00 6.616983852812867326e+02 1.570796326794862363e+00
1.078959537301007021e+00 6.631970930290339084e+02 1.570796326794862363e+00
9.951099611919981269e-01 6.642673433462115327e+02 1.570796326794862363e+00
1.091569967385197959e+00 6.651554625116311854e+02 1.570796326794862363e+00
1.078435060838887738e+00 6.659724903948150541e+02 1.570796326794862363e+00
9.475547946783829945e-01 6.675168771527094123e+02 1.570796326794862363e+00
2.597654617948136124e+00 6.679165111328252351e+02 1.570796326794862363e+00
9.659063627609434377e-01 6.693737899028972151e+02 1.570796326794862363e+00
9.669059549376870510e-01 6.703613687853395504e+02 1.570796326794862363e+00
1.210660838782519733e+00 6.712898776132553849e+02 1.570796326794862363e+00
1.265885722111201206e+00 6.721635362431795784e+02 1.570796326794862363e+00
5.796052121689617698e-01 6.734209763561977979e+02 1.570796326794862363e+00
3.342245701152597448e+00 6.741354605531944344e+02 1.570796326794862363e+00
7.300672584300447188e-01 6.753412630094334190e+02 1.570796326794862363e+00
9.871356948218585892e-01 6.763169726925198120e+02 1.570796326794862363e+00
1.340938767603314208e+00 6.773732531347616259e+02 1.570796326794862363e+00
1.320608185217587049e+00 6.783071519864789707e+02 1.570796326794862363e+00
6.530813196615847804e-01 6.790087051078072591e+02 1.570796326794862363e+00
3.343007048214473809e+00 6.803605668998239935e+02 1.570796326794862363e+00
9.741070082402245589e-01 6.808905110616693719e+02 1.570796326794862363e+00
1.141204563475035183e+00 6.822485157142854177e+02 1.570796326794862363e+00
1.208272309261194444e+00 6.834426498530084473e+02 1.570796326794862363e+00
1.124120484585652946e+00 6.843583210802920576e+02 1.570796326794862363e+00
8.419461954352717159e-01 6.850373819727323053e+02 1.570796326794862363e+00
2.204998647157365266e+00 6.865945341636617059e+02 1.570796326794862363e+00
1.563936273218614614e+00 6.869284815615069419e+02 1.570796326794862363e+00
1.182939707067815371e+00 6.884206910881964632e+02 1.570796326794862363e+00
1.104651453565012709e+00 6.895855996329584059e+02 1.570796326794862363e+00
1.071884657985321398e+00 6.904751448778986287e+02 1.570796326794862363e+00
9.512545573252538800e-01 6.912130560745929415e+02 1.570796326794862363e+00
1.552711025112124110e+00 6.928104231834604434e+02 1.570796326794862363e+00
2.030528187345134850e+00 6.931223413137246325e+02 1.570796326794862363e+00
1.142898130458642081e+00 6.946378088749967219e+02 1.570796326794862363e+00
1.035855065139288378e+00 6.957426901436133448e+02 1.570796326794862363e+00
1.088497672168352359e+00 6.966253091982343904e+02 1.570796326794862363e+00
1.064442193199314657e+00 6.974155694122126761e+02 1.570796326794862363e+00
1.089634904943773241e+00 6.989851474808201601e+02 1.570796326794862363e+00
2.502687510960942774e+00 6.993467834832614471e+02 1.570796326794862363e+00
1.046251226458511985e+00 7.008395203383444141e+02 1.570796326794862363e+00
9.887953940563939392e-01 7.018642188510262940e+02 1.570796326794862363e+00
1.171545378714680119e+00 7.027685464209232578e+02 1.570796326794862363e+00
1.224779414164323343e+00 7.036150303640339416e+02 1.570796326794862363e+00
6.827709060360280802e-01 7.050070253095561839e+02 1.570796326794862363e+00
3.151057115596939795e+00 7.055712073423291031e+02 1.570796326794862363e+00
8.289372090248852132e-01 7.069180233819997738e+02 1.570796326794862363e+00
9.800292595024846509e-01 7.078658775048020289e+02 1.570796326794862363e+00
1.334171153173376867e+00 7.088605022047560169e+02 1.570796326794862363e+00
1.366155777975129437e+00 7.097796711644845118e+02 1.570796326794862363e+00
5.802166918164018972e-01 7.105864344108782689e+02 1.570796326794862363e+00
3.615116911276834433e+00 7.117890948978626966e+02 1.570796326794862363e+00
8.073403988945173637e-01 7.124688964274882892e+02 1.570796326794862363e+00
1.093051001415032308e+00 7.137288832836643451e+02 1.570796326794862363e+00
1.241450900869446983e+00 7.149106123384974580e+02 1.570796326794862363e+00
1.156651181740343759e+00 7.158362321968738797e+02 1.570796326794862363e+00
7.868944678603476683e-01 7.165078067041735039e+02 1.570796326794862363e+00
2.487744777478008373e+00 7.180285083742134020e+02 1.570796326794862363e+00
1.371832345872820991e+00 7.183960033986153348e+02 1.570796326794862363e+00
1.166304649258667947e+00 7.198610771946023306e+02 1.570796326794862363e+00
1.116540116354458601e+00 7.210350754688911366e+02 1.570796326794862363e+00
1.067827676870865883e+00 7.219300127488987755e+02 1.570796326794862363e+00
9.022781492377428547e-01 7.226593493211603345e+02 1.570796326794862363e+00
1.713071978253806193e+00 7.242510140862262915e+02 1.570796326794862363e+00
1.852956624825127019e+00 7.245639423526384917e+02 1.570796326794862363e+00
1.135321878260468376e+00 7.260696749639849941e+02 1.570796326794862363e+00
1.036617065226256740e+00 7.271847328063945497e+02 1.570796326794862363e+00
1.069560716137505807e+00 7.280676973404779346e+02 1.570796326794862363e+00
1.014324922581566701e+00 7.288517310149132982e+02 1.570796326794862363e+00
1.195958109851706919e+00 7.304378823984975497e+02 1.570796326794862363e+00
2.323860528528497227e+00 7.307796115759052782e+02 1.570796326794862363e+00
1.056122103378825727e+00 7.322754852789636288e+02 1.570796326794862363e+00
9.874899112819072178e-01 7.333151812368295168e+02 1.570796326794862363e+00
1.139366648236998847e+00 7.342128507175910954e+02 1.570796326794862363e+00
1.169981144630165337e+00 7.350495726974548916e+02 1.570796326794862363e+00
7.651411795981059027e-01 7.365110566895767761e+02 1.570796326794862363e+00
2.944430615487383829e+00 7.370024870639127812e+02 1.570796326794862363e+00
8.844056409782227179e-01 7.384030248429445464e+02 1.570796326794862363e+00
9.717559428827081680e-01 7.393581091890524704e+02 1.570796326794862363e+00
1.292323733112697992e+00 7.403247810041674484e+02 1.570796326794862363e+00
1.344984673313450507e+00 7.412284075264002468e+02 1.570796326794862363e+00
5.364113870805691242e-01 7.421975775674945908e+02 1.570796326794862363e+00
3.619816862683831182e+00 7.432200059669064558e+02 1.570796326794862363e+00
7.043533494515468174e-01 7.440992852144319158e+02 1.570796326794862363e+00
1.036279528560753338e+00 7.452357917201236432e+02 1.570796326794862363e+00
1.275019656727430784e+00 7.463856804780051561e+02 1.570796326794862363e+00
1.201800079957135337e+00 7.473193164028127740e+02 1.570796326794862363e+00
7.209879091186298661e-01 7.479987828982933706e+02 1.570796326794862363e+00
2.813930437953919839e+00 7.494606534289481488e+02 1.570796326794862363e+00
1.169761512538307846e+00 7.498859073050310826e+02 1.570796326794862363e+00
1.139917159669595170e+00 7.513093065745836157e+02 1.570796326794862363e+00
1.130257035004754274e+00 7.524899484223878972e+02 1.570796326794862363e+00
1.067558721315755133e+00 7.533920624245894260e+02 1.570796326794862363e+00
8.451023265257774364e-01 7.541148096796335949e+02 1.570796326794862363e+00
1.906263450981398488e+00 7.556909412742137420e+02 1.570796326794862363e+00
1.653444831723985819e+00 7.560145277285217844e+02 1.570796326794862363e+00
1.117053916196681929e+00 7.575037319300399759e+02 1.570796326794862363e+00
1.032920549120103670e+00 7.586267059517417692e+02 1.570796326794862363e+00
1.048084397040085936e+00 7.595111300432006374e+02 1.570796326794862363e+00
9.551315959078343631e-01 7.602916494900458702e+02 1.570796326794862363e+00
1.311953936408572829e+00 7.618878097972326486e+02 1.570796326794862363e+00
2.122625342759214107e+00 7.622162841578482357e+02 1.570796326794862363e+00
1.047941427337520270e+00 7.637071974165968413e+02 1.570796326794862363e+00
9.792563680172162721e-01 7.647561685354768315e+02 1.570796326794862363e+00
1.107592061545841222e+00 7.656504014741180981e+02 1.570796326794862363e+00
1.110075110419071587e+00 7.664820504585205754e+02 1.570796326794862363e+00
8.460564487084883956e-01 7.679928669572374247e+02 1.570796326794862363e+00
2.731046223975186038e+00 7.684337837934074287e+02 1.570796326794862363e+00
9.158564435588820718e-01 7.698614595824233220e+02 1.570796326794862363e+00
9.626118141600947808e-01 7.708288142481460454e+02 1.570796326794862363e+00
1.247079431444273911e+00 7.717778311974947201e+02 1.570796326794862363e+00
1.300524447666180361e+00 7.726683301594387103e+02 1.570796326794862363e+00
5.382414903998194999e-01 7.737944130745100892e+02 1.570796326794862363e+00
3.483475858220732579e+00 7.746514621301363377e+02 1.570796326794862363e+00
6.895313565780811782e-01 7.757123979066793709e+02 1.570796326794862363e+00
1.002126799520598022e+00 7.767497088254618802e+02 1.570796326794862363e+00
1.312965494622726492e+00 7.778553470788239110e+02 1.570796326794862363e+00
1.261483605304287270e+00 7.787918842790074905e+02 1.570796326794862363e+00
6.831544976699593930e-01 7.794782644362642259e+02 1.570796326794862363e+00
3.097686960152267410e+00 7.808855576881686602e+02 1.570796326794862363e+00
1.055490183543056348e+00 7.813636282577631391e+02 1.570796326794862363e+00
1.139481604761809930e+00 7.827538447415046221e+02 1.570796326794862363e+00
1.168048007375572572e+00 7.839433463224181651e+02 1.570796326794862363e+00
1.092439818955216024e+00 7.848527444563338804e+02 1.570796326794862363e+00
8.341331307949797491e-01 7.855553933716414576e+02 1.570796326794862363e+00
2.074567625029046791e+00 7.871193296147512228e+02 1.570796326794862363e+00
1.579975129738877104e+00 7.874502440127376985e+02 1.570796326794862363e+00
1.143712950967513464e+00 7.889379478866105728e+02 1.570796326794862363e+00
1.062961229932033236e+00 7.900816191499455954e+02 1.570796326794862363e+00
1.052817315510571117e+00 7.909680895199755923e+02 1.570796326794862363e+00
9.391954027042132003e-01 7.917301478881516914e+02 1.570796326794862363e+00
1.444434190480676561e+00 7.933282187943215149e+02 1.570796326794862363e+00
2.035578487108924861e+00 7.936468908971758083e+02 1.570796326794862363e+00
1.085746425465286213e+00 7.951473448461179032e+02 1.570796326794862363e+00
9.990659579995960771e-01 7.962216089536798336e+02 1.570796326794862363e+00
1.090074843928453996e+00 7.971088330422545596e+02 1.570796326794862363e+00
1.074946556284502863e+00 7.979229603584875576e+02 1.570796326794862363e+00
9.652312497969273153e-01 7.994715808951171994e+02 1.570796326794862363e+00
2.580670049868350358e+00 7.998654794264398333e+02 1.570796326794862363e+00
9.750824411056955299e-01 8.013273955280919836e+02 1.570796326794862363e+00
9.686041570529019262e-01 8.023189896378568164e+02 1.570796326794862363e+00
1.205160983574377287e+00 8.032442281337654322e+02 1.570796326794862363e+00
1.260381857569092157e+00 8.041148182575558394e+02 1.570796326794862363e+00
5.896649667189236554e-01 8.053916191162006726e+02 1.570796326794862363e+00
3.317990540131781518e+00 8.060848358101893609e+02 1.570796326794862363e+00
7.402025485614120992e-01 8.073112669510977639e+02 1.570796326794862363e+00
9.855520635210178737e-01 8.082802943530494986e+02 1.570796326794862363e+00
1.342957368874855506e+00 8.093284140253035730e+02 1.570796326794862363e+00
1.328652694431245340e+00 8.102612482552267466e+02 1.570796326794862363e+00
6.456923177544218184e-01 8.109695151152568542e+02 1.570796326794862363e+00
3.381950859959474975e+00 8.123086650491424052e+02 1.570796326794862363e+00
9.565054434444220099e-01 8.128508206842859636e+02 1.570796326794862363e+00
1.138241874122853270e+00 8.142008394594208767e+02 1.570796326794862363e+00
1.212979176189484809e+00 8.153946872033293403e+02 1.570796326794862363e+00
1.128084812229875444e+00 8.163114230982810113e+02 1.570796326794862363e+00
8.391911968072593986e-01 8.169881691128628063e+02 1.570796326794862363e+00
2.230503291943321642e+00 8.185430063789229962e+02 1.570796326794862363e+00
1.550977388391182377e+00 8.188788050644013765e+02 1.570796326794862363e+00
1.184699985298928171e+00 8.203698549665903101e+02 1.570796326794862363e+00
1.108332752917745578e+00 8.215367495858399707e+02 1.570796326794862363e+00
1.073075798234323974e+00 8.224268448610923770e+02 1.570796326794862363e+00
9.495831304696999986e-01 8.231624285129576037e+02 1.570796326794862363e+00
1.568898086126626623e+00 8.247595838033015525e+02 1.570796326794862363e+00
2.020744610523201423e+00 8.250709523896856581e+02 1.570796326794862363e+00
1.146850527207880388e+00 8.265870273041178962e+02 1.570796326794862363e+00
1.038930273654705694e+00 8.276947949141995196e+02 1.570796326794862363e+00
1.087640684829376925e+00 8.285772220259046890e+02 1.570796326794862363e+00
1.061297543083481676e+00 8.293652013243566898e+02 1.570796326794862363e+00
1.104811047416722758e+00 8.309370393901320995e+02 1.570796326794862363e+00
2.488071296791379616e+00 8.312954165999046836e+02 1.570796326794862363e+00
1.052511980581303686e+00 8.327905406738478860e+02 1.570796326794862363e+00
9.907117796466267112e-01 8.338189065292949635e+02 1.570796326794862363e+00
1.167355372156095639e+00 8.347214508141651095e+02 1.570796326794862363e+00
1.218931030058161946e+00 8.355653630616941427e+02 1.570796326794862363e+00
6.958987275642104509e-01 8.369692457567169868e+02 1.570796326794862363e+00
3.126163683423389017e+00 8.375203147165096880e+02 1.570796326794862363e+00
8.400619815630727683e-01 8.388783823490815621e+02 1.570796326794862363e+00
9.793948872546303086e-01 8.398264686590105157e+02 1.570796326794862363e+00
1.329581284724056234e+00 8.408155698191874308e+02 1.570796326794862363e+00
1.366685887046226622e+00 8.417323321391921809e+02 1.570796326794862363e+00
5.714588550604371431e-01 8.425598707297878036e+02 1.570796326794862363e+00
3.631466745090978332e+00 8.437379481717293856e+02 1.570796326794862363e+00
7.874101791204384249e-01 8.444439776457656990e+02 1.570796326794862363e+00
1.084462215937666896e+00 8.456871388176574555e+02 1.570796326794862363e+00
1.245443725595637430e+00 8.468655240844032051e+02 1.570796326794862363e+00
1.161566755322901434e+00 8.477924638540587239e+02 1.570796326794862363e+00
7.765512035730727236e-01 8.484648364880101781e+02 1.570796326794862363e+00
2.532928394011913831e+00 8.499780502580506436e+02 1.570796326794862363e+00
1.339524999533355798e+00 8.503528287727657471e+02 1.570796326794862363e+00
1.161215122128697264e+00 8.518121566555358868e+02 1.570796326794862363e+00
1.116753222781310395e+00 8.529867471573259081e+02 1.570796326794862363e+00
1.066278854123855702e+00 8.538825595857625785e+02 1.570796326794862363e+00
8.923868669903224360e-01 8.546117292820922557e+02 1.570796326794862363e+00
1.738484534272947801e+00 8.562016798040868935e+02 1.570796326794862363e+00
1.820171243951340889e+00 8.565157659945716659e+02 1.570796326794862363e+00
1.130473237012829202e+00 8.580186417766486784e+02 1.570796326794862363e+00
1.034368116231034085e+00 8.591338833142258409e+02 1.570796326794862363e+00
1.065672350721568851e+00 8.600170549167083891e+02 1.570796326794862363e+00
1.004864991583270140e+00 8.608014309335470671e+02 1.570796326794862363e+00
1.209240728818115951e+00 8.623894415401666720e+02 1.570796326794862363e+00
2.293124230029861543e+00 8.627292483654966873e+02 1.570796326794862363e+00
1.052981340073843475e+00 8.642238049785412386e+02 1.570796326794862363e+00
9.853229623236982038e-01 8.652639193329474665e+02 1.570796326794862363e+00
1.134972338494883992e+00 8.661614367265781311e+02 1.570796326794862363e+00
1.161552319671585121e+00 8.669980655119674111e+02 1.570796326794862363e+00
7.735847835989301258e-01 8.684662122562239119e+02 1.570796326794862363e+00
2.915370608318592627e+00 8.689512339882663809e+02 1.570796326794862363e+00
8.875237440758880769e-01 8.703550048765953306e+02 1.570796326794862363e+00
9.701224256636813426e-01 8.713112461469631853e+02 1.570796326794862363e+00
1.286494679866843738e+00 8.722759638412413778e+02 1.570796326794862363e+00
1.339353556636909248e+00 8.731781266126027958e+02 1.570796326794862363e+00
5.342352084577361993e-01 8.741672449087024006e+02 1.570796326794862363e+00
3.605642934339019945e+00 8.751687852595750883e+02 1.570796326794862363e+00
6.984579940433037759e-01 8.760716703969076207e+02 1.570796326794862363e+00
1.030706521595921910e+00 8.771943834218865277e+02 1.570796326794862363e+00
1.279300637132847251e+00 8.783394418911453840e+02 1.570796326794862363e+00
1.208204929893750057e+00 8.792737072173445085e+02 1.570796326794862363e+00
7.145804566862036245e-01 8.799545121926836373e+02 1.570796326794862363e+00
2.850920525327596433e+00 8.814090184003924833e+02 1.570796326794862363e+00
1.150787968633237179e+00 8.818415419398940003e+02 1.570796326794862363e+00
1.138166026547737131e+00 8.832601022745648152e+02 1.570796326794862363e+00
1.133410344288271254e+00 8.844416876850043536e+02 1.570796326794862363e+00
1.069080308274328095e+00 8.853447199156549914e+02 1.570796326794862363e+00
8.406446840064384363e-01 8.860659930096634298e+02 1.570796326794862363e+00
1.929209523370769341e+00 8.876400673633214637e+02 1.570796326794862363e+00
1.636092020630744770e+00 8.879650988263450699e+02 1.570796326794862363e+00
1.117244810161453605e+00 8.894529931655164319e+02 1.570796326794862363e+00
1.034277683275003357e+00 8.905776817598392654e+02 1.570796326794862363e+00
1.046783845608181052e+00 8.914623069144950023e+02 1.570796326794862363e+00
9.499891011501274685e-01 8.922416278443100737e+02 1.570796326794862363e+00
1.327544685405205982e+00 8.938383789155762997e+02 1.570796326794862363e+00
2.103595292430043617e+00 8.941655540803437816e+02 1.570796326794862363e+00
1.049098683205509586e+00 8.956565283323974427e+02 1.570796326794862363e+00
9.795115232272271211e-01 8.967073969111426095e+02 1.570796326794862363e+00
1.104288902487877921e+00 8.976009845906003193e+02 1.570796326794862363e+00
1.103806676460480585e+00 8.984314518582440314e+02 1.570796326794862363e+00
8.578973572492348820e-01 8.999475565683326295e+02 1.570796326794862363e+00
2.707698774819638388e+00 9.003826225665332004e+02 1.570796326794862363e+00
9.205757732234305379e-01 9.018136732120397028e+02 1.570796326794862363e+00
9.621053510005218579e-01 9.027830217014962955e+02 1.570796326794862363e+00
1.241736522731894388e+00 9.037296656816880613e+02 1.570796326794862363e+00
1.295062060201097820e+00 9.046183439901219572e+02 1.570796326794862363e+00
5.414236834872010462e-01 9.057629258402213281e+02 1.570796326794862363e+00
3.463639535686061866e+00 9.066003298911449519e+02 1.570796326794862363e+00
6.921837971626068065e-01 9.076818603483276320e+02 1.570796326794862363e+00
9.992364848879760064e-01 9.087091830962699532e+02 1.570796326794862363e+00
1.317261316591564313e+00 9.098086517138450517e+02 1.570796326794862363e+00
1.269244223618738232e+00 9.107451618060862302e+02 1.570796326794862363e+00
6.792283305470334653e-01 9.114327848943987647e+02 1.570796326794862363e+00
3.130782793756179405e+00 9.128333064001797084e+02 1.570796326794862363e+00
1.044197096682069503e+00 9.133178005848618568e+02 1.570796326794862363e+00
1.139931703540339125e+00 9.147040616289810941e+02 1.570796326794862363e+00
1.173313117315687659e+00 9.158944461098967622e+02 1.570796326794862363e+00
1.096370557260993417e+00 9.168046985167736693e+02 1.570796326794862363e+00
8.346417089140409917e-01 9.175043661949005127e+02 1.570796326794862363e+00
2.092945673652460759e+00 9.190672276075322316e+02 1.570796326794862363e+00
1.576213043071427844e+00 9.193986842306485414e+02 1.570796326794862363e+00
1.148549808657060689e+00 9.208868201313885038e+02 1.570796326794862363e+00
1.068005356380042459e+00 9.220333202956692276e+02 1.570796326794862363e+00
1.054752364261049236e+00 9.229201347834724629e+02 1.570796326794862363e+00
9.396325315624458607e-01 9.236792846945375004e+02 1.570796326794862363e+00
1.459914266835378394e+00 9.252773188562507585e+02 1.570796326794862363e+00
2.031520202042261580e+00 9.255950059401734507e+02 1.570796326794862363e+00
1.092448056075970619e+00 9.270972210470573600e+02 1.570796326794862363e+00
1.003073890695536985e+00 9.281752615819701759e+02 1.570796326794862363e+00
1.089111027569072077e+00 9.290617087631334243e+02 1.570796326794862363e+00
1.072440941477650567e+00 9.298730530600229258e+02 1.570796326794862363e+00
9.812680390430116306e-01 9.314251541071040492e+02 1.570796326794862363e+00
2.567215925952062605e+00 9.318141529566959207e+02 1.570796326794862363e+00
9.837468691762059070e-01 9.332802657084160955e+02 1.570796326794862363e+00
9.704684211246049630e-01 9.342756762184679928e+02 1.570796326794862363e+00
1.200405707359322838e+00 9.351979831611873806e+02 1.570796326794862363e+00
1.255638894291096319e+00 9.360657018420586155e+02 1.570796326794862363e+00
5.994721223618595385e-01 9.373592685832206826e+02 1.570796326794862363e+00
3.296537352566003776e+00 9.380339527110500057e+02 1.570796326794862363e+00
7.500114992609546727e-01 9.392781879456028946e+02 1.570796326794862363e+00
9.843494226776076106e-01 9.402420191373014404e+02 1.570796326794862363e+00
1.344153031474689231e+00 9.412828596127307037e+02 1.570796326794862363e+00
1.335459575332130111e+00 9.422145662042693175e+02 1.570796326794862363e+00
6.385461272342727312e-01 9.429300883913608686e+02 1.570796326794862363e+00
3.416414068076411237e+00 9.442567054851493822e+02 1.570796326794862363e+00
9.397891059929365243e-01 9.448109941404172787e+02 1.570796326794862363e+00
1.134851001418141658e+00 9.461530416679244126e+02 1.570796326794862363e+00
1.216911950361120320e+00 9.473463836753252281e+02 1.570796326794862363e+00
1.131493449233295534e+00 9.482641033988644494e+02 1.570796326794862363e+00
8.357225543652669897e-01 9.489391132186985942e+02 1.570796326794862363e+00
2.255135382812575084e+00 9.504914757429867223e+02 1.570796326794862363e+00
1.536690559956547242e+00 9.508293611911890366e+02 1.570796326794862363e+00
1.185236294426489145e+00 9.523188783540164195e+02 1.570796326794862363e+00
1.110947042645765936e+00 9.534872687170027348e+02 1.570796326794862363e+00
1.073666702847067000e+00 9.543778692734535980e+02 1.570796326794862363e+00
9.470349003736859839e-01 9.551117413544669716e+02 1.570796326794862363e+00
1.583750885237557027e+00 9.567086513183870693e+02 1.570796326794862363e+00
2.009169918774395214e+00 9.570196597223637127e+02 1.570796326794862363e+00
1.149081429696976020e+00 9.585358240449635332e+02 1.570796326794862363e+00
1.040896243626196593e+00 9.596456917777094304e+02 1.570796326794862363e+00
1.086578137470548544e+00 9.605280254133023163e+02 1.570796326794862363e+00
1.057878427358250439e+00 9.613143814339969140e+02 1.570796326794862363e+00
1.117460896553017280e+00 9.628881243704738608e+02 1.570796326794862363e+00
2.473692547974859490e+00 9.632438820846633689e+02 1.570796326794862363e+00
1.056788209965079828e+00 9.647405929000650531e+02 1.570796326794862363e+00
9.919467428444166401e-01 9.657717462028579121e+02 1.570796326794862363e+00
1.163807144022096285e+00 9.666729958940977667e+02 1.570796326794862363e+00
1.213642441277325679e+00 9.675149744497689426e+02 1.570796326794862363e+00
7.067796440849195561e-01 9.689282936536542366e+02 1.570796326794862363e+00
3.104377591284422699e+00 9.694690567407682238e+02 1.570796326794862363e+00
8.488714795889485965e-01 9.708356993874679119e+02 1.570796326794862363e+00
9.787993729159747414e-01 9.717843301198353174e+02 1.570796326794862363e+00
1.325265342491453113e+00 9.727691415421243164e+02 1.570796326794862363e+00
1.366244707292765481e+00 9.736838521755756801e+02 1.570796326794862363e+00
5.646069626894667515e-01 9.745298871168495225e+02 1.570796326794862363e+00
3.641385322558539528e+00 9.756865517857343093e+02 1.570796326794862363e+00
7.716820100956561790e-01 9.764157344097545774e+02 1.570796326794862363e+00
1.077218192952311249e+00 9.776441767248430779e+02 1.570796326794862363e+00
1.249135399354967868e+00 9.788194132037200461e+02 1.570796326794862363e+00
1.166215836317366472e+00 9.797474528625224366e+02 1.570796326794862363e+00
7.679899544467407857e-01 9.804205472576340981e+02 1.570796326794862363e+00
2.572039204950401281e+00 9.819271146880854531e+02 1.570796326794862363e+00
1.312880909055509804e+00 9.823083794169584735e+02 1.570796326794862363e+00
1.157279172007863233e+00 9.837627597951114922e+02 1.570796326794862363e+00
1.117449136276632116e+00 9.849379919609256149e+02 1.570796326794862363e+00
1.065364367694619618e+00 9.858345975069159977e+02 1.570796326794862363e+00
8.843968560290966785e-01 9.865633915762484776e+02 1.570796326794862363e+00
1.760906247932848556e+00 9.881517190308419458e+02 1.570796326794862363e+00
1.793283941671686144e+00 9.884668986256142489e+02 1.570796326794862363e+00
1.126981012057145293e+00 9.899674783553764428e+02 1.570796326794862363e+00
1.032930767780815939e+00 9.910831702344946734e+02 1.570796326794862363e+00
1.062531396773096271e+00 9.919665106932301342e+02 1.570796326794862363e+00
9.969935417812396672e-01 9.927509259548761520e+02 1.570796326794862363e+00
1.221617384063521383e+00 9.943404394351714473e+02 1.570796326794862363e+00
2.267183592269939485e+00 9.946785674608260024e+02 1.570796326794862363e+00
1.050868807301718499e+00 9.961721829893986069e+02 1.570796326794862363e+00
9.837317989720749667e-01 9.972129312268388048e+02 1.570796326794862363e+00
1.131103062449660301e+00 9.981102051727277740e+02 1.570796326794862363e+00
1.154217589850490722e+00 9.989465624478348218e+02 1.570796326794862363e+00
7.817489043474855626e-01 1.000420665931012422e+03 1.570796326794862363e+00
2.889778602579344380e+00 1.000899827589092638e+03 1.570796326794862363e+00
8.906658355145505856e-01 1.002306650076827282e+03 1.570796326794862363e+00
9.687891698625639147e-01 1.003264042479955720e+03 1.570796326794862363e+00
1.281267164780824031e+00 1.004226878812938935e+03 1.570796326794862363e+00
1.334333386001289590e+00 1.005127653842520317e+03 1.570796326794862363e+00
5.328766766744564842e-01 1.006134843549295283e+03 1.570796326794862363e+00
3.592138642973462748e+00 1.007117401430842847e+03 1.570796326794862363e+00
6.942084346810901696e-01 1.008041600875367294e+03 1.570796326794862363e+00
1.026048132974426208e+00 1.009152058845744136e+03 1.570796326794862363e+00
1.283494065117804395e+00 1.010292545851751356e+03 1.570796326794862363e+00
1.214459544255563683e+00 1.011227326063448459e+03 1.570796326794862363e+00
7.094521246410399051e-01 1.011909056320299555e+03 1.570796326794862363e+00
2.884119603274837296e+00 1.013357123688456682e+03 1.570796326794862363e+00
1.135345469348811198e+00 1.013795965200643423e+03 1.570796326794862363e+00
