8.152271230732243135e-01 -7.109987370331313263e-03 7.853981633974492782e-01
1.384377185250464048e+00 1.488615232815025724e+00 7.853981633974492782e-01
2.193341452504783184e+00 1.803599963926461491e+00 7.853981633974492782e-01
1.029701998782021954e+00 3.272359179373199201e+00 7.853981633974492782e-01
1.174607942306572284e+00 4.533187550635100038e+00 7.853981633974492782e-01
1.335932570729909674e+00 5.116367586380056842e+00 7.853981633974492782e-01
8.881778359153719160e-01 6.174216766407357504e+00 7.853981633974492782e-01
9.290235866457197123e-01 7.610195787012486335e+00 7.853981633974492782e-01
2.832246073646822015e+00 8.027064184405491076e+00 7.853981633974492782e-01
9.309864915823260478e-01 9.446208999061177281e+00 7.853981633974492782e-01
9.598642569692259485e-01 1.061410269774633974e+01 7.853981633974492782e-01
1.725949370289282303e+00 1.128222770447044354e+01 7.853981633974492782e-01
9.805007585135667725e-01 1.233583760746029689e+01 7.853981633974492782e-01
6.024425771749208902e-01 1.347458034505224411e+01 7.853981633974492782e-01
3.700322614903842400e+00 1.425405128113319719e+01 7.853981633974492782e-01
7.076281980887442202e-01 1.535770303368627054e+01 7.853981633974492782e-01
8.176989929965512438e-01 1.643386652553430238e+01 7.853981633974492782e-01
2.057732424210731548e+00 1.744521581384405451e+01 7.853981633974492782e-01
9.447133293410432398e-01 1.837928061093056087e+01 7.853981633974492782e-01
6.841793143427582491e-01 1.918472896162424846e+01 7.853981633974492782e-01
3.337743953517192885e+00 2.049026540421968434e+01 7.853981633974492782e-01
1.046441513855796757e+00 2.096321521077035044e+01 7.853981633974492782e-01
1.015980245274373139e+00 2.231986565618413820e+01 7.853981633974492782e-01
1.767100528553876559e+00 2.361932843780837743e+01 7.853981633974492782e-01
9.425630475886823678e-01 2.433171719763435448e+01 7.853981633974492782e-01
7.758429222751792587e-01 2.525907756009054950e+01 7.853981633974492782e-01
2.162399218669333933e+00 2.671831559992746108e+01 7.853981633974492782e-01
1.638335023323810535e+00 2.703170653590195016e+01 7.853981633974492782e-01
1.092146032092627062e+00 2.849454110831008435e+01 7.853981633974492782e-01
1.502250519816216601e+00 2.981616583910443552e+01 7.853981633974492782e-01
1.065154243622861374e+00 3.042698218004937871e+01 7.853981633974492782e-01
8.238832850067051572e-01 3.143526099913360028e+01 7.853981633974492782e-01
1.533240269324040117e+00 3.292893129656564355e+01 7.853981633974492782e-01
2.128077246415756907e+00 3.323206587599626971e+01 7.853981633974492782e-01
1.078481777199113756e+00 3.471377369087219478e+01 7.853981633974492782e-01
1.283706933871668898e+00 3.600375811741476184e+01 7.853981633974492782e-01
1.248880886817577807e+00 3.658061303184718582e+01 7.853981633974492782e-01
8.803765405841257330e-01 3.762779798286121036e+01 7.853981633974492782e-01
1.080375734382484243e+00 3.909339680810423090e+01 7.853981633974492782e-01
2.664531859089707133e+00 3.945937374547379761e+01 7.853981633974492782e-01
1.002601965149741758e+00 4.091569602301490960e+01 7.853981633974492782e-01
1.060707051505169307e+00 4.213250538115723742e+01 7.853981633974492782e-01
1.562817764782138408e+00 4.274546228802027059e+01 7.853981633974492782e-01
9.637649274614281669e-01 4.380566303191287858e+01 7.853981633974492782e-01
6.917470141422865648e-01 4.508749081130373781e+01 7.853981633974492782e-01
3.444118059814127442e+00 4.568869910945930002e+01 7.853981633974492782e-01
7.957494442437672566e-01 4.697464894836659255e+01 7.853981633974492782e-01
8.421277502350269506e-01 4.805504577144655798e+01 7.853981633974492782e-01
2.052730216777100658e+00 4.890112946802471328e+01 7.853981633974492782e-01
9.931953350672332315e-01 4.990173454614284765e+01 7.853981633974492782e-01
6.424840061382650624e-01 5.071513765881067570e+01 7.853981633974492782e-01
3.756598721413340058e+00 5.191813700985150604e+01 7.853981633974492782e-01
8.876077642492796738e-01 5.250455946452014189e+01 7.853981633974492782e-01
9.699653893523255688e-01 5.379469482712834605e+01 7.853981633974492782e-01
1.869335637982016740e+00 5.506238503076329494e+01 7.853981633974492782e-01
9.264239702075374172e-01 5.582351825200270667e+01 7.853981633974492782e-01
7.688297210428738371e-01 5.671013031719881781e+01 7.853981633974492782e-01
2.405857510154560508e+00 5.814943851891663940e+01 7.853981633974492782e-01
1.518350122136607139e+00 5.847841650170028771e+01 7.853981633974492782e-01
1.098775514820760080e+00 5.993096442901923382e+01 7.853981633974492782e-01
1.593324776578733726e+00 6.125899931987073899e+01 7.853981633974492782e-01
1.029062340292045796e+00 6.189098906303019731e+01 7.853981633974492782e-01
8.245595928594854351e-01 6.287563602520206274e+01 7.853981633974492782e-01
1.681001149934441719e+00 6.436550604298815870e+01 7.853981633974492782e-01
2.040758510765253941e+00 6.466236997693903277e+01 7.853981633974492782e-01
1.109114914315592282e+00 6.614937787825135729e+01 7.853981633974492782e-01
1.377139466251772415e+00 6.745916615411896089e+01 7.853981633974492782e-01
1.182756828662574478e+00 6.804053830172222206e+01 7.853981633974492782e-01
8.730769571964849263e-01 6.907392985255772544e+01 7.853981633974492782e-01
1.221129604268355040e+00 7.055469899756026564e+01 7.853981633974492782e-01
2.522965976676180055e+00 7.089001448066289868e+01 7.853981633974492782e-01
1.054076637572392672e+00 7.236686979386186636e+01 7.853981633974492782e-01
1.157052345380627179e+00 7.362061541403897991e+01 7.853981633974492782e-01
1.431740225506716202e+00 7.420616105481606439e+01 7.853981633974492782e-01
9.415472146919083851e-01 7.526409562059613734e+01 7.853981633974492782e-01
8.161247000854432443e-01 7.663814617491865988e+01 7.853981633974492782e-01
3.176416902781377338e+00 7.712268396945673032e+01 7.853981633974492782e-01
8.940781205171992596e-01 7.850735696501845950e+01 7.853981633974492782e-01
9.109011770205979186e-01 7.963819806736381679e+01 7.853981633974492782e-01
1.899643609369796371e+00 8.036201433649743819e+01 7.853981633974492782e-01
1.010827727564701295e+00 8.140258146045269427e+01 7.853981633974492782e-01
5.894710733872017272e-01 8.235670741239400172e+01 7.853981633974492782e-01
3.933127552839402075e+00 8.335084172921970946e+01 7.853981633974492782e-01
7.194982753765751804e-01 8.419398207998069950e+01 7.853981633974492782e-01
8.681556671974621775e-01 8.535339994734080449e+01 7.853981633974492782e-01
1.966168618770628429e+00 8.651949327830067205e+01 7.853981633974492782e-01
9.121511783272403528e-01 8.736739270420997627e+01 7.853981633974492782e-01
7.145052502921903637e-01 8.821461465859259476e+01 7.853981633974492782e-01
2.871528747278811355e+00 8.959058644051525278e+01 7.853981633974492782e-01
1.220226769597244187e+00 8.998722299595806362e+01 7.853981633974492782e-01
1.039515973606528698e+00 9.139000598928154773e+01 7.853981633974492782e-01
1.642861513300106768e+00 9.270264567812445478e+01 7.853981633974492782e-01
9.692240310640465317e-01 9.337005800966075242e+01 7.853981633974492782e-01
7.741674021326822031e-01 9.434004680270220433e+01 7.853981633974492782e-01
1.924640260498128752e+00 9.581519158145840720e+01 7.853981633974492782e-01
1.744026321633227461e+00 9.612109690098860426e+01 7.853981633974492782e-01
1.066235154876412627e+00 9.758651384066656931e+01 7.853981633974492782e-01
1.384495494136777971e+00 9.889232305080281549e+01 7.853981633974492782e-01
1.118920501049173177e+00 9.948440204790799157e+01 7.853981633974492782e-01
8.225382257210872572e-01 1.005172672367674664e+02 7.853981633974492782e-01
1.353318983306606160e+00 1.020119207937029699e+02 7.853981633974492782e-01
2.240521065968036130e+00 1.023296561614130269e+02 7.853981633974492782e-01
1.031181534560800639e+00 1.037991322691741942e+02 7.853981633974492782e-01
1.167709239820215128e+00 1.050577506248494331e+02 7.853981633974492782e-01
1.353166960632928850e+00 1.056416793981414628e+02 7.853981633974492782e-01
8.961599248082410263e-01 1.066998175816821828e+02 7.853981633974492782e-01
9.064078519374995091e-01 1.081267463202320300e+02 7.853981633974492782e-01
2.887387550808767411e+00 1.085544683690156802e+02 7.853981633974492782e-01
9.243310827110132744e-01 1.099682645475946003e+02 7.853981633974492782e-01
9.498357163569187689e-01 1.111295397061829107e+02 7.853981633974492782e-01
1.755642674865425690e+00 1.118067249180739680e+02 7.853981633974492782e-01
9.862420002207410441e-01 1.128585671361015983e+02 7.853981633974492782e-01
5.946666940234315302e-01 1.139667027637653831e+02 7.853981633974492782e-01
3.751544189859949086e+00 1.147817228277210404e+02 7.853981633974492782e-01
7.004383173286699016e-01 1.158452709286546423e+02 7.853981633974492782e-01
8.210788799552024564e-01 1.169292753294471794e+02 7.853981633974492782e-01
2.046700584577170190e+00 1.179694424985189301e+02 7.853981633974492782e-01
9.369611587040057588e-01 1.188899508918235028e+02 7.853981633974492782e-01
6.891338461388522019e-01 1.197008483723625147e+02 7.853981633974492782e-01
3.260612737983778597e+00 1.210191551889692221e+02 7.853981633974492782e-01
1.071781454177646919e+00 1.214783146128580285e+02 7.853981633974492782e-01
1.019774970660644042e+00 1.228431349932638312e+02 7.853981633974492782e-01
1.745375926941677092e+00 1.241453910412818686e+02 7.853981633974492782e-01
9.451873516995688007e-01 1.248501513082244117e+02 7.853981633974492782e-01
7.738501156689012728e-01 1.257855313815477984e+02 7.853981633974492782e-01
2.125413576422467088e+00 1.272470240360813989e+02 7.853981633974492782e-01
1.648582190852443174e+00 1.275594592225885435e+02 7.853981633974492782e-01
1.085836843419298203e+00 1.290220911324512656e+02 7.853981633974492782e-01
1.479465985286986252e+00 1.303407805940552464e+02 7.853981633974492782e-01
1.072066098079651031e+00 1.309479828047089427e+02 7.853981633974492782e-01
8.209299510102229247e-01 1.319615654160280371e+02 7.853981633974492782e-01
1.504839076418618138e+00 1.334558953098085397e+02 7.853981633974492782e-01
2.135637802866192203e+00 1.337610200554577204e+02 7.853981633974492782e-01
1.067731662067980869e+00 1.352400199086930570e+02 7.853981633974492782e-01
1.259778331402743090e+00 1.365241201194686766e+02 7.853981633974492782e-01
1.264892590194123922e+00 1.371013605608609396e+02 7.853981633974492782e-01
8.805966455267973947e-01 1.381514267330101404e+02 7.853981633974492782e-01
1.049228623362744361e+00 1.396127330870990306e+02 7.853981633974492782e-01
2.692046970051167776e+00 1.399872708570600253e+02 7.853981633974492782e-01
9.878661127638980188e-01 1.414369691893766685e+02 7.853981633974492782e-01
1.038130518490977261e+00 1.426439713376077236e+02 7.853981633974492782e-01
1.594871503934492285e+00 1.432663019214058693e+02 7.853981633974492782e-01
9.673332714073439309e-01 1.443260465881949131e+02 7.853981633974492782e-01
6.685714317663710160e-01 1.455823211441398541e+02 7.853981633974492782e-01
3.499138605580849770e+00 1.462157738976167707e+02 7.853981633974492782e-01
7.738727267442098157e-01 1.474712327471183926e+02 7.853981633974492782e-01
8.320837198686898972e-01 1.485447634901308334e+02 7.853981633974492782e-01
2.068805895740140954e+00 1.494232493246501861e+02 7.853981633974492782e-01
9.849083870883073022e-01 1.504117926169265047e+02 7.853981633974492782e-01
6.558564884853881338e-01 1.512123354329298479e+02 7.853981633974492782e-01
3.675821284380593745e+00 1.524460782060927784e+02 7.853981633974492782e-01
9.303433247924598470e-01 1.529970977498310276e+02 7.853981633974492782e-01
9.881265220805300897e-01 1.543078037753887202e+02 7.853981633974492782e-01
1.855626322181919141e+00 1.555870064007721680e+02 7.853981633974492782e-01
9.327733349412532515e-01 1.563355121219898081e+02 7.853981633974492782e-01
7.794512801250402800e-01 1.572277759109655051e+02 7.853981633974492782e-01
2.334555324658009745e+00 1.586752400323867960e+02 7.853981633974492782e-01
1.577322242944294128e+00 1.589959250193997775e+02 7.853981633974492782e-01
1.111038837457984485e+00 1.604560937159252774e+02 7.853981633974492782e-01
1.592902967703538009e+00 1.617868427045313524e+02 7.853981633974492782e-01
1.039600375875251448e+00 1.624146963077978398e+02 7.853981633974492782e-01
8.358490302838296193e-01 1.633995625862971224e+02 7.853981633974492782e-01
1.646350630285496219e+00 1.648901662814568283e+02 7.853981633974492782e-01
2.099734365595201435e+00 1.651866869631180634e+02 7.853981633974492782e-01
1.120079752559463904e+00 1.666779382540578069e+02 7.853981633974492782e-01
1.383848934222190241e+00 1.679898584052805006e+02 7.853981633974492782e-01
1.190822604153468633e+00 1.685700150583737411e+02 7.853981633974492782e-01
8.830544765541756824e-01 1.696021687944684686e+02 7.853981633974492782e-01
1.206408057392864386e+00 1.710795952784152973e+02 7.853981633974492782e-01
2.572134691230480552e+00 1.714176983370270193e+02 7.853981633974492782e-01
1.060781581234296889e+00 1.728965986911781272e+02 7.853981633974492782e-01
1.160531704867514780e+00 1.741511715069233617e+02 7.853981633974492782e-01
1.440166638320856451e+00 1.747361293420036930e+02 7.853981633974492782e-01
9.488448685481036815e-01 1.757937498180817215e+02 7.853981633974492782e-01
8.076252387309909020e-01 1.771600934154495803e+02 7.853981633974492782e-01
3.217751076313733805e+00 1.776518020006872121e+02 7.853981633974492782e-01
8.914031882867433643e-01 1.790329418274891964e+02 7.853981633974492782e-01
9.077631706583604299e-01 1.801605057028441763e+02 7.853981633974492782e-01
1.917707414407100242e+00 1.808898068112024191e+02 7.853981633974492782e-01
1.014027113341666508e+00 1.819287719830563788e+02 7.853981633974492782e-01
5.928198066751535489e-01 1.828632264557481335e+02 7.853981633974492782e-01
3.947560289093205554e+00 1.838799986931377646e+02 7.853981633974492782e-01
7.299674207829477401e-01 1.846937886456336173e+02 7.853981633974492782e-01
8.781263751771687387e-01 1.858662619727010110e+02 7.853981633974492782e-01
1.957995770257689783e+00 1.870460356546385867e+02 7.853981633974492782e-01
9.122291672565454590e-01 1.878843724583841208e+02 7.853981633974492782e-01
7.210890840347826680e-01 1.887345637022194467e+02 7.853981633974492782e-01
2.819623202993374544e+00 1.901191237603713944e+02 7.853981633974492782e-01
1.251504384781869872e+00 1.905061705772957339e+02 7.853981633974492782e-01
1.047003646175548086e+00 1.919154929809996304e+02 7.853981633974492782e-01
1.637848082067672850e+00 1.932305045839764830e+02 7.853981633974492782e-01
9.756523618977307466e-01 1.938935141967851621e+02 7.853981633974492782e-01
7.802639291202968508e-01 1.948649916670965467e+02 7.853981633974492782e-01
1.896080147460624810e+00 1.963426304462282417e+02 7.853981633974492782e-01
1.777740206656295285e+00 1.966465360363128241e+02 7.853981633974492782e-01
1.072277736607079257e+00 1.981149622612309997e+02 7.853981633974492782e-01
1.385285780130689703e+00 1.994216888805986798e+02 7.853981633974492782e-01
1.125980940890519477e+00 2.000124671420512357e+02 7.853981633974492782e-01
8.289082197585283529e-01 2.010450607624762540e+02 7.853981633974492782e-01
1.339076870608054470e+00 2.025386530339935689e+02 7.853981633974492782e-01
2.273384012628869577e+00 2.028576899049209317e+02 7.853981633974492782e-01
1.035745311188633000e+00 2.043287259873666244e+02 7.853981633974492782e-01
1.169286118224408755e+00 2.055877033896203159e+02 7.853981633974492782e-01
1.360336927925278605e+00 2.061713250506695658e+02 7.853981633974492782e-01
9.017181628074514288e-01 2.072292330253104637e+02 7.853981633974492782e-01
8.983141247482585579e-01 2.086515463731569184e+02 7.853981633974492782e-01
2.918582868288611021e+00 2.090837711790528033e+02 7.853981633974492782e-01
9.238690226730001953e-01 2.104962806342351200e+02 7.853981633974492782e-01
9.477879956824386554e-01 2.116555832560904378e+02 7.853981633974492782e-01
1.768390160272186540e+00 2.123354882808413322e+02 7.853981633974492782e-01
9.899827894238346637e-01 2.133867546969384819e+02 7.853981633974492782e-01
5.924173567047437139e-01 2.144808359342839879e+02 7.853981633974492782e-01
3.777897823697052182e+00 2.153112461648480291e+02 7.853981633974492782e-01
6.986500151609396081e-01 2.163569789818811557e+02 7.853981633974492782e-01
8.236088664993702624e-01 2.174451385520676752e+02 7.853981633974492782e-01
2.043034165615867259e+00 2.184974655980411455e+02 7.853981633974492782e-01
9.344404013542988441e-01 2.194119848344659545e+02 7.853981633974492782e-01
6.925349159135760768e-01 2.202242412308018231e+02 7.853981633974492782e-01
3.226327188469184204e+00 2.215490055187490839e+02 7.853981633974492782e-01
1.086565174150188051e+00 2.220009591082200018e+02 7.853981633974492782e-01
1.023285302316878198e+00 2.233702217189726866e+02 7.853981633974492782e-01
1.738583879418616807e+00 2.246742162396512583e+02 7.853981633974492782e-01
9.475078607523221841e-01 2.253755472195464336e+02 7.853981633974492782e-01
7.753265177527949303e-01 2.263133685424352848e+02 7.853981633974492782e-01
2.106678826383510561e+00 2.277764543592134601e+02 7.853981633974492782e-01
1.661526289294369407e+00 2.280876767536041996e+02 7.853981633974492782e-01
1.086499167346840267e+00 2.295513888972470795e+02 7.853981633974492782e-01
1.474649101824438313e+00 2.308697941721574409e+02 7.853981633974492782e-01
1.075753395954709202e+00 2.314756738268923755e+02 7.853981633974492782e-01
8.223851910915918051e-01 2.324903262214117490e+02 7.853981633974492782e-01
1.493292935871510130e+00 2.339847097566115792e+02 7.853981633974492782e-01
2.148063113151317705e+00 2.342904534283437670e+02 7.853981633974492782e-01
1.067171686830818089e+00 2.357695044994068780e+02 7.853981633974492782e-01
1.255526809834920154e+00 2.370525793656760811e+02 7.853981633974492782e-01
1.270336077928216234e+00 2.376297816973273314e+02 7.853981633974492782e-01
8.825072924958505816e-01 2.386802939071106664e+02 7.853981633974492782e-01
1.039899152199662336e+00 2.401396074591333161e+02 7.853981633974492782e-01
2.707718946928135750e+00 2.405169992911257850e+02 7.853981633974492782e-01
9.852658750262947018e-01 2.419652796370199610e+02 7.853981633974492782e-01
1.033246911231515019e+00 2.431699131583886242e+02 7.853981633974492782e-01
1.604748006015386030e+00 2.437946398125149585e+02 7.853981633974492782e-01
9.694826755112483374e-01 2.448541873547780483e+02 7.853981633974492782e-01
6.622694087043147215e-01 2.461017565138959071e+02 7.853981633974492782e-01
3.520137978068412998e+00 2.467454894582719191e+02 7.853981633974492782e-01
7.679154392072098378e-01 2.479912422540086538e+02 7.853981633974492782e-01
8.298612569253864812e-01 2.490631687351778396e+02 7.853981633974492782e-01
2.073752629328371455e+00 2.499515666257753708e+02 7.853981633974492782e-01
9.827793986503299273e-01 2.509362773799669526e+02 7.853981633974492782e-01
6.606546690156818169e-01 2.517327077687763790e+02 7.853981633974492782e-01
3.649966437018771881e+00 2.529760242908816394e+02 7.853981633974492782e-01
9.454683294415950900e-01 2.535159544528709716e+02 7.853981633974492782e-01
9.945871545087298093e-01 2.548332597996967763e+02 7.853981633974492782e-01
1.853080043687711731e+00 2.561160620323756234e+02 7.853981633974492782e-01
9.354320669644569097e-01 2.568607441065338435e+02 7.853981633974492782e-01
7.840827079396874844e-01 2.577540566267454096e+02 7.853981633974492782e-01
2.311251677515344660e+00 2.592042925008403813e+02 7.853981633974492782e-01
1.600510106601890303e+00 2.595220581580411476e+02 7.853981633974492782e-01
1.116868568344708823e+00 2.609852206874339799e+02 7.853981633974492782e-01
1.596330196759338405e+00 2.623173783323072144e+02 7.853981633974492782e-01
1.043215331271893476e+00 2.629442406056562049e+02 7.853981633974492782e-01
8.412206860956112919e-01 2.639282091343461047e+02 7.853981633974492782e-01
1.635821333430210300e+00 2.654188546717860504e+02 7.853981633974492782e-01
2.124490817095946671e+00 2.657151422740193425e+02 7.853981633974492782e-01
1.126304302660873669e+00 2.672085099015423566e+02 7.853981633974492782e-01
1.390690596154404490e+00 2.685221213396392841e+02 7.853981633974492782e-01
1.192193888883644526e+00 2.691020354201722853e+02 7.853981633974492782e-01
8.875458475894049126e-01 2.701329686919167443e+02 7.853981633974492782e-01
1.204817856052114777e+00 2.716092031855140476e+02 7.853981633974492782e-01
2.590406051461457526e+00 2.719476769339883049e+02 7.853981633974492782e-01
1.065715278698608381e+00 2.734281569657233604e+02 7.853981633974492782e-01
1.165926388836043603e+00 2.746844046870716625e+02 7.853981633974492782e-01
1.439439373797557931e+00 2.752683768351548110e+02 7.853981633974492782e-01
9.514033133390252805e-01 2.763256328696784294e+02 7.853981633974492782e-01
8.088570842961975149e-01 2.776912059880136781e+02 7.853981633974492782e-01
3.227115090472361114e+00 2.781825935578798976e+02 7.853981633974492782e-01
8.937335144111572260e-01 2.795649243258304750e+02 7.853981633974492782e-01
9.095016753244388186e-01 2.806931676702066625e+02 7.853981633974492782e-01
1.918859840778198045e+00 2.814211139380062150e+02 7.853981633974492782e-01
1.015640843960884165e+00 2.824604043741507553e+02 7.853981633974492782e-01
5.934469483141524559e-01 2.833927504557815382e+02 7.853981633974492782e-01
3.954050409028237123e+00 2.844108176180795340e+02 7.853981633974492782e-01
7.310901200669908118e-01 2.852225782578522626e+02 7.853981633974492782e-01
8.794237617475384461e-01 2.863959580688913320e+02 7.853981633974492782e-01
1.959763658197754888e+00 2.875767343456747653e+02 7.853981633974492782e-01
9.129657548298292236e-01 2.884144971188624140e+02 7.853981633974492782e-01
7.231821870789887363e-01 2.892636119842339326e+02 7.853981633974492782e-01
2.815121526597843982e+00 2.906496802217889694e+02 7.853981633974492782e-01
1.258422264812244507e+00 2.910348877204132236e+02 7.853981633974492782e-01
1.049981946091427476e+00 2.924456747063105695e+02 7.853981633974492782e-01
1.641323797435949139e+00 2.937615772513628940e+02 7.853981633974492782e-01
9.770886914901785181e-01 2.944244066159300814e+02 7.853981633974492782e-01
7.831917475190840472e-01 2.953947811085910189e+02 7.853981633974492782e-01
1.893349364165625603e+00 2.968728936605058379e+02 7.853981633974492782e-01
1.788498045004602632e+00 2.971760815636297366e+02 7.853981633974492782e-01
1.076472515492505888e+00 2.986458999060043311e+02 7.853981633974492782e-01
1.391134153441717203e+00 2.999539359276845403e+02 7.853981633974492782e-01
1.126223051601125791e+00 3.005447924542567648e+02 7.853981633974492782e-01
8.316789825097076205e-01 3.015762747856635428e+02 7.853981633974492782e-01
1.341085354960972253e+00 3.030695010090214510e+02 7.853981633974492782e-01
2.282091801254158892e+00 3.033882007765164417e+02 7.853981633974492782e-01
1.040109764436343065e+00 3.048606376670422264e+02 7.853981633974492782e-01
1.175245310768824547e+00 3.061213963323331200e+02 7.853981633974492782e-01
1.357951605775036708e+00 3.067041662155574500e+02 7.853981633974492782e-01
9.032148665066805915e-01 3.077616308944137131e+02 7.853981633974492782e-01
9.025485649081438355e-01 3.091844886539595336e+02 7.853981633974492782e-01
2.920485104800463638e+00 3.096149635914761120e+02 7.853981633974492782e-01
9.277275713224208964e-01 3.110295489223402114e+02 7.853981633974492782e-01
9.516324804114265623e-01 3.121907693449345516e+02 7.853981633974492782e-01
1.764525770274886884e+00 3.128679222111600211e+02 7.853981633974492782e-01
9.909831619535729441e-01 3.139197288711095553e+02 7.853981633974492782e-01
5.936655484815829276e-01 3.150169246070311146e+02 7.853981633974492782e-01
3.778753663241378735e+00 3.158425569125113270e+02 7.853981633974492782e-01
6.996618964636668325e-01 3.168938585330903379e+02 7.853981633974492782e-01
8.234933494889634664e-01 3.179805861753906129e+02 7.853981633974492782e-01
2.047599326448889201e+00 3.190292492010665910e+02 7.853981633974492782e-01
9.363133011540223372e-01 3.199455648057462440e+02 7.853981633974492782e-01
6.940275101945361236e-01 3.207549448794500222e+02 7.853981633974492782e-01
3.234909754174312368e+00 3.220799516628620722e+02 7.853981633974492782e-01
1.088981388535892547e+00 3.225312817988083225e+02 7.853981633974492782e-01
1.025984449875814830e+00 3.239011758978745661e+02 7.853981633974492782e-01
1.745648328223369461e+00 3.252058812352711925e+02 7.853981633974492782e-01
9.487580676066945662e-01 3.259079628462399683e+02 7.853981633974492782e-01
7.791931356385686236e-01 3.268432071422010949e+02 7.853981633974492782e-01
2.107403475273122329e+00 3.283069252569990795e+02 7.853981633974492782e-01
1.673115698150720476e+00 3.286170138126234406e+02 7.853981633974492782e-01
1.092661211026984436e+00 3.300825918997622352e+02 7.853981633974492782e-01
1.485536138676983420e+00 3.314029993930705018e+02 7.853981633974492782e-01
1.075512852853188095e+00 3.320096663542361171e+02 7.853981633974492782e-01
8.267787477210332137e-01 3.330218175864534942e+02 7.853981633974492782e-01
1.498736927216208992e+00 3.345157932923141857e+02 7.853981633974492782e-01
2.160018108263803693e+00 3.348207933007047927e+02 7.853981633974492782e-01
1.074849354235470678e+00 3.363021057415518271e+02 7.853981633974492782e-01
1.267967155627532483e+00 3.375883874803219555e+02 7.853981633974492782e-01
1.265312630103603286e+00 3.381650110054858942e+02 7.853981633974492782e-01
8.849429944171188778e-01 3.392140405455917858e+02 7.853981633974492782e-01
1.050639414268246252e+00 3.406741650670398940e+02 7.853981633974492782e-01
2.708000751243558213e+00 3.410486047653727155e+02 7.853981633974492782e-01
9.931665684800431437e-01 3.425002674786684338e+02 7.853981633974492782e-01
1.043530576042829727e+00 3.437092594377034516e+02 7.853981633974492782e-01
1.593554816319249445e+00 3.443296363823034199e+02 7.853981633974492782e-01
9.698817836015281024e-01 3.453894500790308939e+02 7.853981633974492782e-01
6.701239621955989989e-01 3.466454001415111179e+02 7.853981633974492782e-01
3.508020077579261375e+00 3.472776671674683371e+02 7.853981633974492782e-01
7.758129769861543679e-01 3.485349160499733898e+02 7.853981633974492782e-01
8.332674633154427690e-01 3.496086026760929144e+02 7.853981633974492782e-01
2.072265009817562564e+00 3.504853830689165193e+02 7.853981633974492782e-01
9.867330358113179933e-01 3.514744235501141247e+02 7.853981633974492782e-01
6.580207177587991119e-01 3.522715683919673211e+02 7.853981633974492782e-01
3.678963299925495090e+00 3.535077323773508056e+02 7.853981633974492782e-01
9.356329282612004805e-01 3.540554030487121508e+02 7.853981633974492782e-01
9.917409825623375585e-01 3.553682053950618069e+02 7.853981633974492782e-01
1.860766893334373062e+00 3.566487897263644413e+02 7.853981633974492782e-01
9.348639400618613537e-01 3.573967447256854939e+02 7.853981633974492782e-01
7.844610828251215029e-01 3.582868292778045429e+02 7.853981633974492782e-01
2.326273517175835970e+00 3.597360598236219857e+02 7.853981633974492782e-01
1.595587406999517732e+00 3.600544728287703720e+02 7.853981633974492782e-01
1.118553997569843972e+00 3.615173977699649299e+02 7.853981633974492782e-01
1.604578721237048144e+00 3.628502806086982559e+02 7.853981633974492782e-01
1.041439796445156052e+00 3.634787283840856844e+02 7.853981633974492782e-01
8.427957702769997006e-01 3.644603837977866760e+02 7.853981633974492782e-01
1.644588831699052456e+00 3.659507566521181730e+02 7.853981633974492782e-01
2.124534922126966929e+00 3.662465100788303971e+02 7.853981633974492782e-01
1.130486348463640045e+00 3.677408422997433490e+02 7.853981633974492782e-01
1.400615479787037820e+00 3.690564301911654752e+02 7.853981633974492782e-01
1.187677865472562155e+00 3.696369859774944757e+02 7.853981633974492782e-01
8.885859461087053379e-01 3.706661490452087264e+02 7.853981633974492782e-01
1.215629742434893412e+00 3.721429633751326946e+02 7.853981633974492782e-01
2.585809280394891996e+00 3.724794433829878244e+02 7.853981633974492782e-01
1.071408867735274884e+00 3.739618495867125603e+02 7.853981633974492782e-01
1.176207571348378833e+00 3.752215042405598524e+02 7.853981633974492782e-01
1.429034853571780950e+00 3.758036588115223253e+02 7.853981633974492782e-01
9.504630001473715062e-01 3.768602572982456422e+02 7.853981633974492782e-01
8.208675101829912002e-01 3.782318180559720417e+02 7.853981633974492782e-01
3.208509978977154287e+00 3.787150010404972136e+02 7.853981633974492782e-01
9.027526468085800282e-01 3.801040961712619719e+02 7.853981633974492782e-01
9.175294836909028140e-01 3.812376368581799966e+02 7.853981633974492782e-01
1.902606408785298742e+00 3.819563521899180500e+02 7.853981633974492782e-01
1.016526864946511788e+00 3.829981282973654402e+02 7.853981633974492782e-01
5.913800904362686017e-01 3.839458505291752886e+02 7.853981633974492782e-01
3.956479016862226139e+00 3.849433064561067681e+02 7.853981633974492782e-01
7.224658220551858356e-01 3.857809707598158866e+02 7.853981633974492782e-01
8.719818305088066213e-01 3.869427003552877409e+02 7.853981633974492782e-01
1.972804954024644175e+00 3.881116595032372061e+02 7.853981633974492782e-01
9.146474958425648838e-01 3.889580235778643669e+02 7.853981633974492782e-01
7.214599998032167338e-01 3.898011807164467655e+02 7.853981633974492782e-01
2.858482608905810185e+00 3.911822061525754748e+02 7.853981633974492782e-01
1.242432639237644132e+00 3.915726271770551534e+02 7.853981633974492782e-01
1.049483850745462687e+00 3.929802929401886900e+02 7.853981633974492782e-01
1.654944647086453946e+00 3.942959467627216554e+02 7.853981633974492782e-01
9.740149156705404376e-01 3.949628271518671454e+02 7.853981633974492782e-01
7.841220582512136161e-01 3.959289157669113592e+02 7.853981633974492782e-01
1.915794811683767529e+00 3.974057792543055143e+02 7.853981633974492782e-01
1.780135863720202716e+00 3.977091154353461775e+02 7.853981633974492782e-01
1.080603161184881200e+00 3.991793019326863714e+02 7.853981633974492782e-01
1.404765288495581910e+00 4.004896008879554756e+02 7.853981633974492782e-01
1.119782035348931393e+00 4.010820338570715649e+02 7.853981633974492782e-01
8.321005579853210099e-01 4.021109780164605922e+02 7.853981633974492782e-01
1.360469696110764959e+00 4.036044290575319451e+02 7.853981633974492782e-01
2.270318896023017174e+00 4.039209646005385252e+02 7.853981633974492782e-01
1.046346202142002912e+00 4.053952788028298642e+02 7.853981633974492782e-01
1.188644563134020560e+00 4.066600793807469927e+02 7.853981633974492782e-01
1.344906688395497874e+00 4.072411928387843432e+02 7.853981633974492782e-01
9.013701282039283669e-01 4.082977023479221543e+02 7.853981633974492782e-01
9.215473940755181115e-01 4.097264314757651960e+02 7.853981633974492782e-01
2.893807596278953120e+00 4.101481709099795125e+02 7.853981633974492782e-01
9.379145924553804470e-01 4.115690996368766150e+02 7.853981633974492782e-01
9.637098415342607582e-01 4.127371929153654833e+02 7.853981633974492782e-01
1.741592817216709665e+00 4.134049100296684287e+02 7.853981633974492782e-01
9.895379661759087231e-01 4.144585143590699658e+02 7.853981633974492782e-01
5.997725421639489296e-01 4.155779852235950216e+02 7.853981633974492782e-01
3.752419603836092410e+00 4.163758933232557524e+02 7.853981633974492782e-01
7.050360663288162133e-01 4.174591737924453128e+02 7.853981633974492782e-01
8.211161899826032728e-01 4.185387587685547146e+02 7.853981633974492782e-01
2.061958711668248956e+00 4.195652846096422763e+02 7.853981633974492782e-01
9.437700997820603899e-01 4.204921669686683003e+02 7.853981633974492782e-01
6.940410450823163435e-01 4.212931276198327737e+02 7.853981633974492782e-01
3.291821834251010159e+00 4.226120184209155468e+02 7.853981633974492782e-01
1.079450678109791451e+00 4.230692468120854528e+02 7.853981633974492782e-01
1.028844749419713267e+00 4.244360691135577213e+02 7.853981633974492782e-01
1.769914943975179344e+00 4.257406454933681061e+02 7.853981633974492782e-01
9.496198177640885474e-01 4.264480219552758626e+02 7.853981633974492782e-01
7.874865131184688449e-01 4.273743034357448209e+02 7.853981633974492782e-01
2.126751331857225757e+00 4.288381122298927721e+02 7.853981633974492782e-01
1.689938451265651675e+00 4.291464755200068453e+02 7.853981633974492782e-01
1.107589103046962897e+00 4.306157176642414015e+02 7.853981633974492782e-01
1.518325231351368210e+00 4.319413919126185419e+02 7.853981633974492782e-01
1.071570096317751020e+00 4.325515462564265476e+02 7.853981633974492782e-01
8.370305396605117743e-01 4.335559281898272275e+02 7.853981633974492782e-01
1.522441576623767112e+00 4.350488196071223683e+02 7.853981633974492782e-01
2.180817234235029822e+00 4.353513822225107219e+02 7.853981633974492782e-01
1.095477871712982942e+00 4.368384778723409454e+02 7.853981633974492782e-01
1.305345923462380320e+00 4.381339989693042298e+02 7.853981633974492782e-01
1.247418825482632387e+00 4.387097947571554641e+02 7.853981633974492782e-01
8.899299498966860567e-01 4.397539937241428447e+02 7.853981633974492782e-01
1.087611246049497771e+00 4.412176508809797610e+02 7.853981633974492782e-01
2.695769668675620068e+00 4.415822855086933600e+02 7.853981633974492782e-01
1.016558107259506682e+00 4.430437467405990333e+02 7.853981633974492782e-01
1.076688304922378547e+00 4.442664868795977782e+02 7.853981633974492782e-01
1.554302796423524757e+00 4.448742045241592109e+02 7.853981633974492782e-01
9.685295812630640988e-01 4.459343233651487139e+02 7.853981633974492782e-01
6.996002937036778224e-01 4.472197370081239001e+02 7.853981633974492782e-01
3.452866185817412337e+00 4.478131482750574150e+02 7.853981633974492782e-01
8.043556384943161275e-01 4.491078751643026976e+02 7.853981633974492782e-01
8.470668555320133297e-01 4.501905048271403302e+02 7.853981633974492782e-01
2.054954191491324966e+00 4.510271738335963505e+02 7.853981633974492782e-01
9.983686532673075043e-01 4.520309173308593245e+02 7.853981633974492782e-01
6.435505308057094531e-01 4.528408055065967801e+02 7.853981633974492782e-01
3.779510714293425888e+00 4.540420923841514309e+02 7.853981633974492782e-01
8.881981026073493268e-01 4.546293236859351055e+02 7.853981633974492782e-01
9.726190332236823721e-01 4.559191533823239411e+02 7.853981633974492782e-01
1.880587696101634565e+00 4.571870739743905574e+02 7.853981633974492782e-01
9.289067973632239017e-01 4.579495024644039063e+02 7.853981633974492782e-01
7.754947160638727688e-01 4.588311841916767548e+02 7.853981633974492782e-01
2.404661658058321994e+00 4.602723817029490760e+02 7.853981633974492782e-01
1.538413308451106909e+00 4.605985927840264935e+02 7.853981633974492782e-01
1.109382851121531788e+00 4.620545914846055098e+02 7.853981633974492782e-01
1.612958806837820891e+00 4.633857631197404316e+02 7.853981633974492782e-01
1.030790531095274742e+00 4.640193943666079690e+02 7.853981633974492782e-01
8.345463836225966991e-01 4.649985220063514362e+02 7.853981633974492782e-01
1.683662639967316244e+00 4.664881262498653314e+02 7.853981633974492782e-01
2.072977485457301317e+00 4.667835629652246325e+02 7.853981633974492782e-01
1.125100993005305750e+00 4.682751744085579730e+02 7.853981633974492782e-01
1.404500141389251500e+00 4.695908156492916987e+02 7.853981633974492782e-01
1.176724022225207111e+00 4.701730929550080873e+02 7.853981633974492782e-01
8.811254198081331923e-01 4.712015845731375521e+02 7.853981633974492782e-01
1.239144427827265638e+00 4.726817307367248304e+02 7.853981633974492782e-01
2.539380444429907957e+00 4.730139903875705727e+02 7.853981633974492782e-01
1.071241818173640725e+00 4.744964893773093877e+02 7.853981633974492782e-01
1.183408845179111601e+00 4.757587048742648790e+02 7.853981633974492782e-01
1.412198790144628902e+00 4.763397283678169742e+02 7.853981633974492782e-01
9.434753234664283728e-01 4.773959148231162999e+02 7.853981633974492782e-01
8.402857016045692795e-01 4.787792139890284489e+02 7.853981633974492782e-01
3.156081781949497067e+00 4.792489424189852230e+02 7.853981633974492782e-01
9.136380547413258668e-01 4.806469988036716927e+02 7.853981633974492782e-01
9.285584649593400242e-01 4.817885609912294740e+02 7.853981633974492782e-01
1.871030986233183091e+00 4.824942637229834759e+02 7.853981633974492782e-01
1.014244502535687209e+00 4.835394270734882411e+02 7.853981633974492782e-01
5.883432311723387764e-01 4.845195656402191844e+02 7.853981633974492782e-01
3.939824481052581984e+00 4.854773271537505366e+02 7.853981633974492782e-01
7.091860738731096125e-01 4.863655827145751687e+02 7.853981633974492782e-01
8.577691295413552020e-01 4.875059108413339573e+02 7.853981633974492782e-01
1.994088951621863615e+00 4.886502191981247734e+02 7.853981633974492782e-01
9.179736744909876567e-01 4.895131277896041979e+02 7.853981633974492782e-01
7.159797125905436044e-01 4.903466966601429817e+02 7.853981633974492782e-01
2.944418303155353023e+00 4.917163425395181662e+02 7.853981633974492782e-01
1.206489385215825161e+00 4.921189318370310843e+02 7.853981633974492782e-01
1.045305599154125797e+00 4.935189817757018318e+02 7.853981633974492782e-01
1.676819922684261499e+00 4.948329911580793805e+02 7.853981633974492782e-01
9.674080642583446910e-01 4.955077219654603482e+02 7.853981633974492782e-01
7.831899017349370773e-01 4.964667490464977959e+02 7.853981633974492782e-01
1.960016612310154782e+00 4.979407826318027332e+02 7.853981633974492782e-01
1.755195013481053001e+00 4.982452330196247203e+02 7.853981633974492782e-01
1.084204587554413735e+00 4.997147082795632969e+02 7.853981633974492782e-01
1.424491009883514847e+00 5.010278257176435659e+02 7.853981633974492782e-01
1.108270492135492447e+00 5.016232834933517779e+02 7.853981633974492782e-01
8.306016774673541381e-01 5.026484287022656190e+02 7.853981633974492782e-01
1.394048045272652026e+00 5.041423849462345288e+02 7.853981633974492782e-01
2.242153030927896751e+00 5.044555745960255422e+02 7.853981633974492782e-01
1.053709080089449079e+00 5.059319189819219673e+02 7.853981633974492782e-01
1.207899528572099479e+00 5.072023337729244759e+02 7.853981633974492782e-01
1.324041957984468887e+00 5.077815790276210919e+02 7.853981633974492782e-01
8.969355608929328039e-01 5.088365834391602789e+02 7.853981633974492782e-01
9.526852921826813869e-01 5.102745779538735178e+02 7.853981633974492782e-01
2.845319906110416852e+00 5.106829821892309269e+02 7.853981633974492782e-01
9.524947794539389001e-01 5.121128022521824050e+02 7.853981633974492782e-01
9.826641356148022588e-01 5.132914653556345002e+02 7.853981633974492782e-01
1.703859557892950516e+00 5.139455549996152968e+02 7.853981633974492782e-01
9.855121690725651140e-01 5.150014790258055655e+02 7.853981633974492782e-01
6.123885855690736069e-01 5.161575184276515529e+02 7.853981633974492782e-01
3.698837667440421750e+00 5.169109061859730900e+02 7.853981633974492782e-01
7.175557113201695980e-01 5.180439799516200310e+02 7.853981633974492782e-01
8.194100786245690493e-01 5.191155476795594268e+02 7.853981633974492782e-01
2.078319710772722928e+00 5.201046393879354355e+02 7.853981633974492782e-01
9.556098610166714469e-01 5.210483002674093314e+02 7.853981633974492782e-01
6.907405911576405266e-01 5.218393287156909537e+02 7.853981633974492782e-01
3.387114038730901555e+00 5.231451057921353822e+02 7.853981633974492782e-01
1.056165548918211572e+00 5.236157216253467368e+02 7.853981633974492782e-01
1.028614652201312651e+00 5.249748836483950072e+02 7.853981633974492782e-01
1.803158260213925335e+00 5.262774019763477327e+02 7.853981633974492782e-01
9.493957874672079855e-01 5.269935882530326126e+02 7.853981633974492782e-01
7.965424794026326749e-01 5.279071847845714274e+02 7.853981633974492782e-01
2.160833711282674763e+00 5.293702137569316619e+02 7.853981633974492782e-01
1.702503947897669123e+00 5.296771874766548081e+02 7.853981633974492782e-01
1.125193445232273159e+00 5.311501551780494310e+02 7.853981633974492782e-01
1.562313749634000715e+00 5.324821502673081568e+02 7.853981633974492782e-01
1.065500780695131100e+00 5.330978314022884206e+02 7.853981633974492782e-01
8.500944095470894801e-01 5.340911559449568813e+02 7.853981633974492782e-01
1.554744573636955840e+00 5.355826536656874168e+02 7.853981633974492782e-01
2.205811729253506659e+00 5.358820548650340925e+02 7.853981633974492782e-01
1.122505077509119431e+00 5.373764409941489930e+02 7.853981633974492782e-01
1.357618073510603374e+00 5.386840293809714240e+02 7.853981633974492782e-01
1.223379849308068756e+00 5.392603322376040751e+02 7.853981633974492782e-01
8.969644815038698704e-01 5.402967430437655594e+02 7.853981633974492782e-01
1.139021957586585643e+00 5.417644557605703994e+02 7.853981633974492782e-01
2.679777202046063067e+00 5.421168717281386762e+02 7.853981633974492782e-01
1.048559962622643615e+00 5.435906884003503592e+02 7.853981633974492782e-01
1.125777077660652159e+00 5.448322654539121004e+02 7.853981633974492782e-01
1.499180321561871976e+00 5.454252875438240835e+02 7.853981633974492782e-01
9.654947466844093773e-01 5.464843753601269327e+02 7.853981633974492782e-01
7.478439436325320377e-01 5.478081131669191564e+02 7.853981633974492782e-01
3.367632826488421660e+00 5.483507796689521001e+02 7.853981633974492782e-01
8.482248748115572834e-01 5.496921051229561499e+02 7.853981633974492782e-01
8.737068178643216942e-01 5.507937019021806009e+02 7.853981633974492782e-01
2.007634036164668068e+00 5.515755854918635350e+02 7.853981633974492782e-01
1.011734652976948423e+00 5.525982380208984068e+02 7.853981633974492782e-01
6.190265651031739980e-01 5.534468084464535877e+02 7.853981633974492782e-01
3.901950657469838823e+00 5.545789548797254156e+02 7.853981633974492782e-01
8.118617674664511119e-01 5.552479544576411854e+02 7.853981633974492782e-01
9.343074113860005969e-01 5.564924119695467652e+02 7.853981633974492782e-01
1.909679280353986597e+00 5.577315730424875255e+02 7.853981633974492782e-01
9.186683517818541311e-01 5.585219901970399405e+02 7.853981633974492782e-01
7.533704136913845772e-01 5.593915552074730613e+02 7.853981633974492782e-01
2.560412775379020900e+00 5.608134398029641261e+02 7.853981633974492782e-01
1.418860527870465571e+00 5.611599068099206988e+02 7.853981633974492782e-01
1.083527747720090639e+00 5.625987806272671605e+02 7.853981633974492782e-01
1.616029500226107585e+00 5.639238088096592492e+02 7.853981633974492782e-01
1.009000946962254064e+00 5.645671243082499586e+02 7.853981633974492782e-01
8.112546370372317739e-01 5.655451396415639920e+02 7.853981633974492782e-01
1.760436335728223112e+00 5.670319098800395068e+02 7.853981633974492782e-01
1.950753087978658318e+00 5.673292664236134897e+02 7.853981633974492782e-01
1.101772876553014147e+00 5.688115584773883029e+02 7.853981633974492782e-01
1.390538412775750077e+00 5.701226159824823299e+02 7.853981633974492782e-01
1.159548526824010217e+00 5.707076105082755930e+02 7.853981633974492782e-01
8.598540808098290578e-01 5.717387959795067900e+02 7.853981633974492782e-01
1.271631747515208355e+00 5.732251277500880633e+02 7.853981633974492782e-01
2.435354006174008212e+00 5.735522568332387436e+02 7.853981633974492782e-01
1.055550026302803257e+00 5.750298209129672387e+02 7.853981633974492782e-01
1.173997491479272348e+00 5.762895572906817279e+02 7.853981633974492782e-01
1.396217926815016774e+00 5.768721819249877854e+02 7.853981633974492782e-01
9.278475966621161364e-01 5.779292670843694850e+02 7.853981633974492782e-01
8.574410250231393471e-01 5.793266574043617538e+02 7.853981633974492782e-01
3.070987697340107125e+00 5.797837633004750160e+02 7.853981633974492782e-01
9.160909688534043527e-01 5.811864601850905956e+02 7.853981633974492782e-01
9.336802338726037931e-01 5.823335927031730535e+02 7.853981633974492782e-01
1.836128834676209465e+00 5.830310243339691851e+02 7.853981633974492782e-01
1.005842927041856294e+00 5.840783131063047904e+02 7.853981633974492782e-01
5.865197088186848706e-01 5.850978820386404777e+02 7.853981633974492782e-01
3.890243914224042587e+00 5.860119149303826589e+02 7.853981633974492782e-01
6.996498673551059255e-01 5.869560324211539637e+02 7.853981633974492782e-01
8.428325637140525739e-01 5.880751378319098421e+02 7.853981633974492782e-01
2.011013690183316438e+00 5.891895872637027196e+02 7.853981633974492782e-01
9.215790401815032729e-01 5.900706534603594946e+02 7.853981633974492782e-01
7.062671554787833816e-01 5.908972799975466614e+02 7.853981633974492782e-01
3.043034694255519756e+00 5.922511022657805597e+02 7.853981633974492782e-01
1.158342425683155819e+00 5.926712442711626636e+02 7.853981633974492782e-01
1.035281740395815220e+00 5.940599704855063692e+02 7.853981633974492782e-01
1.693948651924189308e+00 5.953701672732802308e+02 7.853981633974492782e-01
9.584998734122940345e-01 5.960538645932610962e+02 7.853981633974492782e-01
7.771091688923581486e-01 5.970072271895041922e+02 7.853981633974492782e-01
2.012820741688273074e+00 5.984770214954839957e+02 7.853981633974492782e-01
1.710535741817021060e+00 5.987844512714866596e+02 7.853981633974492782e-01
1.080316746283100926e+00 6.002504844573132914e+02 7.853981633974492782e-01
1.434596364980658789e+00 6.015640933878344185e+02 7.853981633974492782e-01
1.096088474585001915e+00 6.021626865460243607e+02 7.853981633974492782e-01
8.240664986621809573e-01 6.031858910222802024e+02 7.853981633974492782e-01
1.426179069677119937e+00 6.046806404582382584e+02 7.853981633974492782e-01
2.197407138088833811e+00 6.049913196537555677e+02 7.853981633974492782e-01
1.053065466880617640e+00 6.064670655511042696e+02 7.853981633974492782e-01
1.216483209041466562e+00 6.077398788559225977e+02 7.853981633974492782e-01
1.307366795071809529e+00 6.083187556453110574e+02 7.853981633974492782e-01
8.896477514325805691e-01 6.093731342698378057e+02 7.853981633974492782e-01
9.770571354456865087e-01 6.108190404165216023e+02 7.853981633974492782e-01
2.792803052504287731e+00 6.112175352856144173e+02 7.853981633974492782e-01
9.594824541007538343e-01 6.126521528159114496e+02 7.853981633974492782e-01
9.943798015199989404e-01 6.138376316418901979e+02 7.853981633974492782e-01
1.673933695488884155e+00 6.144834692767574325e+02 7.853981633974492782e-01
9.793468728542483737e-01 6.155406509955695356e+02 7.853981633974492782e-01
6.243015930006663439e-01 6.167263099122291123e+02 7.853981633974492782e-01
3.641441576135959757e+00 6.174453308146880772e+02 7.853981633974492782e-01
7.298008120836788626e-01 6.186150554904039609e+02 7.853981633974492782e-01
8.196153508623859052e-01 6.196836614348187595e+02 7.853981633974492782e-01
2.081439199933836193e+00 6.206425544222081498e+02 7.853981633974492782e-01
9.634825249685093906e-01 6.215991268478451275e+02 7.853981633974492782e-01
6.826185893440981367e-01 6.223889320738659308e+02 7.853981633974492782e-01
3.466930150522120613e+00 6.236784078511595908e+02 7.853981633974492782e-01
1.023973090765904370e+00 6.241669549209577781e+02 7.853981633974492782e-01
1.020072785785079539e+00 6.255151446426996245e+02 7.853981633974492782e-01
1.819057022836611859e+00 6.268129092701528862e+02 7.853981633974492782e-01
9.454306143206372415e-01 6.275370225269759885e+02 7.853981633974492782e-01
7.942189668187364937e-01 6.284442978497786498e+02 7.853981633974492782e-01
2.201725843145503347e+00 6.299042153238887067e+02 7.853981633974492782e-01
1.677279446233778781e+00 6.302135041490954563e+02 7.853981633974492782e-01
1.124883526795424027e+00 6.316844623363180062e+02 7.853981633974492782e-01
1.575330084661850760e+00 6.330171860159413200e+02 7.853981633974492782e-01
1.059114534074777181e+00 6.336361994378305553e+02 7.853981633974492782e-01
8.491445889624180676e-01 6.346260492252500853e+02 7.853981633974492782e-01
1.578214299759093775e+00 6.361173205684983714e+02 7.853981633974492782e-01
2.187588059283327890e+00 6.364154781608447138e+02 7.853981633974492782e-01
1.126352171204552777e+00 6.379104083080638929e+02 7.853981633974492782e-01
1.371632369779029359e+00 6.392208182057396471e+02 7.853981633974492782e-01
1.212826031865538834e+00 6.397981182283151611e+02 7.853981633974492782e-01
8.953246219275234896e-01 6.408322611717809423e+02 7.853981633974492782e-01
1.161062487070694260e+00 6.423026902281684443e+02 7.853981633974492782e-01
2.655277363906426213e+00 6.426501633097468584e+02 7.853981633974492782e-01
1.056543387835898073e+00 6.441270594855112677e+02 7.853981633974492782e-01
1.141557914503719351e+00 6.453745003397249320e+02 7.853981633974492782e-01
1.477633515860250935e+00 6.459636174776823054e+02 7.853981633974492782e-01
9.615226711955046079e-01 6.470220813842194048e+02 7.853981633974492782e-01
7.687027591583101005e-01 6.483610430852033915e+02 7.853981633974492782e-01
3.321866171170380966e+00 6.488847202219537849e+02 7.853981633974492782e-01
8.650709694880016620e-01 6.502419893796389943e+02 7.853981633974492782e-01
8.858017063962363435e-01 6.513526681818244697e+02 7.853981633974492782e-01
1.979287662344160870e+00 6.521142832289775697e+02 7.853981633974492782e-01
1.014467331139830453e+00 6.531435088360886994e+02 7.853981633974492782e-01
6.084731529244281623e-01 6.540177348649904161e+02 7.853981633974492782e-01
3.933727885431995031e+00 6.551128534753353279e+02 7.853981633974492782e-01
7.795890861167668051e-01 6.558274850790841128e+02 7.853981633974492782e-01
9.146820155222099569e-01 6.570480225566725494e+02 7.853981633974492782e-01
1.923801054358962093e+00 6.582696926818985048e+02 7.853981633974492782e-01
9.147336189144715801e-01 6.590752799147146561e+02 7.853981633974492782e-01
7.413813793900385640e-01 6.599392228752950587e+02 7.853981633974492782e-01
2.644188808035047966e+00 6.613493206067777237e+02 7.853981633974492782e-01
1.357978496106015509e+00 6.617085478571839303e+02 7.853981633974492782e-01
1.069334418975711687e+00 6.631374834992689102e+02 7.853981633974492782e-01
1.618140915399399082e+00 6.644588300469118849e+02 7.853981633974492782e-01
9.972647422877387591e-01 6.651078333561466707e+02 7.853981633974492782e-01
7.986353610008171122e-01 6.660852000093328797e+02 7.853981633974492782e-01
1.803011490242147463e+00 6.675694838951473002e+02 7.853981633974492782e-01
1.885811034731141200e+00 6.678688243819765376e+02 7.853981633974492782e-01
1.088509316147386441e+00 6.693456771312526143e+02 7.853981633974492782e-01
1.382402809492687235e+00 6.706540432550847299e+02 7.853981633974492782e-01
1.149775983495993970e+00 6.712405947474381946e+02 7.853981633974492782e-01
8.478301990986611969e-01 6.722733802432787797e+02 7.853981633974492782e-01
1.289093367446079608e+00 6.737626567297240854e+02 7.853981633974492782e-01
2.378018265400354103e+00 6.740874433546935052e+02 7.853981633974492782e-01
1.045596035337394314e+00 6.755618029733092271e+02 7.853981633974492782e-01
1.166970285627277004e+00 6.768196039345937152e+02 7.853981633974492782e-01
1.388218016240657660e+00 6.774033944058397765e+02 7.853981633974492782e-01
9.188453301821387642e-01 6.784611085310489216e+02 7.853981633974492782e-01
8.654358459481383825e-01 6.798655256577358159e+02 7.853981633974492782e-01
3.024491706893389864e+00 6.803167880094149496e+02 7.853981633974492782e-01
9.153800169267117814e-01 6.817207443499696637e+02 7.853981633974492782e-01
9.347632933445466641e-01 6.828699381428198194e+02 7.853981633974492782e-01
1.819202875182275303e+00 6.835644496643897128e+02 7.853981633974492782e-01
1.000518060131444287e+00 6.846124804516839504e+02 7.853981633974492782e-01
5.864682272410240982e-01 6.856517204791523454e+02 7.853981633974492782e-01
3.858588126137556529e+00 6.865447120199648907e+02 7.853981633974492782e-01
6.970813357458979231e-01 6.875152316878837837e+02 7.853981633974492782e-01
8.363858560647100537e-01 6.886253041153819368e+02 7.853981633974492782e-01
2.017475893409030885e+00 6.897246023392328880e+02 7.853981633974492782e-01
9.235443152428304270e-01 6.906143033131979792e+02 7.853981633974492782e-01
7.009329939444807200e-01 6.914385801894525230e+02 7.853981633974492782e-01
3.090931712297578127e+00 6.927838934469782544e+02 7.853981633974492782e-01
1.134221505718804757e+00 6.932135977960793980e+02 7.853981633974492782e-01
1.029489832191057497e+00 6.945961915207979018e+02 7.853981633974492782e-01
1.701207909295346488e+00 6.959040910202849091e+02 7.853981633974492782e-01
9.540154773396292143e-01 6.965922883517774835e+02 7.853981633974492782e-01
7.733465096545117934e-01 6.975432234471389847e+02 7.853981633974492782e-01
2.039447476082882016e+00 6.990106329613792013e+02 7.853981633974492782e-01
1.686254527094470435e+00 6.993199611504028326e+02 7.853981633974492782e-01
1.077104279485091576e+00 7.007838282226891806e+02 7.853981633974492782e-01
1.437609774298014731e+00 7.020972285255647876e+02 7.853981633974492782e-01
1.090212327697175798e+00 7.026973364505139443e+02 7.853981633974492782e-01
8.200451278765733543e-01 7.037199836286541768e+02 7.853981633974492782e-01
1.441165473496334393e+00 7.052150673811252091e+02 7.853981633974492782e-01
2.173313641930153750e+00 7.055247971531267694e+02 7.853981633974492782e-01
1.051174337393925295e+00 7.069997344563392971e+02 7.853981633974492782e-01
1.218368672271801678e+00 7.082730426821799483e+02 7.853981633974492782e-01
1.300321588446585297e+00 7.088520054045333154e+02 7.853981633974492782e-01
8.856385710391714294e-01 7.099062933715180179e+02 7.853981633974492782e-01
9.871511161300035031e-01 7.113556156397460200e+02 7.853981633974492782e-01
2.767334739477154582e+00 7.117501516197928595e+02 7.853981633974492782e-01
9.611190379966125796e-01 7.131861824216753121e+02 7.853981633974492782e-01
9.982356492084420996e-01 7.143740375537663567e+02 7.853981633974492782e-01
1.661679871248298079e+00 7.150170865922704024e+02 7.853981633974492782e-01
9.760347503280522030e-01 7.160746743700681236e+02 7.853981633974492782e-01
6.296607513495796615e-01 7.172725709916081769e+02 7.853981633974492782e-01
3.614127965837746537e+00 7.179777869647485886e+02 7.853981633974492782e-01
7.352311369131635521e-01 7.191616818400943885e+02 7.853981633974492782e-01
8.200961209201604873e-01 7.202299248859542331e+02 7.853981633974492782e-01
2.079950199638163966e+00 7.211764716168034965e+02 7.853981633974492782e-01
9.662135924231353146e-01 7.221382185238691136e+02 7.853981633974492782e-01
6.778032012423204078e-01 7.229296095030111928e+02 7.853981633974492782e-01
3.500364076998127683e+00 7.242105117780379260e+02 7.853981633974492782e-01
1.007156412566564185e+00 7.247087746112330251e+02 7.853981633974492782e-01
1.014249880882205579e+00 7.260509670296781906e+02 7.853981633974492782e-01
1.822940942537676134e+00 7.273458341271331165e+02 7.853981633974492782e-01
9.426992888848121366e-01 7.280736203769284884e+02 7.853981633974492782e-01
7.905184862192589090e-01 7.289793088337437439e+02 7.853981633974492782e-01
2.223511838172312238e+00 7.304370687442893768e+02 7.853981633974492782e-01
1.656553230475375615e+00 7.307484526211599132e+02 7.853981633974492782e-01
1.120646195357305697e+00 7.322170910622941165e+02 7.853981633974492782e-01
1.574447249106859292e+00 7.335489232003392317e+02 7.853981633974492782e-01
1.055725095271371483e+00 7.341690181852992509e+02 7.853981633974492782e-01
8.451927622599312295e-01 7.351590601136604164e+02 7.853981633974492782e-01
1.588458737112625974e+00 7.366504367192936797e+02 7.853981633974492782e-01
2.167449550391173041e+00 7.369484514830492117e+02 7.853981633974492782e-01
1.122565125733238967e+00 7.384420120682107154e+02 7.853981633974492782e-01
1.368866993602098958e+00 7.397516267467124180e+02 7.853981633974492782e-01
1.210528426414185565e+00 7.403292745843849616e+02 7.853981633974492782e-01
8.920601325612660393e-01 7.413638966988319225e+02 7.853981633974492782e-01
1.165106470031106456e+00 7.428355728794132347e+02 7.853981633974492782e-01
2.639468913211285184e+00 7.431820828260366625e+02 7.853981633974492782e-01
1.054434816562593413e+00 7.446583578616294972e+02 7.853981633974492782e-01
1.140401845506531675e+00 7.459055285491058385e+02 7.853981633974492782e-01
1.475018778803751429e+00 7.464948433330627040e+02 7.853981633974492782e-01
9.592554386955478574e-01 7.475533939326375048e+02 7.853981633974492782e-01
7.710918230882164437e-01 7.488950409950385847e+02 7.853981633974492782e-01
3.308914828582323775e+00 7.494162305848620917e+02 7.853981633974492782e-01
8.661825938235138134e-01 7.507749854487134371e+02 7.853981633974492782e-01
8.867214545217905197e-01 7.518867190130573590e+02 7.853981633974492782e-01
1.973700486126293674e+00 7.526462603708650931e+02 7.853981633974492782e-01
1.013756656619115182e+00 7.536761885350330203e+02 7.853981633974492782e-01
6.064258051841265873e-01 7.545561837028724312e+02 7.853981633974492782e-01
3.933769055883986621e+00 7.556443813707822983e+02 7.853981633974492782e-01
7.738017423804780526e-01 7.563679190818945699e+02 7.853981633974492782e-01
9.105966997027500343e-01 7.575839130493326365e+02 7.853981633974492782e-01
1.924900143895669657e+00 7.588019814589183625e+02 7.853981633974492782e-01
9.136679545671811953e-01 7.596104156988709519e+02 7.853981633974492782e-01
7.380488180119685326e-01 7.604741090416786164e+02 7.853981633974492782e-01
2.660855633615169857e+00 7.618813454287731020e+02 7.853981633974492782e-01
1.343505695672509770e+00 7.622438050131174805e+02 7.853981633974492782e-01
1.065039480241129599e+00 7.636701755150115787e+02 7.853981633974492782e-01
1.616093854068535896e+00 7.649903286931302091e+02 7.853981633974492782e-01
9.944941979171655344e-01 7.656403428746233431e+02 7.853981633974492782e-01
7.946905657373196652e-01 7.666183273608930904e+02 7.853981633974492782e-01
1.811482795307565841e+00 7.681019516407033052e+02 7.853981633974492782e-01
1.868358436756998753e+00 7.684020471698717074e+02 7.853981633974492782e-01
1.083596535134758509e+00 7.698771154296408668e+02 7.853981633974492782e-01
1.377166072095310057e+00 7.711841591665217948e+02 7.853981633974492782e-01
1.148220945149663441e+00 7.717709230436705639e+02 7.853981633974492782e-01
8.441447565636304162e-01 7.728046840720734281e+02 7.853981633974492782e-01
1.290380079872461616e+00 7.742946576018790665e+02 7.853981633974492782e-01
2.363470343637622761e+00 7.746193365393609156e+02 7.853981633974492782e-01
1.041126396320452230e+00 7.760922456165629910e+02 7.853981633974492782e-01
1.161914280357763785e+00 7.773485243851552013e+02 7.853981633974492782e-01
1.388765496358082441e+00 7.779331354836510855e+02 7.853981633974492782e-01
9.165169473656565868e-01 7.789912168233607872e+02 7.853981633974492782e-01
8.638678253354487024e-01 7.803961866502061184e+02 7.853981633974492782e-01
3.016431172131162075e+00 7.808479020973994693e+02 7.853981633974492782e-01
9.126476550005845345e-01 7.822505265059079420e+02 7.853981633974492782e-01
9.324756162672306337e-01 7.833987450634524521e+02 7.853981633974492782e-01
1.819207345440149837e+00 7.840948236313120105e+02 7.853981633974492782e-01
9.989577606430882772e-01 7.851425192031643974e+02 7.853981633974492782e-01
5.860292608710898632e-01 7.861826473841285861e+02 7.853981633974492782e-01
3.852197408669466583e+00 7.870757320514236426e+02 7.853981633974492782e-01
6.967162202742751553e-01 7.880462899906304983e+02 7.853981633974492782e-01
8.358269349910352197e-01 7.891563995616733109e+02 7.853981633974492782e-01
2.015051196904404929e+00 7.902556039773779730e+02 7.853981633974492782e-01
9.227582338628903535e-01 7.911453221357326129e+02 7.853981633974492782e-01
6.991389167829357154e-01 7.919711887981491145e+02 7.853981633974492782e-01
3.092249918701677203e+00 7.933151183644890807e+02 7.853981633974492782e-01
1.129206415056888346e+00 7.937465832470060150e+02 7.853981633974492782e-01
1.026834720357752140e+00 7.951278760941106611e+02 7.853981633974492782e-01
1.697553970177046567e+00 7.964349377087012272e+02 7.853981633974492782e-01
9.526975818044605138e-01 7.971232371943742692e+02 7.853981633974492782e-01
7.704514738177429267e-01 7.980754503603700414e+02 7.853981633974492782e-01
2.041906402501374895e+00 7.995422109659006082e+02 7.853981633974492782e-01
1.676108052905216583e+00 7.998524517098701381e+02 7.853981633974492782e-01
1.072839550320273894e+00 8.013148853882096319e+02 7.853981633974492782e-01
1.431350688681220396e+00 8.026269667714086609e+02 7.853981633974492782e-01
1.089809181421523832e+00 8.032268633268803342e+02 7.853981633974492782e-01
8.170310863808578627e-01 8.042508425984078713e+02 7.853981633974492782e-01
1.439094020178063982e+00 8.057462209288690929e+02 7.853981633974492782e-01
2.163959366433898968e+00 8.060563367686952461e+02 7.853981633974492782e-01
1.046377820075789167e+00 8.075297884065643075e+02 7.853981633974492782e-01
1.211454490264160411e+00 8.088011841507997133e+02 7.853981633974492782e-01
1.302726401473896400e+00 8.093807777724441621e+02 7.853981633974492782e-01
8.838843359729393612e-01 8.104357427848652833e+02 7.853981633974492782e-01
9.820009384003320907e-01 8.118847226863158539e+02 7.853981633974492782e-01
2.764970584164125889e+00 8.122808793315878120e+02 7.853981633974492782e-01
9.566539675832861356e-01 8.137148412021665536e+02 7.853981633974492782e-01
9.931470936349616752e-01 8.149004051510373756e+02 7.853981633974492782e-01
1.666692184310281322e+00 8.155461486806378844e+02 7.853981633974492782e-01
9.752223789722522795e-01 8.166033904388226574e+02 7.853981633974492782e-01
6.268226818797528743e-01 8.177974487818656826e+02 7.853981633974492782e-01
3.616398237966959250e+00 8.185082645239134536e+02 7.853981633974492782e-01
7.322672873679986205e-01 8.196861077176422441e+02 7.853981633974492782e-01
8.192024630669824115e-01 8.207545675801005700e+02 7.853981633974492782e-01
2.077244838854856557e+00 8.217063379101049350e+02 7.853981633974492782e-01
9.639298442916853782e-01 8.226660163075968057e+02 7.853981633974492782e-01
6.773042474052743955e-01 8.234595509181589250e+02 7.853981633974492782e-01
3.488319743474402657e+00 8.247413612879643097e+02 7.853981633974492782e-01
1.007390331240274994e+00 8.252389964020463822e+02 7.853981633974492782e-01
1.012857860185765180e+00 8.265814268773046933e+02 7.853981633974492782e-01
1.816677655582302542e+00 8.278761385866907858e+02 7.853981633974492782e-01
9.417417339190048420e-01 8.286029841697919665e+02 7.853981633974492782e-01
7.873222060010316437e-01 8.295111673894676869e+02 7.853981633974492782e-01
2.222465941877829643e+00 8.309683912502455314e+02 7.853981633974492782e-01
1.647280653975165210e+00 8.312807586520116274e+02 7.853981633974492782e-01
1.115392983062092336e+00 8.327478504179224501e+02 7.853981633974492782e-01
1.564128301274069210e+00 8.340780453691490948e+02 7.853981633974492782e-01
1.055692118982566319e+00 8.346971629468588389e+02 7.853981633974492782e-01
8.407024845348058939e-01 8.356899211269706029e+02 7.853981633974492782e-01
1.585035494263367317e+00 8.371816350659369164e+02 7.853981633974492782e-01
2.154056358399381921e+00 8.374802859206400854e+02 7.853981633974492782e-01
1.114990181828850568e+00 8.389717102976786691e+02 7.853981633974492782e-01
1.355553820411966148e+00 8.402783468883977775e+02 7.853981633974492782e-01
1.214760333591107022e+00 8.408557417596945243e+02 7.853981633974492782e-01
8.889413136743310462e-01 8.418925472808242603e+02 7.853981633974492782e-01
1.154882882110071174e+00 8.433640581555414428e+02 7.853981633974492782e-01
2.635843983334133611e+00 8.437126554983636879e+02 7.853981633974492782e-01
1.046259261324154366e+00 8.451860442403572051e+02 7.853981633974492782e-01
1.128044427862201715e+00 8.464288678589331312e+02 7.853981633974492782e-01
1.486246512584729729e+00 8.470210718050705054e+02 7.853981633974492782e-01
9.590259360297619384e-01 8.480801665373231799e+02 7.853981633974492782e-01
7.595992641165043580e-01 8.494151808898541276e+02 7.853981633974492782e-01
3.323346908440708347e+00 8.499458493996829702e+02 7.853981633974492782e-01
8.561746259225108124e-01 8.512960159005883725e+02 7.853981633974492782e-01
8.793600641632094428e-01 8.524027795403566188e+02 7.853981633974492782e-01
1.986383087616722110e+00 8.531731950721782596e+02 7.853981633974492782e-01
1.011196371909079295e+00 8.541997426914988409e+02 7.853981633974492782e-01
6.102957030666142924e-01 8.550688552838503256e+02 7.853981633974492782e-01
3.916045607203033185e+00 8.561740560607203179e+02 7.853981633974492782e-01
7.865950643603382142e-01 8.568769080969183278e+02 7.853981633974492782e-01
9.182459700029615979e-01 8.581035041102595642e+02 7.853981633974492782e-01
1.915059805901389023e+00 8.593295943112856321e+02 7.853981633974492782e-01
9.141812302087566344e-01 8.601309491739991699e+02 7.853981633974492782e-01
7.409800645793589435e-01 8.609988371169720267e+02 7.853981633974492782e-01
2.624355215035609756e+00 8.624105293715967946e+02 7.853981633974492782e-01
1.363021524222770120e+00 8.627683701835426291e+02 7.853981633974492782e-01
1.067652038505730872e+00 8.641979206282973109e+02 7.853981633974492782e-01
1.608668301132283762e+00 8.655186748261394314e+02 7.853981633974492782e-01
9.986355875480565913e-01 8.661656677595367455e+02 7.853981633974492782e-01
7.966777990331407322e-01 8.671458378904605979e+02 7.853981633974492782e-01
1.792106176755088542e+00 8.686305601307668667e+02 7.853981633974492782e-01
1.885281807102648477e+00 8.689302903271055811e+02 7.853981633974492782e-01
1.083917277198230611e+00 8.704061447873792758e+02 7.853981633974492782e-01
1.371662221331682030e+00 8.717124308567640583e+02 7.853981633974492782e-01
1.153943028190079767e+00 8.722982225459562642e+02 7.853981633974492782e-01
8.464530587486742697e-01 8.733328974315580808e+02 7.853981633974492782e-01
1.276910912373873774e+00 8.748219773793883860e+02 7.853981633974492782e-01
2.381721449958650982e+00 8.751484978788014359e+02 7.853981633974492782e-01
1.039728074081862408e+00 8.766209414359627772e+02 7.853981633974492782e-01
1.156347572132107482e+00 8.778753456369072410e+02 7.853981633974492782e-01
1.397904082116193880e+00 8.784608865273636411e+02 7.853981633974492782e-01
9.194770233863531761e-01 8.795192490203585294e+02 7.853981633974492782e-01
8.525999211244983389e-01 8.809188859077629559e+02 7.853981633974492782e-01
3.041170504949326503e+00 8.813772535887508184e+02 7.853981633974492782e-01
9.069751594382392534e-01 8.827755315683182289e+02 7.853981633974492782e-01
9.262464168528000696e-01 8.839195703995266058e+02 7.853981633974492782e-01
1.834968927558293661e+00 8.846221316613755334e+02 7.853981633974492782e-01
1.000303581291050792e+00 8.856683013890551592e+02 7.853981633974492782e-01
5.850470035147457004e-01 8.866922426112101903e+02 7.853981633974492782e-01
3.866972101926784866e+00 8.876051111421054429e+02 7.853981633974492782e-01
6.982066603013848960e-01 8.885513617397000417e+02 7.853981633974492782e-01
8.404380498244699016e-01 8.896698624331382916e+02 7.853981633974492782e-01
2.003498148583018779e+00 8.907828726618150768e+02 7.853981633974492782e-01
9.191271251883744720e-01 8.916646027376248185e+02 7.853981633974492782e-01
6.999694849442601452e-01 8.924961579546928760e+02 7.853981633974492782e-01
3.050836290268602813e+00 8.938449917025574223e+02 7.853981633974492782e-01
1.139948144220689352e+00 8.942713879301862789e+02 7.853981633974492782e-01
1.026114651628036833e+00 8.956554854240541772e+02 7.853981633974492782e-01
1.682258052831431483e+00 8.969627899564875406e+02 7.853981633974492782e-01
9.539179369951087395e-01 8.976470386036168065e+02 7.853981633974492782e-01
7.674119555555969363e-01 8.986044319958981532e+02 7.853981633974492782e-01
2.021962981120166702e+00 9.000720723772238898e+02 7.853981633974492782e-01
1.675950188694426579e+00 9.003824930504325721e+02 7.853981633974492782e-01
1.066179934535729901e+00 9.018437414210964107e+02 7.853981633974492782e-01
1.414349213950077955e+00 9.031529988887333502e+02 7.853981633974492782e-01
1.094605768155011205e+00 9.037510358431519535e+02 7.853981633974492782e-01
8.141402997580767797e-01 9.047784634430382766e+02 7.853981633974492782e-01
1.419848459620313585e+00 9.062742330754164186e+02 7.853981633974492782e-01
2.166174618824342701e+00 9.065861238293950919e+02 7.853981633974492782e-01
1.037449723687100755e+00 9.080569924002384141e+02 7.853981633974492782e-01
1.194384356687611115e+00 9.093236012907519807e+02 7.853981633974492782e-01
1.314977361222419816e+00 9.099047178053044718e+02 7.853981633974492782e-01
8.838744742224129425e-01 9.109611557055372941e+02 7.853981633974492782e-01
9.610025980992162875e-01 9.124059550737466679e+02 7.853981633974492782e-01
2.784324663816523326e+00 9.128097132829828979e+02 7.853981633974492782e-01
9.452003229844238019e-01 9.142375629867898397e+02 7.853981633974492782e-01
9.785544149931183489e-01 9.154158055221978429e+02 7.853981633974492782e-01
1.689259363558332172e+00 9.160704796956480322e+02 7.853981633974492782e-01
9.764126959803673955e-01 9.171264050588907821e+02 7.853981633974492782e-01
6.161978637527617542e-01 9.183002667461094006e+02 7.853981633974492782e-01
3.645963937167569835e+00 9.190367702453868333e+02 7.853981633974492782e-01
7.213875726551658429e-01 9.201872895124048455e+02 7.853981633974492782e-01
8.173891468617184852e-01 9.212574282445469862e+02 7.853981633974492782e-01
2.070775603661838105e+00 9.222321739281699138e+02 7.853981633974492782e-01
9.561951062168494442e-01 9.231823135996611427e+02 7.853981633974492782e-01
6.798373602733727150e-01 9.239801727790543282e+02 7.853981633974492782e-01
3.431142108004565205e+00 9.252710994687491848e+02 7.853981633974492782e-01
1.021554114671343827e+00 9.257593405322572835e+02 7.853981633974492782e-01
1.013922477566426394e+00 9.271071662185837567e+02 7.853981633974492782e-01
1.797541079754525484e+00 9.284037487939107223e+02 7.853981633974492782e-01
9.416740739209211730e-01 9.291251634270838622e+02 7.853981633974492782e-01
7.824004486674972503e-01 9.300408835484251995e+02 7.853981633974492782e-01
2.201108869201977125e+00 9.314986510891188800e+02 7.853981633974492782e-01
1.641494656426506271e+00 9.318116534297349745e+02 7.853981633974492782e-01
1.105768277512005460e+00 9.332768311829850063e+02 7.853981633974492782e-01
1.539229553579272158e+00 9.346036107528974526e+02 7.853981633974492782e-01
1.058758733482026093e+00 9.352194389995030406e+02 7.853981633974492782e-01
8.331953442900021933e-01 9.362186209948109763e+02 7.853981633974492782e-01
1.566603135193483487e+00 9.377111202839629414e+02 7.853981633974492782e-01
2.139567556805245019e+00 9.380114928721098977e+02 7.853981633974492782e-01
1.099670611091410954e+00 9.394988302956045345e+02 7.853981633974492782e-01
1.325672882923573770e+00 9.407987326449872398e+02 7.853981633974492782e-01
1.227660225221514967e+00 9.413755655011558474e+02 7.853981633974492782e-01
8.845641786802982409e-01 9.424169757689122662e+02 7.853981633974492782e-01
1.125707604506427595e+00 9.438866796378846402e+02 7.853981633974492782e-01
2.642930449903357459e+00 9.442416591125128207e+02 7.853981633974492782e-01
1.028193147459937951e+00 9.457083124273663088e+02 7.853981633974492782e-01
1.099703768549385785e+00 9.469406490993284251e+02 7.853981633974492782e-01
1.516437574088087548e+00 9.475404997000476897e+02 7.853981633974492782e-01
9.605609920271304114e-01 9.486004521895722519e+02 7.853981633974492782e-01
7.308051119152888520e-01 9.499156715366175376e+02 7.853981633974492782e-01
3.370361012802016276e+00 9.504730509593474608e+02 7.853981633974492782e-01
8.312060370052298808e-01 9.517993321023235467e+02 7.853981633974492782e-01
8.624210179185811675e-01 9.528941291083432361e+02 7.853981633974492782e-01
2.017791134381005325e+00 9.536939266664885508e+02 7.853981633974492782e-01
1.004683360877134612e+00 9.547108236385463442e+02 7.853981633974492782e-01
6.226824857891415377e-01 9.555529533520657424e+02 7.853981633974492782e-01
3.861425117842363086e+00 9.567015671543509825e+02 7.853981633974492782e-01
8.256136421845503559e-01 9.573519873712394883e+02 7.853981633974492782e-01
9.400245590901611381e-01 9.586064041088674230e+02 7.853981633974492782e-01
1.893876189121207476e+00 9.598519795166655513e+02 7.853981633974492782e-01
9.180738948291791157e-01 9.606353978216355927e+02 7.853981633974492782e-01
7.520283682188407814e-01 9.615119870631436925e+02 7.853981633974492782e-01
2.528549159201698870e+00 9.629360926256692892e+02 7.853981633974492782e-01
1.425726907912475472e+00 9.632808687671043799e+02 7.853981633974492782e-01
1.079607098087489003e+00 9.647202573078313890e+02 7.853981633974492782e-01
1.598483000393071451e+00 9.660438811238925609e+02 7.853981633974492782e-01
1.011385157694855152e+00 9.666838040283018927e+02 7.853981633974492782e-01
8.071378116878743514e-01 9.676669159776687366e+02 7.853981633974492782e-01
1.742382399067654131e+00 9.691543603074836710e+02 7.853981633974492782e-01
1.947177003376246329e+00 9.694526211383381451e+02 7.853981633974492782e-01
1.092555826716375966e+00 9.709327670485766930e+02 7.853981633974492782e-01
1.369919010047380148e+00 9.722397393418307274e+02 7.853981633974492782e-01
1.167419638944075411e+00 9.728234229945547895e+02 7.853981633974492782e-01
8.568970012679382187e-01 9.738582362606133529e+02 7.853981633974492782e-01
1.249587015108410970e+00 9.753441066286529804e+02 7.853981633974492782e-01
2.440663389873313882e+00 9.756746341224322805e+02 7.853981633974492782e-01
1.043931329685415133e+00 9.771483639138590434e+02 7.853981633974492782e-01
1.153440408869963019e+00 9.784014630605850016e+02 7.853981633974492782e-01
1.414984344635426217e+00 9.789875686742186645e+02 7.853981633974492782e-01
9.288812530857294414e-01 9.800459243180946487e+02 7.853981633974492782e-01
8.334795883483415713e-01 9.814337298446350815e+02 7.853981633974492782e-01
3.102359089041982987e+00 9.819048944792319844e+02 7.853981633974492782e-01
8.995463807119549182e-01 9.832961481938336874e+02 7.853981633974492782e-01
9.175646570375954880e-01 9.844333355114209780e+02 7.853981633974492782e-01
1.866179227673924634e+00 9.851467844924077326e+02 7.853981633974492782e-01
1.004882244478924935e+00 9.861902040188135743e+02 7.853981633974492782e-01
5.856234978763525945e-01 9.871808074737595007e+02 7.853981633974492782e-01
3.900116560238507279e+00 9.881329061031374295e+02 7.853981633974492782e-01
7.054068876251770037e-01 9.890299534035392526e+02 7.853981633974492782e-01
8.521791655972911217e-01 9.901669596607936228e+02 7.853981633974492782e-01
1.983855137731646234e+00 9.913063469883231846e+02 7.853981633974492782e-01
9.143058359984576056e-01 9.921719021781360652e+02 7.853981633974492782e-01
7.051077489975607904e-01 9.930121632971951158e+02 7.853981633974492782e-01
2.965774820405729706e+00 9.943731288869738592e+02 7.853981633974492782e-01
1.172318795341414255e+00 9.947863888046221064e+02 7.853981633974492782e-01
1.029821861349594636e+00 9.961784150546521914e+02 7.853981633974492782e-01
1.659091798752655667e+00 9.974876130618808929e+02 7.853981633974492782e-01
9.595910260164074446e-01 9.981636476789396966e+02 7.853981633974492782e-01
7.674931569710584656e-01 9.991286004548863957e+02 7.853981633974492782e-01
1.976761998417082999e+00 1.000599371702446092e+03 7.853981633974492782e-01
1.697590025242610157e+00 1.000908332031776354e+03 7.853981633974492782e-01
1.061692122326352461e+00 1.002370154143035165e+03 7.853981633974492782e-01
1.393298339815724596e+00 1.003676381019665996e+03 7.853981633974492782e-01
1.105766779228407160e+00 1.004271276949466142e+03 7.853981633974492782e-01
8.150024746680822885e-01 1.005302697234457810e+03 7.853981633974492782e-01
1.385098499483828016e+00 1.006798448585016672e+03 7.853981633974492782e-01
2.192057261768259657e+00 1.007113378208650488e+03 7.853981633974492782e-01
1.029584397691755138e+00 1.008582092821511537e+03 7.853981633974492782e-01
1.174664355983861652e+00 1.009842941023531466e+03 7.853981633974492782e-01
1.335560705376787949e+00 1.010426119530511528e+03 7.853981633974492782e-01
8.879569605310726477e-01 1.011483970011100268e+03 7.853981633974492782e-01
9.294936968229613461e-01 1.012920150630469834e+03 7.853981633974492782e-01
2.830884748261960571e+00 1.013336795977429006e+03 7.853981633974492782e-01
9.310653257419804207e-01 1.014756024424079897e+03 7.853981633974492782e-01
