9.252822536103350037e-01 3.244448395346129221e-02 1.570796326794862363e+00
1.328063971135804877e+00 1.630168976310110596e+00 1.570796326794862363e+00
2.037835626504306497e+00 1.958424276782143147e+00 1.570796326794862363e+00
1.021741673502826409e+00 3.439480511497062576e+00 1.570796326794862363e+00
9.645315075380794800e-01 4.481906029352871634e+00 1.570796326794862363e+00
1.096502926149258039e+00 5.378489936968162688e+00 1.570796326794862363e+00
1.087951476256795003e+00 6.215555009577312440e+00 1.570796326794862363e+00
8.446677113724948560e-01 7.731879280178277192e+00 1.570796326794862363e+00
2.666841155931820140e+00 8.171053050059615686e+00 1.570796326794862363e+00
8.999923373984847208e-01 9.591254240130874464e+00 1.570796326794862363e+00
9.544203192425947391e-01 1.055669791463150275e+01 1.570796326794862363e+00
1.237626379206144156e+00 1.150911320423871054e+01 1.570796326794862363e+00
1.282672972689500757e+00 1.240142524655078127e+01 1.570796326794862363e+00
5.374435988154843136e-01 1.354430833335571904e+01 1.570796326794862363e+00
3.429468839013174897e+00 1.438819228637759551e+01 1.570796326794862363e+00
6.883412751119398765e-01 1.546221013771950936e+01 1.570796326794862363e+00
9.949519444552584746e-01 1.649303292287400069e+01 1.570796326794862363e+00
1.306345128393046062e+00 1.759499646898805736e+01 1.570796326794862363e+00
1.257110875774289704e+00 1.853119204043661128e+01 1.570796326794862363e+00
6.645568839409896622e-01 1.923353013981806825e+01 1.570796326794862363e+00
3.122766784770249604e+00 2.062274591882054864e+01 1.570796326794862363e+00
1.014153881126901524e+00 2.112004443098141948e+01 1.570796326794862363e+00
1.121698897527089844e+00 2.249595414255414738e+01 1.570796326794862363e+00
1.158428075524095657e+00 2.368219242810162939e+01 1.570796326794862363e+00
1.083970556626190795e+00 2.459244797087413659e+01 1.570796326794862363e+00
8.077313640805109385e-01 2.530337161200727181e+01 1.570796326794862363e+00
2.108002426692770825e+00 2.685909073364687671e+01 1.570796326794862363e+00
1.509017153856338611e+00 2.719836868620210169e+01 1.570796326794862363e+00
1.117659141104863307e+00 2.867476236801848088e+01 1.570796326794862363e+00
1.045459029919423743e+00 2.981184492874500691e+01 1.570796326794862363e+00
1.039101501959525775e+00 3.069861166441927480e+01 1.570796326794862363e+00
9.127765463598124240e-01 3.146906762739027030e+01 1.570796326794862363e+00
1.447074871059371715e+00 3.306718945398637999e+01 1.570796326794862363e+00
1.965808194229385908e+00 3.338765266954131050e+01 1.570796326794862363e+00
1.055601179375549759e+00 3.487755188145261087e+01 1.570796326794862363e+00
9.815539598880497207e-01 3.594183316125703698e+01 1.570796326794862363e+00
1.081449212228887014e+00 3.683151478863300810e+01 1.570796326794862363e+00
1.058301530028815218e+00 3.765375937456228428e+01 1.570796326794862363e+00
9.470843831808558599e-01 3.920233260792373642e+01 1.570796326794862363e+00
2.540029115747375776e+00 3.960074954377649448e+01 1.570796326794862363e+00
9.492045403494162592e-01 4.105084809184208439e+01 1.570796326794862363e+00
9.588070641585897391e-01 4.203517736139176009e+01 1.570796326794862363e+00
1.203829268211559000e+00 4.296683323177612124e+01 1.570796326794862363e+00
1.251089989278644232e+00 4.384315062885873715e+01 1.570796326794862363e+00
5.790969988731902163e-01 4.510898549250359224e+01 1.570796326794862363e+00
3.297435426961055516e+00 4.581841338340559844e+01 1.570796326794862363e+00
7.284426659029786810e-01 4.702664197592044104e+01 1.570796326794862363e+00
9.821751008269072880e-01 4.800155403148630029e+01 1.570796326794862363e+00
1.332456933820568956e+00 4.905736532494004365e+01 1.570796326794862363e+00
1.312480007788801251e+00 4.999071261647551978e+01 1.570796326794862363e+00
6.369572019077656133e-01 5.071081518108020703e+01 1.570796326794862363e+00
3.351148056040138989e+00 5.204425296773626997e+01 1.570796326794862363e+00
9.397878104597421345e-01 5.259439660178300358e+01 1.570796326794862363e+00
1.123568943972605316e+00 5.393773413091731328e+01 1.570796326794862363e+00
1.197867589260347421e+00 5.512830386441558517e+01 1.570796326794862363e+00
1.115437039975390121e+00 5.604471206749776968e+01 1.570796326794862363e+00
8.132954459798447111e-01 5.673376237759824647e+01 1.570796326794862363e+00
2.243773696987898081e+00 5.828124796060618706e+01 1.570796326794862363e+00
1.487385116713118016e+00 5.862531101300722014e+01 1.570796326794862363e+00
1.153350814149443071e+00 6.010461816399675428e+01 1.570796326794862363e+00
1.083455416992316511e+00 6.126179394038050674e+01 1.570796326794862363e+00
1.055731290667600186e+00 6.215133249648391001e+01 1.570796326794862363e+00
9.192440220599543688e-01 6.290045723776080422e+01 1.570796326794862363e+00
1.558916165441804447e+00 6.449716956650460986e+01 1.570796326794862363e+00
1.945816919566392800e+00 6.481180871759410422e+01 1.570796326794862363e+00
1.104923012504498425e+00 6.631446699265588052e+01 1.570796326794862363e+00
1.011982040844448205e+00 6.740573503028244318e+01 1.570796326794862363e+00
1.077454948667593282e+00 6.829021778550895760e+01 1.570796326794862363e+00
1.044182571802807047e+00 6.909244656924535377e+01 1.570796326794862363e+00
1.061966807397992207e+00 7.066186893544727354e+01 1.570796326794862363e+00
2.456220414896628235e+00 7.102897264432687052e+01 1.570796326794862363e+00
1.009771138666543999e+00 7.250736808538178479e+01 1.570796326794862363e+00
9.736986189195417918e-01 7.351862854256219748e+01 1.570796326794862363e+00
1.173469441200022167e+00 7.443044948884706002e+01 1.570796326794862363e+00
1.219837959685996731e+00 7.528683257079615032e+01 1.570796326794862363e+00
6.545930204232314198e-01 7.665800972880367681e+01 1.570796326794862363e+00
3.152568422965456030e+00 7.724957170988405153e+01 1.570796326794862363e+00
7.998603125835483940e-01 7.856779177773314871e+01 1.570796326794862363e+00
9.763833004889568290e-01 7.951738339307991055e+01 1.570796326794862363e+00
1.332368084520428431e+00 8.052601844651734098e+01 1.570796326794862363e+00
1.350502582706131216e+00 8.144944556023077098e+01 1.570796326794862363e+00
5.873913545996775065e-01 8.224013136543753433e+01 1.570796326794862363e+00
3.556954339071484394e+00 8.346895030498744461e+01 1.570796326794862363e+00
8.254668348207589990e-01 8.412373194635230789e+01 1.570796326794862363e+00
1.094565955492294185e+00 8.539926008350418840e+01 1.570796326794862363e+00
1.227134443488383742e+00 8.658276501122857383e+01 1.570796326794862363e+00
1.142896322572141354e+00 8.750657777632962109e+01 1.570796326794862363e+00
7.816963532102714218e-01 8.818680341123341293e+01 1.570796326794862363e+00
2.445178136134128710e+00 8.970911000144906211e+01 1.570796326794862363e+00
1.369051647943291927e+00 9.007592710651647394e+01 1.570796326794862363e+00
1.151881069561004001e+00 9.153904731756442459e+01 1.570796326794862363e+00
1.100189080724638391e+00 9.270661039099964285e+01 1.570796326794862363e+00
1.057610699756105888e+00 9.360023631360942886e+01 1.570796326794862363e+00
8.915439830288146572e-01 9.433898201683240359e+01 1.570796326794862363e+00
1.682900245029402608e+00 9.593090762762096801e+01 1.570796326794862363e+00
1.835536129048369158e+00 9.624566140323149455e+01 1.570796326794862363e+00
1.112145337668592138e+00 9.774520590069009529e+01 1.570796326794862363e+00
1.019947616642484345e+00 9.884939990085241845e+01 1.570796326794862363e+00
1.064768344949792001e+00 9.973302977033095829e+01 1.570796326794862363e+00
1.009924230016510549e+00 1.005264570790414069e+02 1.570796326794862363e+00
1.155138520798014268e+00 1.021101339959121219e+02 1.570796326794862363e+00
2.326486419169712327e+00 1.024583814231174301e+02 1.570796326794862363e+00
1.029497776707752887e+00 1.039446784435679376e+02 1.570796326794862363e+00
9.762315456974738348e-01 1.049718302106575578e+02 1.570796326794862363e+00
1.145770361583249075e+00 1.058751067486801958e+02 1.570796326794862363e+00
1.177233902529624565e+00 1.067207507211259667e+02 1.570796326794862363e+00
7.250759916206650502e-01 1.081588198765697086e+02 1.570796326794862363e+00
2.985900000610456573e+00 1.086787536744654261e+02 1.570796326794862363e+00
8.521724665961706302e-01 1.100537151305957480e+02 1.570796326794862363e+00
9.695894563200504468e-01 1.110040292224933154e+02 1.570796326794862363e+00
1.303380529589002634e+00 1.119846266147639966e+02 1.570796326794862363e+00
1.344074037881917372e+00 1.128956896900580062e+02 1.570796326794862363e+00
5.437777676313839681e-01 1.138097302088374931e+02 1.570796326794862363e+00
3.607328656609254391e+00 1.148965559151558438e+02 1.570796326794862363e+00
7.262096512982706420e-01 1.157055550894557854e+02 1.570796326794862363e+00
1.048022486144260856e+00 1.168838925190420923e+02 1.570796326794862363e+00
1.252599275195164674e+00 1.180461772605242032e+02 1.570796326794862363e+00
1.174820159555641119e+00 1.189771775068964814e+02 1.570796326794862363e+00
7.259203153257337560e-01 1.196640196939861625e+02 1.570796326794862363e+00
2.704673921834318762e+00 1.211391608519500238e+02 1.570796326794862363e+00
1.197279450275168022e+00 1.215521939064218628e+02 1.570796326794862363e+00
1.128110464036875538e+00 1.229814984057170335e+02 1.570796326794862363e+00
1.107727247996362241e+00 1.241546225041807219e+02 1.570796326794862363e+00
1.053029784863920293e+00 1.250538565058910052e+02 1.570796326794862363e+00
8.390195662704981183e-01 1.257892298626700978e+02 1.570796326794862363e+00
1.839601922847935001e+00 1.273681158159547522e+02 1.570796326794862363e+00
1.658163361648507861e+00 1.276917045295976294e+02 1.570796326794862363e+00
1.092116489538525581e+00 1.291762771180725622e+02 1.570796326794862363e+00
1.012390945118559538e+00 1.302857562788317978e+02 1.570796326794862363e+00
1.042619896273333291e+00 1.311701985658231990e+02 1.570796326794862363e+00
9.551711278760930401e-01 1.319623250958206597e+02 1.570796326794862363e+00
1.246793302786286750e+00 1.335564974422743205e+02 1.570796326794862363e+00
2.144965331681527587e+00 1.338920959973204106e+02 1.570796326794862363e+00
1.018066425971965616e+00 1.353732468618453311e+02 1.570796326794862363e+00
9.655679651666718710e-01 1.364065876581730379e+02 1.570796326794862363e+00
1.115981738401810475e+00 1.373069649209385830e+02 1.570796326794862363e+00
1.123291892545547954e+00 1.381494861454265788e+02 1.570796326794862363e+00
7.860188564753690654e-01 1.396350250261044721e+02 1.570796326794862363e+00
2.796187834348280443e+00 1.401075577153917777e+02 1.570796326794862363e+00
8.771679655256432451e-01 1.415087927337559393e+02 1.570796326794862363e+00
9.590678427400823880e-01 1.424659481608258318e+02 1.570796326794862363e+00
1.265541704835037695e+00 1.434310817321033937e+02 1.570796326794862363e+00
1.309987604493207947e+00 1.443321016330742452e+02 1.570796326794862363e+00
5.288434857441856041e-01 1.453777068995103718e+02 1.570796326794862363e+00
3.522770131108471148e+00 1.463250525418855261e+02 1.570796326794862363e+00
6.860156166409024925e-01 1.472892688630450380e+02 1.570796326794862363e+00
1.012268865951073682e+00 1.483770533927577446e+02 1.570796326794862363e+00
1.282038674440280079e+00 1.495082712328902232e+02 1.570796326794862363e+00
1.217664017751874495e+00 1.504435441991102493e+02 1.570796326794862363e+00
6.847678909172856265e-01 1.511400289925745994e+02 1.570796326794862363e+00
2.949155731775536360e+00 1.525648129767298542e+02 1.570796326794862363e+00
1.074849258155111009e+00 1.530277017998857332e+02 1.570796326794862363e+00
1.118615088353839271e+00 1.544245116782211085e+02 1.570796326794862363e+00
1.130849508230987954e+00 1.556049207797124723e+02 1.570796326794862363e+00
1.064363354129423067e+00 1.565104775210981529e+02 1.570796326794862363e+00
8.096217442740376580e-01 1.572356604731625680e+02 1.570796326794862363e+00
1.999168603671916289e+00 1.587992968830797622e+02 1.570796326794862363e+00
1.542610296426871086e+00 1.591336662565460358e+02 1.570796326794862363e+00
1.095572393227171926e+00 1.606096372225316031e+02 1.570796326794862363e+00
1.022591749070896894e+00 1.617320323061483407e+02 1.570796326794862363e+00
1.033128983849418869e+00 1.626175010967139656e+02 1.570796326794862363e+00
9.189391263968109680e-01 1.634009910359325488e+02 1.570796326794862363e+00
1.357903658834294092e+00 1.649991677609124281e+02 1.570796326794862363e+00
2.011237996063217626e+00 1.653252610310148896e+02 1.570796326794862363e+00
1.027164779345122625e+00 1.668075982324384370e+02 1.570796326794862363e+00
9.667196355468842262e-01 1.678545237431457622e+02 1.570796326794862363e+00
1.091281205866557968e+00 1.687494514152162992e+02 1.570796326794862363e+00
1.078245113359832308e+00 1.695836066062872476e+02 1.570796326794862363e+00
8.681964623362775635e-01 1.711092253406890222e+02 1.570796326794862363e+00
2.628861554670804956e+00 1.715374544519477809e+02 1.570796326794862363e+00
9.102435852778224534e-01 1.729647695293757579e+02 1.570796326794862363e+00
9.542073427879821379e-01 1.739340261578124966e+02 1.570796326794862363e+00
1.228616465804513780e+00 1.748815261917657722e+02 1.570796326794862363e+00
1.274051977663202884e+00 1.757703263950324981e+02 1.570796326794862363e+00
5.445780463305794905e-01 1.769454241443768865e+02 1.570796326794862363e+00
3.396185192577339418e+00 1.777545394268302630e+02 1.570796326794862363e+00
6.946831010414385998e-01 1.788641195654813600e+02 1.570796326794862363e+00
9.907045877043799686e-01 1.798783282614228938e+02 1.570796326794862363e+00
1.314175653909925634e+00 1.809692535033765921e+02 1.570796326794862363e+00
1.271296517515766222e+00 1.819052342749919831e+02 1.570796326794862363e+00
6.584214587308889755e-01 1.826100897150687956e+02 1.570796326794862363e+00
3.180734304181895400e+00 1.839869491144078779e+02 1.570796326794862363e+00
9.963359136593921139e-01 1.844959749116811167e+02 1.570796326794862363e+00
1.123296300119607016e+00 1.858648159034613911e+02 1.570796326794862363e+00
1.168690598181926443e+00 1.870527220119492142e+02 1.570796326794862363e+00
1.091849902076334367e+00 1.879645285165851192e+02 1.570796326794862363e+00
8.095390173808124645e-01 1.886697785026224494e+02 1.570796326794862363e+00
2.142230005974527618e+00 1.902235345427686184e+02 1.570796326794862363e+00
1.504321869589130722e+00 1.905638397781927154e+02 1.570796326794862363e+00
1.127308985706291677e+00 1.920412445948384175e+02 1.570796326794862363e+00
1.055145114429482778e+00 1.931837115675381540e+02 1.570796326794862363e+00
1.043051948030260467e+00 1.940710675542746060e+02 1.570796326794862363e+00
9.139968670124357653e-01 1.948361600911069615e+02 1.570796326794862363e+00
1.476506840567489709e+00 1.964340105843863853e+02 1.570796326794862363e+00
1.959321755362222861e+00 1.967527772044116716e+02 1.570796326794862363e+00
1.068236297115642497e+00 1.982460818143885604e+02 1.570796326794862363e+00
9.888804574714233908e-01 1.993172499892890812e+02 1.570796326794862363e+00
1.079809789687792509e+00 2.002052859153720306e+02 1.570796326794862363e+00
1.054032073042274309e+00 2.010225746013016419e+02 1.570796326794862363e+00
9.761719160788752125e-01 2.025774222999183678e+02 1.570796326794862363e+00
2.516623107053995057e+00 2.029668301473483609e+02 1.570796326794862363e+00
9.647101059233993414e-01 2.044248025929272785e+02 1.570796326794862363e+00
9.620043194018992327e-01 2.054155321576311621e+02 1.570796326794862363e+00
1.195848118340947952e+00 2.063417002857510454e+02 1.570796326794862363e+00
1.243574502453058006e+00 2.072131025689817250e+02 1.570796326794862363e+00
5.955038132848794463e-01 2.085079767642117190e+02 1.570796326794862363e+00
3.262589574257353409e+00 2.091850419329155670e+02 1.570796326794862363e+00
7.445557075692631477e-01 2.104242833025954837e+02 1.570796326794862363e+00
9.802822068648470166e-01 2.113895705283379982e+02 1.570796326794862363e+00
1.335738087840573129e+00 2.124329358605287723e+02 1.570796326794862363e+00
1.324985552547002898e+00 2.133645285936380560e+02 1.570796326794862363e+00
6.267439847220832583e-01 2.140954202305242688e+02 1.570796326794862363e+00
3.408672405321133247e+00 2.154088347516948261e+02 1.570796326794862363e+00
9.153312561749405996e-01 2.159783322850767320e+02 1.570796326794862363e+00
1.120000859060207521e+00 2.173092378069566166e+02 1.570796326794862363e+00
1.206367106737459949e+00 2.184994473398441244e+02 1.570796326794862363e+00
1.122734941590719959e+00 2.194175425433748217e+02 1.570796326794862363e+00
8.104355486763182848e-01 2.201024929617398698e+02 1.570796326794862363e+00
2.284376911970102064e+00 2.216462554209824987e+02 1.570796326794862363e+00
1.470896596161241021e+00 2.219933034292278080e+02 1.570796326794862363e+00
1.157883662270750902e+00 2.234712290355299160e+02 1.570796326794862363e+00
1.090569432113467130e+00 2.246321700234470597e+02 1.570796326794862363e+00
1.058425546976849319e+00 2.255225966960619814e+02 1.570796326794862363e+00
9.175847209086144263e-01 2.262675113791226238e+02 1.570796326794862363e+00
1.586826386970809466e+00 2.278636058425128965e+02 1.570796326794862363e+00
1.932427255673897504e+00 2.281774373413148567e+02 1.570796326794862363e+00
1.112774526466373981e+00 2.296815489087213678e+02 1.570796326794862363e+00
1.017549006021011948e+00 2.307780453562168930e+02 1.570796326794862363e+00
1.076046512637086616e+00 2.316619329206037037e+02 1.570796326794862363e+00
1.039172684198764740e+00 2.324602103006108678e+02 1.570796326794862363e+00
1.088190451223439714e+00 2.340335413313187871e+02 1.570796326794862363e+00
2.432353971353080180e+00 2.343948177550457501e+02 1.570796326794862363e+00
1.020741686111815705e+00 2.358777360776458067e+02 1.570796326794862363e+00
9.766798399418084031e-01 2.368949599317780326e+02 1.570796326794862363e+00
1.166407541508579504e+00 2.378033439410058349e+02 1.570796326794862363e+00
1.210624607353067539e+00 2.386555263036510439e+02 1.570796326794862363e+00
6.750402006424627288e-01 2.400474395920585380e+02 1.570796326794862363e+00
3.112930808468374444e+00 2.406160307042158024e+02 1.570796326794862363e+00
8.173500880160460280e-01 2.419541885618864683e+02 1.570796326794862363e+00
9.751701550617637437e-01 2.429025082552593915e+02 1.570796326794862363e+00
1.326841250809157602e+00 2.439016654247237170e+02 1.570796326794862363e+00
1.353334873982565689e+00 2.448217024812952047e+02 1.570796326794862363e+00
5.737704916414166911e-01 2.456414084723070346e+02 1.570796326794862363e+00
3.588557727974216238e+00 2.468346344340554310e+02 1.570796326794862363e+00
7.947156164301409920e-01 2.475268999037733408e+02 1.570796326794862363e+00
1.082558874013601180e+00 2.487783288934232360e+02 1.570796326794862363e+00
1.233561035062974875e+00 2.499575428978671710e+02 1.570796326794862363e+00
1.150235615405452716e+00 2.508833945961569896e+02 1.570796326794862363e+00
7.672927725202304261e-01 2.515643346116548287e+02 1.570796326794862363e+00
2.510948857070777862e+00 2.530758203139981788e+02 1.570796326794862363e+00
1.323259818827183576e+00 2.534530831956660677e+02 1.570796326794862363e+00
1.145639105280435777e+00 2.549081923835652219e+02 1.570796326794862363e+00
1.101431209828640956e+00 2.560771669509419439e+02 1.570796326794862363e+00
1.055710214393713375e+00 2.569721092102980720e+02 1.570796326794862363e+00
8.777044920094714264e-01 2.577100916229737209e+02 1.570796326794862363e+00
1.721214488411477284e+00 2.592994081118608278e+02 1.570796326794862363e+00
1.788939382526939292e+00 2.596157542398254350e+02 1.570796326794862363e+00
1.106631716237075347e+00 2.611115794745755352e+02 1.570796326794862363e+00
1.017610793974773387e+00 2.622168692381380311e+02 1.570796326794862363e+00
1.058957890335751495e+00 2.631006792722390628e+02 1.570796326794862363e+00
9.959431076442275543e-01 2.638939364124007056e+02 1.570796326794862363e+00
1.177140709351622405e+00 2.654808230646748939e+02 1.570796326794862363e+00
2.280119246234205921e+00 2.658254763762793118e+02 1.570796326794862363e+00
1.026745406734968169e+00 2.673106061660195678e+02 1.570796326794862363e+00
9.735593917617152426e-01 2.683393083459927198e+02 1.570796326794862363e+00
1.138272884002495822e+00 2.692418495011863797e+02 1.570796326794862363e+00
1.163754985074949566e+00 2.700866793444412224e+02 1.570796326794862363e+00
7.398796690857581959e-01 2.715376404350679422e+02 1.570796326794862363e+00
2.938217937335430907e+00 2.720447482756389945e+02 1.570796326794862363e+00
8.594026449954175195e-01 2.734274545858005467e+02 1.570796326794862363e+00
9.669306364259129261e-01 2.743792066606392837e+02 1.570796326794862363e+00
1.294026522911934984e+00 2.753555523306438886e+02 1.570796326794862363e+00
1.336618560418302515e+00 2.762640048584996180e+02 1.570796326794862363e+00
5.372409540143882056e-01 2.772113596286816346e+02 1.570796326794862363e+00
3.593794744058739443e+00 2.782624832203646861e+02 1.570796326794862363e+00
7.107477374391997227e-01 2.791115283487642955e+02 1.570796326794862363e+00
1.037542933129849354e+00 2.802656495760535904e+02 1.570796326794862363e+00
1.259497516285216001e+00 2.814209100481912742e+02 1.570796326794862363e+00
1.184479221984146013e+00 2.823532956727382270e+02 1.570796326794862363e+00
7.135596998220413711e-01 2.830427786860353763e+02 1.570796326794862363e+00
2.768548359640214507e+00 2.845048916391239686e+02 1.570796326794862363e+00
1.160580906500669363e+00 2.849308600266703593e+02 1.570796326794862363e+00
1.123807932447128177e+00 2.863513844958942514e+02 1.570796326794862363e+00
1.111748810935916820e+00 2.875261432604302740e+02 1.570796326794862363e+00
1.054021991323898177e+00 2.884269473321378427e+02 1.570796326794862363e+00
8.284517551844480243e-01 2.891607133283418420e+02 1.570796326794862363e+00
1.880705729497013534e+00 2.907355283916390363e+02 1.570796326794862363e+00
1.620709524567983895e+00 2.910620439527072563e+02 1.570796326794862363e+00
1.089839219745496468e+00 2.925434360487199683e+02 1.570796326794862363e+00
1.012613243120762618e+00 2.936552669126697879e+02 1.570796326794862363e+00
1.038377983922026848e+00 2.945399338605539583e+02 1.570796326794862363e+00
9.431669596787427556e-01 2.953308496433371602e+02 1.570796326794862363e+00
1.273093903130421811e+00 2.969266511613146804e+02 1.570796326794862363e+00
2.103806296467134462e+00 2.972595841333903195e+02 1.570796326794862363e+00
1.017232768525867082e+00 2.987400295010183413e+02 1.570796326794862363e+00
9.640105444229902787e-01 2.997757484182246799e+02 1.570796326794862363e+00
1.108768740910408779e+00 3.006750694621193247e+02 1.570796326794862363e+00
1.110239806175849608e+00 3.015162556057396728e+02 1.570796326794862363e+00
8.041559838184774156e-01 3.030127485820137281e+02 1.570796326794862363e+00
2.749566654371291996e+00 3.034738534103086636e+02 1.570796326794862363e+00
8.837732550459836967e-01 3.048811845709977888e+02 1.570796326794862363e+00
9.568853535631836049e-01 3.058407231576993581e+02 1.570796326794862363e+00
1.255836974213696111e+00 3.068018511023853421e+02 1.570796326794862363e+00
1.300399113723463174e+00 3.077001556673216101e+02 1.570796326794862363e+00
5.297482278357857899e-01 3.087791264646654668e+02 1.570796326794862363e+00
3.492121809000403587e+00 3.096912229034091411e+02 1.570796326794862363e+00
6.839396766112072479e-01 3.106935180179056601e+02 1.570796326794862363e+00
1.005492150835826992e+00 3.117607148874806740e+02 1.570796326794862363e+00
1.290238850366749901e+00 3.128825608655737369e+02 1.570796326794862363e+00
1.230456356957336350e+00 3.138183850663564272e+02 1.570796326794862363e+00
6.771174967340952700e-01 3.145169482169502544e+02 1.570796326794862363e+00
3.008818746323246973e+00 3.159294580097250673e+02 1.570796326794862363e+00
1.051898920017211081e+00 3.164043459074902671e+02 1.570796326794862363e+00
1.118934207759631372e+00 3.177937699755447625e+02 1.570796326794862363e+00
1.139448149301526936e+00 3.189762079844749110e+02 1.570796326794862363e+00
1.070134767247715724e+00 3.198833841304367525e+02 1.570796326794862363e+00
8.071968601731309700e-01 3.206043336872666600e+02 1.570796326794862363e+00
2.037674317972337334e+00 3.221648101867752416e+02 1.570796326794862363e+00
1.526453833145010153e+00 3.225012753795390381e+02 1.570796326794862363e+00
1.101410277474367705e+00 3.239767434976348000e+02 1.570796326794862363e+00
1.029009182557518276e+00 3.251037525298582409e+02 1.570796326794862363e+00
1.033915345744666148e+00 3.259895951738216695e+02 1.570796326794862363e+00
9.147573934629908976e-01 3.267692777535913251e+02 1.570796326794862363e+00
1.388215785158814386e+00 3.283676202195824771e+02 1.570796326794862363e+00
1.990290031769681001e+00 3.286916984995207258e+02 1.570796326794862363e+00
1.034777486338405827e+00 3.301759891279755266e+02 1.570796326794862363e+00
9.703411060266166066e-01 3.312281326476116874e+02 1.570796326794862363e+00
1.086984623130035299e+00 3.321213030199197647e+02 1.570796326794862363e+00
1.069996726038657586e+00 3.329519811001784433e+02 1.570796326794862363e+00
8.934282057459885795e-01 3.344861445948690175e+02 1.570796326794862363e+00
2.594773277406346335e+00 3.349038112133504796e+02 1.570796326794862363e+00
9.219613275773647088e-01 3.363385714237955995e+02 1.570796326794862363e+00
9.548536187158155331e-01 3.373122557523859655e+02 1.570796326794862363e+00
1.219928420495187016e+00 3.382545802791665892e+02 1.570796326794862363e+00
1.265887597709040024e+00 3.391395286048466460e+02 1.570796326794862363e+00
5.539584062552795896e-01 3.403461235019144624e+02 1.570796326794862363e+00
3.362813616611320722e+00 3.411209387789273819e+02 1.570796326794862363e+00
7.036482857215131670e-01 3.422649862557175879e+02 1.570796326794862363e+00
9.871956482521028198e-01 3.432641999128877046e+02 1.570796326794862363e+00
1.321362849229204217e+00 3.443436251045842482e+02 1.570796326794862363e+00
1.285512255654832625e+00 3.452790781403519986e+02 1.570796326794862363e+00
6.520210134155219883e-01 3.459873641236475237e+02 1.570796326794862363e+00
3.238383799712911681e+00 3.473511202366188400e+02 1.570796326794862363e+00
9.785286446363704593e-01 3.478725175018336131e+02 1.570796326794862363e+00
1.124469418673012644e+00 3.492338243909362632e+02 1.570796326794862363e+00
1.178923738628528506e+00 3.504230828969581353e+02 1.570796326794862363e+00
1.099923162550592304e+00 3.513364262634069064e+02 1.570796326794862363e+00
8.116169347485805430e-01 3.520359248025731631e+02 1.570796326794862363e+00
2.175706121459799913e+00 3.535878356932477686e+02 1.570796326794862363e+00
1.500561721965523398e+00 3.539290927175746333e+02 1.570796326794862363e+00
1.137052463957371140e+00 3.554075615169904836e+02 1.570796326794862363e+00
1.065128626682225077e+00 3.565553321452558180e+02 1.570796326794862363e+00
1.047461858256267142e+00 3.574433536151312865e+02 1.570796326794862363e+00
9.160579769544718864e-01 3.582028908883118561e+02 1.570796326794862363e+00
1.505040973052212072e+00 3.598004132217378128e+02 1.570796326794862363e+00
1.955289134562278486e+00 3.601176064317212990e+02 1.570796326794862363e+00
1.081369133734423560e+00 3.616143996521057034e+02 1.570796326794862363e+00
9.968239411539366879e-01 3.626926185763577450e+02 1.570796326794862363e+00
1.078788382500510457e+00 3.635791993945347826e+02 1.570796326794862363e+00
1.050580950674715019e+00 3.643912964532195815e+02 1.570796326794862363e+00
1.005636447896493646e+00 3.659516884042506035e+02 1.570796326794862363e+00
2.495564307092384304e+00 3.663327908602297498e+02 1.570796326794862363e+00
9.806131885948152771e-01 3.677983457495211610e+02 1.570796326794862363e+00
9.657957011395222890e-01 3.687959398585330177e+02 1.570796326794862363e+00
1.188060982757395800e+00 3.697168191090020741e+02 1.570796326794862363e+00
1.235908209186213247e+00 3.705830965824408736e+02 1.570796326794862363e+00
6.140627046011190027e-01 3.719056528131511641e+02 1.570796326794862363e+00
3.226605312983465534e+00 3.725517283396761172e+02 1.570796326794862363e+00
7.624687125052019843e-01 3.738201587831759412e+02 1.570796326794862363e+00
9.787425714653918973e-01 3.747779787594777758e+02 1.570796326794862363e+00
1.336890006191386204e+00 3.758090171251733409e+02 1.570796326794862363e+00
1.335889207783686805e+00 3.767383343718035462e+02 1.570796326794862363e+00
6.146390410813945548e-01 3.774844787070947518e+02 1.570796326794862363e+00
3.464232768321584555e+00 3.787737127519050091e+02 1.570796326794862363e+00
8.872576212566178899e-01 3.793670250999986706e+02 1.570796326794862363e+00
1.113782792612361350e+00 3.806824721447922002e+02 1.570796326794862363e+00
1.213929987428673973e+00 3.818714232804226754e+02 1.570796326794862363e+00
1.129567585275513819e+00 3.827913279094519794e+02 1.570796326794862363e+00
8.039993649208477811e-01 3.834734272894214087e+02 1.570796326794862363e+00
2.331447922673657747e+00 3.850118517878079274e+02 1.570796326794862363e+00
1.444978686562950143e+00 3.853635809586381811e+02 1.570796326794862363e+00
1.158883117611979818e+00 3.868383239116833465e+02 1.570796326794862363e+00
1.095509157457695615e+00 3.880021489927995617e+02 1.570796326794862363e+00
1.059502602951490680e+00 3.888935452827473682e+02 1.570796326794862363e+00
9.122851554861635126e-01 3.896354053912040740e+02 1.570796326794862363e+00
1.616328577154371171e+00 3.912305895598010466e+02 1.570796326794862363e+00
1.909296554618100661e+00 3.915441205581745976e+02 1.570796326794862363e+00
1.116350030774311941e+00 3.930481351727363517e+02 1.570796326794862363e+00
1.020626045342638122e+00 3.941484094323628256e+02 1.570796326794862363e+00
1.073509574196821248e+00 3.950320052519423371e+02 1.570796326794862363e+00
1.031860350369775858e+00 3.958275621423255188e+02 1.570796326794862363e+00
1.112035237520489162e+00 3.974045071885203129e+02 1.570796326794862363e+00
2.403076694037665995e+00 3.977608234836133079e+02 1.570796326794862363e+00
1.027537113247375622e+00 3.992464482774930730e+02 1.570796326794862363e+00
9.781345473635548737e-01 4.002682804572331179e+02 1.570796326794862363e+00
1.159564875167789166e+00 4.011741998503088098e+02 1.570796326794862363e+00
1.200520229736409705e+00 4.020232173712352619e+02 1.570796326794862363e+00
6.936525284424081006e-01 4.034327699350375838e+02 1.570796326794862363e+00
3.072214047234907319e+00 4.039822332029096401e+02 1.570796326794862363e+00
8.319692865993103537e-01 4.053360520125727930e+02 1.570796326794862363e+00
9.737019384881715478e-01 4.062844146460622028e+02 1.570796326794862363e+00
1.319854078744510550e+00 4.072758881883453910e+02 1.570796326794862363e+00
1.352891265977415713e+00 4.081926506384405684e+02 1.570796326794862363e+00
5.618130763734173749e-01 4.090433100481597535e+02 1.570796326794862363e+00
3.606637157814650774e+00 4.102003836154775058e+02 1.570796326794862363e+00
7.675993319434619711e-01 4.109316182800717456e+02 1.570796326794862363e+00
1.070467695182781842e+00 4.121582860631417589e+02 1.570796326794862363e+00
1.239925586871289509e+00 4.133324326986899564e+02 1.570796326794862363e+00
1.158025171343252557e+00 4.142601946032429510e+02 1.570796326794862363e+00
7.527679106748619287e-01 4.149426154367280333e+02 1.570796326794862363e+00
2.577215198094419346e+00 4.164423562263215786e+02 1.570796326794862363e+00
1.278253844782782700e+00 4.168310924996343942e+02 1.570796326794862363e+00
1.139233559748431546e+00 4.182776604683683104e+02 1.570796326794862363e+00
1.102897568137366280e+00 4.194479865241546577e+02 1.570796326794862363e+00
1.054107074024793089e+00 4.203443199136863768e+02 1.570796326794862363e+00
8.638199619155003672e-01 4.210816032259654094e+02 1.570796326794862363e+00
1.760646210520504962e+00 4.226677810198423799e+02 1.570796326794862363e+00
1.742413048003163878e+00 4.229862211900365310e+02 1.570796326794862363e+00
1.100953197658360638e+00 4.244781177482245198e+02 1.570796326794862363e+00
1.015246892133690793e+00 4.255845227636047525e+02 1.570796326794862363e+00
1.053077239390951547e+00 4.264685401674689160e+02 1.570796326794862363e+00
9.816971603225759235e-01 4.272616580469858718e+02 1.570796326794862363e+00
1.199699643086973966e+00 4.288514060039616993e+02 1.570796326794862363e+00
2.233171202789148158e+00 4.291927604069067002e+02 1.570796326794862363e+00
1.023398689145009977e+00 4.306764482758844110e+02 1.570796326794862363e+00
9.706258713760732570e-01 4.317065382788181864e+02 1.570796326794862363e+00
1.130690252613359759e+00 4.326084244970788291e+02 1.570796326794862363e+00
1.149992829158154484e+00 4.334525848035966078e+02 1.570796326794862363e+00
7.547502900817057991e-01 4.349157153754522369e+02 1.570796326794862363e+00
2.889975442387035187e+00 4.354107761099332947e+02 1.570796326794862363e+00
8.656481736281796957e-01 4.368001878881304378e+02 1.570796326794862363e+00
9.641832899839845039e-01 4.377535640896973632e+02 1.570796326794862363e+00
1.284470638712962076e+00 4.387260374409414680e+02 1.570796326794862363e+00
1.328151017834697356e+00 4.396319810890182112e+02 1.570796326794862363e+00
5.325929225058243510e-01 4.406126209571226582e+02 1.570796326794862363e+00
3.574051005198610742e+00 4.416284483338052951e+02 1.570796326794862363e+00
6.990671165924072783e-01 4.425170205479867036e+02 1.570796326794862363e+00
1.028063144888119229e+00 4.436477736350696546e+02 1.570796326794862363e+00
1.266805723311039023e+00 4.447954579988328305e+02 1.570796326794862363e+00
1.194955036924382208e+00 4.457290254615255662e+02 1.570796326794862363e+00
7.026167587604876807e-01 4.464210272426012125e+02 1.570796326794862363e+00
2.830849552704873595e+00 4.478702901580446110e+02 1.570796326794862363e+00
1.128077322570194774e+00 4.483090099620326896e+02 1.570796326794862363e+00
1.120889695423061383e+00 4.497211455106149742e+02 1.570796326794862363e+00
1.117082605536928286e+00 4.508977174708504663e+02 1.570796326794862363e+00
1.056336173298944026e+00 4.518001193996903453e+02 1.570796326794862363e+00
8.200525813995166446e-01 4.525316200069065076e+02 1.570796326794862363e+00
1.921461777024024764e+00 4.541024312308171602e+02 1.570796326794862363e+00
1.588967776546994726e+00 4.544318020026647673e+02 1.570796326794862363e+00
1.089774739184415031e+00 4.559106991771025150e+02 1.570796326794862363e+00
1.014466493062192054e+00 4.570255500550339320e+02 1.570796326794862363e+00
1.035356961938133091e+00 4.579104526766568029e+02 1.570796326794862363e+00
9.330342899192587414e-01 4.586994845384252812e+02 1.570796326794862363e+00
1.300812815761203556e+00 4.602964662492029220e+02 1.570796326794862363e+00
2.067466438087461444e+00 4.606269105426003989e+02 1.570796326794862363e+00
1.018528313358336490e+00 4.621073440700428705e+02 1.570796326794862363e+00
9.636655648500993543e-01 4.631461687166640218e+02 1.570796326794862363e+00
1.102127019433731370e+00 4.640441798045080759e+02 1.570796326794862363e+00
1.098216120093925552e+00 4.648835014218453807e+02 1.570796326794862363e+00
8.241320578503422700e-01 4.663904718841101840e+02 1.570796326794862363e+00
2.705558410405178194e+00 4.668402113001961311e+02 1.570796326794862363e+00
8.915207960930043862e-01 4.682539950298419740e+02 1.570796326794862363e+00
9.552941747278868023e-01 4.692163419226607175e+02 1.570796326794862363e+00
1.246345606024023667e+00 4.701731360603344569e+02 1.570796326794862363e+00
1.291105428312231629e+00 4.710684857995485686e+02 1.570796326794862363e+00
5.327108657787466006e-01 4.721805452934697769e+02 1.570796326794862363e+00
3.460246064798648380e+00 4.730574513756951092e+02 1.570796326794862363e+00
6.848591416858161862e-01 4.740970742082652123e+02 1.570796326794862363e+00
9.996586436071698278e-01 4.751449083141837377e+02 1.570796326794862363e+00
1.298582727173562601e+00 4.762567883500998391e+02 1.570796326794862363e+00
1.243947605484461150e+00 4.771929255884714394e+02 1.570796326794862363e+00
6.703953688919790377e-01 4.778933856306779262e+02 1.570796326794862363e+00
3.067756665793680781e+00 4.792938915897738639e+02 1.570796326794862363e+00
1.031620119617805864e+00 4.797803880899139131e+02 1.570796326794862363e+00
1.120138583731420168e+00 4.811627860613903067e+02 1.570796326794862363e+00
1.148946825366631508e+00 4.823472366272449676e+02 1.570796326794862363e+00
1.076914390491274132e+00 4.832560105969585038e+02 1.570796326794862363e+00
8.067630086068925399e-01 4.839720408529146880e+02 1.570796326794862363e+00
2.074628083546617763e+00 4.855298597914946868e+02 1.570796326794862363e+00
1.515556854375278650e+00 4.858679606501823969e+02 1.570796326794862363e+00
1.109136705341414730e+00 4.873436476849346377e+02 1.570796326794862363e+00
1.036934007126483870e+00 4.884757139022187857e+02 1.570796326794862363e+00
1.036059700728992450e+00 4.893619971012186056e+02 1.570796326794862363e+00
9.128344306006443976e-01 4.901371900038503213e+02 1.570796326794862363e+00
1.418677706431502150e+00 4.917354857230390621e+02 1.570796326794862363e+00
1.975269727770916139e+00 4.920576547988540028e+02 1.570796326794862363e+00
1.044654954595799712e+00 4.935445880991985632e+02 1.570796326794862363e+00
9.754945054196551002e-01 4.946026998610685155e+02 1.570796326794862363e+00
1.083693691177496143e+00 4.954940560659078983e+02 1.570796326794862363e+00
1.063313117573015276e+00 4.963206403063392713e+02 1.570796326794862363e+00
9.204081628573538287e-01 4.978625911713813252e+02 1.570796326794862363e+00
2.564816361420212854e+00 4.982700979770135064e+02 1.570796326794862363e+00
9.353415023719403587e-01 4.997126740580711157e+02 1.570796326794862363e+00
9.564640276764488913e-01 5.006915073155884670e+02 1.570796326794862363e+00
1.211528853609656009e+00 5.016283964113960110e+02 1.570796326794862363e+00
1.258158837839119304e+00 5.025090814487224975e+02 1.570796326794862363e+00
5.657518726498413919e-01 5.037465477902116504e+02 1.570796326794862363e+00
3.329382524750310157e+00 5.044874161286227263e+02 1.570796326794862363e+00
7.152411981750250725e-01 5.056650292429114870e+02 1.570796326794862363e+00
9.843513766894607109e-01 5.066508763440967300e+02 1.570796326794862363e+00
1.327695897897212429e+00 5.077183130037614092e+02 1.570796326794862363e+00
1.299649135512429110e+00 5.086528791110472980e+02 1.570796326794862363e+00
6.448996702704179462e-01 5.093660871170083624e+02 1.570796326794862363e+00
3.296346533714349825e+00 5.107153346175896900e+02 1.570796326794862363e+00
9.596975794117035274e-01 5.112504291368157965e+02 1.570796326794862363e+00
1.124774087703947156e+00 5.126032625593162493e+02 1.570796326794862363e+00
1.188964612514968433e+00 5.137934692275348425e+02 1.570796326794862363e+00
1.108046396126284971e+00 5.147083668163751327e+02 1.570796326794862363e+00
8.132712185185470011e-01 5.154022252536984752e+02 1.570796326794862363e+00
2.209661728410974302e+00 5.169521467186673362e+02 1.570796326794862363e+00
1.495813783897706806e+00 5.172945357303727860e+02 1.570796326794862363e+00
1.146278884698485045e+00 5.187738220296535019e+02 1.570796326794862363e+00
1.075021736425276764e+00 5.199266843678531131e+02 1.570796326794862363e+00
1.051990054301573885e+00 5.208154509728789208e+02 1.570796326794862363e+00
9.182708527086138606e-01 5.215694185193375461e+02 1.570796326794862363e+00
1.532942559908597513e+00 5.231665625108993254e+02 1.570796326794862363e+00
1.951836659138268093e+00 5.234823239765753442e+02 1.570796326794862363e+00
1.094320674239117608e+00 5.249824554628831947e+02 1.570796326794862363e+00
1.004985503269453018e+00 5.260676769521220422e+02 1.570796326794862363e+00
1.078146463513471875e+00 5.269530339597748707e+02 1.570796326794862363e+00
1.047507722243902206e+00 5.277598653807413029e+02 1.570796326794862363e+00
1.035154245746579882e+00 5.293251750194938268e+02 1.570796326794862363e+00
2.475684328168732407e+00 5.296986667955609391e+02 1.570796326794862363e+00
9.963793087528810544e-01 5.311713188388633853e+02 1.570796326794862363e+00
9.699661617682100445e-01 5.321760701694112186e+02 1.570796326794862363e+00
1.180431527632272992e+00 5.330919851686423954e+02 1.570796326794862363e+00
1.227888863667247143e+00 5.339530365954743729e+02 1.570796326794862363e+00
6.345473878943571622e-01 5.353017456308275541e+02 1.570796326794862363e+00
3.189117353596833571e+00 5.359184661075944405e+02 1.570796326794862363e+00
7.817218747009655466e-01 5.372140172527759887e+02 1.570796326794862363e+00
9.774677017168672544e-01 5.381665568746195731e+02 1.570796326794862363e+00
1.335700648396564327e+00 5.391856089618843271e+02 1.570796326794862363e+00
1.344746246093317055e+00 5.401120977219816268e+02 1.570796326794862363e+00
6.009171821393560764e-01 5.408787551959748043e+02 1.570796326794862363e+00
3.515843249836787976e+00 5.421389344170601134e+02 1.570796326794862363e+00
8.560167965346201502e-01 5.427614637128826871e+02 1.570796326794862363e+00
1.104906073098207653e+00 5.440578999494148320e+02 1.570796326794862363e+00
1.220896651593474935e+00 5.452445621151622390e+02 1.570796326794862363e+00
1.136324727185187511e+00 5.461664305936571964e+02 1.570796326794862363e+00
7.939192733509417010e-01 5.468469640533871825e+02 1.570796326794862363e+00
2.386595771115366471e+00 5.483780533829465185e+02 1.570796326794862363e+00
1.409428583433615767e+00 5.487365419393560160e+02 1.570796326794862363e+00
1.156529592898261072e+00 5.502061436171069317e+02 1.570796326794862363e+00
1.098552629106509304e+00 5.513721351378879945e+02 1.570796326794862363e+00
1.059055808881419036e+00 5.522646178843499456e+02 1.570796326794862363e+00
9.031253773241856297e-01 5.530044833165268301e+02 1.570796326794862363e+00
1.648963915874891883e+00 5.545982846790989242e+02 1.570796326794862363e+00
1.875526055697163352e+00 5.549121223846365183e+02 1.570796326794862363e+00
1.115766357539153875e+00 5.564144666640576133e+02 1.570796326794862363e+00
1.021225505020603164e+00 5.575172171302525612e+02 1.570796326794862363e+00
1.069604009794434596e+00 5.584007540729792254e+02 1.570796326794862363e+00
1.021772005019853102e+00 5.591947729044584321e+02 1.570796326794862363e+00
1.134482481658163122e+00 5.607752250690853089e+02 1.570796326794862363e+00
2.366774378484650665e+00 5.611271816034798121e+02 1.570796326794862363e+00
1.030197647848504428e+00 5.626138136438298716e+02 1.570796326794862363e+00
9.778852257787677971e-01 5.636389121967740721e+02 1.570796326794862363e+00
1.152607714282546159e+00 5.645431833585968207e+02 1.570796326794862363e+00
1.189152932890385372e+00 5.653900588445777657e+02 1.570796326794862363e+00
7.104881311151153289e-01 5.668150182298805930e+02 1.570796326794862363e+00
3.029118078941462233e+00 5.673482857366526559e+02 1.570796326794862363e+00
8.436287454436656175e-01 5.687142703615282926e+02 1.570796326794862363e+00
9.718070744232559788e-01 5.696634426887125073e+02 1.570796326794862363e+00
1.311760389315655972e+00 5.706487544243911998e+02 1.570796326794862363e+00
1.349518016038504298e+00 5.715624628602045050e+02 1.570796326794862363e+00
5.516624376849155187e-01 5.724453693260453520e+02 1.570796326794862363e+00
3.612185817947258570e+00 5.735661980011275318e+02 1.570796326794862363e+00
7.444150764977776058e-01 5.743372875188606486e+02 1.570796326794862363e+00
1.058659340098390578e+00 5.755389895099305022e+02 1.570796326794862363e+00
1.246374109856138945e+00 5.767073471786658274e+02 1.570796326794862363e+00
1.166379658804056252e+00 5.776368612760405767e+02 1.570796326794862363e+00
7.386175337850835465e-01 5.783213511618552047e+02 1.570796326794862363e+00
2.643210484612954492e+00 5.798086546190556874e+02 1.570796326794862363e+00
1.235267456492890492e+00 5.802096418157267408e+02 1.570796326794862363e+00
1.133186598082030372e+00 5.816473762228459918e+02 1.570796326794862363e+00
1.104982764699026232e+00 5.828190996930127312e+02 1.570796326794862363e+00
1.053144617464261135e+00 5.837168964224885030e+02 1.570796326794862363e+00
8.505468971543429513e-01 5.844533324267989656e+02 1.570796326794862363e+00
1.800992043686240995e+00 5.860359187587088172e+02 1.570796326794862363e+00
1.697651961675521015e+00 5.863568637346962760e+02 1.570796326794862363e+00
1.095881499597137321e+00 5.878448812810057689e+02 1.570796326794862363e+00
1.013377788150467307e+00 5.889526743408363245e+02 1.570796326794862363e+00
1.047447585085831578e+00 5.898369079007061373e+02 1.570796326794862363e+00
9.677118236178696709e-01 5.906296807783484155e+02 1.570796326794862363e+00
1.223334175785833366e+00 5.922219045989693313e+02 1.570796326794862363e+00
2.186912863600623425e+00 5.925601935043908952e+02 1.570796326794862363e+00
1.020278337476574704e+00 5.940424666916482010e+02 1.570796326794862363e+00
9.678198019588188927e-01 5.950740784556052176e+02 1.570796326794862363e+00
1.123075076557210616e+00 5.959752512610476742e+02 1.570796326794862363e+00
1.136158739368884341e+00 5.968186686478921956e+02 1.570796326794862363e+00
7.703338067520354437e-01 5.982935199740572898e+02 1.570796326794862363e+00
2.841505364753324159e+00 5.987768898262509083e+02 1.570796326794862363e+00
8.715446662274970446e-01 6.001724922894479732e+02 1.570796326794862363e+00
9.614722585425125034e-01 6.011277000638734762e+02 1.570796326794862363e+00
1.274757908531482853e+00 6.020964127438610376e+02 1.570796326794862363e+00
1.318996603462074146e+00 6.029998500870511862e+02 1.570796326794862363e+00
5.297822633739417419e-01 6.040139168146417887e+02 1.570796326794862363e+00
3.549439449829342230e+00 6.049944824480629677e+02 1.570796326794862363e+00
6.908186340502372458e-01 6.059222365109441171e+02 1.570796326794862363e+00
1.019507116139181324e+00 6.070304197382910161e+02 1.570796326794862363e+00
1.274520033357600113e+00 6.081699148261657228e+02 1.570796326794862363e+00
1.206290303668937636e+00 6.091044618594397662e+02 1.570796326794862363e+00
6.929214143962394434e-01 6.097988261830948886e+02 1.570796326794862363e+00
2.892184409375088361e+00 6.112354048472994918e+02 1.570796326794862363e+00
1.099191039827702054e+00 6.116866761606761429e+02 1.570796326794862363e+00
1.119226496269399185e+00 6.130907731245648620e+02 1.570796326794862363e+00
1.123668325673197854e+00 6.142692935766325490e+02 1.570796326794862363e+00
1.059930734587675172e+00 6.151733166600569120e+02 1.570796326794862363e+00
8.137567207889951915e-01 6.159018663749294547e+02 1.570796326794862363e+00
1.961822717592778265e+00 6.174688528523500963e+02 1.570796326794862363e+00
1.562682650353938829e+00 6.178009121313614287e+02 1.570796326794862363e+00
1.091853717167600601e+00 6.192779979176415281e+02 1.570796326794862363e+00
1.017945347531023170e+00 6.203964913544699584e+02 1.570796326794862363e+00
1.033614229774513449e+00 6.212816620181616827e+02 1.570796326794862363e+00
9.248498649221936763e-01 6.220681345114844589e+02 1.570796326794862363e+00
1.329815416298449238e+00 6.236658950419941903e+02 1.570796326794862363e+00
2.036111495300383822e+00 6.239940172374602980e+02 1.570796326794862363e+00
1.022006120627978465e+00 6.254751318806360132e+02 1.570796326794862363e+00
9.646244533456524994e-01 6.265178055324877278e+02 1.570796326794862363e+00
1.096169822559632800e+00 6.274142945207744333e+02 1.570796326794862363e+00
1.087338729085892908e+00 6.282512014918846717e+02 1.570796326794862363e+00
8.460176348901778942e-01 6.297680975288832315e+02 1.570796326794862363e+00
2.664489023748235486e+00 6.302066116963908371e+02 1.570796326794862363e+00
9.005647675274832675e-01 6.316272273537828141e+02 1.570796326794862363e+00
9.543862646597440769e-01 6.325928820471500558e+02 1.570796326794862363e+00
1.237083218352427183e+00 6.335450124836248733e+02 1.570796326794862363e+00
1.282150393479320805e+00 6.344371242753884417e+02 1.570796326794862363e+00
5.378064290977887518e-01 6.355819389603090031e+02 1.570796326794862363e+00
3.427504088641814217e+00 6.364237458508097234e+02 1.570796326794862363e+00
6.886433030177695480e-01 6.374999067482870032e+02 1.570796326794862363e+00
9.946784207843704095e-01 6.385296987769391990e+02 1.570796326794862363e+00
1.306825084814895233e+00 6.396310201640872037e+02 1.570796326794862363e+00
1.257950467057839861e+00 6.405672111897564491e+02 1.570796326794862363e+00
6.641941792001807565e-01 6.412696799144986244e+02 1.570796326794862363e+00
3.126224556886654682e+00 6.426581754558425246e+02 1.570796326794862363e+00
1.013082212849884867e+00 6.431561598667119597e+02 1.570796326794862363e+00
1.121799862651391200e+00 6.445316574719657865e+02 1.570796326794862363e+00
1.159035511870302848e+00 6.457180024803928973e+02 1.570796326794862363e+00
1.084430441952217050e+00 6.466283508044472228e+02 1.570796326794862363e+00
8.078224254532803128e-01 6.473389422317744675e+02 1.570796326794862363e+00
2.110067894361628227e+00 6.488945386008463174e+02 1.570796326794862363e+00
1.508688636962493890e+00 6.492338824161253115e+02 1.570796326794862363e+00
1.118221699602448993e+00 6.507103311270612949e+02 1.570796326794862363e+00
1.046020818192795021e+00 6.518477338445579790e+02 1.570796326794862363e+00
1.039318844379655715e+00 6.527345334293390806e+02 1.570796326794862363e+00
9.128175144895325221e-01 6.535046783572711320e+02 1.570796326794862363e+00
1.448847980178340933e+00 6.551027861555373875e+02 1.570796326794862363e+00
1.965333319906564569e+00 6.554231450943947266e+02 1.570796326794862363e+00
1.056329560283678193e+00 6.569132415216199661e+02 1.570796326794862363e+00
9.819672955488158994e-01 6.579779246894736389e+02 1.570796326794862363e+00
1.081331934279361473e+00 6.588675039465983900e+02 1.570796326794862363e+00
1.058020350697495671e+00 6.596894624749994591e+02 1.570796326794862363e+00
9.487965966620600655e-01 6.612384302395997793e+02 1.570796326794862363e+00
2.538560782255375070e+00 6.616362922641279738e+02 1.570796326794862363e+00
9.501085824304159599e-01 6.630868644469547917e+02 1.570796326794862363e+00
9.589782773116649617e-01 6.640715592003056145e+02 1.570796326794862363e+00
1.203349363897435964e+00 6.650028852742594836e+02 1.570796326794862363e+00
1.250645317521173361e+00 6.658789175727833936e+02 1.570796326794862363e+00
5.800095141280082744e-01 6.671465128689040966e+02 1.570796326794862363e+00
3.295393480292946986e+00 6.678539835149123292e+02 1.570796326794862363e+00
7.293437401998849046e-01 6.690641024845589300e+02 1.570796326794862363e+00
9.820514905138811868e-01 6.700383834815218052e+02 1.570796326794862363e+00
1.332707007186972215e+00 6.710934553773130347e+02 1.570796326794862363e+00
1.313260888434717666e+00 6.720267120990389458e+02 1.570796326794862363e+00
6.364039625375957909e-01 6.727473465015436886e+02 1.570796326794862363e+00
3.354597493255872198e+00 6.740796959149877239e+02 1.570796326794862363e+00
9.384354735480757714e-01 6.746308827118897398e+02 1.570796326794862363e+00
1.123427712727425476e+00 6.759735554637800305e+02 1.570796326794862363e+00
1.198402050852487077e+00 6.771641267581361490e+02 1.570796326794862363e+00
1.115887710307652991e+00 6.780806325082081685e+02 1.570796326794862363e+00
8.132180650202920358e-01 6.787694066368791255e+02 1.570796326794862363e+00
2.246040617746437817e+00 6.803167085439666835e+02 1.570796326794862363e+00
1.486647712218146067e+00 6.806609091876990760e+02 1.570796326794862363e+00
1.153714953540718513e+00 6.821401795341340630e+02 1.570796326794862363e+00
1.083937623860168564e+00 6.832976044398087652e+02 1.570796326794862363e+00
1.055933654823313583e+00 6.841871938289306172e+02 1.570796326794862363e+00
9.192353279195751847e-01 6.849360377092242516e+02 1.570796326794862363e+00
1.560556186968429238e+00 6.865327189175800413e+02 1.570796326794862363e+00
1.945256793078923740e+00 6.868472977072802905e+02 1.570796326794862363e+00
1.105500930010471450e+00 6.883500822620493409e+02 1.570796326794862363e+00
1.012375660641497532e+00 6.894416999125518259e+02 1.570796326794862363e+00
1.077395930282860625e+00 6.903261377451096905e+02 1.570796326794862363e+00
1.043936659699302494e+00 6.911281002355200371e+02 1.570796326794862363e+00
1.063597602971926959e+00 6.926977667628125346e+02 1.570796326794862363e+00
2.454916939234962570e+00 6.930644964401431025e+02 1.570796326794862363e+00
1.010530327403005968e+00 6.945432101668765199e+02 1.570796326794862363e+00
9.739109941715449192e-01 6.955548583062883381e+02 1.570796326794862363e+00
1.173040034138363774e+00 6.964664470083424703e+02 1.570796326794862363e+00
1.219310772996937686e+00 6.973225545558998419e+02 1.570796326794862363e+00
6.558472361433287379e-01 6.986950583255952552e+02 1.570796326794862363e+00
3.150232977574083382e+00 6.992851409123518351e+02 1.570796326794862363e+00
8.009663732511246304e-01 7.006046712152808595e+02 1.570796326794862363e+00
9.763148867323471203e-01 7.015541387015482542e+02 1.570796326794862363e+00
1.332091132978069137e+00 7.025621602854776029e+02 1.570796326794862363e+00
1.350767230643624695e+00 7.034853868163719426e+02 1.570796326794862363e+00
5.865477041127447055e-01 7.042777156187112269e+02 1.570796326794862363e+00
3.559206911028294673e+00 7.055044627435967186e+02 1.570796326794862363e+00
8.235637053989366407e-01 7.061614009992885030e+02 1.570796326794862363e+00
1.093870147040111096e+00 7.074355360807979878e+02 1.570796326794862363e+00
1.227520806127679442e+00 7.086188109461857039e+02 1.570796326794862363e+00
1.143321360375187723e+00 7.095427469576940211e+02 1.570796326794862363e+00
7.808650935070795551e-01 7.102229880468654528e+02 1.570796326794862363e+00
2.449024488499322416e+00 7.117446877004019825e+02 1.570796326794862363e+00
1.366366973741857338e+00 7.121120863213118355e+02 1.570796326794862363e+00
1.151533848752804623e+00 7.135747555632041212e+02 1.570796326794862363e+00
1.100268757281790633e+00 7.147424075612758543e+02 1.570796326794862363e+00
1.057500521266130589e+00 7.156361091448312663e+02 1.570796326794862363e+00
8.907477870657055652e-01 7.163748013710614941e+02 1.570796326794862363e+00
1.685126984080232537e+00 7.179665889117995903e+02 1.570796326794862363e+00
1.832834266222758357e+00 7.182814206655401676e+02 1.570796326794862363e+00
1.111847994654139971e+00 7.197807592220931383e+02 1.570796326794862363e+00
1.019825943458338324e+00 7.208850255937649081e+02 1.570796326794862363e+00
1.064435575871997663e+00 7.217686645412525195e+02 1.570796326794862363e+00
1.009120237647363361e+00 7.225620735108979034e+02 1.570796326794862363e+00
1.156439499576866092e+00 7.241459489752484160e+02 1.570796326794862363e+00
2.323798102836100998e+00 7.244939734206415096e+02 1.570796326794862363e+00
1.029375904138585263e+00 7.259802182194422357e+02 1.570796326794862363e+00
9.760917978513690141e-01 7.270074750431821258e+02 1.570796326794862363e+00
1.145329914317827269e+00 7.279107014499575143e+02 1.570796326794862363e+00
1.176450099461171739e+00 7.287562867439644378e+02 1.570796326794862363e+00
7.259680483582084953e-01 7.301951481177715095e+02 1.570796326794862363e+00
2.983102676135374942e+00 7.307142876688581055e+02 1.570796326794862363e+00
8.526460433906775105e-01 7.320897522960582364e+02 1.570796326794862363e+00
9.694378645876248202e-01 7.330401463190323739e+02 1.570796326794862363e+00
1.302834205160683156e+00 7.340204735064110082e+02 1.570796326794862363e+00
1.343671036345188696e+00 7.349313765592967229e+02 1.570796326794862363e+00
5.433359650392611817e-01 7.358473948488605174e+02 1.570796326794862363e+00
3.606739336355299752e+00 7.369320850734372925e+02 1.570796326794862363e+00
7.251799248454263713e-01 7.377434758003582829e+02 1.570796326794862363e+00
1.047373420286014545e+00 7.389203529890605751e+02 1.570796326794862363e+00
1.252999527364065058e+00 7.400822359802682513e+02 1.570796326794862363e+00
1.175373116247668825e+00 7.410133242362885539e+02 1.570796326794862363e+00
7.251489145646314860e-01 7.417003225712554695e+02 1.570796326794862363e+00
2.708515727862023326e+00 7.431746887168673084e+02 1.570796326794862363e+00
1.194984299036497832e+00 7.435884907496890719e+02 1.570796326794862363e+00
1.127819179167756980e+00 7.450172654161576702e+02 1.570796326794862363e+00
1.107931702358767811e+00 7.461904818667255768e+02 1.570796326794862363e+00
1.053054036975821450e+00 7.470898081343871127e+02 1.570796326794862363e+00
8.383368592139593956e-01 7.478251018491361037e+02 1.570796326794862363e+00
1.842047847137102679e+00 7.494037476397854789e+02 1.570796326794862363e+00
1.655791919408465152e+00 7.497275089960969581e+02 1.570796326794862363e+00
1.091925169887279834e+00 7.512118761481223146e+02 1.570796326794862363e+00
1.012363093566801542e+00 7.523214774247412606e+02 1.570796326794862363e+00
1.042338353459400624e+00 7.532059329766467499e+02 1.570796326794862363e+00
9.544131451289468160e-01 7.539980044846430474e+02 1.570796326794862363e+00
1.248315842756787530e+00 7.555922865318476624e+02 1.570796326794862363e+00
2.142404197348700023e+00 7.559277213706227485e+02 1.570796326794862363e+00
1.017965679489183151e+00 7.574088136434744456e+02 1.570796326794862363e+00
9.654469960288878383e-01 7.584422778956541151e+02 1.570796326794862363e+00
1.115541149092346584e+00 7.593425991859223814e+02 1.570796326794862363e+00
1.122493746750990562e+00 7.601850538701601181e+02 1.570796326794862363e+00
7.870501263136161496e-01 7.616712556696629690e+02 1.570796326794862363e+00
2.793360979099875241e+00 7.621431076020097635e+02 1.570796326794862363e+00
8.775363556081707817e-01 7.635446984237761399e+02 1.570796326794862363e+00
9.589250718405789575e-01 7.645019854380221886e+02 1.570796326794862363e+00
1.264960897908306459e+00 7.654668884609192219e+02 1.570796326794862363e+00
1.309414263816840673e+00 7.663677522189377669e+02 1.570796326794862363e+00
5.288414827634991822e-01 7.674153459510408766e+02 1.570796326794862363e+00
3.521001352421493813e+00 7.683605954972522341e+02 1.570796326794862363e+00
6.858062660866508509e-01 7.693270947077355686e+02 1.570796326794862363e+00
1.011839447879509191e+00 7.704136233650452823e+02 1.570796326794862363e+00
1.282520014055012592e+00 7.715443008369148856e+02 1.570796326794862363e+00
1.218403632262302860e+00 7.724796129785754601e+02 1.570796326794862363e+00
6.842841525400225056e-01 7.731762272434875740e+02 1.570796326794862363e+00
2.952725144764228205e+00 7.746002734591622811e+02 1.570796326794862363e+00
1.073402517215290120e+00 7.750638865550486116e+02 1.570796326794862363e+00
1.118606140198859844e+00 7.764602466029817833e+02 1.570796326794862363e+00
1.131332781797809162e+00 7.776407757932336153e+02 1.570796326794862363e+00
1.064675899946366355e+00 7.785464291939447321e+02 1.570796326794862363e+00
8.094198233904448259e-01 7.792713801211392592e+02 1.570796326794862363e+00
2.001494801948309643e+00 7.808348159089113096e+02 1.570796326794862363e+00
1.541498245253352772e+00 7.811693214800834539e+02 1.570796326794862363e+00
1.095863974957853149e+00 7.826452421349491715e+02 1.570796326794862363e+00
1.022929602833724694e+00 7.837678978860884627e+02 1.570796326794862363e+00
1.033137229018936232e+00 7.846533871833875082e+02 1.570796326794862363e+00
9.186279041813146806e-01 7.854366699181448439e+02 1.570796326794862363e+00
1.359694076274652330e+00 7.870348638015542519e+02 1.570796326794862363e+00
2.009829269769922266e+00 7.873608337262104442e+02 1.570796326794862363e+00
1.027553487987270309e+00 7.888432674478901845e+02 1.570796326794862363e+00
9.668928638224221217e-01 7.898904820888504901e+02 1.570796326794862363e+00
1.090998776590539343e+00 7.907853079345916285e+02 1.570796326794862363e+00
1.077712327886829691e+00 7.916192732357825435e+02 1.570796326794862363e+00
8.696465328919831261e-01 7.931454206839807739e+02 1.570796326794862363e+00
2.626722785357137102e+00 7.935730116288850695e+02 1.570796326794862363e+00
9.108955489007133366e-01 7.950007586673625610e+02 1.570796326794862363e+00
9.542202453625506786e-01 7.959702599340778306e+02 1.570796326794862363e+00
1.228091319765381328e+00 7.969174601549312911e+02 1.570796326794862363e+00
1.273553460875623600e+00 7.978060419092304301e+02 1.570796326794862363e+00
5.450710056096440548e-01 7.989830299860338982e+02 1.570796326794862363e+00
3.394201863881274761e+00 7.997900959314041529e+02 1.570796326794862363e+00
6.951425532013050246e-01 8.009017519936439840e+02 1.570796326794862363e+00
9.904760246599061402e-01 8.019150248926777067e+02 1.570796326794862363e+00
1.314621821615136632e+00 8.030052802184599159e+02 1.570796326794862363e+00
1.272140449987073874e+00 8.039412387182799193e+02 1.570796326794862363e+00
6.580520454444819256e-01 8.046462685252311076e+02 1.570796326794862363e+00
3.184161283389194352e+00 8.060223752102813251e+02 1.570796326794862363e+00
9.952857765613759566e-01 8.065321130581068019e+02 1.570796326794862363e+00
1.123380852033918131e+00 8.079005228708938375e+02 1.570796326794862363e+00
1.169300196582311546e+00 8.090885186657346821e+02 1.570796326794862363e+00
1.092324956867233743e+00 8.100004166121394746e+02 1.570796326794862363e+00
8.096595592815004627e-01 8.107053260441454086e+02 1.570796326794862363e+00
2.144230844086853605e+00 8.122589709138172793e+02 1.570796326794862363e+00
1.504085521627286370e+00 8.125993331804452282e+02 1.570796326794862363e+00
1.127888922542358952e+00 8.140768016286293687e+02 1.570796326794862363e+00
1.055732104616858180e+00 8.152195866188544642e+02 1.570796326794862363e+00
1.043303253391226315e+00 8.161069799841551458e+02 1.570796326794862363e+00
9.141001663910613972e-01 8.168717469959667596e+02 1.570796326794862363e+00
1.478224981989447295e+00 8.184695793737239455e+02 1.570796326794862363e+00
1.959025691376324874e+00 8.187882491901960975e+02 1.570796326794862363e+00
1.069006285365991182e+00 8.202817600087378196e+02 1.570796326794862363e+00
9.893372046002194553e-01 8.213533434762836123e+02 1.570796326794862363e+00
1.079733391405378162e+00 8.222412873793562085e+02 1.570796326794862363e+00
1.053807048529012746e+00 8.230582735725856764e+02 1.570796326794862363e+00
9.779126896645292666e-01 8.246134698788100650e+02 1.570796326794862363e+00
2.515314772593418624e+00 8.250023653004006974e+02 1.570796326794862363e+00
9.656460686834432705e-01 8.264607970535232653e+02 1.570796326794862363e+00
9.622139335872927912e-01 8.274519220579654757e+02 1.570796326794862363e+00
1.195380729539675890e+00 8.283777698387496002e+02 1.570796326794862363e+00
1.243125000020763871e+00 8.292488732542921070e+02 1.570796326794862363e+00
5.965463452017814028e-01 8.305454295342083242e+02 1.570796326794862363e+00
3.260487657665002370e+00 8.312206153289157555e+02 1.570796326794862363e+00
7.455718427343469568e-01 8.324616413932900514e+02 1.570796326794862363e+00
9.801816234440922093e-01 8.334264248394332526e+02 1.570796326794862363e+00
1.335867959089845902e+00 8.344690535167035250e+02 1.570796326794862363e+00
1.325680925798679022e+00 8.354005262128041522e+02 1.570796326794862363e+00
6.260771103551286965e-01 8.361321903261987245e+02 1.570796326794862363e+00
3.412038609823698998e+00 8.374442936427891482e+02 1.570796326794862363e+00
9.137645562658323062e-01 8.380150704304326155e+02 1.570796326794862363e+00
1.119706760826159053e+00 8.393451485854956218e+02 1.570796326794862363e+00
1.206839423798251598e+00 8.405353096416956760e+02 1.570796326794862363e+00
1.123150380642650825e+00 8.414535084191600163e+02 1.570796326794862363e+00
8.101558500061558643e-01 8.421382540850539726e+02 1.570796326794862363e+00
2.286971741843492278e+00 8.436817487260497046e+02 1.570796326794862363e+00
1.469628962519358373e+00 8.440290233073808395e+02 1.570796326794862363e+00
1.158041834535502135e+00 8.455068124472834370e+02 1.570796326794862363e+00
1.090922341912809568e+00 8.466679481574730062e+02 1.570796326794862363e+00
1.058535053932470271e+00 8.475584298460292985e+02 1.570796326794862363e+00
9.173763665853627014e-01 8.483031309937052811e+02 1.570796326794862363e+00
1.588517750338966916e+00 8.498991811214903009e+02 1.570796326794862363e+00
1.931341679585141913e+00 8.502129797144058330e+02 1.570796326794862363e+00
1.113107891685532369e+00 8.517171298743305670e+02 1.570796326794862363e+00
1.017803083141552989e+00 8.528138907925776948e+02 1.570796326794862363e+00
1.075930620970319218e+00 8.536977532535557884e+02 1.570796326794862363e+00
1.038808933026869274e+00 8.544958341683292247e+02 1.570796326794862363e+00
1.089665568595596268e+00 8.560693858486641830e+02 1.570796326794862363e+00
2.430785928104996163e+00 8.564303460889921098e+02 1.570796326794862363e+00
1.021264030131660450e+00 8.579134754707764614e+02 1.570796326794862363e+00
9.768118287761999863e-01 8.589310119541701170e+02 1.570796326794862363e+00
1.165997942419739974e+00 8.598392235876879113e+02 1.570796326794862363e+00
1.210052800375131632e+00 8.606911883625170958e+02 1.570796326794862363e+00
6.761995540116587655e-01 8.620842283722191723e+02 1.570796326794862363e+00
3.110553245446889825e+00 8.626515835772520404e+02 1.570796326794862363e+00
8.183022666255450606e-01 8.639907845431251872e+02 1.570796326794862363e+00
9.750919605108030463e-01 8.649390763983703891e+02 1.570796326794862363e+00
1.326462188762383310e+00 8.659377288729959901e+02 1.570796326794862363e+00
1.353396568731603855e+00 8.668575665914553383e+02 1.570796326794862363e+00
5.730100972803023884e-01 8.676790675681309040e+02 1.570796326794862363e+00
3.590003311101542138e+00 8.688701524794417992e+02 1.570796326794862363e+00
7.929957629217874171e-01 8.695647015012858674e+02 1.570796326794862363e+00
1.081837120712817457e+00 8.708146707704325991e+02 1.570796326794862363e+00
1.233939010758273946e+00 8.719936043280819149e+02 1.570796326794862363e+00
1.150684466671531236e+00 8.729195735852007374e+02 1.570796326794862363e+00
7.664251393916259314e-01 8.736005827612701751e+02 1.570796326794862363e+00
2.514886819833902720e+00 8.751113927462988613e+02 1.570796326794862363e+00
1.320542852408982615e+00 8.754893125038582866e+02 1.570796326794862363e+00
1.145255124162444682e+00 8.769439251741238195e+02 1.570796326794862363e+00
1.101506452925520074e+00 8.781129801008545428e+02 1.570796326794862363e+00
1.055601788427244392e+00 8.790080030104705884e+02 1.570796326794862363e+00
8.768708614976885585e-01 8.797459450729264745e+02 1.570796326794862363e+00
1.723530744154337491e+00 8.813350889514763367e+02 1.570796326794862363e+00
1.786146595971108697e+00 8.816515466608115048e+02 1.570796326794862363e+00
1.106287745709266135e+00 8.831471404778483247e+02 1.570796326794862363e+00
1.017463748735184303e+00 8.842524923225174689e+02 1.570796326794862363e+00
1.058606034882595859e+00 8.851363142612934780e+02 1.570796326794862363e+00
9.950964356339619954e-01 8.859295656397154062e+02 1.570796326794862363e+00
1.178459084436328963e+00 8.875166325974356596e+02 1.570796326794862363e+00
2.277327099869870253e+00 8.878610825161823641e+02 1.570796326794862363e+00
1.026551755585871861e+00 8.893461300449673672e+02 1.570796326794862363e+00
9.733871088341322642e-01 8.903749151681386138e+02 1.570796326794862363e+00
1.137824076792171457e+00 8.912774171397071541e+02 1.570796326794862363e+00
1.162942132670408357e+00 8.921222061576489750e+02 1.570796326794862363e+00
7.407530965945486878e-01 8.935739066466356917e+02 1.570796326794862363e+00
2.935362076876134818e+00 8.940802828211344604e+02 1.570796326794862363e+00
8.597927474063272735e-01 8.954634094083839955e+02 1.570796326794862363e+00
9.667682208601611205e-01 8.964152526644313639e+02 1.570796326794862363e+00
1.293463553005481437e+00 8.973913612948736045e+02 1.570796326794862363e+00
1.336139023086123645e+00 8.982996631770540716e+02 1.570796326794862363e+00
5.369128746126120566e-01 8.992489943817448648e+02 1.570796326794862363e+00
3.592776919890738441e+00 9.002980142252644100e+02 1.570796326794862363e+00
7.099522811993769222e-01 9.011494198334539760e+02 1.570796326794862363e+00
1.036952240007988690e+00 9.023021299807179503e+02 1.570796326794862363e+00
1.259919211548269358e+00 9.034569563721677241e+02 1.570796326794862363e+00
1.185077385769392588e+00 9.043894178008073368e+02 1.570796326794862363e+00
7.128704660466169685e-01 9.050790553116361252e+02 1.570796326794862363e+00
2.772286536720690808e+00 9.065403992490961400e+02 1.570796326794862363e+00
1.158536238549120911e+00 9.069671312993770016e+02 1.570796326794862363e+00
1.123595619108422206e+00 9.083871461632049886e+02 1.570796326794862363e+00
1.112028309481528421e+00 9.095620076687156370e+02 1.570796326794862363e+00
1.054121894236969670e+00 9.104629059045601025e+02 1.570796326794862363e+00
8.278910668549780416e-01 9.111965567603307363e+02 1.570796326794862363e+00
1.883136665587613390e+00 9.127711306324803218e+02 1.570796326794862363e+00
1.618662728275074958e+00 9.130978191543372304e+02 1.570796326794862363e+00
1.089772015697098917e+00 9.145790431498802491e+02 1.570796326794862363e+00
1.012676264916129609e+00 9.156910344628382745e+02 1.570796326794862363e+00
1.038162831095165828e+00 9.165757149266617034e+02 1.570796326794862363e+00
9.425104912522684897e-01 9.173665383026415157e+02 1.570796326794862363e+00
1.274700304405427920e+00 9.189624220838452402e+02 1.570796326794862363e+00
2.101507882375646563e+00 9.192952025739143664e+02 1.570796326794862363e+00
1.017247298590611138e+00 9.207756269933447584e+02 1.570796326794862363e+00
9.639540524459714321e-01 9.218115090671024063e+02 1.570796326794862363e+00
1.108356785405841594e+00 9.227107593647046997e+02 1.570796326794862363e+00
1.109494917759346944e+00 9.235518503555556435e+02 1.570796326794862363e+00
8.052884054695316207e-01 9.250489792820595767e+02 1.570796326794862363e+00
2.746874843425603174e+00 9.255094074218510514e+02 1.570796326794862363e+00
8.841979998208477909e-01 9.269171103783479566e+02 1.570796326794862363e+00
9.567728838344423670e-01 9.278768028517724815e+02 1.570796326794862363e+00
1.255267000612344530e+00 9.288376832914890429e+02 1.570796326794862363e+00
1.299837545981302078e+00 9.297358198328784056e+02 1.570796326794862363e+00
5.298657577293344190e-01 9.308167631162287989e+02 1.570796326794862363e+00
3.490256677190658241e+00 9.317267690990644269e+02 1.570796326794862363e+00
6.839119038549074103e-01 9.327313010693459319e+02 1.570796326794862363e+00
1.005120068163722680e+00 9.337973135982902022e+02 1.570796326794862363e+00
1.290731628587406199e+00 9.349185846966274767e+02 1.570796326794862363e+00
1.231238610334112860e+00 9.358544342808889951e+02 1.570796326794862363e+00
6.766951966035290589e-01 9.365531137792960408e+02 1.570796326794862363e+00
3.012334853631177367e+00 9.379649047841887750e+02 1.570796326794862363e+00
1.050627019537121454e+00 9.384404915768267301e+02 1.570796326794862363e+00
1.118983634637592983e+00 9.398294896931968196e+02 1.570796326794862363e+00
1.139988823631880033e+00 9.410120483069438251e+02 1.570796326794862363e+00
1.070510793568149044e+00 9.419193199639513523e+02 1.570796326794862363e+00
8.071180263847974601e-01 9.426399959864020275e+02 1.570796326794862363e+00
2.039912955356326663e+00 9.442003005034529224e+02 1.570796326794862363e+00
1.525666234013797418e+00 9.445368758537648546e+02 1.570796326794862363e+00
1.101818901470944523e+00 9.460123375153942789e+02 1.570796326794862363e+00
1.029439151077889303e+00 9.471396353137797632e+02 1.570796326794862363e+00
1.034005734673736576e+00 9.480255021522342531e+02 1.570796326794862363e+00
9.145812343566768199e-01 9.488049368975755442e+02 1.570796326794862363e+00
1.390023667499661109e+00 9.504032817660033743e+02 1.570796326794862363e+00
1.989235201948207576e+00 9.507272440379053933e+02 1.570796326794862363e+00
1.035302246052909103e+00 9.522116729645437090e+02 1.570796326794862363e+00
9.706046078510720543e-01 9.532641502571004821e+02 1.570796326794862363e+00
1.086761108222612515e+00 9.541572138331412134e+02 1.570796326794862363e+00
1.069556532604022614e+00 9.549876660551226450e+02 1.570796326794862363e+00
8.949820403208395003e-01 9.565223130457143270e+02 1.570796326794862363e+00
2.592880504990945578e+00 9.569393647171131079e+02 1.570796326794862363e+00
9.227092097287681316e-01 9.583745791866419950e+02 1.570796326794862363e+00
9.549219431530892033e-01 9.593485483496432380e+02 1.570796326794862363e+00
1.219422403481421613e+00 9.602905568900820299e+02 1.570796326794862363e+00
1.265417970456101493e+00 9.611752639943350687e+02 1.570796326794862363e+00
5.545896399425627177e-01 9.623837085425583382e+02 1.570796326794862363e+00
3.360833775777601673e+00 9.631564989845709306e+02 1.570796326794862363e+00
7.042631659371323405e-01 9.643025633735676365e+02 1.570796326794862363e+00
9.870092301849646699e-01 9.653009373406670193e+02 1.570796326794862363e+00
1.321765963271107180e+00 9.663796643856253468e+02 1.570796326794862363e+00
1.286356106741894267e+00 9.673150753804688975e+02 1.570796326794862363e+00
6.516242116931251216e-01 9.680236039575896712e+02 1.570796326794862363e+00
3.241811361756918863e+00 9.693865464161665386e+02 1.570796326794862363e+00
9.774521465107829377e-01 9.699087109169831820e+02 1.570796326794862363e+00
1.124517968593480521e+00 9.712695472221944328e+02 1.570796326794862363e+00
1.179527971801336284e+00 9.724588746421576388e+02 1.570796326794862363e+00
1.100406324800327740e+00 9.733723094299027707e+02 1.570796326794862363e+00
8.117367900103336087e-01 9.740714669832091204e+02 1.570796326794862363e+00
2.177692592456219600e+00 9.756232674820020065e+02 1.570796326794862363e+00
1.500334130721587611e+00 9.759645829747225889e+02 1.570796326794862363e+00
1.137623887924706256e+00 9.774431115581303402e+02 1.570796326794862363e+00
1.065724622633819951e+00 9.785911925604516455e+02 1.570796326794862363e+00
1.047732446039832510e+00 9.794792560125860064e+02 1.570796326794862363e+00
9.161952595615531214e-01 9.802384600095257383e+02 1.570796326794862363e+00
1.506712088780472802e+00 9.818359613890595483e+02 1.570796326794862363e+00
1.955095126098522984e+00 9.821530650643981062e+02 1.570796326794862363e+00
1.082153992698721368e+00 9.836500643845351988e+02 1.570796326794862363e+00
9.973089387767408720e-01 9.847287040230553430e+02 1.570796326794862363e+00
1.078743139722239341e+00 9.856152051199559310e+02 1.570796326794862363e+00
1.050394298664164117e+00 9.864269887033349278e+02 1.570796326794862363e+00
1.007394009268570700e+00 9.879876892829937560e+02 1.570796326794862363e+00
2.494366943470969655e+00 9.883683198136965302e+02 1.570796326794862363e+00
9.815624697535293430e-01 9.898343131864477300e+02 1.570796326794862363e+00
9.660364586462510950e-01 9.908323272919784586e+02 1.570796326794862363e+00
1.187603549836073524e+00 9.917529006096171997e+02 1.570796326794862363e+00
1.235444253925832347e+00 9.926188684369429893e+02 1.570796326794862363e+00
6.152305261751290777e-01 9.939430246535972628e+02 1.570796326794862363e+00
3.224424284897636106e+00 9.945873055065586641e+02 1.570796326794862363e+00
7.635822583175383427e-01 9.958574100533421642e+02 1.570796326794862363e+00
9.786605695733727739e-01 9.968148547414469931e+02 1.570796326794862363e+00
1.336886945000025362e+00 9.978451680979126195e+02 1.570796326794862363e+00
1.336478607345436220e+00 9.987743327287469128e+02 1.570796326794862363e+00
6.138641283181731634e-01 9.995215421600038326e+02 1.570796326794862363e+00
3.467438178958724748e+00 1.000809191043293026e+03 1.570796326794862363e+00
8.854811023115131130e-01 1.001404080702062629e+03 1.570796326794862363e+00
1.113328571536402301e+00 1.002718501408789052e+03 1.570796326794862363e+00
1.214357002051362766e+00 1.003907346784933566e+03 1.570796326794862363e+00
1.129966949294147094e+00 1.004827363654134047e+03 1.570796326794862363e+00
8.035008700890784450e-01 1.005509333837305007e+03 1.570796326794862363e+00
2.334487962171936548e+00 1.007047381704163286e+03 1.570796326794862363e+00
1.443130981149539638e+00 1.007399450992919924e+03 1.570796326794862363e+00
1.158833310860796439e+00 1.008873944036700323e+03 1.570796326794862363e+00
1.095738731664710697e+00 1.010037915891555031e+03 1.570796326794862363e+00
1.059516413664627343e+00 1.010929373075808030e+03 1.570796326794862363e+00
9.118482936150380525e-01 1.011671086752255405e+03 1.570796326794862363e+00
1.618166466193935227e+00 1.013266203954378284e+03 1.570796326794862363e+00
1.907588532498398326e+00 1.013579735113421066e+03 1.570796326794862363e+00
