1.089398906853313198e+00 2.800254384857249756e-01 3.141592653589661222e+00
9.351692131717881384e-01 1.735040088926727231e+00 3.141592653589661222e+00
1.380671723318839028e+00 2.354147873807769020e+00 3.141592653589661222e+00
1.156624820587329294e+00 3.821696031131728066e+00 3.141592653589661222e+00
1.230729638719713970e+00 4.398926490950893609e+00 3.141592653589661222e+00
9.287005323622014030e-01 5.861766692439697835e+00 3.141592653589661222e+00
1.350257631407100423e+00 6.442147840605508158e+00 3.141592653589661222e+00
7.208819717023998708e-01 7.779440339181920017e+00 3.141592653589661222e+00
1.624760758846738540e+00 8.544546118707495808e+00 3.141592653589661222e+00
9.249691339074558316e-01 9.935675305910088184e+00 3.141592653589661222e+00
1.597407884744220130e+00 1.057271735947362856e+01 3.141592653589661222e+00
8.095595721157736735e-01 1.195740385676303497e+01 3.141592653589661222e+00
1.701633032097350728e+00 1.262034435651172082e+01 3.141592653589661222e+00
6.408957724583292936e-01 1.364649774420582418e+01 3.141592653589661222e+00
1.813986945378684101e+00 1.470796105080284732e+01 3.141592653589661222e+00
6.875853821681818800e-01 1.576468344961521950e+01 3.141592653589661222e+00
1.826308341945404257e+00 1.673245165439022841e+01 3.141592653589661222e+00
6.560635132139207570e-01 1.785441522945600923e+01 3.141592653589661222e+00
1.767063401173138093e+00 1.881056094713743221e+01 3.141592653589661222e+00
7.970518449567194352e-01 1.949223705508947901e+01 3.141592653589661222e+00
1.665311073576378087e+00 2.085686941443643505e+01 3.141592653589661222e+00
8.974957876382895217e-01 2.151377868189587517e+01 3.141592653589661222e+00
1.679929014810621624e+00 2.288655170772227976e+01 3.141592653589661222e+00
7.018626245865510205e-01 2.368895323981474732e+01 3.141592653589661222e+00
1.419906368076115699e+00 2.499145338868199673e+01 3.141592653589661222e+00
9.265606655793431345e-01 2.557159496886237804e+01 3.141592653589661222e+00
1.288861654790656397e+00 2.703244646121300576e+01 3.141592653589661222e+00
1.141471257403916972e+00 2.760966628288542069e+01 3.141592653589661222e+00
1.436560333031028813e+00 2.907808029243915371e+01 3.141592653589661222e+00
8.956533871293231863e-01 2.971582563499622509e+01 3.141592653589661222e+00
1.135888832477928823e+00 3.115938148464392299e+01 3.141592653589661222e+00
1.063654185615411807e+00 3.171751357777537095e+01 3.141592653589661222e+00
9.840949149436583054e-01 3.318048874454790109e+01 3.141592653589661222e+00
1.350300663820390934e+00 3.378605209142991583e+01 3.141592653589661222e+00
1.206002082821138854e+00 3.526119212053293950e+01 3.141592653589661222e+00
1.173028373931648494e+00 3.583944435857053890e+01 3.141592653589661222e+00
9.591559122230989276e-01 3.730745306376412174e+01 3.141592653589661222e+00
1.301214879428354676e+00 3.787843485716310710e+01 3.141592653589661222e+00
7.551834961485198727e-01 3.924832605635716476e+01 3.141592653589661222e+00
1.588257470669184324e+00 3.997771775213102075e+01 3.141592653589661222e+00
9.795027876620562290e-01 4.139624087142951936e+01 3.141592653589661222e+00
1.528315797799465914e+00 4.200939123635637173e+01 3.141592653589661222e+00
8.395802164949573987e-01 4.341991963127124876e+01 3.141592653589661222e+00
1.644735789722848063e+00 4.405479562708699603e+01 3.141592653589661222e+00
6.394774401534247810e-01 4.515438220822985471e+01 3.141592653589661222e+00
1.799033333236844667e+00 4.614986352257214008e+01 3.141592653589661222e+00
7.120467171376279047e-01 4.730090974257483794e+01 3.141592653589661222e+00
1.831172651765960557e+00 4.817501974651993635e+01 3.141592653589661222e+00
6.811415137870644454e-01 4.935906472155578228e+01 3.141592653589661222e+00
1.822460015208122064e+00 5.024173087029166140e+01 3.141592653589661222e+00
7.780984532197021686e-01 5.095108598732551997e+01 3.141592653589661222e+00
1.727536541627177735e+00 5.228767529024815985e+01 3.141592653589661222e+00
8.628930797737814906e-01 5.297171561487239444e+01 3.141592653589661222e+00
1.727529973264392060e+00 5.431781228379765025e+01 3.141592653589661222e+00
6.861772492315594274e-01 5.515679431277244760e+01 3.141592653589661222e+00
1.485545169576843128e+00 5.642279803219877721e+01 3.141592653589661222e+00
9.257437267350969723e-01 5.700304071941248907e+01 3.141592653589661222e+00
1.341676806091486984e+00 5.846060161625791096e+01 3.141592653589661222e+00
1.131688042660763838e+00 5.903917172332006658e+01 3.141592653589661222e+00
1.495585716655279063e+00 6.050890644649189909e+01 3.141592653589661222e+00
8.648959681916145170e-01 6.116595721556658560e+01 3.141592653589661222e+00
1.190126237372837181e+00 6.259648302199849468e+01 3.141592653589661222e+00
1.054518541185048175e+00 6.314979725583327763e+01 3.141592653589661222e+00
1.031139045148797395e+00 6.461791298514262394e+01 3.141592653589661222e+00
1.338417496000363860e+00 6.521456665093292315e+01 3.141592653589661222e+00
1.265721564346762085e+00 6.669939878520158061e+01 3.141592653589661222e+00
1.123504268088456381e+00 6.728195905308061242e+01 3.141592653589661222e+00
9.998030903011007053e-01 6.875294035611068466e+01 3.141592653589661222e+00
1.268433623976831459e+00 6.931310958640007414e+01 3.141592653589661222e+00
7.934952819374183619e-01 7.070797592281853383e+01 3.141592653589661222e+00
1.565187447015586208e+00 7.140898409673873459e+01 3.141592653589661222e+00
1.040709356419410980e+00 7.285216154930795085e+01 3.141592653589661222e+00
1.463343801144111334e+00 7.344736004181589806e+01 3.141592653589661222e+00
8.744248933840963467e-01 7.487934835337154027e+01 3.141592653589661222e+00
1.595621406504866169e+00 7.548886326392025126e+01 3.141592653589661222e+00
6.494855604983503783e-01 7.665183752155292041e+01 3.141592653589661222e+00
1.784619130485993299e+00 7.758866659798981402e+01 3.141592653589661222e+00
7.548873346234031834e-01 7.881935362988163263e+01 3.141592653589661222e+00
1.819915138568535928e+00 7.961526530711819305e+01 3.141592653589661222e+00
7.121592844814924606e-01 8.085459781763374565e+01 3.141592653589661222e+00
1.857767132487532002e+00 8.167172934328763745e+01 3.141592653589661222e+00
7.548354189380739321e-01 8.241678822485619094e+01 3.141592653589661222e+00
1.779440934137776154e+00 8.371940848614130459e+01 3.141592653589661222e+00
8.236210416765673559e-01 8.443858020934536057e+01 3.141592653589661222e+00
1.763407457520266952e+00 8.574908286221176468e+01 3.141592653589661222e+00
6.724586807689685308e-01 8.662534794360331603e+01 3.141592653589661222e+00
1.542949694740632927e+00 8.785274759452711635e+01 3.141592653589661222e+00
9.189360197466144298e-01 8.843659207781779230e+01 3.141592653589661222e+00
1.391543448218257817e+00 8.988893140056175923e+01 3.141592653589661222e+00
1.113847608125136501e+00 9.047043338500112952e+01 3.141592653589661222e+00
1.542221712571353764e+00 9.193745723083513610e+01 3.141592653589661222e+00
8.376868558942518472e-01 9.261350793758185773e+01 3.141592653589661222e+00
1.236084893194505430e+00 9.402978913120887228e+01 3.141592653589661222e+00
1.043806027365533184e+00 9.458080329800718289e+01 3.141592653589661222e+00
1.072673868307615130e+00 9.605210000955267446e+01 3.141592653589661222e+00
1.323129440345126140e+00 9.664204446215126154e+01 3.141592653589661222e+00
1.313393908951228095e+00 9.813253238714544580e+01 3.141592653589661222e+00
1.081359281927714022e+00 9.872145589666685339e+01 3.141592653589661222e+00
1.033699545399790365e+00 1.001922515023034350e+02 3.141592653589661222e+00
1.238968550070401964e+00 1.007455742265880332e+02 3.141592653589661222e+00
8.280460678621763826e-01 1.021587888187576425e+02 3.141592653589661222e+00
1.541392680570382590e+00 1.028379475847954581e+02 3.141592653589661222e+00
1.090754770261724627e+00 1.042976805270320853e+02 3.141592653589661222e+00
1.405221844250511554e+00 1.048826016713184401e+02 3.141592653589661222e+00
9.024064675626505272e-01 1.063287768642542659e+02 3.141592653589661222e+00
1.547324093271214673e+00 1.069211730104480864e+02 3.141592653589661222e+00
6.643661988011834163e-01 1.081354900253189015e+02 3.141592653589661222e+00
1.764346269774304421e+00 1.090238333356033849e+02 3.141592653589661222e+00
8.030801186208669229e-01 1.103146730015820651e+02 3.141592653589661222e+00
1.788050453743396551e+00 1.110520168851218301e+02 3.141592653589661222e+00
7.427801583772490890e-01 1.123384226800635020e+02 3.141592653589661222e+00
1.861128623867736254e+00 1.131016611448316240e+02 3.141592653589661222e+00
7.236408489247223574e-01 1.138974712651469900e+02 3.141592653589661222e+00
1.816375798897764904e+00 1.151552813824622490e+02 3.141592653589661222e+00
7.742248122854498149e-01 1.159272967077218937e+02 3.141592653589661222e+00
1.784689213860689128e+00 1.171831486056166511e+02 3.141592653589661222e+00
6.569594571320206411e-01 1.181044214207364575e+02 3.141592653589661222e+00
1.591722124305484876e+00 1.192842536024905371e+02 3.141592653589661222e+00
8.944301070532684195e-01 1.198820089643711952e+02 3.141592653589661222e+00
1.447675312356458965e+00 1.213227611062715852e+02 3.141592653589661222e+00
1.069853691070150825e+00 1.219120892034077599e+02 3.141592653589661222e+00
1.569398048556356784e+00 1.233658417775266827e+02 3.141592653589661222e+00
8.055614198906820844e-01 1.240624640172009521e+02 3.141592653589661222e+00
1.268137146936293869e+00 1.254617862283058685e+02 3.141592653589661222e+00
1.015531984305845237e+00 1.260174593632312678e+02 3.141592653589661222e+00
1.113723718251053096e+00 1.274898358998337358e+02 3.141592653589661222e+00
1.283544865279599767e+00 1.280733664097990925e+02 3.141592653589661222e+00
1.335570405106149883e+00 1.295608495139472609e+02 3.141592653589661222e+00
1.040804667545677908e+00 1.301564883538272284e+02 3.141592653589661222e+00
1.049548827514173555e+00 1.316246833097470699e+02 3.141592653589661222e+00
1.197889505776416064e+00 1.321782836360532940e+02 3.141592653589661222e+00
8.564787952459043119e-01 1.336061943788436110e+02 3.141592653589661222e+00
1.500628018236417560e+00 1.342663187836269287e+02 3.141592653589661222e+00
1.115317368016563337e+00 1.357316485427776627e+02 3.141592653589661222e+00
1.354185687860072207e+00 1.363122748437670850e+02 3.141592653589661222e+00
9.135185625242553398e-01 1.377654314080320717e+02 3.141592653589661222e+00
1.492245405666876801e+00 1.383514959807187381e+02 3.141592653589661222e+00
6.781851295412096858e-01 1.396066120577146421e+02 3.141592653589661222e+00
1.730899346399993766e+00 1.404556963242639256e+02 3.141592653589661222e+00
8.430917946045067835e-01 1.417862638638037822e+02 3.141592653589661222e+00
1.739701996250732519e+00 1.424843698780836689e+02 3.141592653589661222e+00
7.663269699850979721e-01 1.438069537133884239e+02 3.141592653589661222e+00
1.830988740846930751e+00 1.445315800133181767e+02 3.141592653589661222e+00
6.902925997504977262e-01 1.453910184199186233e+02 3.141592653589661222e+00
1.832509973345872512e+00 1.465949571850277948e+02 3.141592653589661222e+00
7.260788156205992827e-01 1.474400194334620267e+02 3.141592653589661222e+00
1.797768446699611777e+00 1.486208935862617864e+02 3.141592653589661222e+00
6.441976359038626976e-01 1.495975100557621431e+02 3.141592653589661222e+00
1.638881077872902381e+00 1.507177697190846004e+02 3.141592653589661222e+00
8.591520609115780305e-01 1.513389099278288370e+02 3.141592653589661222e+00
1.511677684268554200e+00 1.527604944965516722e+02 3.141592653589661222e+00
1.009085535953618606e+00 1.533649962815527203e+02 3.141592653589661222e+00
1.590592865663161604e+00 1.547961812048963850e+02 3.141592653589661222e+00
7.683525285676129357e-01 1.555188329392316291e+02 3.141592653589661222e+00
1.298809326883219040e+00 1.568954707657370591e+02 3.141592653589661222e+00
9.761743289370051757e-01 1.574609234883995441e+02 3.141592653589661222e+00
1.160976056132435819e+00 1.589314701356079240e+02 3.141592653589661222e+00
1.226738756202089942e+00 1.595099901867702670e+02 3.141592653589661222e+00
1.347777371983835737e+00 1.609888955864812772e+02 3.141592653589661222e+00
9.956782563323072210e-01 1.615927764398500699e+02 3.141592653589661222e+00
1.058760464959424441e+00 1.630564671904651277e+02 3.141592653589661222e+00
1.146121626104535496e+00 1.636142368207255515e+02 3.141592653589661222e+00
8.859839596886524005e-01 1.650554057055878161e+02 3.141592653589661222e+00
1.444702420676074572e+00 1.656964977041568829e+02 3.141592653589661222e+00
1.126454923470187053e+00 1.671615381653381007e+02 3.141592653589661222e+00
1.302274367669066679e+00 1.677402455241808639e+02 3.141592653589661222e+00
9.151490491514401304e-01 1.691972933992283288e+02 3.141592653589661222e+00
1.428402794658282682e+00 1.697824126378640130e+02 3.141592653589661222e+00
6.926323920028163439e-01 1.710745676631934487e+02 3.141592653589661222e+00
1.684557107397115505e+00 1.718868328159144028e+02 3.141592653589661222e+00
8.762393376415688051e-01 1.732455752207530111e+02 3.141592653589661222e+00
1.680241707220297975e+00 1.739148288485037597e+02 3.141592653589661222e+00
7.841060087551842139e-01 1.752663418690847550e+02 3.141592653589661222e+00
1.777767471809888811e+00 1.759623389200642691e+02 3.141592653589661222e+00
6.616247959942346268e-01 1.768940251820025935e+02 3.141592653589661222e+00
1.830241452737891628e+00 1.780371676189737400e+02 3.141592653589661222e+00
6.934302435880654869e-01 1.789721223346682848e+02 3.141592653589661222e+00
1.810508427863821268e+00 1.800619358872390876e+02 3.141592653589661222e+00
6.411550195379286388e-01 1.811022753041575868e+02 3.141592653589661222e+00
1.692552771047383775e+00 1.821520958082173252e+02 3.141592653589661222e+00
8.261814311246871156e-01 1.828006666183131301e+02 3.141592653589661222e+00
1.580655149881781352e+00 1.841978164483452076e+02 3.141592653589661222e+00
9.510914515398540825e-01 1.848240129080019187e+02 3.141592653589661222e+00
1.622782080960602169e+00 1.862287344131935924e+02 3.141592653589661222e+00
7.329519055329122290e-01 1.869848421835789338e+02 3.141592653589661222e+00
1.343727502190491085e+00 1.883312174109861417e+02 3.141592653589661222e+00
9.433604683745290265e-01 1.889061356180750408e+02 3.141592653589661222e+00
1.216831148971587728e+00 1.903723879986283407e+02 3.141592653589661222e+00
1.175385754435240404e+00 1.909489084709378233e+02 3.141592653589661222e+00
1.374585972474980933e+00 1.924201414955345228e+02 3.141592653589661222e+00
9.471344776993571024e-01 1.930364914301827355e+02 3.141592653589661222e+00
1.081280396921400655e+00 1.944930806702002144e+02 3.141592653589661222e+00
1.097986620309719497e+00 1.950535132856447547e+02 3.141592653589661222e+00
9.250521269224916132e-01 1.965063181445420923e+02 3.141592653589661222e+00
1.390552566448869154e+00 1.971290845172152331e+02 3.141592653589661222e+00
1.148646198881802194e+00 1.985956180446877681e+02 3.141592653589661222e+00
1.244050724280285625e+00 1.991729872934604941e+02 3.141592653589661222e+00
9.243711012621617096e-01 2.006346368364744137e+02 3.141592653589661222e+00
1.363432867603461274e+00 2.012164737167697410e+02 3.141592653589661222e+00
7.145561006904858070e-01 2.025457754980927803e+02 3.141592653589661222e+00
1.634837017409064952e+00 2.033194233959171697e+02 3.141592653589661222e+00
9.147304219506950940e-01 2.047045372380733852e+02 3.141592653589661222e+00
1.612855184268663145e+00 2.053473061004567342e+02 3.141592653589661222e+00
8.041134576150222868e-01 2.067260204470639167e+02 3.141592653589661222e+00
1.715317509221456982e+00 2.073951009573941917e+02 3.141592653589661222e+00
6.431419126874166059e-01 2.084041363044070181e+02 3.141592653589661222e+00
1.817391502200348841e+00 2.094806570614333623e+02 3.141592653589661222e+00
6.855671160116260099e-01 2.105152571659536989e+02 3.141592653589661222e+00
1.823860050040694292e+00 2.115051111518783955e+02 3.141592653589661222e+00
6.518724439941778748e-01 2.126125156861830021e+02 3.141592653589661222e+00
1.753485321840867250e+00 2.135856542267687246e+02 3.141592653589661222e+00
8.015261338278801828e-01 2.142614449509265455e+02 3.141592653589661222e+00
1.650421142320682266e+00 2.156320434730026818e+02 3.141592653589661222e+00
9.058472474536811703e-01 2.162832519391446056e+02 3.141592653589661222e+00
1.668845568661824208e+00 2.176616933871153492e+02 3.141592653589661222e+00
7.063311535953502585e-01 2.184557007679651974e+02 3.141592653589661222e+00
1.405128708996463471e+00 2.197663429340025800e+02 3.141592653589661222e+00
9.277551188566737217e-01 2.203461348050678907e+02 3.141592653589661222e+00
1.276202376822107798e+00 2.218078256050920061e+02 3.141592653589661222e+00
1.145137409272782403e+00 2.223848012920506392e+02 3.141592653589661222e+00
1.423648474006221853e+00 2.238531707334968530e+02 3.141592653589661222e+00
9.037954900516264045e-01 2.244867135706158479e+02 3.141592653589661222e+00
1.124321235074735803e+00 2.259329380956907869e+02 3.141592653589661222e+00
1.067528905199069289e+00 2.264919214017440652e+02 3.141592653589661222e+00
9.731160052855741815e-01 2.279534116206550038e+02 3.141592653589661222e+00
1.354994939108307150e+00 2.285615282417656715e+02 3.141592653589661222e+00
1.193510754286821074e+00 2.300346391419630834e+02 3.141592653589661222e+00
1.185216126486072774e+00 2.306123860788274840e+02 3.141592653589661222e+00
9.510637007623427008e-01 2.320793629776902947e+02 3.141592653589661222e+00
1.310472674079508737e+00 2.326527219575793879e+02 3.141592653589661222e+00
7.469559687618655408e-01 2.340160098079316242e+02 3.141592653589661222e+00
1.594958473008861732e+00 2.347527494144406148e+02 3.141592653589661222e+00
9.664144327824759628e-01 2.361652758731996755e+02 3.141592653589661222e+00
1.543365451192818538e+00 2.367833204085944487e+02 3.141592653589661222e+00
8.322442703079558912e-01 2.381883821781938479e+02 3.141592653589661222e+00
1.656539679770796747e+00 2.388294170830237988e+02 3.141592653589661222e+00
6.386287073124462532e-01 2.399134850545017343e+02 3.141592653589661222e+00
1.802203634231448248e+00 2.409230955565612646e+02 3.141592653589661222e+00
7.046859126925060224e-01 2.420543205915080875e+02 3.141592653589661222e+00
1.831215136719705372e+00 2.429480316266486568e+02 3.141592653589661222e+00
6.748823335471194618e-01 2.441189110571007745e+02 3.141592653589661222e+00
1.811440956466490171e+00 2.450172529494112723e+02 3.141592653589661222e+00
7.823756519362340400e-01 2.457201180075450679e+02 3.141592653589661222e+00
1.714562844877156822e+00 2.470631977240089157e+02 3.141592653589661222e+00
8.705008841722279289e-01 2.477408778361699433e+02 3.141592653589661222e+00
1.717702100237453955e+00 2.490932567571271647e+02 3.141592653589661222e+00
6.892235426727117975e-01 2.499242882597607718e+02 3.141592653589661222e+00
1.471504352042550812e+00 2.511983611272643202e+02 3.141592653589661222e+00
9.257871226537400799e-01 2.517785860807495908e+02 3.141592653589661222e+00
1.330541463122736578e+00 2.532368844961521006e+02 3.141592653589661222e+00
1.133592121249491047e+00 2.538151024160160887e+02 3.141592653589661222e+00
1.482993298673258353e+00 2.552845902069672093e+02 3.141592653589661222e+00
8.710535894965724113e-01 2.559373849402894336e+02 3.141592653589661222e+00
1.178329243906820256e+00 2.573708989551262789e+02 3.141592653589661222e+00
1.055893000161999939e+00 2.579252754868548436e+02 3.141592653589661222e+00
1.021226535099452493e+00 2.593924426867871489e+02 3.141592653589661222e+00
1.340363830018380664e+00 2.599907740325118652e+02 3.141592653589661222e+00
1.252701114926150883e+00 2.614735638271325229e+02 3.141592653589661222e+00
1.133706386448519066e+00 2.620549169477533269e+02 3.141592653589661222e+00
9.907265710913387702e-01 2.635255135709756473e+02 3.141592653589661222e+00
1.274786697952139392e+00 2.640879271628367064e+02 3.141592653589661222e+00
7.850942576312859300e-01 2.654779204884495698e+02 3.141592653589661222e+00
1.569680511746567531e+00 2.661845526533188036e+02 3.141592653589661222e+00
1.027371145888887671e+00 2.676227723733570656e+02 3.141592653589661222e+00
1.477240797001339478e+00 2.682212964483429687e+02 3.141592653589661222e+00
8.668006885151272600e-01 2.696490821793861983e+02 3.141592653589661222e+00
1.606119896514491607e+00 2.702636984677722580e+02 3.141592653589661222e+00
6.465861545119936382e-01 2.714136372389580742e+02 3.141592653589661222e+00
1.788011411808849704e+00 2.723626432376128719e+02 3.141592653589661222e+00
7.443996933411667349e-01 2.735772182308068068e+02 3.141592653589661222e+00
1.824147315663922075e+00 2.743888733297274030e+02 3.141592653589661222e+00
7.050692948730644671e-01 2.756165648944486861e+02 3.141592653589661222e+00
1.852371496270787787e+00 2.764473837469397495e+02 3.141592653589661222e+00
7.607064495581679076e-01 2.771833706752972830e+02 3.141592653589661222e+00
1.768997564989391647e+00 2.784943599143377924e+02 3.141592653589661222e+00
8.332710391274962269e-01 2.792045212977534447e+02 3.141592653589661222e+00
1.756789921547829092e+00 2.805242734395084199e+02 3.141592653589661222e+00
6.756476850640183995e-01 2.813918523116256551e+02 3.141592653589661222e+00
1.531126601136783005e+00 2.826283333162817826e+02 3.141592653589661222e+00
9.218252604891492563e-01 2.832106413762976445e+02 3.141592653589661222e+00
1.380233816312001371e+00 2.846645506408017354e+02 3.141592653589661222e+00
1.119791172029412918e+00 2.852451139063585401e+02 3.141592653589661222e+00
1.533660076946171014e+00 2.867135137915180394e+02 3.141592653589661222e+00
8.439187310067464143e-01 2.873853443927772560e+02 3.141592653589661222e+00
1.227206564298312985e+00 2.888049210992654139e+02 3.141592653589661222e+00
1.047410165615622724e+00 2.893559257919454808e+02 3.141592653589661222e+00
1.063787800411465145e+00 2.908266736522617180e+02 3.141592653589661222e+00
1.328203607057763413e+00 2.914180548655944563e+02 3.141592653589661222e+00
1.304969521964010726e+00 2.929079738252094103e+02 3.141592653589661222e+00
1.090294531445181514e+00 2.934954279211660264e+02 3.141592653589661222e+00
1.027656143140385003e+00 2.949665110989334380e+02 3.141592653589661222e+00
1.246122650875416848e+00 2.955207574538388258e+02 3.141592653589661222e+00
8.209961587106858749e-01 2.969303366313112633e+02 3.141592653589661222e+00
1.547728085107388463e+00 2.976139442224924210e+02 3.141592653589661222e+00
1.081685463013219994e+00 2.990709646572524321e+02 3.141592653589661222e+00
1.417366484786459102e+00 2.996575310690904530e+02 3.141592653589661222e+00
8.975133984624231731e-01 3.011012632887923246e+02 3.141592653589661222e+00
1.558379849152553787e+00 3.016964944581272903e+02 3.141592653589661222e+00
6.610324582026628759e-01 3.029005037637062969e+02 3.141592653589661222e+00
1.769782988572083271e+00 3.037986484635897568e+02 3.141592653589661222e+00
7.927713435609128334e-01 3.050780448125004796e+02 3.141592653589661222e+00
1.796782401127720030e+00 3.058265341195518090e+02 3.141592653589661222e+00
7.364359620717302324e-01 3.071034221750092001e+02 3.141592653589661222e+00
1.863456260461830105e+00 3.078773045318874324e+02 3.141592653589661222e+00
7.310221500241663728e-01 3.086605648055965503e+02 3.141592653589661222e+00
1.809872100422536212e+00 3.099292244491377346e+02 3.141592653589661222e+00
7.856327725909570958e-01 3.106877293423673336e+02 3.141592653589661222e+00
1.781002765175494051e+00 3.119575528545464067e+02 3.141592653589661222e+00
6.604125543035714863e-01 3.128679511253549208e+02 3.141592653589661222e+00
1.581369207458975135e+00 3.140593457033933191e+02 3.141592653589661222e+00
9.012762995131405885e-01 3.146530473047842520e+02 3.141592653589661222e+00
1.434475922573004603e+00 3.160970505789792924e+02 3.141592653589661222e+00
1.081756320460810050e+00 3.166840508737185473e+02 3.141592653589661222e+00
1.564602395132822510e+00 3.181417116291253251e+02 3.141592653589661222e+00
8.132682260022214837e-01 3.188334411404483717e+02 3.141592653589661222e+00
1.261805129039373030e+00 3.202369054155068397e+02 3.141592653589661222e+00
1.023326206184874909e+00 3.207909389163029914e+02 3.141592653589661222e+00
1.104287385334269178e+00 3.222633048870424091e+02 3.141592653589661222e+00
1.294502604100333576e+00 3.228482117714712558e+02 3.141592653589661222e+00
1.332462992813906677e+00 3.243370649665097858e+02 3.141592653589661222e+00
1.050030785939779054e+00 3.249311775465490086e+02 3.141592653589661222e+00
1.047343359978407884e+00 3.264001101109637943e+02 3.141592653589661222e+00
1.208248169473900235e+00 3.269531114773411673e+02 3.141592653589661222e+00
8.504526582985947325e-01 3.283779344430078595e+02 3.141592653589661222e+00
1.511375217815497329e+00 3.290422239322317068e+02 3.141592653589661222e+00
1.111881533539550437e+00 3.305071112001782581e+02 3.141592653589661222e+00
1.365199061339251285e+00 3.310883633971775453e+02 3.141592653589661222e+00
9.124279900548262212e-01 3.325404196354588180e+02 3.141592653589661222e+00
1.505268375480588006e+00 3.331271260239258822e+02 3.141592653589661222e+00
6.752731454246808651e-01 3.343738004617499087e+02 3.141592653589661222e+00
1.739589690341481587e+00 3.352310885234523425e+02 3.141592653589661222e+00
8.351627939721684157e-01 3.365542789597820388e+02 3.141592653589661222e+00
1.751482297767509300e+00 3.372597855260005986e+02 3.141592653589661222e+00
7.618260714461786431e-01 3.385752163451152228e+02 3.141592653589661222e+00
1.840119151379836282e+00 3.393072064587248065e+02 3.141592653589661222e+00
6.974726211815096555e-01 3.401517195134181293e+02 3.141592653589661222e+00
1.830747250331426601e+00 3.413681935289169473e+02 3.141592653589661222e+00
7.358227074189283012e-01 3.421954873006627054e+02 3.141592653589661222e+00
1.795113227820104962e+00 3.433945067598188530e+02 3.141592653589661222e+00
6.464065569757336815e-01 3.443580447435064684e+02 3.141592653589661222e+00
1.628117750527298790e+00 3.454925017101405729e+02 3.141592653589661222e+00
8.671517134131248028e-01 3.461079185528101902e+02 3.141592653589661222e+00
1.496981771692616148e+00 3.475343112821793170e+02 3.141592653589661222e+00
1.022894929605741243e+00 3.481348120411549871e+02 3.141592653589661222e+00
1.585397424452770210e+00 3.495715169119637267e+02 3.141592653589661222e+00
7.767236147627430976e-01 3.502877721001573263e+02 3.141592653589661222e+00
1.291202383170740653e+00 3.516700639063645326e+02 3.141592653589661222e+00
9.849130004117364612e-01 3.522331840875152693e+02 3.141592653589661222e+00
1.149762173661531550e+00 3.537043968645926952e+02 3.141592653589661222e+00
1.239633538231257326e+00 3.542837966602859865e+02 3.141592653589661222e+00
1.344518569845006395e+00 3.557647317273404610e+02 3.141592653589661222e+00
1.006160886035685209e+00 3.563665068553082165e+02 3.141592653589661222e+00
1.056171324087529229e+00 3.578313805082114527e+02 3.141592653589661222e+00
1.157856482881044258e+00 3.583881958480707226e+02 3.141592653589661222e+00
8.788358401679414733e-01 3.598265271783016033e+02 3.141592653589661222e+00
1.457619431281046651e+00 3.604718533653151553e+02 3.141592653589661222e+00
1.123812776453444018e+00 3.619370311189229028e+02 3.141592653589661222e+00
1.314297631924178811e+00 3.625161007534210285e+02 3.141592653589661222e+00
9.147091975075856141e-01 3.639723096663530555e+02 3.141592653589661222e+00
1.443052308568410824e+00 3.645576149512569373e+02 3.141592653589661222e+00
6.890270449782728290e-01 3.658415711615131158e+02 3.141592653589661222e+00
1.695558299615302911e+00 3.666621211824011652e+02 3.141592653589661222e+00
8.688821033637077473e-01 3.680150296350757344e+02 3.141592653589661222e+00
1.694226610932183963e+00 3.686902983772228595e+02 3.141592653589661222e+00
7.802770946909785010e-01 3.700356920929507396e+02 3.141592653589661222e+00
1.790844808503017083e+00 3.707376496048168519e+02 3.141592653589661222e+00
6.672857475527406157e-01 3.716527235693156399e+02 3.141592653589661222e+00
1.831958200279817817e+00 3.728099203804989656e+02 3.141592653589661222e+00
6.987704453966800955e-01 3.737237734962657782e+02 3.141592653589661222e+00
1.807519461581414966e+00 3.748348698323787289e+02 3.141592653589661222e+00
6.407096933800426886e-01 3.758605705958915451e+02 3.141592653589661222e+00
1.679875807079951100e+00 3.769267721486381788e+02 3.141592653589661222e+00
8.328302324311808169e-01 3.775691844871924445e+02 3.141592653589661222e+00
1.565112311693310110e+00 3.789720305120691819e+02 3.141592653589661222e+00
9.629818772128171389e-01 3.795930083818446974e+02 3.141592653589661222e+00
1.614279493752626360e+00 3.810036757447170999e+02 3.141592653589661222e+00
7.402199961951911877e-01 3.817518017045258034e+02 3.141592653589661222e+00
1.332163187178222463e+00 3.831055012763625882e+02 3.141592653589661222e+00
9.493215191105875972e-01 3.836786142446626400e+02 3.141592653589661222e+00
1.203850706953646377e+00 3.851459326965545529e+02 3.141592653589661222e+00
1.185261658388357731e+00 3.857226274669746999e+02 3.141592653589661222e+00
1.366640698696595324e+00 3.871952196990062589e+02 3.141592653589661222e+00
9.577829276138324355e-01 3.878083594201284541e+02 3.141592653589661222e+00
1.074484451125560014e+00 3.892667988827834620e+02 3.141592653589661222e+00
1.107496142199159150e+00 3.898269609310299302e+02 3.141592653589661222e+00
9.154172833026555933e-01 3.912774039799406864e+02 3.141592653589661222e+00
1.401405155715112150e+00 3.919040181912362755e+02 3.141592653589661222e+00
1.141865232619408532e+00 3.933698079876099882e+02 3.141592653589661222e+00
1.257333623143026324e+00 3.939473986126775458e+02 3.141592653589661222e+00
9.209604916496357818e-01 3.954079041372801271e+02 3.141592653589661222e+00
1.377231447558288080e+00 3.959909179158917709e+02 3.141592653589661222e+00
7.087799761555080291e-01 3.973120758616678927e+02 3.141592653589661222e+00
1.645431297834551554e+00 3.980943438032427935e+02 3.141592653589661222e+00
9.051879495542783927e-01 3.994735156192374461e+02 3.141592653589661222e+00
1.628202156089130437e+00 4.001220812629149464e+02 3.141592653589661222e+00
7.990974778175803372e-01 4.014947965820373383e+02 3.141592653589661222e+00
1.729217556394598843e+00 4.021699386708575048e+02 3.141592653589661222e+00
6.460978639216030661e-01 4.031617384532567030e+02 3.141592653589661222e+00
1.820700811569692101e+00 4.042532986077779356e+02 3.141592653589661222e+00
6.849102179295877280e-01 4.052656120557180657e+02 3.141592653589661222e+00
1.821121070827721011e+00 4.062777543573297407e+02 3.141592653589661222e+00
6.482990915200601556e-01 4.073704021931777675e+02 3.141592653589661222e+00
1.739770802264017702e+00 4.083606431570359518e+02 3.141592653589661222e+00
8.062921194565916272e-01 4.090305146590973209e+02 3.141592653589661222e+00
1.635239908827482269e+00 4.104070532882967655e+02 3.141592653589661222e+00
9.147225563349509203e-01 4.110526042161280884e+02 3.141592653589661222e+00
1.657899318485012152e+00 4.124367539873043143e+02 3.141592653589661222e+00
7.112970058525567296e-01 4.132222964139851911e+02 3.141592653589661222e+00
1.390590110476211061e+00 4.145410628101539032e+02 3.141592653589661222e+00
9.296699546819173765e-01 4.151202607797390556e+02 3.141592653589661222e+00
1.263252251551588934e+00 4.165828650324181126e+02 3.141592653589661222e+00
1.149801690892828798e+00 4.171596254075701040e+02 3.141592653589661222e+00
1.411264542450697101e+00 4.186281687540221697e+02 3.141592653589661222e+00
9.125068638852289471e-01 4.192576071573121794e+02 3.141592653589661222e+00
1.113314641018068540e+00 4.207063844162771602e+02 3.141592653589661222e+00
1.072401194127327484e+00 4.212660499249137729e+02 3.141592653589661222e+00
9.621202587450623511e-01 4.227259032565185066e+02 3.141592653589661222e+00
1.360807565757972792e+00 4.233368268320690504e+02 3.141592653589661222e+00
1.181772050395165641e+00 4.248080748061690883e+02 3.141592653589661222e+00
1.197800545730004051e+00 4.253854857238808336e+02 3.141592653589661222e+00
9.436526882218531087e-01 4.268513410347460990e+02 3.141592653589661222e+00
1.320648515657425026e+00 4.274269476970276287e+02 3.141592653589661222e+00
7.390214597912244665e-01 4.287832531548255588e+02 3.141592653589661222e+00
1.602448062836935749e+00 4.295276990265571158e+02 3.141592653589661222e+00
9.538291286777400568e-01 4.309341524124707803e+02 3.141592653589661222e+00
1.558596314569488994e+00 4.315573531131207687e+02 3.141592653589661222e+00
8.252587449580064405e-01 4.329567707194797777e+02 3.141592653589661222e+00
1.668802248473478800e+00 4.336040347764644594e+02 3.141592653589661222e+00
6.384088005914723141e-01 4.346721123845655939e+02 3.141592653589661222e+00
1.805461909185985592e+00 4.356961794028421764e+02 3.141592653589661222e+00
6.983508723895957004e-01 4.368069066695372840e+02 3.141592653589661222e+00
1.830544608512709948e+00 4.377209370057900628e+02 3.141592653589661222e+00
6.689735422475366899e-01 4.388783118135272616e+02 3.141592653589661222e+00
1.799584240685156544e+00 4.397926988818820178e+02 3.141592653589661222e+00
7.865225704848392008e-01 4.404893558615529514e+02 3.141592653589661222e+00
1.701109009151544615e+00 4.418387161152918452e+02 3.141592653589661222e+00
8.780099432138731563e-01 4.425103021666022869e+02 3.141592653589661222e+00
1.707364617965506648e+00 4.438686647299695665e+02 3.141592653589661222e+00
6.924411862325198230e-01 4.446916904311451617e+02 3.141592653589661222e+00
1.457092035867175728e+00 4.459738142376008909e+02 3.141592653589661222e+00
9.257356179697648901e-01 4.465540924026616381e+02 3.141592653589661222e+00
1.319132448632358345e+00 4.480130908804235901e+02 3.141592653589661222e+00
1.135402101846986422e+00 4.485909986889878951e+02 3.141592653589661222e+00
1.469949784729316367e+00 4.500601407649945145e+02 3.141592653589661222e+00
8.775047605080418256e-01 4.507086542324759080e+02 3.141592653589661222e+00
1.166257765052145734e+00 4.521451056490678866e+02 3.141592653589661222e+00
1.057444630868047186e+00 4.527005978728857940e+02 3.141592653589661222e+00
1.011000117180682834e+00 4.541667176870930120e+02 3.141592653589661222e+00
1.342468143850590989e+00 4.547668675205139834e+02 3.141592653589661222e+00
1.239341801538377030e+00 4.562474945545596938e+02 3.141592653589661222e+00
1.144325314251475767e+00 4.568277696503353695e+02 3.141592653589661222e+00
9.815224298426673544e-01 4.582978191132015127e+02 3.141592653589661222e+00
1.281514240596635323e+00 4.588626145833320038e+02 3.141592653589661222e+00
7.765709709445057785e-01 4.602473764889926429e+02 3.141592653589661222e+00
1.574370908257106239e+00 4.609599940624875103e+02 3.141592653589661222e+00
1.013730444371216066e+00 4.623929183028320722e+02 3.141592653589661222e+00
1.491438346868923182e+00 4.629951520899674620e+02 3.141592653589661222e+00
8.590054689287291989e-01 4.644183952264965001e+02 3.141592653589661222e+00
1.616754810335448989e+00 4.650384602020111515e+02 3.141592653589661222e+00
6.440113447274452563e-01 4.661747807773505770e+02 3.141592653589661222e+00
1.791218518149360950e+00 4.671364468969358086e+02 3.141592653589661222e+00
7.343601529458082533e-01 4.683340033224192211e+02 3.141592653589661222e+00
1.827344537093462007e+00 4.691623302436338463e+02 3.141592653589661222e+00
6.980495811472997580e-01 4.703780282867129472e+02 3.141592653589661222e+00
1.845482317135842321e+00 4.712230350991291630e+02 3.141592653589661222e+00
7.661338374257369299e-01 4.719506877712183268e+02 3.141592653589661222e+00
1.757913439184175308e+00 4.732695103539867318e+02 3.141592653589661222e+00
8.423240467099546436e-01 4.739714654253318713e+02 3.141592653589661222e+00
1.749397440324209851e+00 4.752995826721310095e+02 3.141592653589661222e+00
6.787144576507769811e-01 4.761587981134043730e+02 3.141592653589661222e+00
1.518805899764405609e+00 4.774039806984149550e+02 3.141592653589661222e+00
9.238125861370447556e-01 4.779852416672595723e+02 3.141592653589661222e+00
1.369180131461243510e+00 4.794404395047492926e+02 3.141592653589661222e+00
1.124417957780285748e+00 4.800202637037343720e+02 3.141592653589661222e+00
1.524028944370048988e+00 4.814895318543987628e+02 3.141592653589661222e+00
8.499461772320822117e-01 4.821571712484095542e+02 3.141592653589661222e+00
1.217537655482948233e+00 4.835799464949209323e+02 3.141592653589661222e+00
1.050149203378512919e+00 4.841312831547509745e+02 3.141592653589661222e+00
1.054785226766826067e+00 4.856013911388002953e+02 3.141592653589661222e+00
1.332099891208995635e+00 4.861942177710639044e+02 3.141592653589661222e+00
1.295193992920527171e+00 4.876831309473516853e+02 3.141592653589661222e+00
1.099397519888862584e+00 4.882691304703068909e+02 3.141592653589661222e+00
1.020663093953821932e+00 4.897403712201357280e+02 3.141592653589661222e+00
1.252764143351803972e+00 4.902959102772308029e+02 3.141592653589661222e+00
8.135826990631240818e-01 4.917016409930648138e+02 3.141592653589661222e+00
1.553287483296200699e+00 4.923898801646964785e+02 3.141592653589661222e+00
1.071316805317075183e+00 4.938436150061481271e+02 3.141592653589661222e+00
1.429934933844911438e+00 4.944321655489306409e+02 3.141592653589661222e+00
8.917712003693027967e-01 4.958730591739067108e+02 3.141592653589661222e+00
1.569158348282920334e+00 4.964716954727996949e+02 3.141592653589661222e+00
6.576585549021615185e-01 4.976648046389896649e+02 3.141592653589661222e+00
1.774606978262846635e+00 4.985732763017866205e+02 3.141592653589661222e+00
7.821110822380522576e-01 4.998401463437942311e+02 3.141592653589661222e+00
1.804619430423400894e+00 5.006008198478992881e+02 3.141592653589661222e+00
7.297696591304518865e-01 5.018676368863323773e+02 3.141592653589661222e+00
1.864032712811976467e+00 5.026529439632795970e+02 3.141592653589661222e+00
7.382079651597280856e-01 5.034243573100086451e+02 3.141592653589661222e+00
1.802348741314153679e+00 5.047033748140328839e+02 3.141592653589661222e+00
7.969142072302263236e-01 5.054494050429267418e+02 3.141592653589661222e+00
1.776806587043617824e+00 5.067321445139718321e+02 3.141592653589661222e+00
6.639111071097776318e-01 5.076321982512657200e+02 3.141592653589661222e+00
1.570835283470345400e+00 5.088345517887090068e+02 3.141592653589661222e+00
9.074153809882792299e-01 5.094247317401330974e+02 3.141592653589661222e+00
1.421708971588463211e+00 5.108715902028152982e+02 3.141592653589661222e+00
1.092570829336419802e+00 5.114566236848874610e+02 3.141592653589661222e+00
1.559274986424845189e+00 5.129176676919788633e+02 3.141592653589661222e+00
8.206494545546444419e-01 5.136047363056873110e+02 3.141592653589661222e+00
1.255187353905581116e+00 5.150120921954331834e+02 3.141592653589661222e+00
1.030350287178785518e+00 5.155648033202774059e+02 3.141592653589661222e+00
1.095111248261793735e+00 5.170370188622248406e+02 3.141592653589661222e+00
1.304330740652494436e+00 5.176233438365578650e+02 3.141592653589661222e+00
1.328529390963241186e+00 5.191132096220344465e+02 3.141592653589661222e+00
1.059053223828245960e+00 5.197058346580172383e+02 3.141592653589661222e+00
1.044544563614689947e+00 5.211754172948187716e+02 3.141592653589661222e+00
1.217922887588211989e+00 5.217280832136435720e+02 3.141592653589661222e+00
8.443571080730767342e-01 5.231497441136323232e+02 3.141592653589661222e+00
1.521189837130101585e+00 5.238182008926767139e+02 3.141592653589661222e+00
1.107467449784493185e+00 5.252822545586965362e+02 3.141592653589661222e+00
1.376279456099891885e+00 5.258642801344935833e+02 3.141592653589661222e+00
9.106578329939428729e-01 5.273150286996674367e+02 3.141592653589661222e+00
1.517804769897536987e+00 5.279027444978160020e+02 3.141592653589661222e+00
6.723054975441202785e-01 5.291407179476335614e+02 3.141592653589661222e+00
1.747560471233901458e+00 5.300064098101927357e+02 3.141592653589661222e+00
8.267439783392792618e-01 5.313215193689709395e+02 3.141592653589661222e+00
1.762697972804659008e+00 5.320350560381763216e+02 3.141592653589661222e+00
7.569460242840302389e-01 5.333428957498284717e+02 3.141592653589661222e+00
1.847965497806461688e+00 5.340828548534218498e+02 3.141592653589661222e+00
7.048266478865746754e-01 5.349128828038152506e+02 3.141592653589661222e+00
1.827993880287357653e+00 5.361415613119811496e+02 3.141592653589661222e+00
7.462151523969170475e-01 5.369519606345162401e+02 3.141592653589661222e+00
1.792399038309524739e+00 5.381682873336476405e+02 3.141592653589661222e+00
6.490321450444134221e-01 5.391191962947060574e+02 3.141592653589661222e+00
1.617619591561071601e+00 5.402672889707016566e+02 3.141592653589661222e+00
8.751712131852755761e-01 5.408772375088782383e+02 3.141592653589661222e+00
1.482557704579473556e+00 5.423081429764976065e+02 3.141592653589661222e+00
1.036693420140291533e+00 5.429049961382062293e+02 3.141592653589661222e+00
1.580652716505327016e+00 5.443469773163507170e+02 3.141592653589661222e+00
7.850911411453197486e-01 5.450572147761129145e+02 3.141592653589661222e+00
1.284211906131939029e+00 5.464447831907630189e+02 3.141592653589661222e+00
9.938138781517098508e-01 5.470056120919717841e+02 3.141592653589661222e+00
1.138997684630859375e+00 5.484773477636357484e+02 3.141592653589661222e+00
1.252575392066986426e+00 5.490577738842946474e+02 3.141592653589661222e+00
1.341818379488909363e+00 5.505407280327550552e+02 3.141592653589661222e+00
1.016382417741989563e+00 5.511405853494788971e+02 3.141592653589661222e+00
1.054093395979693648e+00 5.526065278997858741e+02 3.141592653589661222e+00
1.169584334483212862e+00 5.531623541163341997e+02 3.141592653589661222e+00
8.721222367368542949e-01 5.545977871604691245e+02 3.141592653589661222e+00
1.470406405029934582e+00 5.552473466735153806e+02 3.141592653589661222e+00
1.121516353310392011e+00 5.567126949889435537e+02 3.141592653589661222e+00
1.325969606313595728e+00 5.572921475607467983e+02 3.141592653589661222e+00
9.144863234534248431e-01 5.587475403925476485e+02 3.141592653589661222e+00
1.457490504572437784e+00 5.593329693635581634e+02 3.141592653589661222e+00
6.857255572955994749e-01 5.606087584907900236e+02 3.141592653589661222e+00
1.706235640072962800e+00 5.614374803811485890e+02 3.141592653589661222e+00
8.616636448407862803e-01 5.627844158851711427e+02 3.141592653589661222e+00
1.707767398290337635e+00 5.634658391807687394e+02 3.141592653589661222e+00
7.764704314134005525e-01 5.648050048222187343e+02 3.141592653589661222e+00
1.803313985806582309e+00 5.655130575636558206e+02 3.141592653589661222e+00
6.733878315489003619e-01 5.664118424446669451e+02 3.141592653589661222e+00
1.833059645447997488e+00 5.675827605446830830e+02 3.141592653589661222e+00
7.052688660072452542e-01 5.684761290794276647e+02 3.141592653589661222e+00
1.804627658444542870e+00 5.696079349141883768e+02 3.141592653589661222e+00
6.409379129573471445e-01 5.706192486608271111e+02 3.141592653589661222e+00
1.667652089609830801e+00 5.717014297799868245e+02 3.141592653589661222e+00
8.398982309256260992e-01 5.723376923321859522e+02 3.141592653589661222e+00
1.549684862516064854e+00 5.737461031887802392e+02 3.141592653589661222e+00
9.754960450909752057e-01 5.743620644877196355e+02 3.141592653589661222e+00
1.606570414849372019e+00 5.757786660753147316e+02 3.141592653589661222e+00
7.478812156507038678e-01 5.765191025250369421e+02 3.141592653589661222e+00
1.321526295346822089e+00 5.778797958433033273e+02 3.141592653589661222e+00
9.561198853717689516e-01 5.784508979481480537e+02 3.141592653589661222e+00
1.191162138880387911e+00 5.799192408357569093e+02 3.141592653589661222e+00
1.196130894721546989e+00 5.804962543859713833e+02 3.141592653589661222e+00
1.359891291081674725e+00 5.819704331900430816e+02 3.141592653589661222e+00
9.685838113044671349e-01 5.825806213446513766e+02 3.141592653589661222e+00
1.068772548843883285e+00 5.840407454350402077e+02 3.141592653589661222e+00
1.117796216012550969e+00 5.846004345185068587e+02 3.141592653589661222e+00
9.063271538336230559e-01 5.860483783595469731e+02 3.141592653589661222e+00
1.413068388643640150e+00 5.866789925740074523e+02 3.141592653589661222e+00
1.136242594111270821e+00 5.881442992250073303e+02 3.141592653589661222e+00
1.270466564911020724e+00 5.887221693310013961e+02 3.141592653589661222e+00
9.184155383552566887e-01 5.901815970275192740e+02 3.141592653589661222e+00
1.391500669199744245e+00 5.907655106310647852e+02 3.141592653589661222e+00
7.035539960789249925e-01 5.920784356411306817e+02 3.141592653589661222e+00
1.656396017912173058e+00 5.928693298731617460e+02 3.141592653589661222e+00
8.962962920386471355e-01 5.942426356877610942e+02 3.141592653589661222e+00
1.643368167343715491e+00 5.948970412902826865e+02 3.141592653589661222e+00
7.944696355033972202e-01 5.962637456581700235e+02 3.141592653589661222e+00
1.743201632060421113e+00 5.969448717078969366e+02 3.141592653589661222e+00
6.497373450503770576e-01 5.979194196723341292e+02 3.141592653589661222e+00
1.823826600234945250e+00 5.990259156940818457e+02 3.141592653589661222e+00
6.856324954593353560e-01 6.000159371757487179e+02 3.141592653589661222e+00
1.818186527964125165e+00 6.010504110759914056e+02 3.141592653589661222e+00
6.453874995978402529e-01 6.021281781811015890e+02 3.141592653589661222e+00
1.726071934128766472e+00 6.031355358500983357e+02 3.141592653589661222e+00
8.114165905429200354e-01 6.037994294403882805e+02 3.141592653589661222e+00
1.619840530970560799e+00 6.051818845708131676e+02 3.141592653589661222e+00
9.242083563906970944e-01 6.058218258675281049e+02 3.141592653589661222e+00
1.647253979399235124e+00 6.072117465225353499e+02 3.141592653589661222e+00
7.167910979225685653e-01 6.079888076489700097e+02 3.141592653589661222e+00
1.376458760848614515e+00 6.093156292652731736e+02 3.141592653589661222e+00
9.324136394866093802e-01 6.098939613202846886e+02 3.141592653589661222e+00
1.250098090914079529e+00 6.113575485180747364e+02 3.141592653589661222e+00
1.155584831634167031e+00 6.119341397932939799e+02 3.141592653589661222e+00
1.399608753020123331e+00 6.134031081926976867e+02 3.141592653589661222e+00
9.217709475838059552e-01 6.140285804515272048e+02 3.141592653589661222e+00
1.103036780533038774e+00 6.154797757587936076e+02 3.141592653589661222e+00
1.078338480000515798e+00 6.160399291356154663e+02 3.141592653589661222e+00
9.512255896330995553e-01 6.174979848415729293e+02 3.141592653589661222e+00
1.367804460270532152e+00 6.181119728910477988e+02 3.141592653589661222e+00
1.170960038671559289e+00 6.195815657659636599e+02 3.141592653589661222e+00
1.210716038594525479e+00 6.201587997700456754e+02 3.141592653589661222e+00
9.370380217463991634e-01 6.216234736335291018e+02 3.141592653589661222e+00
1.331750837679479105e+00 6.222011493533068460e+02 3.141592653589661222e+00
7.314643120783538288e-01 6.235501233479561733e+02 3.141592653589661222e+00
1.610740176163760085e+00 6.243025916901868868e+02 3.141592653589661222e+00
9.418466181826653516e-01 6.257029424020267925e+02 3.141592653589661222e+00
1.573965588422876483e+00 6.263315181175407815e+02 3.141592653589661222e+00
8.186817651778521832e-01 6.277251532981309765e+02 3.141592653589661222e+00
1.681528241864258089e+00 6.283786673481744174e+02 3.141592653589661222e+00
6.388616253817022139e-01 6.294303370518184693e+02 3.141592653589661222e+00
1.808808240384605304e+00 6.304691278070534963e+02 3.141592653589661222e+00
6.931418078886443235e-01 6.315587581721466677e+02 3.141592653589661222e+00
1.829251190313918807e+00 6.324937485566265423e+02 3.141592653589661222e+00
6.634761941392400830e-01 6.336372854110587696e+02 3.141592653589661222e+00
1.787042445805167468e+00 6.345680543496631572e+02 3.141592653589661222e+00
7.906406122228740729e-01 6.352586888373853071e+02 3.141592653589661222e+00
1.687199007336673384e+00 6.366141841609012317e+02 3.141592653589661222e+00
8.855769440896781308e-01 6.372798564045690455e+02 3.141592653589661222e+00
1.696636288866059772e+00 6.386440123126120625e+02 3.141592653589661222e+00
6.959171587585778473e-01 6.394589330245356678e+02 3.141592653589661222e+00
1.442408367077725018e+00 6.407491277172077844e+02 3.141592653589661222e+00
9.258004599568637749e-01 6.413294381825423898e+02 3.141592653589661222e+00
1.307383828480366272e+00 6.427891413592963090e+02 3.141592653589661222e+00
1.137418088658578963e+00 6.433667639684898631e+02 3.141592653589661222e+00
1.456667137514926935e+00 6.448355524031223922e+02 3.141592653589661222e+00
8.843489434978474284e-01 6.454797737465596583e+02 3.141592653589661222e+00
1.154092979241114980e+00 6.469191042574944959e+02 3.141592653589661222e+00
1.059412190317245983e+00 6.474757020784750239e+02 3.141592653589661222e+00
1.000482421253949372e+00 6.489406655516354476e+02 3.141592653589661222e+00
1.345021218819271169e+00 6.495428082012531377e+02 3.141592653589661222e+00
1.225915355898258285e+00 6.510212277102691587e+02 3.141592653589661222e+00
1.155387377046357189e+00 6.516005739243963717e+02 3.141592653589661222e+00
9.724000706913010772e-01 6.530699197856425826e+02 3.141592653589661222e+00
1.288794443942020029e+00 6.536371716189838708e+02 3.141592653589661222e+00
7.680142657324601219e-01 6.550163226356842188e+02 3.141592653589661222e+00
1.579452433833145930e+00 6.557353082165857359e+02 3.141592653589661222e+00
1.000012241301961868e+00 6.571626632556619825e+02 3.141592653589661222e+00
1.505908001410488861e+00 6.577689759540409113e+02 3.141592653589661222e+00
8.511881422157204780e-01 6.591873685072959006e+02 3.141592653589661222e+00
1.627622001210364155e+00 6.598131632218562572e+02 3.141592653589661222e+00
6.418397539179043765e-01 6.609352989229331570e+02 3.141592653589661222e+00
1.794330262432400236e+00 6.619100823826785245e+02 3.141592653589661222e+00
7.249197402279528024e-01 6.630897637386671022e+02 3.141592653589661222e+00
1.829554327677981984e+00 6.639356490936717137e+02 3.141592653589661222e+00
6.911694103931668165e-01 6.651390188377140475e+02 3.141592653589661222e+00
1.837234499381309005e+00 6.659986709705095791e+02 3.141592653589661222e+00
7.711476264142793635e-01 6.667186454429462401e+02 3.141592653589661222e+00
1.746247459243697175e+00 6.680448244226046199e+02 3.141592653589661222e+00
8.508272892090140704e-01 6.687392557466695280e+02 3.141592653589661222e+00
1.741244154921112841e+00 6.700749759203171152e+02 3.141592653589661222e+00
6.816938157498811934e-01 6.709260584435874080e+02 3.141592653589661222e+00
1.505969328551224784e+00 6.721796541284480782e+02 3.141592653589661222e+00
9.250198298340823744e-01 6.727602802415967744e+02 3.141592653589661222e+00
1.358262066069955587e+00 6.742165391869716586e+02 3.141592653589661222e+00
1.127923372169944427e+00 6.747957809581803303e+02 3.141592653589661222e+00
1.513386250164820312e+00 6.762654832950362334e+02 3.141592653589661222e+00
8.558677910311781600e-01 6.769289311461424177e+02 3.141592653589661222e+00
1.207122392323187299e+00 6.783548302592101891e+02 3.141592653589661222e+00
1.052202388032841718e+00 6.789067893908152200e+02 3.141592653589661222e+00
1.045588277766123397e+00 6.803761709661580426e+02 3.141592653589661222e+00
1.335058018748569664e+00 6.809704717350604142e+02 3.141592653589661222e+00
1.284208772378696795e+00 6.824579938906401821e+02 3.141592653589661222e+00
1.108740991399891795e+00 6.830425753127506141e+02 3.141592653589661222e+00
1.012843381202910953e+00 6.845138306102609249e+02 3.141592653589661222e+00
1.259068621126553822e+00 6.850709983332141064e+02 3.141592653589661222e+00
8.058225071934530526e-01 6.864726311945825046e+02 3.141592653589661222e+00
1.558263147886370659e+00 6.871657318432169177e+02 3.141592653589661222e+00
1.059815552462739285e+00 6.886156384436358167e+02 3.141592653589661222e+00
1.442920658543512813e+00 6.892065391303347042e+02 3.141592653589661222e+00
8.852976991671507312e-01 6.906441919365977355e+02 3.141592653589661222e+00
1.579742602489906833e+00 6.912467785483272564e+02 3.141592653589661222e+00
6.543147707330885243e-01 6.924283759593016612e+02 3.141592653589661222e+00
1.778902170756589074e+00 6.933477137686296601e+02 3.141592653589661222e+00
7.712667215721739078e-01 6.946009846552306044e+02 3.141592653589661222e+00
1.811482826017540626e+00 6.953748879318401350e+02 3.141592653589661222e+00
7.228674526001647171e-01 6.966311232684957986e+02 3.141592653589661222e+00
1.862846563566708857e+00 6.974285847311010684e+02 3.141592653589661222e+00
7.451039153686992433e-01 6.981889159850793476e+02 3.141592653589661222e+00
1.793880722473393696e+00 6.994777497458314883e+02 3.141592653589661222e+00
8.078882616225251390e-01 7.002123453818404641e+02 3.141592653589661222e+00
1.772007027919468625e+00 7.015069227393364599e+02 3.141592653589661222e+00
6.673799056605862479e-01 7.023971548480189995e+02 3.141592653589661222e+00
1.560030816612484772e+00 7.036098768268893764e+02 3.141592653589661222e+00
9.127103227996812285e-01 7.041971018405369023e+02 3.141592653589661222e+00
1.409392997599832498e+00 7.056464215442165369e+02 3.141592653589661222e+00
1.102101927758238009e+00 7.062298255382875141e+02 3.141592653589661222e+00
1.553205983652304445e+00 7.076936876055791572e+02 3.141592653589661222e+00
8.276796086180600032e-01 7.083762803296511947e+02 3.141592653589661222e+00
1.248092300591026271e+00 7.097873133541667130e+02 3.141592653589661222e+00
1.036458168031310079e+00 7.103390603869387405e+02 3.141592653589661222e+00
1.086124506362695197e+00 7.118109971206929458e+02 3.141592653589661222e+00
1.312857204321990157e+00 7.123987590945679358e+02 3.141592653589661222e+00
1.323504877097210652e+00 7.138892203068816116e+02 3.141592653589661222e+00
1.067943158081115840e+00 7.144803735656780646e+02 3.141592653589661222e+00
1.040953068887659816e+00 7.159505147953817641e+02 3.141592653589661222e+00
1.226851445876064872e+00 7.165031651952191396e+02 3.141592653589661222e+00
8.380851008134332369e-01 7.179215680563971773e+02 3.141592653589661222e+00
1.529992598863634257e+00 7.185942218294005670e+02 3.141592653589661222e+00
1.101854374342321030e+00 7.200569691633115781e+02 3.141592653589661222e+00
1.387547820997686809e+00 7.206399596551544846e+02 3.141592653589661222e+00
9.080693858892286974e-01 7.220891360588275347e+02 3.141592653589661222e+00
1.529864335120452168e+00 7.226783132396227529e+02 3.141592653589661222e+00
6.692386342076565020e-01 7.239072319697573903e+02 3.141592653589661222e+00
1.754787802997902713e+00 7.247816235677328223e+02 3.141592653589661222e+00
8.177684073068793857e-01 7.260878175586683483e+02 3.141592653589661222e+00
1.773299279087529268e+00 7.268101414889716807e+02 3.141592653589661222e+00
7.516437843100534089e-01 7.281098855037234898e+02 3.141592653589661222e+00
1.854387120933918442e+00 7.288585108177071561e+02 3.141592653589661222e+00
7.122888395137960682e-01 7.296745313521186063e+02 3.141592653589661222e+00
1.824194751083384469e+00 7.309150717835069599e+02 3.141592653589661222e+00
7.571107764132054552e-01 7.317094897302308709e+02 3.141592653589661222e+00
1.789536810489853691e+00 7.329422391378506063e+02 3.141592653589661222e+00
6.519976483794400757e-01 7.338809927296865681e+02 3.141592653589661222e+00
1.607290421965468674e+00 7.350421456035675192e+02 3.141592653589661222e+00
8.830646228452067037e-01 7.356469466751219670e+02 3.141592653589661222e+00
1.468435191249301441e+00 7.370820375795370865e+02 3.141592653589661222e+00
1.050261324355415526e+00 7.376756130987070037e+02 3.141592653589661222e+00
1.576172027939115150e+00 7.391225634336401527e+02 3.141592653589661222e+00
7.933669726933156863e-01 7.398271432716979916e+02 3.141592653589661222e+00
1.277664708054109699e+00 7.412196304206743207e+02 3.141592653589661222e+00
1.002670222580146708e+00 7.417782732967900756e+02 3.141592653589661222e+00
1.128661401560961508e+00 7.432503803480410625e+02 3.141592653589661222e+00
1.265295432046267932e+00 7.438319621326436391e+02 3.141592653589661222e+00
1.339398989017434038e+00 7.453168506597199894e+02 3.141592653589661222e+00
1.026311188166626698e+00 7.459149451429665305e+02 3.141592653589661222e+00
1.052297048506649180e+00 7.473818536073285941e+02 3.141592653589661222e+00
1.181124171659860167e+00 7.479367163147256861e+02 3.141592653589661222e+00
8.657476865842632652e-01 7.493691985996300673e+02 3.141592653589661222e+00
1.482851241421013988e+00 7.500229743979311934e+02 3.141592653589661222e+00
1.119279233996883560e+00 7.514884402615793988e+02 3.141592653589661222e+00
1.337338309296651317e+00 7.520683110985593203e+02 3.141592653589661222e+00
9.142773692165319099e-01 7.535228712637609760e+02 3.141592653589661222e+00
1.471611394020393648e+00 7.541084485212961681e+02 3.141592653589661222e+00
6.826415262984812937e-01 7.553760713320434661e+02 3.141592653589661222e+00
1.716466132593261085e+00 7.562128885306449320e+02 3.141592653589661222e+00
8.544306339076945811e-01 7.575536101060844203e+02 3.141592653589661222e+00
1.720835753971158288e+00 7.582414066219994311e+02 3.141592653589661222e+00
7.725858047462604850e-01 7.595741753043836297e+02 3.141592653589661222e+00
1.815022332711279329e+00 7.602885495838793304e+02 3.141592653589661222e+00
6.798698735360217960e-01 7.611714046012436938e+02 3.141592653589661222e+00
1.833454763196866510e+00 7.623557019963022867e+02 3.141592653589661222e+00
7.128288307624264242e-01 7.632292873446655221e+02 3.141592653589661222e+00
1.801840920991419681e+00 7.643811458380698696e+02 3.141592653589661222e+00
6.417997248765330287e-01 7.653783881544001133e+02 3.141592653589661222e+00
1.655891925506251416e+00 7.664760877169928790e+02 3.141592653589661222e+00
8.473359935484857663e-01 7.671062539616400500e+02 3.141592653589661222e+00
1.534422896030383177e+00 7.685200610538921637e+02 3.141592653589661222e+00
9.885464560850510951e-01 7.691312498981823182e+02 3.141592653589661222e+00
1.599659518368543365e+00 7.705537313484509241e+02 3.141592653589661222e+00
7.558564664599205507e-01 7.712868175711768117e+02 3.141592653589661222e+00
1.311826720463544982e+00 7.726541397094075592e+02 3.141592653589661222e+00
9.636532092404304084e-01 7.732230711236909428e+02 3.141592653589661222e+00
1.178842815119093945e+00 7.746923670300138838e+02 3.141592653589661222e+00
1.207835229885414696e+00 7.752698561425273738e+02 3.141592653589661222e+00
1.354297338065834522e+00 7.767458115948412569e+02 3.141592653589661222e+00
9.794191639339682176e-01 7.773533070806048499e+02 3.141592653589661222e+00
1.064097947583399373e+00 7.788149579852523630e+02 3.141592653589661222e+00
1.128729073907897451e+00 7.793739933018417787e+02 3.141592653589661222e+00
8.978125740368280150e-01 7.808193185029040251e+02 3.141592653589661222e+00
1.425353060169572528e+00 7.814540451747598127e+02 3.141592653589661222e+00
1.131683565771847588e+00 7.829191043804104311e+02 3.141592653589661222e+00
1.283353230715141846e+00 7.834972912545352983e+02 3.141592653589661222e+00
9.166450947528661519e-01 7.849557174372586132e+02 3.141592653589661222e+00
1.406076746407366462e+00 7.855402723814549972e+02 3.141592653589661222e+00
6.988553328794253616e-01 7.868449320178638118e+02 3.141592653589661222e+00
1.667571135606365607e+00 7.876443975865473703e+02 3.141592653589661222e+00
8.879808556308212975e-01 7.890118997106085317e+02 3.141592653589661222e+00
1.658276163329317932e+00 7.896721758346790239e+02 3.141592653589661222e+00
7.901700964872265809e-01 7.910328606199082060e+02 3.141592653589661222e+00
1.757122881249188362e+00 7.917199099429536773e+02 3.141592653589661222e+00
6.540199313647776513e-01 7.926772873898305534e+02 3.141592653589661222e+00
1.826673685081268594e+00 7.937985384090610523e+02 3.141592653589661222e+00
6.877252788697753028e-01 7.947664239338956804e+02 3.141592653589661222e+00
1.815146302619992547e+00 7.958231119247705010e+02 3.141592653589661222e+00
6.431686413519287493e-01 7.968859580863756946e+02 3.141592653589661222e+00
1.712529093417286763e+00 7.979103451548489829e+02 3.141592653589661222e+00
8.169494844369673547e-01 7.985681935762235071e+02 3.141592653589661222e+00
1.604302687493025736e+00 7.999565318748922209e+02 3.141592653589661222e+00
9.343630780490020937e-01 8.005909312328575425e+02 3.141592653589661222e+00
1.637064895193965031e+00 8.019866910664896977e+02 3.141592653589661222e+00
7.228218937029475821e-01 8.027553218202026528e+02 3.141592653589661222e+00
1.362896244544322677e+00 8.040900688150799169e+02 3.141592653589661222e+00
9.360575522571551454e-01 8.046672521958897732e+02 3.141592653589661222e+00
1.236847238220247780e+00 8.061318773490165768e+02 3.141592653589661222e+00
1.162552498903533849e+00 8.067083676196338047e+02 3.141592653589661222e+00
1.388857565121706772e+00 8.081780301126539143e+02 3.141592653589661222e+00
9.315391116102242908e-01 8.087997134476249812e+02 3.141592653589661222e+00
1.093632604546461273e+00 8.102531760705310262e+02 3.141592653589661222e+00
1.085358361076436129e+00 8.108136064507519905e+02 3.141592653589661222e+00
9.405540235312574993e-01 8.122696993211266090e+02 3.141592653589661222e+00
1.375991951254738055e+00 8.128870024511930978e+02 3.141592653589661222e+00
1.161210986107596765e+00 8.143551800704424295e+02 3.141592653589661222e+00
1.223874123886601106e+00 8.149323795871549692e+02 3.141592653589661222e+00
9.313020409102491515e-01 8.163958443625256223e+02 3.141592653589661222e+00
1.343742075940714820e+00 8.169753684964691729e+02 3.141592653589661222e+00
7.243569927713879864e-01 8.183167059985870537e+02 3.141592653589661222e+00
1.619802467448576921e+00 8.190774559002621800e+02 3.141592653589661222e+00
9.305349599229063573e-01 8.204717151587293529e+02 3.141592653589661222e+00
1.589417683923941116e+00 8.211058391373662744e+02 3.141592653589661222e+00
8.125483992115337673e-01 8.224935914453874375e+02 3.141592653589661222e+00
1.694687644620617162e+00 8.231533344958954785e+02 3.141592653589661222e+00
6.400177597964924470e-01 8.241882489917026078e+02 3.141592653589661222e+00
1.812217215444970053e+00 8.252419584789101918e+02 3.141592653589661222e+00
6.891475303738943126e-01 8.263099912677853354e+02 3.141592653589661222e+00
1.827427145242920048e+00 8.272664831347736936e+02 3.141592653589661222e+00
6.584523264420607536e-01 8.283958675260131486e+02 3.141592653589661222e+00
1.773970207436225799e+00 8.293433091018795267e+02 3.141592653589661222e+00
7.948295782689178690e-01 8.300280241949495803e+02 3.141592653589661222e+00
1.672865168835836469e+00 8.313895607242897086e+02 3.141592653589661222e+00
8.933526109821424699e-01 8.320494344258993351e+02 3.141592653589661222e+00
1.685652504755194681e+00 8.334192831699277804e+02 3.141592653589661222e+00
6.997338288776098203e-01 8.342259789648056767e+02 3.141592653589661222e+00
1.427576834945864404e+00 8.355242802034694023e+02 3.141592653589661222e+00
9.261807333678784282e-01 8.361045207906593077e+02 3.141592653589661222e+00
1.295264662997958949e+00 8.375649663039587267e+02 3.141592653589661222e+00
1.139914245187502839e+00 8.381423195777720139e+02 3.141592653589661222e+00
1.443364727046074325e+00 8.396108271547336699e+02 3.141592653589661222e+00
8.916677862509668762e-01 8.402507683772764722e+02 3.141592653589661222e+00
1.142022707479424248e+00 8.416929071025834901e+02 3.141592653589661222e+00
1.062007888141895728e+00 8.422505443337742008e+02 3.141592653589661222e+00
9.897226400532749269e-01 8.437142305868096628e+02 3.141592653589661222e+00
1.348275733643670815e+00 8.443185706224815021e+02 3.141592653589661222e+00
1.212681078085299458e+00 8.457948073836286085e+02 3.141592653589661222e+00
1.166904278977449305e+00 8.463733881245333350e+02 3.141592653589661222e+00
9.635554162352436558e-01 8.478418858282756219e+02 3.141592653589661222e+00
1.296777588314762086e+00 8.484116069517287997e+02 3.141592653589661222e+00
7.595171045095865381e-01 8.497847540945460878e+02 3.141592653589661222e+00
1.585087769896020182e+00 8.505105007293315111e+02 3.141592653589661222e+00
9.864171458169801454e-01 8.519320739036251098e+02 3.141592653589661222e+00
1.520625830712294624e+00 8.525428123451963529e+02 3.141592653589661222e+00
8.434802277350763600e-01 8.539560813311354650e+02 3.141592653589661222e+00
1.638809009163727737e+00 8.545878222625321996e+02 3.141592653589661222e+00
6.401443561516951819e-01 8.556952245828899777e+02 3.141592653589661222e+00
1.797423273631317819e+00 8.566835538771119900e+02 3.141592653589661222e+00
7.162139573515027280e-01 8.578445505130092670e+02 3.141592653589661222e+00
1.830842760820386106e+00 8.587088398046777229e+02 3.141592653589661222e+00
6.844914073622399009e-01 8.598995514255472017e+02 3.141592653589661222e+00
1.827772668369962217e+00 8.607742753041685546e+02 3.141592653589661222e+00
7.758062523654873921e-01 8.614871270128758169e+02 3.141592653589661222e+00
1.734041432125014603e+00 8.628202583888484014e+02 3.141592653589661222e+00
8.588747929056131936e-01 8.635077210512314423e+02 3.141592653589661222e+00
1.732371988457281908e+00 8.648504164718452785e+02 3.141592653589661222e+00
6.846427465963018655e-01 8.656935030220068938e+02 3.141592653589661222e+00
1.492624840825765187e+00 8.669553140876134876e+02 3.141592653589661222e+00
9.256136139571453647e-01 8.675356259535645904e+02 3.141592653589661222e+00
1.347350485380245821e+00 8.689927753284777054e+02 3.141592653589661222e+00
1.130565354527089950e+00 8.695715516242364629e+02 3.141592653589661222e+00
1.501846204988988909e+00 8.710413433366363734e+02 3.141592653589661222e+00
8.617948525570912066e-01 8.717005799631311902e+02 3.141592653589661222e+00
1.196054832684226410e+00 8.731295435410107757e+02 3.141592653589661222e+00
1.053794834133008562e+00 8.736823525213785615e+02 3.141592653589661222e+00
1.036135254503934178e+00 8.751509219687576433e+02 3.141592653589661222e+00
1.337371046014113274e+00 8.757467529911464226e+02 3.141592653589661222e+00
1.272222247045679433e+00 8.772325666509805160e+02 3.141592653589661222e+00
1.118387043708934048e+00 8.778157929136662005e+02 3.141592653589661222e+00
1.004369490308448798e+00 8.792869089098352333e+02 3.141592653589661222e+00
1.265235069452041783e+00 8.798459936840346245e+02 3.141592653589661222e+00
7.977585258288232284e-01 8.812432446803949233e+02 3.141592653589661222e+00
1.562874067590544147e+00 8.819414806365671211e+02 3.141592653589661222e+00
1.047399625651683097e+00 8.833870646473698116e+02 3.141592653589661222e+00
1.456296105965110499e+00 8.839806987561044025e+02 3.141592653589661222e+00
8.782423564182804121e-01 8.854147148780771204e+02 3.141592653589661222e+00
1.590221150881109491e+00 8.860217530243739930e+02 3.141592653589661222e+00
6.510827095832166789e-01 8.871912256854498082e+02 3.141592653589661222e+00
1.782762921474701168e+00 8.881219637526443194e+02 3.141592653589661222e+00
7.604241181182964660e-01 8.893605986095693652e+02 3.141592653589661222e+00
1.817316079954790498e+00 8.901487578925227808e+02 3.141592653589661222e+00
7.158227720037771968e-01 8.913939535438664734e+02 3.141592653589661222e+00
1.859929360630380835e+00 8.922042311807975921e+02 3.141592653589661222e+00
7.516296896940846128e-01 8.929542823484872542e+02 3.141592653589661222e+00
1.784558572619007411e+00 8.942523581368167243e+02 3.141592653589661222e+00
8.184048767783883571e-01 8.949765328947507896e+02 3.141592653589661222e+00
1.766525244085832114e+00 8.962818791966604977e+02 3.141592653589661222e+00
6.707602516745465593e-01 8.971627838665197032e+02 3.141592653589661222e+00
1.548873451397120293e+00 8.983853173194505644e+02 3.141592653589661222e+00
9.170674107746367154e-01 8.989701660969077466e+02 3.141592653589661222e+00
1.397517442744667937e+00 9.004215687241198793e+02 3.141592653589661222e+00
1.110222535884930695e+00 9.010036480890082657e+02 3.141592653589661222e+00
1.546224449182335592e+00 9.024697447202771627e+02 3.141592653589661222e+00
8.343620114642344987e-01 9.031479982314078825e+02 3.141592653589661222e+00
1.240362640171437603e+00 9.045625304437909335e+02 3.141592653589661222e+00
1.041565746283497518e+00 9.051136948164801197e+02 3.141592653589661222e+00
1.077245701417752555e+00 9.065852368265194627e+02 3.141592653589661222e+00
1.319991595816164320e+00 9.071744388664942562e+02 3.141592653589661222e+00
1.317194232921994113e+00 9.086650391283441195e+02 3.141592653589661222e+00
1.076784002722643852e+00 9.092547224568894535e+02 3.141592653589661222e+00
1.036427502368752362e+00 9.107253231134540101e+02 3.141592653589661222e+00
1.235026692230299705e+00 9.112783187439948733e+02 3.141592653589661222e+00
8.315477330658462840e-01 9.126933393613521730e+02 3.141592653589661222e+00
1.537766628499289245e+00 9.133702564444066638e+02 3.141592653589661222e+00
1.094896244873221791e+00 9.148311626427857846e+02 3.141592653589661222e+00
1.399109556500523377e+00 9.154153553444041336e+02 3.141592653589661222e+00
9.045757705572381457e-01 9.168626435464186670e+02 3.141592653589661222e+00
1.541481179890771269e+00 9.174538000564821232e+02 3.141592653589661222e+00
6.660543356664468950e-01 9.186732208796640862e+02 3.141592653589661222e+00
1.761275831267223646e+00 9.195566972087596014e+02 3.141592653589661222e+00
8.082214991954927985e-01 9.208530288884519450e+02 3.141592653589661222e+00
1.783219988630298403e+00 9.215850121475116339e+02 3.141592653589661222e+00
7.459070182483891198e-01 9.228761082368823736e+02 3.141592653589661222e+00
1.859256917899027695e+00 9.236341644695376090e+02 3.141592653589661222e+00
7.197845228550321384e-01 9.244367067139105529e+02 3.141592653589661222e+00
1.819318001139855534e+00 9.256887398219321312e+02 3.141592653589661222e+00
7.683471762058617927e-01 9.264681294950761412e+02 3.141592653589661222e+00
1.786426727213549226e+00 9.277163667817068244e+02 3.141592653589661222e+00
6.552214286221640371e-01 9.286434604021395671e+02 3.141592653589661222e+00
1.597028506661809288e+00 9.298170856530695119e+02 3.141592653589661222e+00
8.906706359510930815e-01 9.304171264553318679e+02 3.141592653589661222e+00
1.454649405477782098e+00 9.318560474857789586e+02 3.141592653589661222e+00
1.063357863255861346e+00 9.324467239936583383e+02 3.141592653589661222e+00
1.571741578741916667e+00 9.338982705875916963e+02 3.141592653589661222e+00
8.014693851636145450e-01 9.345975246202567632e+02 3.141592653589661222e+00
1.271363682587735910e+00 9.359945984690727983e+02 3.141592653589661222e+00
1.011266139975495415e+00 9.365512252879481139e+02 3.141592653589661222e+00
1.118718629758448158e+00 9.380235494720732277e+02 3.141592653589661222e+00
1.277517737449415769e+00 9.386063941428413955e+02 3.141592653589661222e+00
1.336951557342566099e+00 9.400930533949165238e+02 3.141592653589661222e+00
1.035942135051651558e+00 9.406895050616877825e+02 3.141592653589661222e+00
1.050532344622008063e+00 9.421572850181227068e+02 3.141592653589661222e+00
1.192306089050488627e+00 9.427112763740485661e+02 3.141592653589661222e+00
8.596017967062641318e-01 9.441407576536465740e+02 3.141592653589661222e+00
1.494753917001567567e+00 9.447987258814353027e+02 3.141592653589661222e+00
1.116796699771544610e+00 9.462641615298074385e+02 3.141592653589661222e+00
1.348483794838900129e+00 9.468445090267390469e+02 3.141592653589661222e+00
9.138725163299670218e-01 9.482981719151947573e+02 3.141592653589661222e+00
1.485334047504576205e+00 9.488840178145184154e+02 3.141592653589661222e+00
6.796873662809451710e-01 9.501434217866179779e+02 3.141592653589661222e+00
1.726145334907133400e+00 9.509883167228719003e+02 3.141592653589661222e+00
8.470286809567028063e-01 9.523224637602334042e+02 3.141592653589661222e+00
1.733409570644528275e+00 9.530169518731198650e+02 3.141592653589661222e+00
7.685242501419170535e-01 9.543430831308744473e+02 3.141592653589661222e+00
1.825819214806052360e+00 9.550641090329738745e+02 3.141592653589661222e+00
6.866728154946979412e-01 9.559314183065886255e+02 3.141592653589661222e+00
1.833055256381415532e+00 9.571287547974902736e+02 3.141592653589661222e+00
7.213443998951539760e-01 9.579833220231220139e+02 3.141592653589661222e+00
1.799141346481849313e+00 9.591545123748435344e+02 3.141592653589661222e+00
6.432436442313065328e-01 9.601380495405634292e+02 3.141592653589661222e+00
1.644571357872983031e+00 9.612507633544356622e+02 3.141592653589661222e+00
8.550712340846777781e-01 9.618749381203562052e+02 3.141592653589661222e+00
1.519364382623024756e+00 9.632939353275580743e+02 3.141592653589661222e+00
1.002014600389481425e+00 9.639006341282472476e+02 3.141592653589661222e+00
1.593503672964127649e+00 9.653288929278731985e+02 3.141592653589661222e+00
7.640583287548037283e-01 9.660549989635974271e+02 3.141592653589661222e+00
1.303026802436119569e+00 9.674285653042503554e+02 3.141592653589661222e+00
9.717886506016482073e-01 9.679952183077193695e+02 3.141592653589661222e+00
1.166945046766048488e+00 9.694653692329740124e+02 3.141592653589661222e+00
1.220182353094218630e+00 9.700434963542155629e+02 3.141592653589661222e+00
1.349758158739992719e+00 9.715213718790018902e+02 3.141592653589661222e+00
9.901807275804316300e-01 9.721264233938618418e+02 3.141592653589661222e+00
1.060364593957837887e+00 9.735894545372162838e+02 3.141592653589661222e+00
1.140120063004377515e+00 9.741476857303284760e+02 3.141592653589661222e+00
8.898708666473156281e-01 9.755902919446623400e+02 3.141592653589661222e+00
1.438052570638054695e+00 9.762292048742566521e+02 3.141592653589661222e+00
1.128040303295844371e+00 9.776942125367445442e+02 3.141592653589661222e+00
1.295922425773991193e+00 9.782727386345708283e+02 3.141592653589661222e+00
9.155237231719991486e-01 9.797302387718403907e+02 3.141592653589661222e+00
1.420796427053196087e+00 9.803152124022756198e+02 3.141592653589661222e+00
6.946398152389301472e-01 9.816116171689078556e+02 3.141592653589661222e+00
1.678794407569011993e+00 9.824195548034444982e+02 3.141592653589661222e+00
8.801409810079590113e-01 9.837812832341993499e+02 3.141592653589661222e+00
1.672858176906022010e+00 9.844474655615823622e+02 3.141592653589661222e+00
7.861240626468625203e-01 9.858021118142736441e+02 3.141592653589661222e+00
1.770827030186691076e+00 9.864950579266379691e+02 3.141592653589661222e+00
6.588945724176717977e-01 9.874354333585092718e+02 3.141592653589661222e+00
1.829144596840602377e+00 9.885711947579610523e+02 3.141592653589661222e+00
6.911542791584488477e-01 9.895172535857702769e+02 3.141592653589661222e+00
1.812080072717974888e+00 9.905958861057755485e+02 3.141592653589661222e+00
6.416578001479380511e-01 9.916438589002992785e+02 3.141592653589661222e+00
1.699262886060834532e+00 9.926850874010665393e+02 3.141592653589661222e+00
8.229215306841564104e-01 9.933368295460359150e+02 3.141592653589661222e+00
1.588706568396325070e+00 9.947309980876462987e+02 3.141592653589661222e+00
9.452147767147625057e-01 9.953599542605209081e+02 3.141592653589661222e+00
1.627468566106331282e+00 9.967616128166417866e+02 3.141592653589661222e+00
7.293748131273178892e-01 9.975219373054193284e+02 3.141592653589661222e+00
1.350045695099801435e+00 9.988644160067852908e+02 3.141592653589661222e+00
9.406335786273996025e-01 9.994401733078993857e+02 3.141592653589661222e+00
1.223616774404639118e+00 1.000905869049784314e+03 3.141592653589661222e+00
1.170714976775067973e+00 1.001482350349776993e+03 3.141592653589661222e+00
1.379153094343694264e+00 1.002952979768492128e+03 3.141592653589661222e+00
9.417343935521956810e-01 1.003571085451226168e+03 3.141592653589661222e+00
1.085215026583400633e+00 1.005026653222948653e+03 3.141592653589661222e+00
1.093429911376372798e+00 1.005587141747065743e+03 3.141592653589661222e+00
9.302213715522762438e-01 1.007041107444257818e+03 3.141592653589661222e+00
1.385320076533662847e+00 1.007661958783732189e+03 3.141592653589661222e+00
1.152616456875219075e+00 1.009128982333270415e+03 3.141592653589661222e+00
1.237169223310825350e+00 1.009706267984435613e+03 3.141592653589661222e+00
9.264902633666773912e-01 1.011168528096353612e+03 3.141592653589661222e+00
1.356542571870342551e+00 1.011749647545490916e+03 3.141592653589661222e+00
7.177550438718850456e-01 1.013083098932222470e+03 3.141592653589661222e+00
1.629560504938656562e+00 1.013852321277204737e+03 3.141592653589661222e+00
