9.000000000000001055e-02 0.000000000000000000e+00 0.000000000000000000e+00
2.087952350045109429e-01 1.260392311513899744e+00 6.284930636431253603e+00
2.256843902843486960e-01 1.850156353829980338e+00 6.284930636431253603e+00
1.061600875355233065e-01 2.882112804917303706e+00 6.284930636431253603e+00
1.649842234559488752e-01 4.130630658571534219e+00 6.284930636431253603e+00
2.606439481045993434e-01 4.785546396216918019e+00 6.284930636431253603e+00
1.091516189252163815e-01 5.682765161735149562e+00 6.284930636431253603e+00
1.406619987316782561e-01 7.193032072508088959e+00 6.284930636431253603e+00
2.649634012745448741e-01 7.910209337742599267e+00 6.284930636431253603e+00
1.333924971297891504e-01 8.687602286909523741e+00 6.284930636431253603e+00
1.201852525187682014e-01 9.998205775959579711e+00 6.284930636431253603e+00
2.561095754142002079e-01 1.086399444661635449e+01 6.284930636431253603e+00
1.641227251183692004e-01 1.151160636321197117e+01 6.284930636431253603e+00
9.776597675922246711e-02 1.296069611417502720e+01 6.284930636431253603e+00
2.470806277441839338e-01 1.398603433176019095e+01 6.284930636431253603e+00
1.867028961129507114e-01 1.459700198089785061e+01 6.284930636431253603e+00
1.031471951987320557e-01 1.577962739748432952e+01 6.284930636431253603e+00
2.037831909721472268e-01 1.690171125331606561e+01 6.284930636431253603e+00
2.323098946443875323e-01 1.749431811270746451e+01 6.284930636431253603e+00
9.251514366832942760e-02 1.862145459753964616e+01 6.284930636431253603e+00
1.831730147818967924e-01 1.999976340110718454e+01 6.284930636431253603e+00
2.448439249252247762e-01 2.061248169874982139e+01 6.284930636431253603e+00
1.127576198513622618e-01 2.154926164004396938e+01 6.284930636431253603e+00
1.457036814282713366e-01 2.284246826313050960e+01 6.284930636431253603e+00
2.662844439284394182e-01 2.356112025435471580e+01 6.284930636431253603e+00
1.254549665622113896e-01 2.434727171899587717e+01 6.284930636431253603e+00
1.209843090398786680e-01 2.587483311706812827e+01 6.284930636431253603e+00
2.657948156560985820e-01 2.668654227163136738e+01 6.284930636431253603e+00
1.502306896992365859e-01 2.738790799817921595e+01 6.284930636431253603e+00
1.108210873673751429e-01 2.867223978873569479e+01 6.284930636431253603e+00
2.406352561173955018e-01 2.963262618082269739e+01 6.284930636431253603e+00
1.895878270007657629e-01 3.023727928161299516e+01 6.284930636431253603e+00
9.143793009145016748e-02 3.158867956715806713e+01 6.284930636431253603e+00
2.269041879919604654e-01 3.274930396128986132e+01 6.284930636431253603e+00
2.092495404799693259e-01 3.333891403729835901e+01 6.284930636431253603e+00
1.035546639563465071e-01 3.443969292481192923e+01 6.284930636431253603e+00
1.812185017435785084e-01 3.564021433190374211e+01 6.284930636431253603e+00
2.510183760229451888e-01 3.625992278069308128e+01 6.284930636431253603e+00
1.000867977265462033e-01 3.725253048033184911e+01 6.284930636431253603e+00
1.580337503233730234e-01 3.872043740885655438e+01 6.284930636431253603e+00
2.589233759606158758e-01 3.938270564351881831e+01 6.284930636431253603e+00
1.230840315090206694e-01 4.022586535573960731e+01 6.284930636431253603e+00
1.297591440845873023e-01 4.153897286514491327e+01 6.284930636431253603e+00
2.634705922632089026e-01 4.233720304405634494e+01 6.284930636431253603e+00
1.461756526835244763e-01 4.303482319735304884e+01 6.284930636431253603e+00
1.058869201522220221e-01 4.453390779007971645e+01 6.284930636431253603e+00
2.581145162423050254e-01 4.546150196623986517e+01 6.284930636431253603e+00
1.701868358559960326e-01 4.610371443039453254e+01 6.284930636431253603e+00
1.051201662851121016e-01 4.733778949863459928e+01 6.284930636431253603e+00
2.205640734284319004e-01 4.839265103662200573e+01 6.284930636431253603e+00
2.148971751272940323e-01 4.898077790102077245e+01 6.284930636431253603e+00
9.014992105609333228e-02 5.020923393017088188e+01 6.284930636431253603e+00
2.026094414645023545e-01 5.150043157610986100e+01 6.284930636431253603e+00
2.307237102023987907e-01 5.209338589933645380e+01 6.284930636431253603e+00
1.074392193714356208e-01 5.310225029830217380e+01 6.284930636431253603e+00
1.599934178423186582e-01 5.436383520835081384e+01 6.284930636431253603e+00
2.628018017672077433e-01 5.503266544011746930e+01 6.284930636431253603e+00
1.127013303619166240e-01 5.590085847557056553e+01 6.284930636431253603e+00
1.354571420773846568e-01 5.741957455288762446e+01 6.284930636431253603e+00
2.659493101726903563e-01 5.815768782069703491e+01 6.284930636431253603e+00
1.371914898799450055e-01 5.891513618273656050e+01 6.284930636431253603e+00
1.175447722767887643e-01 6.022167882884551204e+01 6.284930636431253603e+00
2.528648440310704570e-01 6.111028993585571811e+01 6.284930636431253603e+00
1.702430428967351694e-01 6.174491638462819054e+01 6.284930636431253603e+00
9.574923511485262939e-02 6.317308777536972997e+01 6.284930636431253603e+00
2.426587289842321027e-01 6.423129069044153994e+01 6.284930636431253603e+00
1.922097405220500044e-01 6.483484490698876357e+01 6.284930636431253603e+00
1.029293813173962902e-01 6.599869382230174608e+01 6.284930636431253603e+00
1.982281504458466015e-01 6.714129236031752157e+01 6.284930636431253603e+00
2.374258234593781547e-01 6.773836631336399705e+01 6.284930636431253603e+00
9.390102256385782220e-02 6.883219935780626031e+01 6.284930636431253603e+00
1.768810836851775203e-01 7.023553571063165180e+01 6.284930636431253603e+00
2.488463179249022494e-01 7.085792020153368753e+01 6.284930636431253603e+00
1.149369233823252373e-01 7.177137374284573923e+01 6.284930636431253603e+00
1.414672940221545494e-01 7.307184785140044880e+01 6.284930636431253603e+00
2.663696949829840732e-01 7.380869920277463336e+01 6.284930636431253603e+00
1.301512869703691511e-01 7.457092827436794380e+01 6.284930636431253603e+00
1.168416069359961840e-01 7.609570892968584133e+01 6.284930636431253603e+00
2.646926431466212759e-01 7.693402463732292063e+01 6.284930636431253603e+00
1.548608133741116444e-01 7.761918638559131978e+01 6.284930636431253603e+00
1.090925436918735725e-01 7.889329944409251993e+01 6.284930636431253603e+00
2.360564986465501780e-01 7.987709034415857445e+01 6.284930636431253603e+00
1.958978771655711104e-01 8.047527535625039263e+01 6.284930636431253603e+00
9.065705687893409193e-02 8.179839900707993650e+01 6.284930636431253603e+00
2.212329875344416219e-01 8.299195559069728745e+01 6.284930636431253603e+00
2.146923598990928550e-01 8.358003542404860298e+01 6.284930636431253603e+00
1.041805912554755326e-01 8.465898868830045387e+01 6.284930636431253603e+00
1.758341945088547909e-01 8.587627688611330257e+01 6.284930636431253603e+00
2.546116209152866627e-01 8.650608313543267514e+01 6.284930636431253603e+00
1.027131105361943908e-01 8.746690633911305213e+01 6.284930636431253603e+00
1.522019682375177485e-01 8.895115680025932647e+01 6.284930636431253603e+00
2.613590096119683404e-01 8.962961056808241267e+01 6.284930636431253603e+00
1.261920375324798171e-01 9.045081862067448242e+01 6.284930636431253603e+00
1.264169005712689198e-01 9.176478112935473064e+01 6.284930636431253603e+00
2.615459941767184771e-01 9.258436436210821796e+01 6.284930636431253603e+00
1.518163050319129292e-01 9.326412894126497122e+01 6.284930636431253603e+00
1.029389782770498279e-01 9.474952945394024084e+01 6.284930636431253603e+00
2.549948773669951652e-01 9.570807634506419959e+01 6.284930636431253603e+00
1.754418998804454233e-01 9.633880849227453780e+01 6.284930636431253603e+00
1.042637336376641549e-01 9.755734567413790614e+01 6.284930636431253603e+00
2.152136815338388798e-01 9.863456832486276937e+01 6.284930636431253603e+00
