6.676012287080584917e-02 4.503557980446434850e-01 3.141592653589661222e+00
6.657078642725698658e-02 1.606874929281914000e+00 3.141592653589661222e+00
7.475822256287635581e-02 2.443196598501921279e+00 3.141592653589661222e+00
6.583143800131086021e-02 3.474721549160892486e+00 3.141592653589661222e+00
7.699835253025007209e-02 4.328898383166218444e+00 3.141592653589661222e+00
5.841754021290875704e-02 5.396243778064635954e+00 3.141592653589661222e+00
7.496209137622712737e-02 6.379081030025073318e+00 3.141592653589661222e+00
5.818520544664742417e-02 7.451754140779248026e+00 3.141592653589661222e+00
7.939078314124108082e-02 8.416701090992946277e+00 3.141592653589661222e+00
6.295764374119243445e-02 9.336521330772345806e+00 3.141592653589661222e+00
7.860946629890058768e-02 1.030913305662501323e+01 3.141592653589661222e+00
6.059728589920850700e-02 1.120746280435077402e+01 3.141592653589661222e+00
7.250676077708433087e-02 1.233205338316662036e+01 3.141592653589661222e+00
6.096033439204893295e-02 1.326371360757767626e+01 3.141592653589661222e+00
7.333758128258474618e-02 1.438735415930698203e+01 3.141592653589661222e+00
6.930980393461597111e-02 1.521591132439836969e+01 3.141592653589661222e+00
7.096405231976715688e-02 1.626490355823349887e+01 3.141592653589661222e+00
7.136158423330736522e-02 1.709032575773763796e+01 3.141592653589661222e+00
6.255926721923490974e-02 1.823013655965476687e+01 3.141592653589661222e+00
7.095045196487075045e-02 1.914629518987663559e+01 3.141592653589661222e+00
6.214088392278914463e-02 2.028714117255447036e+01 3.141592653589661222e+00
7.776375669332313834e-02 2.116145575583446359e+01 3.141592653589661222e+00
6.348898670256770960e-02 2.215486142664964930e+01 3.141592653589661222e+00
7.905348080529409072e-02 2.305267664334973432e+01 3.141592653589661222e+00
5.781029947792387658e-02 2.404928024462000025e+01 3.141592653589661222e+00
7.542799568961136569e-02 2.509481137310029553e+01 3.141592653589661222e+00
5.786539037304065658e-02 2.610449366394945514e+01 3.141592653589661222e+00
7.816891201231994379e-02 2.714232545334789748e+01 3.141592653589661222e+00
6.465997950952287465e-02 2.801336554079789565e+01 3.141592653589661222e+00
7.618047786594871196e-02 2.903063595406836583e+01 3.141592653589661222e+00
6.456062968746514863e-02 2.988061982455154819e+01 3.141592653589661222e+00
6.865335475059682058e-02 3.103371684321457380e+01 3.141592653589661222e+00
6.487039421525643557e-02 3.193763607868899612e+01 3.141592653589661222e+00
6.866949558043312918e-02 3.309102411229102358e+01 3.141592653589661222e+00
7.316607232355179513e-02 3.391908816128949411e+01 3.141592653589661222e+00
6.723431955162484375e-02 3.496106362370987597e+01 3.141592653589661222e+00
7.556474290536861760e-02 3.580155055657318997e+01 3.141592653589661222e+00
5.931691121362245994e-02 3.689577263578987498e+01 3.141592653589661222e+00
7.411409241712077489e-02 3.785411901965546377e+01 3.141592653589661222e+00
5.898506908439752477e-02 3.895167870485653339e+01 3.141592653589661222e+00
7.930127513940628259e-02 3.988605246928974424e+01 3.141592653589661222e+00
6.273790158480600787e-02 4.082892202560057626e+01 3.141592653589661222e+00
7.916049476609339497e-02 4.177903201052269822e+01 3.141592653589661222e+00
5.933163244928883751e-02 4.270465691813434717e+01 3.141592653589661222e+00
7.378967587890751523e-02 4.380885102835208045e+01 3.141592653589661222e+00
5.963534407609589333e-02 4.476048690515450801e+01 3.141592653589661222e+00
7.511300969792931992e-02 4.586247891106318519e+01 3.141592653589661222e+00
6.771302030185230580e-02 4.669925697150336674e+01 3.141592653589661222e+00
7.264695815850522043e-02 4.774360523844920579e+01 3.141592653589661222e+00
6.930112146035798115e-02 4.857054649867274065e+01 3.141592653589661222e+00
6.432509448743667368e-02 4.972132216574024000e+01 3.141592653589661222e+00
6.920079343229558477e-02 5.062722926599698070e+01 3.141592653589661222e+00
6.395709347405623135e-02 5.177868505589427173e+01 3.141592653589661222e+00
7.660234759425077478e-02 5.263338760732977306e+01 3.141592653589661222e+00
6.433193835416131656e-02 5.364544959000347291e+01 3.141592653589661222e+00
7.839097114364891594e-02 5.452261324587747993e+01 3.141592653589661222e+00
5.781189027597207625e-02 5.555085895990139022e+01 3.141592653589661222e+00
7.548963981775237697e-02 5.656871547297887304e+01 3.141592653589661222e+00
5.773823466565960322e-02 5.760608025548104649e+01 3.141592653589661222e+00
7.894251479688779716e-02 5.861244497267377085e+01 3.141592653589661222e+00
6.372711173526192374e-02 5.950347143338694167e+01 3.141592653589661222e+00
7.741201720959151045e-02 6.050300450257362428e+01 3.141592653589661222e+00
6.269085461340906384e-02 6.137116290885973058e+01 3.141592653589661222e+00
7.044460745760862397e-02 6.251539565477745697e+01 3.141592653589661222e+00
6.306137803507513850e-02 6.342792421160125116e+01 3.141592653589661222e+00
7.075940821682132065e-02 6.457211801733039636e+01 3.141592653589661222e+00
7.149409337228428141e-02 6.539710200163007414e+01 3.141592653589661222e+00
6.879574781118417970e-02 6.644514431656793363e+01 3.141592653589661222e+00
7.386726782787511603e-02 6.727606623282247256e+01 3.141592653589661222e+00
6.054918279454513108e-02 6.839325546366728759e+01 3.141592653589661222e+00
7.292314083447919149e-02 6.933044336030667409e+01 3.141592653589661222e+00
6.015037025527172204e-02 7.044964150915595269e+01 3.141592653589661222e+00
7.884909352131559690e-02 7.135574860078094162e+01 3.141592653589661222e+00
6.285099539235651511e-02 7.232141748145340898e+01 3.141592653589661222e+00
7.935669933675017218e-02 7.324847544053633897e+01 3.141592653589661222e+00
5.841778120780216632e-02 7.420400429835827083e+01 3.141592653589661222e+00
7.474529639040204676e-02 7.528422475502139832e+01 3.141592653589661222e+00
5.862767329648819331e-02 7.625947773620679015e+01 3.141592653589661222e+00
7.663966642053200717e-02 7.733561081875123477e+01 3.141592653589661222e+00
6.625574750547154335e-02 7.818489660479627901e+01 3.141592653589661222e+00
7.426951771985275397e-02 7.922012466636742545e+01 3.141592653589661222e+00
6.720690419753180822e-02 8.005374056078491662e+01 3.141592653589661222e+00
6.619690684746608322e-02 8.120949688261326571e+01 3.141592653589661222e+00
6.733467685278800297e-02 8.211076306483552401e+01 3.141592653589661222e+00
6.594649068177946272e-02 8.326702108104689160e+01 3.141592653589661222e+00
7.521387318269411038e-02 8.410685432892422853e+01 3.141592653589661222e+00
6.544689945226166150e-02 8.513441441965998990e+01 3.141592653589661222e+00
7.737227845145709659e-02 8.599345510741630960e+01 3.141592653589661222e+00
5.821777695993583107e-02 8.705205760076357535e+01 3.141592653589661222e+00
7.514463044943509029e-02 8.804279272409742418e+01 3.141592653589661222e+00
5.802015391777189807e-02 8.910747493666782759e+01 3.141592653589661222e+00
7.934393469143591338e-02 9.008195771493826953e+01 3.141592653589661222e+00
6.308869700492113208e-02 9.099490459819526222e+01 3.141592653589661222e+00
7.837722344413453057e-02 9.197406886639490153e+01 3.141592653589661222e+00
6.104233825598934238e-02 9.286479823676286571e+01 3.141592653589661222e+00
7.206287909253288049e-02 9.399470274467485353e+01 3.141592653589661222e+00
6.141485923292028248e-02 9.492117697611428184e+01 3.141592653589661222e+00
7.276104120938069186e-02 9.605040622635115710e+01 3.141592653589661222e+00
6.981084674358722930e-02 9.687739127614830181e+01 3.141592653589661222e+00
7.045362010435252120e-02 9.792687312223972640e+01 3.141592653589661222e+00
7.196631090049537827e-02 9.875283410433628717e+01 3.141592653589661222e+00
6.205831579291111455e-02 9.988819858864056300e+01 3.141592653589661222e+00
7.144438706427375108e-02 1.008085046504457694e+02 3.141592653589661222e+00
6.163655164511785967e-02 1.019450690347148480e+02 3.141592653589661222e+00
7.806201299003785732e-02 1.028261785252269220e+02 3.141592653589661222e+00
6.329281049957496963e-02 1.038134336327666034e+02 3.141592653589661222e+00
7.918079826065783922e-02 1.047178638532408570e+02 3.141592653589661222e+00
5.789040942663507827e-02 1.057048332837738656e+02 3.141592653589661222e+00
7.532920485362636087e-02 1.067586433945611759e+02 3.141592653589661222e+00
5.798354185335380384e-02 1.077600815150304783e+02 3.141592653589661222e+00
7.786437696370006323e-02 1.088071589750276331e+02 3.141592653589661222e+00
6.499497416566883679e-02 1.096726647077260139e+02 3.141592653589661222e+00
7.576368596121577093e-02 1.106946666679340865e+02 3.141592653589661222e+00
6.515893101330216819e-02 1.115400919475629564e+02 3.141592653589661222e+00
6.808975479124361463e-02 1.126947211689323893e+02 3.141592653589661222e+00
6.543734550825318352e-02 1.135971476343447648e+02 3.141592653589661222e+00
6.803192849905236039e-02 1.147521293334991270e+02 3.141592653589661222e+00
7.365918596386869521e-02 1.155821447098962409e+02 3.141592653589661222e+00
6.679058807027173084e-02 1.166214056582266636e+02 3.141592653589661222e+00
7.602867748129298053e-02 1.174656237804049539e+02 3.141592653589661222e+00
5.900756134639670997e-02 1.185520834341331664e+02 3.141592653589661222e+00
7.440889215745791208e-02 1.195175343979510103e+02 3.141592653589661222e+00
5.870292432265492022e-02 1.206078576416088453e+02 3.141592653589661222e+00
7.936752365083972471e-02 1.215512841075271950e+02 3.141592653589661222e+00
6.276940438400684108e-02 1.224871636021624965e+02 3.141592653589661222e+00
7.903009887212140983e-02 1.234441820893585771e+02 3.141592653589661222e+00
5.967932283644432345e-02 1.243612308991073974e+02 3.141592653589661222e+00
7.343371025798954566e-02 1.254720195346573490e+02 3.141592653589661222e+00
6.000513589599100472e-02 1.264171849066469946e+02 3.141592653589661222e+00
7.459949287353329073e-02 1.275262107589405787e+02 3.141592653589661222e+00
6.818406808270471853e-02 1.283600272431341125e+02 3.141592653589661222e+00
7.214112833604900688e-02 1.294062645767190247e+02 3.141592653589661222e+00
6.993153517208626491e-02 1.302322059323804240e+02 3.141592653589661222e+00
6.377601775305587195e-02 1.313802842883736446e+02 3.141592653589661222e+00
6.974610320653261419e-02 1.322887152809651354e+02 3.141592653589661222e+00
6.338609023486153904e-02 1.334375557152898750e+02 3.141592653589661222e+00
7.698020063989742534e-02 1.342977092429941592e+02 3.141592653589661222e+00
6.404657083446668731e-02 1.353044282711498454e+02 3.141592653589661222e+00
7.862998483745452238e-02 1.361876097974171671e+02 3.141592653589661222e+00
5.776827347245777622e-02 1.372063630807869004e+02 3.141592653589661222e+00
7.551412452969617772e-02 1.382325924997140589e+02 3.141592653589661222e+00
5.773361403399336622e-02 1.392615617275962734e+02 3.141592653589661222e+00
7.874712360197792804e-02 1.402775457938147383e+02 3.141592653589661222e+00
6.397965126577179196e-02 1.411622826103483419e+02 3.141592653589661222e+00
7.706523689743077776e-02 1.421674945854722978e+02 3.141592653589661222e+00
6.323625436861739224e-02 1.430296676933560605e+02 3.141592653589661222e+00
6.991741567818432479e-02 1.441771827739478908e+02 3.141592653589661222e+00
6.359503513072280179e-02 1.450865234315785983e+02 3.141592653589661222e+00
7.013300917848340477e-02 1.462341250238833936e+02 3.141592653589661222e+00
7.200414780245992241e-02 1.470594971067865231e+02 3.141592653589661222e+00
6.831033546101412945e-02 1.481061849729400137e+02 3.141592653589661222e+00
7.440513296454837056e-02 1.489395335574680814e+02 3.141592653589661222e+00
6.014442686506087793e-02 1.500502449552087683e+02 3.141592653589661222e+00
7.331653356816476841e-02 1.509934207677796962e+02 3.141592653589661222e+00
5.976174179444723039e-02 1.521064814623697714e+02 3.141592653589661222e+00
7.902272088084487389e-02 1.530208340598532004e+02 3.141592653589661222e+00
6.278167417212113244e-02 1.539796913961442328e+02 3.141592653589661222e+00
7.933609035659087982e-02 1.549137217227801386e+02 3.141592653589661222e+00
5.865471244567568854e-02 1.558599915412691814e+02 3.141592653589661222e+00
7.449374645789540172e-02 1.569477755328808257e+02 3.141592653589661222e+00
5.889593897097836206e-02 1.579155616751342279e+02 3.141592653589661222e+00
7.620755932718614734e-02 1.589999032016022227e+02 3.141592653589661222e+00
6.667826680201086043e-02 1.598449853250022556e+02 3.141592653589661222e+00
7.378922417679395496e-02 1.608834255085818654e+02 3.141592653589661222e+00
6.783913506222899459e-02 1.617144766393126076e+02 3.141592653589661222e+00
6.562457517733522039e-02 1.628693698624331034e+02 3.141592653589661222e+00
6.790636829333453195e-02 1.637714319043406874e+02 3.141592653589661222e+00
6.533100400269128971e-02 1.649268709953671532e+02 3.141592653589661222e+00
7.565428278221252023e-02 1.657706792474137387e+02 3.141592653589661222e+00
6.508335178344780425e-02 1.667939259479871055e+02 3.141592653589661222e+00
7.771638420611262643e-02 1.676581332650013962e+02 3.141592653589661222e+00
5.805324960837670439e-02 1.687077634109055850e+02 3.141592653589661222e+00
7.529129623137637006e-02 1.697065652787093484e+02 3.141592653589661222e+00
5.789189039758856764e-02 1.707631026319624539e+02 3.141592653589661222e+00
7.926241466266947810e-02 1.717471973636430675e+02 3.141592653589661222e+00
6.324903076410445801e-02 1.726533638109822277e+02 3.141592653589661222e+00
7.811632685065129922e-02 1.736389174912511351e+02 3.141592653589661222e+00
6.151358911121803524e-02 1.745223908140969513e+02 3.141592653589661222e+00
7.159628254992274343e-02 1.756571696910135927e+02 3.141592653589661222e+00
6.189112137947098968e-02 1.765788936460516823e+02 3.141592653589661222e+00
7.216951853467322431e-02 1.777132307307724375e+02 3.141592653589661222e+00
7.031707811825009535e-02 1.785390865852371007e+02 3.141592653589661222e+00
6.994591483142999222e-02 1.795886282086649146e+02 3.141592653589661222e+00
7.255874935407732873e-02 1.804155810679878300e+02 3.141592653589661222e+00
6.157651135395789121e-02 1.815459979755428037e+02 3.141592653589661222e+00
7.191816978466591959e-02 1.824709111293548176e+02 3.141592653589661222e+00
6.115638588953831861e-02 1.836027266204898751e+02 3.141592653589661222e+00
7.833323251601811976e-02 1.844910021984656794e+02 3.141592653589661222e+00
6.312525766992797827e-02 1.854719119137949406e+02 3.141592653589661222e+00
7.927371225376725339e-02 1.863830837203574902e+02 3.141592653589661222e+00
5.800771061846502624e-02 1.873604507886866770e+02 3.141592653589661222e+00
7.519378276084413837e-02 1.884224324078504651e+02 3.141592653589661222e+00
5.813787377415215868e-02 1.894157501090810740e+02 3.141592653589661222e+00
7.752845552405841778e-02 1.904718862265665109e+02 3.141592653589661222e+00
6.535249174966478725e-02 1.913321338634690107e+02 3.141592653589661222e+00
7.532922776163666900e-02 1.923585402511635607e+02 3.141592653589661222e+00
6.576872548662555940e-02 1.931998600591029174e+02 3.141592653589661222e+00
6.752017292939441195e-02 1.943554720536632487e+02 3.141592653589661222e+00
6.600935052554948723e-02 1.952569338011190609e+02 3.141592653589661222e+00
6.739579123032364560e-02 1.964129490536867308e+02 3.141592653589661222e+00
7.414310182402485128e-02 1.972453903426229544e+02 3.141592653589661222e+00
6.636301626932668285e-02 1.982815445326424992e+02 3.141592653589661222e+00
7.646691634085588107e-02 1.991298564110641678e+02 3.141592653589661222e+00
5.873006961714880708e-02 2.002082226326521663e+02 3.141592653589661222e+00
7.467095080391189521e-02 2.011810546435323204e+02 3.141592653589661222e+00
5.845529022358857130e-02 2.022638747650092625e+02 3.141592653589661222e+00
7.939996989793636495e-02 2.032165363040892601e+02 3.141592653589661222e+00
6.283132900545100596e-02 2.041454299036814461e+02 3.141592653589661222e+00
7.886787677439595357e-02 2.051092795659505157e+02 3.141592653589661222e+00
6.005806819574422556e-02 2.060180189878515478e+02 3.141592653589661222e+00
7.304921244400353064e-02 2.071350450298308203e+02 3.141592653589661222e+00
6.040251334421506413e-02 2.080741008279107405e+02 3.141592653589661222e+00
7.406482621690445300e-02 2.091897491672558829e+02 3.141592653589661222e+00
6.866622170468128505e-02 2.100210107040043681e+02 3.141592653589661222e+00
7.163169029238999896e-02 2.110687193151115082e+02 3.141592653589661222e+00
7.055665311970099607e-02 2.118941311336180036e+02 3.141592653589661222e+00
6.323895513947651315e-02 2.130389708274438760e+02 3.141592653589661222e+00
7.027842974125757258e-02 2.139504310935272713e+02 3.141592653589661222e+00
6.283301359355510096e-02 2.150961350823308180e+02 3.141592653589661222e+00
7.733566418604068127e-02 2.159621628064945185e+02 3.141592653589661222e+00
6.378717397201240369e-02 2.169632693439331774e+02 3.141592653589661222e+00
7.883570528495555119e-02 2.178526774655964005e+02 3.141592653589661222e+00
5.776202141322289707e-02 2.188618552252474103e+02 3.141592653589661222e+00
7.550117332157371686e-02 2.198964716942394375e+02 3.141592653589661222e+00
5.776645760687668801e-02 2.209170488493487881e+02 3.141592653589661222e+00
7.851800912248771414e-02 2.219425793748999638e+02 3.141592653589661222e+00
6.425831404868410923e-02 2.228212283060502159e+02 3.141592653589661222e+00
7.669548177820546819e-02 2.238318558873032487e+02 3.141592653589661222e+00
6.380000529721632785e-02 2.246884615767272351e+02 3.141592653589661222e+00
6.937656624394465676e-02 2.258387429753165350e+02 3.141592653589661222e+00
6.414139882279801252e-02 2.267453977214990744e+02 3.141592653589661222e+00
6.950067772340003114e-02 2.278958670833358156e+02 3.141592653589661222e+00
7.251127237558201155e-02 2.287220974118545200e+02 3.141592653589661222e+00
6.783555789631798283e-02 2.297670111553290724e+02 3.141592653589661222e+00
7.492254141464416151e-02 2.306031966726005749e+02 3.141592653589661222e+00
5.976677013502507824e-02 2.317070128867860603e+02 3.141592653589661222e+00
7.368183322584695438e-02 2.326565451491831880e+02 3.141592653589661222e+00
5.940393187335202968e-02 2.337631026591884620e+02 3.141592653589661222e+00
7.916472433269913789e-02 2.346859762147536799e+02 3.141592653589661222e+00
6.274275232979262262e-02 2.356379370563788314e+02 3.141592653589661222e+00
7.928168143446075178e-02 2.365789516610582268e+02 3.141592653589661222e+00
5.892629778442349392e-02 2.375161350612374349e+02 3.141592653589661222e+00
7.420914591752493517e-02 2.386112256203723803e+02 3.141592653589661222e+00
5.919643362886687493e-02 2.395718123754602971e+02 3.141592653589661222e+00
7.574909204038100807e-02 2.406640390819050026e+02 3.141592653589661222e+00
6.711730814116996513e-02 2.415052752323256016e+02 3.141592653589661222e+00
7.329902064265240991e-02 2.425465387183740518e+02 3.141592653589661222e+00
6.847337712584286584e-02 2.433754982402686551e+02 3.141592653589661222e+00
6.505656407713091005e-02 2.445289689622974549e+02 3.141592653589661222e+00
6.847280402566439939e-02 2.454323562677918176e+02 3.141592653589661222e+00
6.472651389696693069e-02 2.465864237516186677e+02 3.141592653589661222e+00
7.607770320278466059e-02 2.474346637756304119e+02 3.141592653589661222e+00
6.474209343393159954e-02 2.484532647976143096e+02 3.141592653589661222e+00
7.802966476405158447e-02 2.493229212075841019e+02 3.141592653589661222e+00
5.792468704823625775e-02 2.503633825290277457e+02 3.141592653589661222e+00
7.540146538955795619e-02 2.513703851507528384e+02 3.141592653589661222e+00
5.780080728190260808e-02 2.524186596122416404e+02 3.141592653589661222e+00
7.914623085295854898e-02 2.534124084740251135e+02 3.141592653589661222e+00
6.343807597178924285e-02 2.543119135892927432e+02 3.141592653589661222e+00
7.782795068089352897e-02 2.553036688811308466e+02 3.141592653589661222e+00
6.200935342980983672e-02 2.561802503924305370e+02 3.141592653589661222e+00
7.110894555683219820e-02 2.573194430878418189e+02 3.141592653589661222e+00
6.238714868202589053e-02 2.582368710876309592e+02 3.141592653589661222e+00
7.156503043257053664e-02 2.593758181501895024e+02 3.141592653589661222e+00
7.082664008484960971e-02 2.602009961203247030e+02 3.141592653589661222e+00
6.944282280669507312e-02 2.612501674358209129e+02 3.141592653589661222e+00
7.313689050818256154e-02 2.620785573266403503e+02 3.141592653589661222e+00
6.111585378674398022e-02 2.632035417721136810e+02 3.141592653589661222e+00
7.236979412960446723e-02 2.641335036324747989e+02 3.141592653589661222e+00
6.070209635882053978e-02 2.652601234571657756e+02 3.141592653589661222e+00
7.857618975241312254e-02 2.661559168508180733e+02 3.141592653589661222e+00
6.298691398138044073e-02 2.671303108326973188e+02 3.141592653589661222e+00
7.933215777934399249e-02 2.680483247275250847e+02 3.141592653589661222e+00
5.816184261213625667e-02 2.690161552540915295e+02 3.141592653589661222e+00
7.502231198514347499e-02 2.700861648505068047e+02 3.141592653589661222e+00
5.832769316176056318e-02 2.710715209672952142e+02 3.141592653589661222e+00
7.716212178415804424e-02 2.721364954304939374e+02 3.141592653589661222e+00
6.573126162024474362e-02 2.729917818184964631e+02 3.141592653589661222e+00
7.487883470843054168e-02 2.740222488999600046e+02 3.141592653589661222e+00
6.638784627345181710e-02 2.748599235305584898e+02 3.141592653589661222e+00
6.694699445689775152e-02 2.760159631655824910e+02 3.141592653589661222e+00
6.658402675242544588e-02 2.769169918509320496e+02 3.141592653589661222e+00
6.676332847373031565e-02 2.780734788703587697e+02 3.141592653589661222e+00
7.461595756858899198e-02 2.789088189890705394e+02 3.141592653589661222e+00
6.595314690290764170e-02 2.799414857298005472e+02 3.141592653589661222e+00
7.687808682850250097e-02 2.807942370812050967e+02 3.141592653589661222e+00
5.848561039253694777e-02 2.818642081857330481e+02 3.141592653589661222e+00
7.489915243959424651e-02 2.828446666007109229e+02 3.141592653589661222e+00
5.824301091535417224e-02 2.839197498143491316e+02 3.141592653589661222e+00
7.939820833936234168e-02 2.848817978338937564e+02 3.141592653589661222e+00
6.292345179759280260e-02 2.858037367722398585e+02 3.141592653589661222e+00
7.867466764531066969e-02 2.867743137805671267e+02 3.141592653589661222e+00
6.046652324319069793e-02 2.876750358603143241e+02 3.141592653589661222e+00
7.263781677518454938e-02 2.887979152283793951e+02 3.141592653589661222e+00
6.082582487149620909e-02 2.897312470938766182e+02 3.141592653589661222e+00
7.351078477430174341e-02 2.908530834486601293e+02 3.141592653589661222e+00
6.915773521005469382e-02 2.916822090065138582e+02 3.141592653589661222e+00
7.112056781263793870e-02 2.927309656541135610e+02 3.141592653589661222e+00
7.117431352992269200e-02 2.935563145612010203e+02 3.141592653589661222e+00
6.271613795788569257e-02 2.946973840649313843e+02 3.141592653589661222e+00
7.079552953982562458e-02 2.956123674349112207e+02 3.141592653589661222e+00
6.229983673955693385e-02 2.967544278447768988e+02 3.141592653589661222e+00
7.766724326535714984e-02 2.976267392289584564e+02 3.141592653589661222e+00
6.355466330793319019e-02 2.986219852064018028e+02 3.141592653589661222e+00
7.900765178556395929e-02 2.995178045717424880e+02 3.141592653589661222e+00
5.779324775478555942e-02 3.005173586261172431e+02 3.141592653589661222e+00
7.545084592292433667e-02 3.015603393629243669e+02 3.141592653589661222e+00
5.783654194435336460e-02 3.025725647599708168e+02 3.141592653589661222e+00
7.825573252344079911e-02 3.036075339191428952e+02 3.141592653589661222e+00
6.456211287739047067e-02 3.044803202305156447e+02 3.141592653589661222e+00
7.630428231708671905e-02 3.054960794555917687e+02 3.141592653589661222e+00
6.438009323647431170e-02 3.063475481715726687e+02 3.141592653589661222e+00
6.882433420377576105e-02 3.075000674144446293e+02 3.141592653589661222e+00
6.469820249289208458e-02 3.084045484101783359e+02 3.141592653589661222e+00
6.886462004368733292e-02 3.095573370971948748e+02 3.141592653589661222e+00
7.301356151466655009e-02 3.103848987287103114e+02 3.141592653589661222e+00
6.737314815153012948e-02 3.114276251998035150e+02 3.141592653589661222e+00
7.541780159933092476e-02 3.122670448105575929e+02 3.141592653589661222e+00
5.941778768017164092e-02 3.133635727554242294e+02 3.141592653589661222e+00
7.401748638057455143e-02 3.143198040322467364e+02 3.141592653589661222e+00
5.907819772775771416e-02 3.154195208524874943e+02 3.141592653589661222e+00
7.927431352304907530e-02 3.163511643084417528e+02 3.141592653589661222e+00
6.273436041650878869e-02 3.172961704552425317e+02 3.141592653589661222e+00
7.919393585590582541e-02 3.182441541398878257e+02 3.141592653589661222e+00
5.923159218032674617e-02 3.191724537521393472e+02 3.141592653589661222e+00
7.389270992376753555e-02 3.202745619815266309e+02 3.141592653589661222e+00
5.952789177748961380e-02 3.212282468689373900e+02 3.141592653589661222e+00
7.526572651379201395e-02 3.223280070750703885e+02 3.141592653589661222e+00
6.757129762480816593e-02 3.231657710398240511e+02 3.141592653589661222e+00
7.280079512460076174e-02 3.242094584985964048e+02 3.141592653589661222e+00
6.910740511966886879e-02 3.250368003153711243e+02 3.141592653589661222e+00
6.449524010988992584e-02 3.261882922466925834e+02 3.141592653589661222e+00
6.903160911119310406e-02 3.270935292507342638e+02 3.141592653589661222e+00
6.413517189944002717e-02 3.282456796327998632e+02 3.141592653589661222e+00
7.648243471790958092e-02 3.290987999452699455e+02 3.141592653589661222e+00
6.442433975617216368e-02 3.301124405605189054e+02 3.141592653589661222e+00
7.831123339353034118e-02 3.309878072506219837e+02 3.141592653589661222e+00
5.783267752771734105e-02 3.320189369949607681e+02 3.141592653589661222e+00
7.547467074696340150e-02 3.330342387288654891e+02 3.141592653589661222e+00
5.774715547505402530e-02 3.340741687272393392e+02 3.141592653589661222e+00
7.899551922952439964e-02 3.350775794066333901e+02 3.141592653589661222e+00
6.365516256087810909e-02 3.359705679947032877e+02 3.141592653589661222e+00
7.751336056744846659e-02 3.369683132068148552e+02 3.141592653589661222e+00
6.252785751735563669e-02 3.378383853416511897e+02 3.141592653589661222e+00
7.060292744610159599e-02 3.389815122449257387e+02 3.141592653589661222e+00
6.290088728233407533e-02 3.398951152859535227e+02 3.141592653589661222e+00
7.094965135700793957e-02 3.410381594256309086e+02 3.141592653589661222e+00
7.133765342333367454e-02 3.418631179795193589e+02 3.141592653589661222e+00
6.894620496143924471e-02 3.429114902329703796e+02 3.141592653589661222e+00
7.369878777595484376e-02 3.437417531428621942e+02 3.141592653589661222e+00
6.067825580954355064e-02 3.448608385337603863e+02 3.141592653589661222e+00
7.279734560416067923e-02 3.457962707525413748e+02 3.141592653589661222e+00
6.027529784881161673e-02 3.469172705607098806e+02 3.141592653589661222e+00
7.878975236535394611e-02 3.478209123387217687e+02 3.141592653589661222e+00
6.287826130193616136e-02 3.487886454384910166e+02 3.141592653589661222e+00
7.935619490243693563e-02 3.497135754323192600e+02 3.141592653589661222e+00
5.835230463562545572e-02 3.506719685825650004e+02 3.141592653589661222e+00
7.481552849804294636e-02 3.517498272437889568e+02 3.141592653589661222e+00
5.855216890056846174e-02 3.527274147791642918e+02 3.141592653589661222e+00
7.676646941060209783e-02 3.538009748584467502e+02 3.141592653589661222e+00
6.612993549396947723e-02 3.546516164450221140e+02 3.141592653589661222e+00
7.441428548885707650e-02 3.556857852211159639e+02 3.141592653589661222e+00
6.701409862437800180e-02 3.565202805886673332e+02 3.141592653589661222e+00
6.637261665629563823e-02 3.576761890780242084e+02 3.141592653589661222e+00
6.715897707489081048e-02 3.585773179712530236e+02 3.141592653589661222e+00
6.613677772163238655e-02 3.597337153512522718e+02 3.141592653589661222e+00
7.507591790756631966e-02 3.605724240853992910e+02 3.141592653589661222e+00
6.556245410288764897e-02 3.616012357025219330e+02 3.141592653589661222e+00
7.726092308610291171e-02 3.624587543094445437e+02 3.141592653589661222e+00
5.827522714596505143e-02 3.635200592080751107e+02 3.141592653589661222e+00
7.509252541155161942e-02 3.645083569686308920e+02 3.141592653589661222e+00
5.806679714788233471e-02 3.655755034950451545e+02 3.141592653589661222e+00
7.936195617076476083e-02 3.665470573561189553e+02 3.141592653589661222e+00
6.304544318333919761e-02 3.674620997882653910e+02 3.141592653589661222e+00
7.845141686619468147e-02 3.684392742400301017e+02 3.141592653589661222e+00
6.090323285507694834e-02 3.693322947699383008e+02 3.141592653589661222e+00
7.220126956238671900e-02 3.704606181458354968e+02 3.141592653589661222e+00
6.127331431045725252e-02 3.713886346413448791e+02 3.141592653589661222e+00
7.293922495745398804e-02 3.725162032132326999e+02 3.141592653589661222e+00
6.965682216378300817e-02 3.733436229259060610e+02 3.141592653589661222e+00
7.060968098865601228e-02 3.743930004815622965e+02 3.141592653589661222e+00
7.178239173635860004e-02 3.752187480650277962e+02 3.141592653589661222e+00
6.220973717287595767e-02 3.763555276797659985e+02 3.141592653589661222e+00
7.129522005418663377e-02 3.772745144521786642e+02 3.141592653589661222e+00
6.178846171695387413e-02 3.784124401247726723e+02 3.141592653589661222e+00
7.797351787030089298e-02 3.792914291594535712e+02 3.141592653589661222e+00
6.334985727438033343e-02 3.802805889926931400e+02 3.141592653589661222e+00
7.914546913913672599e-02 3.811829794713869433e+02 3.141592653589661222e+00
5.786192179638219302e-02 3.821728964972072617e+02 3.141592653589661222e+00
7.536336184545504302e-02 3.832241818291318509e+02 3.141592653589661222e+00
5.794350019050848594e-02 3.842281323040772349e+02 3.141592653589661222e+00
7.796098204030370293e-02 3.852723976147312328e+02 3.141592653589661222e+00
6.488997080867341116e-02 3.861395692604515375e+02 3.141592653589661222e+00
7.589323682665873039e-02 3.871601566537519261e+02 3.141592653589661222e+00
6.497444824068630831e-02 3.880069297401599897e+02 3.141592653589661222e+00
6.826303931537033853e-02 3.891611479318617626e+02 3.141592653589661222e+00
6.526313378768013040e-02 3.900639755268931594e+02 3.141592653589661222e+00
6.822706401548729593e-02 3.912185287010776733e+02 3.141592653589661222e+00
7.350911527984796412e-02 3.920478962580293114e+02 3.141592653589661222e+00
6.692478794132870890e-02 3.930880303768269073e+02 3.141592653589661222e+00
7.588931232356835310e-02 3.939310669824054685e+02 3.141592653589661222e+00
5.909893922056527749e-02 3.950199394852589876e+02 3.141592653589661222e+00
7.432206477127266397e-02 3.959831847021769704e+02 3.141592653589661222e+00
5.878567676295853167e-02 3.970757531084854008e+02 3.141592653589661222e+00
7.935081057753125278e-02 3.980163874280664231e+02 3.141592653589661222e+00
6.275652161223324588e-02 3.989544076575588178e+02 3.141592653589661222e+00
7.907343414330222919e-02 3.999093181672874948e+02 3.141592653589661222e+00
5.956952409126520243e-02 4.008289653327165638e+02 3.141592653589661222e+00
7.354578770495608098e-02 4.019377717711910236e+02 3.141592653589661222e+00
5.988892524290105601e-02 4.028848808660623604e+02 3.141592653589661222e+00
7.475902600274705878e-02 4.039917959652337345e+02 3.141592653589661222e+00
6.803860334000903787e-02 4.048264765146708442e+02 3.141592653589661222e+00
7.229645425265980585e-02 4.058721796123512604e+02 3.141592653589661222e+00
6.973900319863234054e-02 4.066983769816901599e+02 3.141592653589661222e+00
6.394293965978095629e-02 4.078473389839564334e+02 3.141592653589661222e+00
6.958043687648818310e-02 4.087549431600043590e+02 3.141592653589661222e+00
6.355908509164633069e-02 4.099046401897059013e+02 3.141592653589661222e+00
7.686683238505533089e-02 4.107630794258375886e+02 3.141592653589661222e+00
6.413121925566367398e-02 4.117714637268016418e+02 3.141592653589661222e+00
7.856032412677528554e-02 4.126527796922609923e+02 3.141592653589661222e+00
5.777766687983418303e-02 4.136744494073777787e+02 3.141592653589661222e+00
7.551060334324562195e-02 4.146981123540522276e+02 3.141592653589661222e+00
5.773104306005406167e-02 4.157296531188721929e+02 3.141592653589661222e+00
7.881054452857221004e-02 4.167426984583590297e+02 3.141592653589661222e+00
6.389952158792884529e-02 4.176293404533805642e+02 3.141592653589661222e+00
7.717390852841603255e-02 4.186328408792839468e+02 3.141592653589661222e+00
6.306724619136659660e-02 4.194968025581034112e+02 3.141592653589661222e+00
7.008036353973440269e-02 4.206433669665792081e+02 3.141592653589661222e+00
6.343020940511169548e-02 4.215536307691884872e+02 3.141592653589661222e+00
7.032550511816125505e-02 4.227002460191996533e+02 3.141592653589661222e+00
7.184822375957228280e-02 4.235254495265128867e+02 3.141592653589661222e+00
6.845789054802321749e-02 4.245725968742190162e+02 3.141592653589661222e+00
7.424256413425801837e-02 4.254051584147568406e+02 3.141592653589661222e+00
6.026553569111651326e-02 4.265178983264913199e+02 3.141592653589661222e+00
7.319900976947328608e-02 4.274592007137675864e+02 3.141592653589661222e+00
5.987750379616769980e-02 4.285741804221670463e+02 3.141592653589661222e+00
7.897288619968387269e-02 4.294859783160064239e+02 3.141592653589661222e+00
6.279967625124971420e-02 4.304469311765128055e+02 3.141592653589661222e+00
7.934600765167409975e-02 4.313788244782617198e+02 3.141592653589661222e+00
5.857845795677600609e-02 4.323279119272863795e+02 3.141592653589661222e+00
7.457431824342587723e-02 4.334134062147864483e+02 3.141592653589661222e+00
5.881033447485912308e-02 4.343834512635157807e+02 3.141592653589661222e+00
7.634270824284505874e-02 4.354653128547784036e+02 3.141592653589661222e+00
6.654709164046282432e-02 4.363116446631701137e+02 3.141592653589661222e+00
7.393739952011676997e-02 4.373491422643427313e+02 3.141592653589661222e+00
6.764526853636214365e-02 4.381809283860464461e+02 3.141592653589661222e+00
6.579943886325942404e-02 4.393361453394610976e+02 3.141592653589661222e+00
6.773179959952110862e-02 4.402379073344484368e+02 3.141592653589661222e+00
6.551836048553753844e-02 4.413936561067765183e+02 3.141592653589661222e+00
7.552118110244158966e-02 4.422361986073435673e+02 3.141592653589661222e+00
6.519233868533885756e-02 4.432608018700453272e+02 3.141592653589661222e+00
7.761427006789732574e-02 4.441233965266114865e+02 3.141592653589661222e+00
5.809982888383849464e-02 4.451757958579001411e+02 3.141592653589661222e+00
7.525024672970791195e-02 4.461721123261941671e+02 3.141592653589661222e+00
5.792722324525882704e-02 4.472311573403617899e+02 3.141592653589661222e+00
7.929105550575417383e-02 4.482123034258326584e+02 3.141592653589661222e+00
6.319686878393153406e-02 4.491205341748380988e+02 3.141592653589661222e+00
7.819917192693695562e-02 4.501041506326318427e+02 3.141592653589661222e+00
6.136663803393591077e-02 4.509898075098063828e+02 3.141592653589661222e+00
7.174142136318217844e-02 4.521231421382161102e+02 3.141592653589661222e+00
6.174312732149006555e-02 4.530462729034543941e+02 3.141592653589661222e+00
7.235207764153599175e-02 4.541790984145446828e+02 3.141592653589661222e+00
7.016166131191915734e-02 4.550052523895058130e+02 3.141592653589661222e+00
7.010093955055014814e-02 4.560548214110408480e+02 3.141592653589661222e+00
7.237880815924017941e-02 4.568814229483725171e+02 3.141592653589661222e+00
6.172185487847769297e-02 4.580134067915461742e+02 3.141592653589661222e+00
7.177538923630863432e-02 4.589368617635936403e+02 3.141592653589661222e+00
6.130071187446511222e-02 4.600701795094749968e+02 3.141592653589661222e+00
7.825314871335847799e-02 4.609562229857021407e+02 3.141592653589661222e+00
6.317347476534587725e-02 4.619390945058104307e+02 3.141592653589661222e+00
7.924892805101815818e-02 4.628481905672566086e+02 3.141592653589661222e+00
5.796786907336769906e-02 4.638284918545405162e+02 3.141592653589661222e+00
7.523909927308876366e-02 4.648879854526084046e+02 3.141592653589661222e+00
5.808682305083708725e-02 4.658837738593637710e+02 3.141592653589661222e+00
7.763457132371322233e-02 4.669371586521486392e+02 3.141592653589661222e+00
6.524072452373459730e-02 4.677989853975194023e+02 3.141592653589661222e+00
7.546400541511645577e-02 4.688240791876302751e+02 3.141592653589661222e+00
6.558095284138877601e-02 4.696666072503430769e+02 3.141592653589661222e+00
6.769503622294990863e-02 4.708219771170164449e+02 3.141592653589661222e+00
6.583384377830028833e-02 4.717236778625148759e+02 3.141592653589661222e+00
6.759025052150822999e-02 4.728794363344962335e+02 3.141592653589661222e+00
7.399604580465266035e-02 4.737110846259114396e+02 3.141592653589661222e+00
6.649210215024507764e-02 4.747482309087617409e+02 3.141592653589661222e+00
7.633556823163759053e-02 4.755952520138543491e+02 3.141592653589661222e+00
5.881156382742690897e-02 4.766761293665747985e+02 3.141592653589661222e+00
7.459427177481106619e-02 4.776466742337278788e+02 3.141592653589661222e+00
5.852738190605220880e-02 4.787318177207298504e+02 3.141592653589661222e+00
7.939365366575108773e-02 4.796816345174756862e+02 3.141592653589661222e+00
6.280915178810976551e-02 4.806126646977658083e+02 3.141592653589661222e+00
7.892087114495244249e-02 4.815744328868990465e+02 3.141592653589661222e+00
5.993889999261765855e-02 4.824856862517293052e+02 3.141592653589661222e+00
7.316985647582813224e-02 4.836008423652526744e+02 3.141592653589661222e+00
6.027802808856022598e-02 4.845417286860183594e+02 3.141592653589661222e+00
7.423064952887969969e-02 4.856553947404274254e+02 3.141592653589661222e+00
6.851754045806578153e-02 4.864873944934130350e+02 3.141592653589661222e+00
7.178791650810958935e-02 4.875346974208349593e+02 3.141592653589661222e+00
7.036597348013989839e-02 4.883602215924332199e+02 3.141592653589661222e+00
6.340195952415252079e-02 4.895061097105456724e+02 3.141592653589661222e+00
7.011697891427870477e-02 4.904165895786520650e+02 3.141592653589661222e+00
6.300030778306682511e-02 4.915633082998519967e+02 3.141592653589661222e+00
7.722931229732551972e-02 4.924274935507752957e+02 3.141592653589661222e+00
6.386377012862942681e-02 4.934303456456397612e+02 3.141592653589661222e+00
7.877629374277785035e-02 4.943178268305227334e+02 3.141592653589661222e+00
5.775995729825345038e-02 4.953299427546373863e+02 3.141592653589661222e+00
7.550911375621616184e-02 4.963619923395800129e+02 3.141592653589661222e+00
5.775243449774475346e-02 4.973851360445185605e+02 3.141592653589661222e+00
7.859170033955499568e-02 4.984077538759665913e+02 3.141592653589661222e+00
6.417028766535060047e-02 4.992882436867918727e+02 3.141592653589661222e+00
7.681102761841529514e-02 5.002972425706540776e+02 3.141592653589661222e+00
6.362559025337195806e-02 5.011555074898055864e+02 3.141592653589661222e+00
6.954345593026527161e-02 5.023049976054873582e+02 3.141592653589661222e+00
6.397292150535838218e-02 5.032124206469587193e+02 3.141592653589661222e+00
6.969475671686715945e-02 5.043620699750813401e+02 3.141592653589661222e+00
7.235644775250275884e-02 5.051879874276416444e+02 3.141592653589661222e+00
6.797967098501524197e-02 5.062334885097893107e+02 3.141592653589661222e+00
7.476641884158800877e-02 5.070687627233453441e+02 3.141592653589661222e+00
5.987941039388227499e-02 5.081747327198140169e+02 3.141592653589661222e+00
7.357308037930222755e-02 5.091222814134092118e+02 3.141592653589661222e+00
5.951012020884076381e-02 5.102308669782681250e+02 3.141592653589661222e+00
7.912465997457822364e-02 5.111511042490984664e+02 3.141592653589661222e+00
6.275142917610240789e-02 5.121051837939378402e+02 3.141592653589661222e+00
7.930190246435973866e-02 5.130440606060105893e+02 3.141592653589661222e+00
5.883952876719135416e-02 5.139840055466878539e+02 3.141592653589661222e+00
7.429971304344544503e-02 5.150768885200219529e+02 3.141592653589661222e+00
5.910109122571673840e-02 5.160396490439821946e+02 3.141592653589661222e+00
7.589216036546106436e-02 5.171294978625256817e+02 3.141592653589661222e+00
6.698123930028336559e-02 5.179718724348434762e+02 3.141592653589661222e+00
7.345003032961909539e-02 5.190123135561750587e+02 3.141592653589661222e+00
6.827913144517873401e-02 5.198418630733780219e+02 3.141592653589661222e+00
6.522985258111790863e-02 5.209958285438488019e+02 3.141592653589661222e+00
6.830009758342804604e-02 5.218987541673614032e+02 3.141592653589661222e+00
6.491027356759036804e-02 5.230532998613036852e+02 3.141592653589661222e+00
7.594998544818830355e-02 5.239001351017742536e+02 3.141592653589661222e+00
6.484412372796563573e-02 5.249201926068510602e+02 3.141592653589661222e+00
7.793708709347733909e-02 5.257881520995359779e+02 3.141592653589661222e+00
5.796018711277504953e-02 5.268314392051255481e+02 3.141592653589661222e+00
7.537164577932949083e-02 5.278359191554645804e+02 3.141592653589661222e+00
5.782472457146900502e-02 5.288867335604993514e+02 3.141592653589661222e+00
7.918547510039285198e-02 5.298775245058019436e+02 3.141592653589661222e+00
6.337719085992252199e-02 5.307790547067290845e+02 3.141592653589661222e+00
7.791907801205043282e-02 5.317689328443614158e+02 3.141592653589661222e+00
6.185508226862063141e-02 5.326475843914168991e+02 3.141592653589661222e+00
7.126021884606081880e-02 5.337854759447914148e+02 3.141592653589661222e+00
6.223331826648067361e-02 5.347041698090096133e+02 3.141592653589661222e+00
7.175134091996736296e-02 5.358417593993628998e+02 3.141592653589661222e+00
7.067040238288548049e-02 5.366670965089256242e+02 3.141592653589661222e+00
6.959623628938449436e-02 5.377164268197307138e+02 3.141592653589661222e+00
7.296153603630428641e-02 5.385443300271217595e+02 3.141592653589661222e+00
6.125451612449870492e-02 5.396710279951661278e+02 3.141592653589661222e+00
7.223400484105303720e-02 5.405993985109690811e+02 3.141592653589661222e+00
6.083832462259122081e-02 5.417276550700812550e+02 3.141592653589661222e+00
7.850488278453091051e-02 5.426211108534233745e+02 3.141592653589661222e+00
6.302613303456756910e-02 5.435975161428988258e+02 3.141592653589661222e+00
7.931792507173489326e-02 5.445134263216066302e+02 3.141592653589661222e+00
5.811077249612008055e-02 5.454841673412187220e+02 3.141592653589661222e+00
7.507859323592486200e-02 5.465517366495359965e+02 3.141592653589661222e+00
5.826586030737775784e-02 5.475395111719126362e+02 3.141592653589661222e+00
7.727743725584440559e-02 5.486018052433037155e+02 3.141592653589661222e+00
6.561312794992336939e-02 5.494585777354491256e+02 3.141592653589661222e+00
7.501830377217945378e-02 5.504878391339518657e+02 3.141592653589661222e+00
6.619745046858697968e-02 5.513265804376500228e+02 3.141592653589661222e+00
6.712270455653572554e-02 5.524825483748483066e+02 3.141592653589661222e+00
6.640795635678030384e-02 5.533836530347093685e+02 3.141592653589661222e+00
6.695642471003093732e-02 5.545400553124781027e+02 3.141592653589661222e+00
7.447248377369093675e-02 5.553744579198664724e+02 3.141592653589661222e+00
6.607665356170060178e-02 5.564082319819405029e+02 3.141592653589661222e+00
7.675516484426854469e-02 5.572595885781577181e+02 3.141592653589661222e+00
5.855687514284736717e-02 5.583321599777236770e+02 3.141592653589661222e+00
7.483294829094098988e-02 5.593102595209496712e+02 3.141592653589661222e+00
5.830419743160777241e-02 5.603877341073302887e+02 3.141592653589661222e+00
7.940240017670111006e-02 5.613468943893818732e+02 3.141592653589661222e+00
6.289205989651040773e-02 5.622709574784150846e+02 3.141592653589661222e+00
7.873705275131590020e-02 5.632394875908599943e+02 3.141592653589661222e+00
6.033840935537707062e-02 5.641426316104807483e+02 3.141592653589661222e+00
7.276651482061370635e-02 5.652637613935204399e+02 3.141592653589661222e+00
6.069358201291282645e-02 5.661988032038573238e+02 3.141592653589661222e+00
7.368234590880522183e-02 5.673187926309625482e+02 3.141592653589661222e+00
6.900637652026225810e-02 5.681485269023593219e+02 3.141592653589661222e+00
7.127710546575954931e-02 5.691970079218923502e+02 3.141592653589661222e+00
7.098614445916849591e-02 5.700223268058041413e+02 3.141592653589661222e+00
6.287454773778118622e-02 5.711646062908273507e+02 3.141592653589661222e+00
7.063897500944639474e-02 5.720784594283295519e+02 3.141592653589661222e+00
6.246083339267480272e-02 5.732216882196506731e+02 3.141592653589661222e+00
7.756835771900769116e-02 5.740920333419528561e+02 3.141592653589661222e+00
6.362293711078098601e-02 5.750890984775687684e+02 3.141592653589661222e+00
7.895862327464167607e-02 5.759829369790251121e+02 3.141592653589661222e+00
5.777970666771999747e-02 5.769854402395743591e+02 3.141592653589661222e+00
7.547021269107845320e-02 5.780258649904982349e+02 3.141592653589661222e+00
5.781115036645107647e-02 5.790406406984133127e+02 3.141592653589661222e+00
7.833950867887802538e-02 5.800727338705376042e+02 3.141592653589661222e+00
6.446650168915518675e-02 5.809472896504298660e+02 3.141592653589661222e+00
7.642622635197303393e-02 5.819615092368020441e+02 3.141592653589661222e+00
6.420089423996219735e-02 5.828145041728344040e+02 3.141592653589661222e+00
6.899446403628971269e-02 5.839663951199025860e+02 3.141592653589661222e+00
6.452677275608591223e-02 5.848714866574014195e+02 3.141592653589661222e+00
6.905960398984496706e-02 5.860236239836805225e+02 3.141592653589661222e+00
7.286041937928804113e-02 5.868507276893213884e+02 3.141592653589661222e+00
6.751329388428670142e-02 5.878941671939808202e+02 3.141592653589661222e+00
7.526863380517229141e-02 5.887325553763815833e+02 3.141592653589661222e+00
5.952148917531614042e-02 5.898313547642918593e+02 3.141592653589661222e+00
7.391796707110555309e-02 5.907855004602416784e+02 3.141592653589661222e+00
5.917444000956302574e-02 5.918873455652717439e+02 3.141592653589661222e+00
7.924424967492468830e-02 5.928162794312506776e+02 3.141592653589661222e+00
6.273368346181597277e-02 5.937634192415537200e+02 3.141592653589661222e+00
7.922430621625203839e-02 5.947092726646015990e+02 3.141592653589661222e+00
5.913461158051742245e-02 5.956402686728628169e+02 3.141592653589661222e+00
7.399288587909187698e-02 5.967402610707932809e+02 3.141592653589661222e+00
5.942321212728073759e-02 5.976960255401646691e+02 3.141592653589661222e+00
7.541625568607498997e-02 5.987935184520138137e+02 3.141592653589661222e+00
6.743082332736159701e-02 5.996323047648680813e+02 3.141592653589661222e+00
7.295405887404229905e-02 6.006752931353937583e+02 3.141592653589661222e+00
6.891346091991748524e-02 6.015030798723037151e+02 3.141592653589661222e+00
6.466623170249466424e-02 6.026552364005319760e+02 3.141592653589661222e+00
6.886148944096749658e-02 6.035598518203281628e+02 3.141592653589661222e+00
6.431468042383907402e-02 6.047126465223697096e+02 3.141592653589661222e+00
7.636061571259158964e-02 6.055642257167611433e+02 3.141592653589661222e+00
6.451905043273897800e-02 6.065794172235160886e+02 3.141592653589661222e+00
7.822845093122415827e-02 6.074530093526855126e+02 3.141592653589661222e+00
5.785693335075746402e-02 6.084870110859766328e+02 3.141592653589661222e+00
7.545620732624463978e-02 6.094997638637695445e+02 3.141592653589661222e+00
5.775959551345424825e-02 6.105422548810914805e+02 3.141592653589661222e+00
7.904531159879517321e-02 6.115427089786401211e+02 3.141592653589661222e+00
6.358577005768017987e-02 6.124376756250197786e+02 3.141592653589661222e+00
7.761237328131828650e-02 6.134336109764101366e+02 3.141592653589661222e+00
6.236681826089333913e-02 6.143056342389301108e+02 3.141592653589661222e+00
7.075969628323554306e-02 6.154476087342003439e+02 3.141592653589661222e+00
6.274185749249412691e-02 6.163623317953120022e+02 3.141592653589661222e+00
7.113907254445593631e-02 6.175041769609010771e+02 3.141592653589661222e+00
7.118117202147668243e-02 6.183291536143827898e+02 3.141592653589661222e+00
6.909744058296796165e-02 6.193778158849237343e+02 3.141592653589661222e+00
7.352860888486686952e-02 6.202074596854291713e+02 3.141592653589661222e+00
6.080966110880102471e-02 6.213283993843510871e+02 3.141592653589661222e+00
7.266912343763666515e-02 6.222621134086397205e+02 3.141592653589661222e+00
6.040294451660533498e-02 6.233848773675617849e+02 3.141592653589661222e+00
7.872755868238129340e-02 6.242860826842816095e+02 3.141592653589661222e+00
6.290834591850261170e-02 6.252558688134689646e+02 3.141592653589661222e+00
7.935248207755089822e-02 6.261786752679412302e+02 3.141592653589661222e+00
5.829017402753722266e-02 6.271399450582972577e+02 3.141592653589661222e+00
7.488253308010149600e-02 6.282154219132564776e+02 3.141592653589661222e+00
5.847982286998638923e-02 6.291953652012151679e+02 3.141592653589661222e+00
7.689063723690835184e-02 6.302663256423969642e+02 3.141592653589661222e+00
6.600585614073291307e-02 6.311183544355275217e+02 3.141592653589661222e+00
7.455789681129568192e-02 6.321514289704601879e+02 3.141592653589661222e+00
6.682175400419200495e-02 6.329868478718552751e+02 3.141592653589661222e+00
6.654843898688274362e-02 6.341428559941898584e+02 3.141592653589661222e+00
6.698307784426581202e-02 6.350438975555966863e+02 3.141592653589661222e+00
6.632782721434532514e-02 6.362003818980253982e+02 3.141592653589661222e+00
7.493658492701904539e-02 6.370380097235492940e+02 3.141592653589661222e+00
6.567993782758924093e-02 6.380680397522878593e+02 3.141592653589661222e+00
7.714680316269095783e-02 6.389240652259395574e+02 3.141592653589661222e+00
5.833595711691838548e-02 6.399880500898586888e+02 3.141592653589661222e+00
7.503707800500392100e-02 6.409739273047008510e+02 3.141592653589661222e+00
5.811687526944996074e-02 6.420435226919820479e+02 3.141592653589661222e+00
7.937672948019917907e-02 6.430121557371625158e+02 3.141592653589661222e+00
6.300494868413404614e-02 6.439293016703724106e+02 3.141592653589661222e+00
7.852289225032228759e-02 6.449044717334611505e+02 3.141592653589661222e+00
6.076663006799159356e-02 6.457998151026895357e+02 3.141592653589661222e+00
7.233747557206821055e-02 6.469265167753177366e+02 3.141592653589661222e+00
6.113386221229401979e-02 6.478561158143121474e+02 3.141592653589661222e+00
7.311594736171264652e-02 6.489819791511378071e+02 3.141592653589661222e+00
6.950333688934358378e-02 6.498098747823319172e+02 3.141592653589661222e+00
7.076594305996679324e-02 6.508591077888352174e+02 3.141592653589661222e+00
7.159737925189685326e-02 6.516846846513502669e+02 3.141592653589661222e+00
6.236289466121165692e-02 6.528228319710513006e+02 3.141592653589661222e+00
7.114422293177465051e-02 6.537405430289231845e+02 3.141592653589661222e+00
6.194258656157668880e-02 6.548797856284022600e+02 3.141592653589661222e+00
7.788252507471397912e-02 6.557566895325333007e+02 3.141592653589661222e+00
6.340956863661803555e-02 6.567477351381663766e+02 3.141592653589661222e+00
7.910691903751837506e-02 6.576480984814176054e+02 3.141592653589661222e+00
5.783692844346463580e-02 6.586409651008834771e+02 3.141592653589661222e+00
7.539407082878805955e-02 6.596897166229197182e+02 3.141592653589661222e+00
5.790686763674858517e-02 6.606961900339355225e+02 3.141592653589661222e+00
7.805461903240511201e-02 6.617376266330850285e+02 3.141592653589661222e+00
6.478711384385224537e-02 6.626064894809462658e+02 3.141592653589661222e+00
7.602108290614036090e-02 6.636256321417102981e+02 3.141592653589661222e+00
6.479110441318322589e-02 6.644737952772547942e+02 3.141592653589661222e+00
6.843569496719628664e-02 6.656275511340156754e+02 3.141592653589661222e+00
6.508946384373130722e-02 6.665308292213808272e+02 3.141592653589661222e+00
6.842226909300463955e-02 6.676849014485879934e+02 3.141592653589661222e+00
7.335823629182722239e-02 6.685136656954374530e+02 3.141592653589661222e+00
6.706045726713173727e-02 6.695546359091345039e+02 3.141592653589661222e+00
7.574757955900079942e-02 6.703965254487457059e+02 3.141592653589661222e+00
5.919326765518367200e-02 6.714877789528984522e+02 3.141592653589661222e+00
7.423220254984352895e-02 6.724488452102292513e+02 3.141592653589661222e+00
5.887163780297508670e-02 6.735436328557034358e+02 3.141592653589661222e+00
7.933094259480258370e-02 6.744814929959767369e+02 3.141592653589661222e+00
6.274649516673691529e-02 6.754216535730849955e+02 3.141592653589661222e+00
7.911376382963442033e-02 6.763744496230025334e+02 3.141592653589661222e+00
5.946267312238531777e-02 6.772967193951640184e+02 3.141592653589661222e+00
7.365514555430324739e-02 6.784035109604345735e+02 3.141592653589661222e+00
5.977534606323162136e-02 6.793525968752791186e+02 3.141592653589661222e+00
7.491652701468066999e-02 6.804573633521386000e+02 3.141592653589661222e+00
6.789422903649543206e-02 6.812929457086213461e+02 3.141592653589661222e+00
7.245138680116801344e-02 6.823380755896043866e+02 3.141592653589661222e+00
6.954603731987346604e-02 6.831645731477981371e+02 3.141592653589661222e+00
6.411092285795405576e-02 6.843143678022670429e+02 3.141592653589661222e+00
6.941361878174286126e-02 6.852211928346080185e+02 3.141592653589661222e+00
6.373370263511304867e-02 6.863716972460877059e+02 3.141592653589661222e+00
7.675140951277717449e-02 6.872284622298132035e+02 3.141592653589661222e+00
6.421827427333041960e-02 6.882384859389104577e+02 3.141592653589661222e+00
7.848755840961389729e-02 6.891179565875891058e+02 3.141592653589661222e+00
5.779055718449038759e-02 6.901425339456326356e+02 3.141592653589661222e+00
7.550357379812369651e-02 6.911636328045321989e+02 3.141592653589661222e+00
5.773198798578666607e-02 6.921977443731899484e+02 3.141592653589661222e+00
7.887079028139418191e-02 6.932078451593303043e+02 3.141592653589661222e+00
6.382186745663187555e-02 6.940964105581060721e+02 3.141592653589661222e+00
7.728038386043389885e-02 6.950981753640719489e+02 3.141592653589661222e+00
6.290001499285945152e-02 6.959639643976619254e+02 3.141592653589661222e+00
7.024196669727358899e-02 6.971095301537744717e+02 3.141592653589661222e+00
6.326663900183858436e-02 6.980207638329009114e+02 3.141592653589661222e+00
7.051738206844050671e-02 6.991663423954090604e+02 3.141592653589661222e+00
7.169207983634166836e-02 6.999914212905216573e+02 3.141592653589661222e+00
6.860639204067353614e-02 7.010389886186534341e+02 3.141592653589661222e+00
7.407812765212005990e-02 7.018708019277989933e+02 3.141592653589661222e+00
6.038913776062791033e-02 7.029855305627373809e+02 3.141592653589661222e+00
7.307889906863276885e-02 7.039249947890803014e+02 3.141592653589661222e+00
5.999611668339970005e-02 7.050418584437612708e+02 3.141592653589661222e+00
7.892011167888730860e-02 7.059511281924699233e+02 3.141592653589661222e+00
6.282052237860974442e-02 7.069141678513617535e+02 3.141592653589661222e+00
7.935274528848682007e-02 7.078439260222793337e+02 3.141592653589661222e+00
5.850547688538041552e-02 7.087958464044064613e+02 3.141592653589661222e+00
7.465175923873568209e-02 7.098790278360371531e+02 3.141592653589661222e+00
5.872778534963013497e-02 7.108513559771902237e+02 3.141592653589661222e+00
7.647534593161019190e-02 7.119307081688891685e+02 3.141592653589661222e+00
6.641750938849166896e-02 7.127783227103745958e+02 3.141592653589661222e+00
7.408459217697739574e-02 7.138148416077661977e+02 3.141592653589661222e+00
6.745165441315094379e-02 7.146474070268258174e+02 3.141592653589661222e+00
6.597463927236288384e-02 7.158028952175451423e+02 3.141592653589661222e+00
6.755680675655104106e-02 7.167044069009479017e+02 3.141592653589661222e+00
6.570668536742386989e-02 7.178604133747221567e+02 3.141592653589661222e+00
7.538653656273690273e-02 7.187017331502390789e+02 3.141592653589661222e+00
6.530337868979525784e-02 7.197276613440158144e+02 3.141592653589661222e+00
7.750929381631153914e-02 7.205886704122742685e+02 3.141592653589661222e+00
5.814976026763312572e-02 7.216438195550845194e+02 3.141592653589661222e+00
7.520579198726648484e-02 7.226376641981536295e+02 3.141592653589661222e+00
5.796603180094327817e-02 7.236992047700235844e+02 3.141592653589661222e+00
7.931644524144167152e-02 7.246774071465351881e+02 3.141592653589661222e+00
6.314741571628057493e-02 7.255877126160592070e+02 3.141592653589661222e+00
7.827940632592189640e-02 7.265693749458114326e+02 3.141592653589661222e+00
6.122203427321143421e-02 7.274572489715535539e+02 3.141592653589661222e+00
7.188455821915093469e-02 7.285890967580681945e+02 3.141592653589661222e+00
6.159704368939608599e-02 7.295136764116126642e+02 3.141592653589661222e+00
7.253336272055480038e-02 7.306449441442641728e+02 3.141592653589661222e+00
7.000661036027296114e-02 7.314714383169429084e+02 3.141592653589661222e+00
7.025634289568657986e-02 7.325209944090196359e+02 3.141592653589661222e+00
7.219758364126313555e-02 7.333472865932636751e+02 3.141592653589661222e+00
6.186912435518013287e-02 7.344807914256281265e+02 3.141592653589661222e+00
7.163058804804627033e-02 7.354028301548745503e+02 3.141592653589661222e+00
6.144741551187005851e-02 7.365376076621600987e+02 3.141592653589661222e+00
7.817044976335389694e-02 7.374214525881230884e+02 3.141592653589661222e+00
6.322441430974315435e-02 7.384062692332732922e+02 3.141592653589661222e+00
7.922091317578147662e-02 7.393132997246437981e+02 3.141592653589661222e+00
5.793149207548724949e-02 7.402965404339817042e+02 3.141592653589661222e+00
7.528101793717413559e-02 7.413535335833641966e+02 3.141592653589661222e+00
5.803912048270727653e-02 7.423518065896216740e+02 3.141592653589661222e+00
7.773780686231281101e-02 7.434024203514602505e+02 3.141592653589661222e+00
6.513098687893502381e-02 7.442658534518001261e+02 3.141592653589661222e+00
7.559723912226597176e-02 7.452896028834614981e+02 3.141592653589661222e+00
6.539411696495134318e-02 7.461333821608324115e+02 3.141592653589661222e+00
6.786949373432676902e-02 7.472884580010263562e+02 3.141592653589661222e+00
6.565865604869215721e-02 7.481904475021051439e+02 3.141592653589661222e+00
6.778498985190825610e-02 7.493458965556505973e+02 3.141592653589661222e+00
7.384800624119115808e-02 7.501767962441246027e+02 3.141592653589661222e+00
6.662280398635003764e-02 7.512148985846312144e+02 3.141592653589661222e+00
7.620172085387927341e-02 7.520606618192374526e+02 3.141592653589661222e+00
5.889612237142346357e-02 7.531440211651510026e+02 3.141592653589661222e+00
7.451444924120126378e-02 7.541123027992650805e+02 3.141592653589661222e+00
5.860276508886656799e-02 7.551997467775214545e+02 3.141592653589661222e+00
7.938414102236562853e-02 7.561467339296823411e+02 3.141592653589661222e+00
6.278981298660640809e-02 7.570799028430983526e+02 3.141592653589661222e+00
7.897093548466016522e-02 7.580395805819995303e+02 3.141592653589661222e+00
5.982255670355210442e-02 7.589533745601863757e+02 3.141592653589661222e+00
7.328793078068811251e-02 7.600666254938029169e+02 3.141592653589661222e+00
6.015602259652845507e-02 7.610093778008537129e+02 3.141592653589661222e+00
7.439460466920441717e-02 7.621210214845796145e+02 3.141592653589661222e+00
6.836978724512453309e-02 7.629537983855889252e+02 3.141592653589661222e+00
7.194392968149876388e-02 7.640006560928145518e+02 3.141592653589661222e+00
7.017465636272085527e-02 7.648263364794926247e+02 3.141592653589661222e+00
6.356623595057291076e-02 7.659732228907199669e+02 3.141592653589661222e+00
6.995416442500110299e-02 7.668827690080910315e+02 3.141592653589661222e+00
6.316941153948826826e-02 7.680304544979396724e+02 3.141592653589661222e+00
7.712076359967449946e-02 7.688928360745917416e+02 3.141592653589661222e+00
6.394286144296401631e-02 7.698974098438903866e+02 3.141592653589661222e+00
7.871372854892941251e-02 7.707829821005784652e+02 3.141592653589661222e+00
5.776140487847607891e-02 7.717980306715575125e+02 3.141592653589661222e+00
7.551354683631097964e-02 7.728275122974380338e+02 3.141592653589661222e+00
5.774191047061869031e-02 7.738532252777797567e+02 3.141592653589661222e+00
7.866226531299141955e-02 7.748729213084890262e+02 3.141592653589661222e+00
6.408464691934552537e-02 7.757552724500823160e+02 3.141592653589661222e+00
7.692451857932700032e-02 7.767626165971885257e+02 3.141592653589661222e+00
6.345276511602049307e-02 7.776225807556272684e+02 3.141592653589661222e+00
6.970921273425501052e-02 7.787712303823900584e+02 3.141592653589661222e+00
6.380548849929730537e-02 7.796794694610258603e+02 3.141592653589661222e+00
6.988842276306769796e-02 7.808282475621693948e+02 3.141592653589661222e+00
7.220122457122243875e-02 7.816538964131466400e+02 3.141592653589661222e+00
6.812489430704000981e-02 7.826999458997470356e+02 3.141592653589661222e+00
7.460826755494265328e-02 7.835343464274517373e+02 3.141592653589661222e+00
5.999469475819980274e-02 7.846424326411445236e+02 3.141592653589661222e+00
7.346159153116929574e-02 7.855880306453667572e+02 3.141592653589661222e+00
5.961928064007274847e-02 7.866986117968675671e+02 3.141592653589661222e+00
7.908157852218389294e-02 7.876162369001917796e+02 3.141592653589661222e+00
6.276296538615644405e-02 7.885724289215653471e+02 3.141592653589661222e+00
7.931898386067837148e-02 7.895091672943129879e+02 3.141592653589661222e+00
5.875594827818168137e-02 7.904518919264681927e+02 3.141592653589661222e+00
7.438725934942219675e-02 7.915425411321141382e+02 3.141592653589661222e+00
5.900868916670812953e-02 7.925075024709783520e+02 3.141592653589661222e+00
7.603285150988177421e-02 7.935949412326278889e+02 3.141592653589661222e+00
6.684661758701901380e-02 7.944384888153509792e+02 3.141592653589661222e+00
7.360023366144190227e-02 7.954780704226503758e+02 3.141592653589661222e+00
6.808492944466243424e-02 7.963082543521560410e+02 3.141592653589661222e+00
6.540370035838431739e-02 7.974626623112626476e+02 3.141592653589661222e+00
6.812674371831023423e-02 7.983651755796049656e+02 3.141592653589661222e+00
6.509520445690879231e-02 7.995201481183611349e+02 3.141592653589661222e+00
7.582056403657112809e-02 8.003656208747614755e+02 3.141592653589661222e+00
6.494832347685017271e-02 8.013871048407416993e+02 3.141592653589661222e+00
7.784156076509456124e-02 8.022533925211370160e+02 3.141592653589661222e+00
5.799909848481361874e-02 8.032994891789824123e+02 3.141592653589661222e+00
7.533837262400955304e-02 8.043014567105656170e+02 3.141592653589661222e+00
5.785214516948267161e-02 8.053548023610363771e+02 3.141592653589661222e+00
7.922147729230837043e-02 8.063426371071842595e+02 3.141592653589661222e+00
6.331895472591719809e-02 8.072462052367261549e+02 3.141592653589661222e+00
7.800771074195875232e-02 8.082341870514973152e+02 3.141592653589661222e+00
6.170299461775867467e-02 8.091149439833241104e+02 3.141592653589661222e+00
7.140968089363403104e-02 8.102514899588850312e+02 3.141592653589661222e+00
6.208120800402874145e-02 8.111714933842297341e+02 3.141592653589661222e+00
7.193657028835240275e-02 8.123076778311861972e+02 3.141592653589661222e+00
7.051435492262476956e-02 8.131332168639100928e+02 3.141592653589661222e+00
6.975020364165719633e-02 8.141826659218517079e+02 3.141592653589661222e+00
7.278471389212981535e-02 8.150101235905095791e+02 3.141592653589661222e+00
6.139528630275215698e-02 8.161384907947311831e+02 3.141592653589661222e+00
7.209601271287972846e-02 8.170653100884585456e+02 3.141592653589661222e+00
6.097708471367870031e-02 8.181951629365042891e+02 3.141592653589661222e+00
7.843085178726523499e-02 8.190863127265308776e+02 3.141592653589661222e+00
6.306812270440181889e-02 8.200647149864721541e+02 3.141592653589661222e+00
7.930046374955997124e-02 8.209785291514339178e+02 3.141592653589661222e+00
5.806312398489092697e-02 8.219521890143593055e+02 3.141592653589661222e+00
7.513154126794205356e-02 8.230173022685380602e+02 3.141592653589661222e+00
5.820730163684281061e-02 8.240075123218234694e+02 3.141592653589661222e+00
7.738997159003743742e-02 8.250671032288418019e+02 3.141592653589661222e+00
6.549689965784107060e-02 8.259253909375962621e+02 3.141592653589661222e+00
7.515639434394232044e-02 8.269534134220721171e+02 3.141592653589661222e+00
6.600778639483197152e-02 8.277932649294252769e+02 3.141592653589661222e+00
6.729823337371151903e-02 8.289491088689928802e+02 3.141592653589661222e+00
6.623198057391836702e-02 8.298503394692755819e+02 3.141592653589661222e+00
6.715001104044400482e-02 8.310066043441702277e+02 3.141592653589661222e+00
7.432785354454840565e-02 8.318401135839856124e+02 3.141592653589661222e+00
6.620191638269952439e-02 8.328749601107551825e+02 3.141592653589661222e+00
7.662962182045053583e-02 8.337249532044498892e+02 3.141592653589661222e+00
5.863130584157655312e-02 8.348000985943619980e+02 3.141592653589661222e+00
7.476350535627886151e-02 8.357758601736693436e+02 3.141592653589661222e+00
5.836874594179598807e-02 8.368557064164161829e+02 3.141592653589661222e+00
7.940336553677829201e-02 8.378119910839283193e+02 3.141592653589661222e+00
6.286347854528878676e-02 8.387381830051755287e+02 3.141592653589661222e+00
7.879659344824958833e-02 8.397046547868297921e+02 3.141592653589661222e+00
6.021298705969835990e-02 8.406102496888807991e+02 3.141592653589661222e+00
7.289280371945705550e-02 8.417295922192851094e+02 3.141592653589661222e+00
6.056365722386170686e-02 8.426663816386004555e+02 3.141592653589661222e+00
7.385221063505144345e-02 8.437844820011820275e+02 3.141592653589661222e+00
6.885577950465185393e-02 8.446148649983044834e+02 3.141592653589661222e+00
7.143361024788708047e-02 8.456630304438577923e+02 3.141592653589661222e+00
7.079713758329955753e-02 8.464883627312003682e+02 3.141592653589661222e+00
6.303443490179853892e-02 8.476318031177063403e+02 3.141592653589661222e+00
7.048085035424998812e-02 8.485445714584383268e+02 3.141592653589661222e+00
6.262382004475396113e-02 8.496889221071204474e+02 3.141592653589661222e+00
7.746714002916901820e-02 8.505573383658364719e+02 3.141592653589661222e+00
6.369378560426297575e-02 8.515562008561863649e+02 3.141592653589661222e+00
7.890640421128440607e-02 8.524480741988974160e+02 3.141592653589661222e+00
5.776967853344617404e-02 8.534535244197495558e+02 3.141592653589661222e+00
7.548608810635662469e-02 8.544913886479745315e+02 3.141592653589661222e+00
5.778922758983685154e-02 8.555087208273570241e+02 3.141592653589661222e+00
7.842021947028149365e-02 8.565379256465062099e+02 3.141592653589661222e+00
6.437317772552685058e-02 8.574142734969171897e+02 3.141592653589661222e+00
7.654626345636637852e-02 8.584269255422589140e+02 3.141592653589661222e+00
6.402309261362193471e-02 8.592814877766941208e+02 3.141592653589661222e+00
6.916367727808725441e-02 8.604327001866557794e+02 3.141592653589661222e+00
6.435617177278048218e-02 8.613384508322450301e+02 3.141592653589661222e+00
6.925438331023452132e-02 8.624898849468023627e+02 3.141592653589661222e+00
7.270670034963268302e-02 8.633165751867676363e+02 3.141592653589661222e+00
6.765470902807460551e-02 8.643606895030328587e+02 3.141592653589661222e+00
7.511728454134963817e-02 8.651980825714102821e+02 3.141592653589661222e+00
5.962797498367009008e-02 8.662991182201606080e+02 3.141592653589661222e+00
7.381557419529298503e-02 8.672512086707407661e+02 3.141592653589661222e+00
5.927376450448473832e-02 8.683551523407109016e+02 3.141592653589661222e+00
7.921110190951752283e-02 8.692813981523121356e+02 3.141592653589661222e+00
6.273587112386116993e-02 8.702306679232239048e+02 3.141592653589661222e+00
7.925158803147083764e-02 8.711743878987492735e+02 3.141592653589661222e+00
5.904072263821353445e-02 8.721081011839513621e+02 3.141592653589661222e+00
7.409016371667720424e-02 8.732059486626632179e+02 3.141592653589661222e+00
5.932134615937142280e-02 8.741638224814641944e+02 3.141592653589661222e+00
7.556455137014868317e-02 8.752590133618627988e+02 3.141592653589661222e+00
6.729164479181032332e-02 8.760988580478772292e+02 3.141592653589661222e+00
7.310669453842476295e-02 8.771411092933420832e+02 3.141592653589661222e+00
6.871935231324199922e-02 8.779693853462759989e+02 3.141592653589661222e+00
6.483800256157541686e-02 8.791221546359838612e+02 3.141592653589661222e+00
6.869050143428909183e-02 8.800261972030837114e+02 3.141592653589661222e+00
6.449555906058072885e-02 8.811795856672219998e+02 3.141592653589661222e+00
7.623693720532102869e-02 8.820296651642892130e+02 3.141592653589661222e+00
6.461603888013420227e-02 8.830463792691429035e+02 3.141592653589661222e+00
7.814264452098704239e-02 8.839182198878892223e+02 3.141592653589661222e+00
5.788464637480116026e-02 8.849550805795181532e+02 3.141592653589661222e+00
7.543425683579325913e-02 8.859652912699566514e+02 3.141592653589661222e+00
5.777555310343900075e-02 8.870103380507066504e+02 3.141592653589661222e+00
7.909188302214242849e-02 8.880078340250396423e+02 3.141592653589661222e+00
6.351895726193286518e-02 8.889047939456711447e+02 3.141592653589661222e+00
7.770901571393311336e-02 8.898988980839924352e+02 3.141592653589661222e+00
6.220779085632039546e-02 8.907729094173996600e+02 3.141592653589661222e+00
7.091485197427414844e-02 8.919136854099889433e+02 3.141592653589661222e+00
6.258435042113595637e-02 8.928295736241090026e+02 3.141592653589661222e+00
7.132761037557086570e-02 8.939701708626822665e+02 3.141592653589661222e+00
7.102470364588499285e-02 8.947952089890276284e+02 3.141592653589661222e+00
6.924940252519884432e-02 8.958441212560121585e+02 3.141592653589661222e+00
7.335678429008228585e-02 8.966731861537914483e+02 3.141592653589661222e+00
6.094334748509201011e-02 8.977959377115358848e+02 3.141592653589661222e+00
7.253852536615376656e-02 8.987279716699503069e+02 3.141592653589661222e+00
6.053326786384703034e-02 8.998524615566666398e+02 3.141592653589661222e+00
7.866254114637255546e-02 9.007512599362514720e+02 3.141592653589661222e+00
6.294123948596323792e-02 9.017230871595812687e+02 3.141592653589661222e+00
7.934555434937198837e-02 9.026437752723196581e+02 3.141592653589661222e+00
5.823140907262347454e-02 9.036079331266000736e+02 3.141592653589661222e+00
7.494628323446435314e-02 9.046810091459632304e+02 3.141592653589661222e+00
5.841066427167822261e-02 9.056633284467030762e+02 3.141592653589661222e+00
7.701213404019244257e-02 9.067316635042046755e+02 3.141592653589661222e+00
6.588355095122817862e-02 9.075851103872871590e+02 3.141592653589661222e+00
7.470029910012519758e-02 9.086170561092984599e+02 3.141592653589661222e+00
6.662993401846688257e-02 9.094534425025045721e+02 3.141592653589661222e+00
6.672430501030217342e-02 9.106094977488910445e+02 3.141592653589661222e+00
6.680704808500897984e-02 9.115105019662570385e+02 3.141592653589661222e+00
6.651957560903168365e-02 9.126670207793035843e+02 3.141592653589661222e+00
7.479592557628297889e-02 9.135036114493829018e+02 3.141592653589661222e+00
6.579931117834819654e-02 9.145348263464812817e+02 3.141592653589661222e+00
7.702995070207907524e-02 9.153893881896171933e+02 3.141592653589661222e+00
5.839994214073017387e-02 9.164560296577751615e+02 3.141592653589661222e+00
7.497831034571048048e-02 9.174395041184907313e+02 3.141592653589661222e+00
5.817037317049825879e-02 9.185115319019253093e+02 3.141592653589661222e+00
7.938825789618531026e-02 9.194772531874580181e+02 3.141592653589661222e+00
6.296722700712796550e-02 9.203965098116674426e+02 3.141592653589661222e+00
7.859161853807530851e-02 9.213696616407148667e+02 3.141592653589661222e+00
6.063257563507531284e-02 9.222673589113393291e+02 3.141592653589661222e+00
7.247144301402605460e-02 9.233923989637038403e+02 3.141592653589661222e+00
6.099655709416315630e-02 9.243236202394056136e+02 3.141592653589661222e+00
7.329115230388824620e-02 9.254477343247405088e+02 3.141592653589661222e+00
6.935044349942312558e-02 9.262761468558622937e+02 3.141592653589661222e+00
7.092235165018603849e-02 9.273251951051846618e+02 3.141592653589661222e+00
7.141133263356985728e-02 9.281506441180833917e+02 3.141592653589661222e+00
6.251772865857163630e-02 9.292901113011474763e+02 3.141592653589661222e+00
7.099145555659353013e-02 9.302065906836450040e+02 3.141592653589661222e+00
6.209887467162291536e-02 9.313471053132535644e+02 3.141592653589661222e+00
7.778907220248189314e-02 9.322219599227958042e+02 3.141592653589661222e+00
6.347192495689607528e-02 9.332148716667583130e+02 3.141592653589661222e+00
7.906515327698063200e-02 9.341132212155779371e+02 3.141592653589661222e+00
5.781543579983029757e-02 9.351090384370723996e+02 3.141592653589661222e+00
7.542131937451504453e-02 9.361552481668713881e+02 3.141592653589661222e+00
5.787366021568263186e-02 9.371642540678237765e+02 3.141592653589661222e+00
7.814526334929887408e-02 9.382028463688594684e+02 3.141592653589661222e+00
6.468643749266504706e-02 9.390734250911176559e+02 3.141592653589661222e+00
7.614717597080164491e-02 9.400910933662918296e+02 3.141592653589661222e+00
6.460896072486921327e-02 9.409406885437733763e+02 3.141592653589661222e+00
6.860765387209148691e-02 9.420939309803354718e+02 3.141592653589661222e+00
6.491640339979255769e-02 9.429977087646088876e+02 3.141592653589661222e+00
6.861747933520673248e-02 9.441512477273155355e+02 3.141592653589661222e+00
7.320660302008256959e-02 9.449794531819023859e+02 3.141592653589661222e+00
6.719755000941644851e-02 9.460212221244694319e+02 3.141592653589661222e+00
7.560352140330765802e-02 9.468619995017550082e+02 3.141592653589661222e+00
5.929050944701445836e-02 9.479556013562677208e+02 3.141592653589661222e+00
7.413934136045680079e-02 9.489145162949288306e+02 3.141592653589661222e+00
5.896077963293350210e-02 9.500114963464884568e+02 3.141592653589661222e+00
7.930793465200720871e-02 9.509466011298546846e+02 3.141592653589661222e+00
6.273932852661751047e-02 9.518889008893410164e+02 3.141592653589661222e+00
7.915106686414623283e-02 9.528395767665855374e+02 3.141592653589661222e+00
5.935880536996529511e-02 9.537644926274573436e+02 3.141592653589661222e+00
7.376174016730681349e-02 9.548692374622781927e+02 3.141592653589661222e+00
5.966444271724104242e-02 9.558203325375241093e+02 3.141592653589661222e+00
7.507194737295866394e-02 9.569229132334287442e+02 3.141592653589661222e+00
6.775099401982577485e-02 9.577594347527711989e+02 3.141592653589661222e+00
7.260587083962667665e-02 9.588039526354474447e+02 3.141592653589661222e+00
6.935270038653210123e-02 9.596307946287403183e+02 3.141592653589661222e+00
6.427990187333129657e-02 9.607813707150495475e+02 3.141592653589661222e+00
6.924571473660559584e-02 9.616874645532379873e+02 3.141592653589661222e+00
6.390988447566192665e-02 9.628387267884472749e+02 3.141592653589661222e+00
7.663397683649988967e-02 9.636938579068237232e+02 3.141592653589661222e+00
6.430770700861372646e-02 9.647054945734226976e+02 3.141592653589661222e+00
7.841170491007862231e-02 9.655831408190808816e+02 3.141592653589661222e+00
5.780693714778478709e-02 9.666106160326907002e+02 3.141592653589661222e+00
7.549303858618619523e-02 9.676291542440426383e+02 3.141592653589661222e+00
5.773645126029981756e-02 9.686658348227103943e+02 3.141592653589661222e+00
7.892784828147596243e-02 9.696729862343770492e+02 3.141592653589661222e+00
6.374671465019000893e-02 9.705634925667583275e+02 3.141592653589661222e+00
7.738462098581995463e-02 9.715634983047683590e+02 3.141592653589661222e+00
6.273461683392901611e-02 9.724311530700058483e+02 3.141592653589661222e+00
7.040216133343550620e-02 9.735756726066500732e+02 3.141592653589661222e+00
6.310438748113857133e-02 9.744879225474389841e+02 3.141592653589661222e+00
7.070857752638505522e-02 9.756324143747235667e+02 3.141592653589661222e+00
7.153577070823920192e-02 9.764574125012328523e+02 3.141592653589661222e+00
6.875578893461684049e-02 9.775053601643722914e+02 3.141592653589661222e+00
7.391187440134243392e-02 9.783364643984725717e+02 3.141592653589661222e+00
6.051518484033531486e-02 9.794531413169929692e+02 3.141592653589661222e+00
7.295624931503984223e-02 9.803908033440167173e+02 3.141592653589661222e+00
6.011754120294668380e-02 9.815095151129249871e+02 3.141592653589661222e+00
7.886442299708985859e-02 9.824162839932424731e+02 3.141592653589661222e+00
6.284420585680629279e-02 9.833814009661392674e+02 3.141592653589661222e+00
