7.791886835127908029e-01 -4.933168305909156441e-03 7.853981633974492782e-01
1.376829934922015664e+00 1.494340041591772250e+00 7.853981633974492782e-01
2.069256311086298261e+00 1.812343906961057405e+00 7.853981633974492782e-01
9.785117239878894368e-01 3.264229576832215596e+00 7.853981633974492782e-01
1.111985760996423434e+00 4.506455806514466644e+00 7.853981633974492782e-01
1.346490669946743601e+00 5.099431548458075447e+00 7.853981633974492782e-01
8.639853319284388489e-01 6.161383478173863004e+00 7.853981633974492782e-01
8.951571691748559934e-01 7.599027667314069312e+00 7.853981633974492782e-01
2.764798956643288896e+00 8.027207836963768273e+00 7.853981633974492782e-01
8.905018341016653904e-01 9.426062549723612349e+00 7.853981633974492782e-01
9.217561809755570046e-01 1.057693605807499004e+01 7.853981633974492782e-01
1.743476737452235303e+00 1.127008183634436200e+01 7.853981633974492782e-01
9.631171618462528450e-01 1.231869225430675208e+01 7.853981633974492782e-01
5.906420553036516585e-01 1.344848957112080079e+01 7.853981633974492782e-01
3.646375505085292179e+00 1.425277476767768015e+01 7.853981633974492782e-01
6.965348874497665488e-01 1.532716046168758695e+01 7.853981633974492782e-01
8.127277417286976613e-01 1.640977942136323620e+01 7.853981633974492782e-01
2.015399001779508037e+00 1.744129894076975518e+01 7.853981633974492782e-01
9.275563178439870660e-01 1.836614519119262212e+01 7.853981633974492782e-01
6.632912847237106835e-01 1.920110759546955137e+01 7.853981633974492782e-01
3.293355146959354940e+00 2.049229416048767405e+01 7.853981633974492782e-01
9.994808490422310010e-01 2.098533773065798869e+01 7.853981633974492782e-01
9.825184406709690510e-01 2.232767936447950419e+01 7.853981633974492782e-01
1.707348918512405556e+00 2.361644793772217454e+01 7.853981633974492782e-01
9.248656596930133755e-01 2.432765161913796348e+01 7.853981633974492782e-01
7.343310856588294300e-01 2.527760007098758521e+01 7.853981633974492782e-01
2.181932916475649353e+00 2.672553853029419813e+01 7.853981633974492782e-01
1.504604392713047911e+00 2.705452738032298043e+01 7.853981633974492782e-01
1.029752446056097615e+00 2.849633446148258642e+01 7.853981633974492782e-01
1.406589796475541609e+00 2.979858188309696487e+01 7.853981633974492782e-01
1.057334424646718229e+00 3.040502300369735877e+01 7.853981633974492782e-01
7.779689425008592396e-01 3.143494972452680969e+01 7.853981633974492782e-01
1.497452536646457943e+00 3.293162215366751155e+01 7.853981633974492782e-01
1.990539958166262613e+00 3.324151731370015028e+01 7.853981633974492782e-01
1.004486552265612564e+00 3.470057665265565561e+01 7.853981633974492782e-01
1.174463321349475731e+00 3.596156563567243580e+01 7.853981633974492782e-01
1.281753860220146590e+00 3.654600169717672031e+01 7.853981633974492782e-01
8.514902878263477248e-01 3.760488578028000717e+01 7.853981633974492782e-01
9.964087915410322349e-01 3.906777949231955915e+01 7.853981633974492782e-01
2.621707358679042699e+00 3.945599569134750340e+01 7.853981633974492782e-01
9.318387809360517693e-01 4.088165880824061560e+01 7.853981633974492782e-01
9.751477410223861053e-01 4.206249891158955734e+01 7.853981633974492782e-01
1.639935264417449856e+00 4.271391459821612813e+01 7.853981633974492782e-01
9.517342760657274692e-01 4.377058231583676218e+01 7.853981633974492782e-01
6.339901945808734673e-01 4.499792227737565753e+01 7.853981633974492782e-01
3.490452131027804938e+00 4.568061574773609834e+01 7.853981633974492782e-01
7.376576730543469296e-01 4.688294670817234078e+01 7.853981633974492782e-01
8.156543908640582208e-01 4.795251877548827224e+01 7.853981633974492782e-01
2.045251384224379798e+00 4.888141771721479500e+01 7.853981633974492782e-01
9.595872267908023279e-01 4.985132658971070896e+01 7.853981633974492782e-01
6.490587961871709943e-01 5.067344750237857198e+01 7.853981633974492782e-01
3.555556233274795641e+00 5.191452429801336166e+01 7.853981633974492782e-01
9.263181523015714403e-01 5.246209488000788213e+01 7.853981633974492782e-01
9.722493724323192366e-01 5.377364975834289851e+01 7.853981633974492782e-01
1.793548803882814680e+00 5.505059736856988195e+01 7.853981633974492782e-01
9.205422268254267459e-01 5.579117178538925970e+01 7.853981633974492782e-01
7.457628507794511474e-01 5.670919334736013440e+01 7.853981633974492782e-01
2.326032786305326727e+00 5.814831515012086527e+01 7.853981633974492782e-01
1.480938079748005842e+00 5.848177232427822503e+01 7.853981633974492782e-01
1.057422789739220770e+00 5.992510978833143298e+01 7.853981633974492782e-01
1.495083672307031097e+00 6.123929160064890453e+01 7.853981633974492782e-01
1.034364688742271943e+00 6.185905029340382555e+01 7.853981633974492782e-01
7.909220278184977415e-01 6.286943493150236151e+01 7.853981633974492782e-01
1.611588655522587121e+00 6.436199647332162499e+01 7.853981633974492782e-01
1.967420637980134224e+00 6.466555906639490559e+01 7.853981633974492782e-01
1.045690356455266423e+00 6.613525840224505714e+01 7.853981633974492782e-01
1.260529403805941806e+00 6.741847968924867018e+01 7.853981633974492782e-01
1.225075407213056078e+00 6.799862718013432072e+01 7.853981633974492782e-01
8.514417498933761763e-01 6.904926676855477297e+01 7.853981633974492782e-01
1.110697468486791184e+00 7.052648935805517283e+01 7.853981633974492782e-01
2.526822247148186484e+00 7.088352935577668745e+01 7.853981633974492782e-01
9.834180987137560725e-01 7.233417654955728437e+01 7.853981633974492782e-01
1.049695943211721660e+00 7.354881167114790230e+01 7.853981633974492782e-01
1.534754268745020411e+00 7.416359825560627428e+01 7.853981633974492782e-01
9.421271712176123581e-01 7.522420237163683510e+01 7.853981633974492782e-01
7.091252232288667301e-01 7.653559940235760450e+01 7.853981633974492782e-01
3.320256803412585001e+00 7.710953707769624543e+01 7.853981633974492782e-01
8.057874434989380497e-01 7.841458970925410199e+01 7.853981633974492782e-01
8.460687294306397099e-01 7.950229748252539252e+01 7.853981633974492782e-01
2.008356648440027925e+00 8.032561973309893233e+01 7.853981633974492782e-01
9.885061772911114542e-01 8.133517798226490925e+01 7.853981633974492782e-01
6.167665450966232088e-01 8.219156940381800780e+01 7.853981633974492782e-01
3.796616625740064421e+00 8.333920158069295780e+01 7.853981633974492782e-01
8.165738195890527296e-01 8.399490557551284553e+01 7.853981633974492782e-01
9.285288874447783503e-01 8.524620330554448344e+01 7.853981633974492782e-01
1.862611873021489561e+00 8.648837878653834821e+01 7.853981633974492782e-01
9.088203295052255104e-01 8.727088587588886526e+01 7.853981633974492782e-01
7.299918126087271419e-01 8.816216560522499890e+01 7.853981633974492782e-01
2.542218975096957490e+00 8.957681356002116502e+01 7.853981633974492782e-01
1.358351518042204553e+00 8.993388619411786067e+01 7.853981633974492782e-01
1.046313352897868310e+00 9.136085876585261190e+01 7.853981633974492782e-01
1.545839966756719086e+00 9.267461802663257231e+01 7.853981633974492782e-01
1.001712505516596075e+00 9.331183736089316483e+01 7.853981633974492782e-01
7.769110042760478674e-01 9.430975158524464064e+01 7.853981633974492782e-01
1.738715911393157398e+00 9.579608303332500441e+01 7.853981633974492782e-01
1.849210135144023104e+00 9.609970537605876473e+01 7.853981633974492782e-01
1.046020423012735012e+00 9.756574495002985259e+01 7.853981633974492782e-01
1.298175700555131096e+00 9.885630346334724550e+01 7.853981633974492782e-01
1.177662599670425969e+00 9.943956493452439815e+01 7.853981633974492782e-01
8.324966361365799816e-01 1.004859075999329860e+02 7.853981633974492782e-01
1.203525533160359373e+00 1.019744345409751531e+02 7.853981633974492782e-01
2.383185258203697643e+00 1.023125024428017440e+02 7.853981633974492782e-01
9.964969323275121305e-01 1.037698931244784433e+02 7.853981633974492782e-01
1.087169685229234517e+00 1.050007613697508191e+02 7.853981633974492782e-01
1.458039060363003347e+00 1.056016179024811805e+02 7.853981633974492782e-01
9.194030494960436783e-01 1.066626760851928850e+02 7.853981633974492782e-01
7.782349642409870372e-01 1.080308241228575383e+02 7.853981633974492782e-01
3.127240052292119987e+00 1.085370358356482541e+02 7.853981633974492782e-01
8.527467424032922905e-01 1.098944417966792031e+02 7.853981633974492782e-01
8.783691945959445357e-01 1.110084759432630364e+02 7.853981633974492782e-01
1.916429265298329909e+00 1.117660522108971719e+02 7.853981633974492782e-01
9.919040883887183524e-01 1.127974477900634298e+02 7.853981633974492782e-01
5.868705884448232046e-01 1.137440766004448278e+02 7.853981633974492782e-01
3.856867324293491883e+00 1.147652875430213584e+02 7.853981633974492782e-01
7.249472055326711128e-01 1.155782531363638128e+02 7.853981633974492782e-01
8.689606181144582386e-01 1.167513848781228205e+02 7.853981633974492782e-01
1.920550996575318026e+00 1.179301482858003993e+02 7.853981633974492782e-01
9.008931099020802691e-01 1.187666311973375031e+02 7.853981633974492782e-01
6.964706919061695034e-01 1.196373546325646657e+02 7.853981633974492782e-01
2.825406541605102628e+00 1.210074956921915970e+02 7.853981633974492782e-01
1.183190057051898059e+00 1.214129902192558035e+02 7.853981633974492782e-01
1.010371763364934949e+00 1.228070110283008631e+02 7.853981633974492782e-01
1.582519242927653780e+00 1.241108515387675055e+02 7.853981633974492782e-01
9.606124422665355267e-01 1.247724285618185718e+02 7.853981633974492782e-01
7.444892541091107097e-01 1.257611951838054836e+02 7.853981633974492782e-01
1.900672437606040877e+00 1.272336524615971030e+02 7.853981633974492782e-01
1.661846369836553095e+00 1.275466430382755760e+02 7.853981633974492782e-01
1.018726359530343295e+00 1.289980235514358355e+02 7.853981633974492782e-01
1.306566705343870982e+00 1.302870285449077130e+02 7.853981633974492782e-01
1.127396171395019353e+00 1.308768182322776283e+02 7.853981633974492782e-01
7.965762954805890583e-01 1.319231301095074969e+02 7.853981633974492782e-01
1.295073066779518278e+00 1.334206395789837529e+02 7.853981633974492782e-01
2.185348078896139246e+00 1.337460401093101439e+02 7.853981633974492782e-01
9.797258210528714262e-01 1.351984605092707454e+02 7.853981633974492782e-01
1.092529521616355082e+00 1.364333867259940121e+02 7.853981633974492782e-01
1.395838176637343331e+00 1.370310685180099313e+02 7.853981633974492782e-01
8.849045353289658467e-01 1.380929532238922945e+02 7.853981633974492782e-01
8.376250102911274587e-01 1.395039742844782893e+02 7.853981633974492782e-01
2.910978652409775602e+00 1.399645400399098492e+02 7.853981633974492782e-01
8.724038012753860816e-01 1.413461366202543843e+02 7.853981633974492782e-01
8.991079176995885325e-01 1.424800205703600113e+02 7.853981633974492782e-01
1.818274556610831372e+00 1.432009060972177394e+02 7.853981633974492782e-01
9.757844730532820865e-01 1.442427981761449871e+02 7.853981633974492782e-01
5.791097953475197180e-01 1.452945736874058298e+02 7.853981633974492782e-01
3.756794255838459051e+00 1.461914679686217653e+02 7.853981633974492782e-01
6.911659665215102999e-01 1.471589767071391748e+02 7.853981633974492782e-01
8.277660568376274952e-01 1.482708769374139592e+02 7.853981633974492782e-01
1.976105784650419528e+00 1.493706027083578647e+02 7.853981633974492782e-01
9.100439372679167693e-01 1.502591512579977291e+02 7.853981633974492782e-01
6.731260957225523311e-01 1.511102492468966716e+02 7.853981633974492782e-01
3.097234813327816028e+00 1.524337966779382327e+02 7.853981633974492782e-01
1.059978111730562222e+00 1.528912552601430832e+02 7.853981633974492782e-01
9.884352767659000394e-01 1.542537928231675721e+02 7.853981633974492782e-01
1.644863090520829241e+00 1.555483344663439311e+02 7.853981633974492782e-01
9.333951578791317427e-01 1.562381533337083965e+02 7.853981633974492782e-01
7.300302591325059653e-01 1.572088792140819180e+02 7.853981633974492782e-01
2.067297599790785867e+00 1.586653067958317536e+02 7.853981633974492782e-01
1.540405944947695449e+00 1.589894762247042763e+02 7.853981633974492782e-01
1.013915869778026835e+00 1.604317863403363447e+02 7.853981633974492782e-01
1.348758812022978093e+00 1.617255449998893653e+02 7.853981633974492782e-01
1.081697841143067551e+00 1.623238809502917945e+02 7.853981633974492782e-01
7.763924991247855845e-01 1.633643837850993350e+02 7.853981633974492782e-01
1.406979292521419067e+00 1.648633825690228036e+02 7.853981633974492782e-01
2.040392417735478858e+00 1.651791756130776037e+02 7.853981633974492782e-01
9.820500682438643159e-01 1.666320289506764141e+02 7.853981633974492782e-01
1.123768926510656740e+00 1.678780833952014859e+02 7.853981633974492782e-01
1.329599443985046925e+00 1.684689415464592059e+02 7.853981633974492782e-01
8.589488445532830196e-01 1.695305802833759969e+02 7.853981633974492782e-01
9.183426717185334542e-01 1.709758569988478598e+02 7.853981633974492782e-01
2.721977796276220385e+00 1.713933568304977086e+02 7.853981633974492782e-01
8.989297850014137392e-01 1.727986304897420666e+02 7.853981633974492782e-01
9.324499839182488481e-01 1.739562624718699055e+02 7.853981633974492782e-01
1.717658606205709537e+00 1.746391961296350530e+02 7.853981633974492782e-01
9.595469894637541630e-01 1.756900249284717006e+02 7.853981633974492782e-01
5.984251619553816459e-01 1.768454920720773771e+02 7.853981633974492782e-01
3.607033402008954059e+00 1.776185070079445154e+02 7.853981633974492782e-01
7.034950284937512288e-01 1.787270792312666288e+02 7.853981633974492782e-01
8.108664476162682488e-01 1.798034203151636063e+02 7.853981633974492782e-01
2.026553150485278731e+00 1.808100688859158822e+02 7.853981633974492782e-01
9.350374030656398716e-01 1.817466920317861252e+02 7.853981633974492782e-01
6.604191454110768245e-01 1.825766576378653383e+02 7.853981633974492782e-01
3.359436041630184722e+00 1.838566961386497951e+02 7.853981633974492782e-01
9.818320384828155278e-01 1.843618321639735598e+02 7.853981633974492782e-01
9.811087311328114957e-01 1.856973894623467913e+02 7.853981633974492782e-01
1.729774554113631346e+00 1.869839980427329067e+02 7.853981633974492782e-01
9.235399138283827414e-01 1.877023831837652494e+02 7.853981633974492782e-01
7.375640667206789791e-01 1.886443484461780145e+02 7.853981633974492782e-01
2.218146026031447171e+00 1.900901389145990379e+02 7.853981633974492782e-01
1.499400546981147775e+00 1.904200644132145044e+02 7.853981633974492782e-01
1.037350358340826562e+00 1.918625091085124268e+02 7.853981633974492782e-01
1.429311493282974688e+00 1.931680897788183700e+02 7.853981633974492782e-01
1.050934036022812990e+00 1.937776393728927076e+02 7.853981633974492782e-01
7.810210585669531413e-01 1.948028913269352245e+02 7.853981633974492782e-01
1.527425464996377213e+00 1.962985386841128275e+02 7.853981633974492782e-01
1.983143763455501363e+00 1.966066114583566389e+02 7.853981633974492782e-01
1.015017040273731741e+00 1.980685220990707194e+02 7.853981633974492782e-01
1.195866284565611393e+00 1.993353594681161098e+02 7.853981633974492782e-01
1.266454295711699540e+00 1.999180290721433551e+02 7.853981633974492782e-01
8.510221866828392434e-01 2.009752336769323051e+02 7.853981633974492782e-01
1.025291584598267303e+00 2.024425838557300210e+02 7.853981633974492782e-01
2.595205271194243934e+00 2.028218811593052919e+02 7.853981633974492782e-01
9.450929096344924396e-01 2.042545357998425004e+02 7.853981633974492782e-01
9.931263957613798432e-01 2.054440963589458988e+02 7.853981633974492782e-01
1.612885818333160914e+00 2.060850426810078204e+02 7.853981633974492782e-01
9.495753313449198929e-01 2.071432277902817134e+02 7.853981633974492782e-01
6.504782179073499426e-01 2.083935701940409047e+02 7.853981633974492782e-01
3.449391488555039409e+00 2.090466567498285713e+02 7.853981633974492782e-01
7.533631099698342437e-01 2.102781431085974191e+02 7.853981633974492782e-01
8.209066649927935222e-01 2.113495646405089019e+02 7.853981633974492782e-01
2.043895285220703517e+00 2.122509467068940126e+02 7.853981633974492782e-01
9.679936313586388064e-01 2.132316936516216970e+02 7.853981633974492782e-01
6.428284181477409431e-01 2.140560602581160481e+02 7.853981633974492782e-01
3.622432065837509985e+00 2.152792186654288571e+02 7.853981633974492782e-01
9.025619523715568970e-01 2.158468110021250936e+02 7.853981633974492782e-01
9.652840627988189537e-01 2.171469686807892003e+02 7.853981633974492782e-01
1.812814129897924564e+00 2.184182576470502681e+02 7.853981633974492782e-01
9.185938534815712986e-01 2.191675642766276724e+02 7.853981633974492782e-01
7.454790310853206536e-01 2.200780879567905401e+02 7.853981633974492782e-01
2.369371876180525138e+00 2.215134789852541530e+02 7.853981633974492782e-01
1.463642970338539184e+00 2.218499620696182433e+02 7.853981633974492782e-01
1.059819155362688559e+00 2.232917132617847926e+02 7.853981633974492782e-01
1.512818851526969821e+00 2.246073857342338727e+02 7.853981633974492782e-01
1.027992112468061769e+00 2.252309983414877763e+02 7.853981633974492782e-01
7.914844384852063319e-01 2.262370788120482814e+02 7.853981633974492782e-01
1.640151968197622434e+00 2.277285273272274253e+02 7.853981633974492782e-01
1.952796052281025929e+00 2.280311954379522774e+02 7.853981633974492782e-01
1.051691820955975354e+00 2.295019965886586988e+02 7.853981633974492782e-01
1.277313379276284300e+00 2.307890665467293161e+02 7.853981633974492782e-01
1.212617651252115403e+00 2.313694231526499152e+02 7.853981633974492782e-01
8.498714411810823766e-01 2.324180600420511666e+02 7.853981633974492782e-01
1.136835427740591209e+00 2.338980565425462999e+02 7.853981633974492782e-01
2.500084263480532254e+00 2.342492389333598055e+02 7.853981633974492782e-01
9.923627984323717399e-01 2.357038299300760968e+02 7.853981633974492782e-01
1.065426530697237695e+00 2.369250338893664605e+02 7.853981633974492782e-01
1.511619300221409112e+00 2.375339087913038441e+02 7.853981633974492782e-01
9.382405943462662767e-01 2.385947059654177451e+02 7.853981633974492782e-01
7.292626213603671248e-01 2.399231164410832093e+02 7.853981633974492782e-01
3.274026594586014749e+00 2.404755059181776176e+02 7.853981633974492782e-01
8.219169120434755005e-01 2.417989834421845785e+02 7.853981633974492782e-01
8.559065367189712115e-01 2.428941096750593545e+02 7.853981633974492782e-01
1.987133695077135442e+00 2.436955992851600570e+02 7.853981633974492782e-01
9.923733010892569206e-01 2.447126997964462589e+02 7.853981633974492782e-01
6.074185698177159143e-01 2.455887063916018462e+02 7.853981633974492782e-01
3.834151569586259800e+00 2.467046298580831092e+02 7.853981633974492782e-01
7.876951669242838738e-01 2.473988521387684614e+02 7.853981633974492782e-01
9.126372791427520559e-01 2.486298103951309884e+02 7.853981633974492782e-01
1.878105652063747355e+00 2.498577817642386947e+02 7.853981633974492782e-01
9.054633290202749318e-01 2.506537893811475897e+02 7.853981633974492782e-01
7.213843548264420313e-01 2.515393419265351156e+02 7.853981633974492782e-01
2.613489329605740430e+00 2.529436903246396469e+02 7.853981633974492782e-01
1.311396298928583892e+00 2.533117088626766531e+02 7.853981633974492782e-01
1.037082999089842916e+00 2.547308428812583543e+02 7.853981633974492782e-01
1.553954496452214062e+00 2.560423724067201761e+02 7.853981633974492782e-01
9.908216634899584818e-01 2.566852328054843042e+02 7.853981633974492782e-01
7.682486592300921124e-01 2.576811749587658369e+02 7.853981633974492782e-01
1.778166154815084665e+00 2.591646698841592524e+02 7.853981633974492782e-01
1.799790013147552381e+00 2.594699906882896698e+02 7.853981633974492782e-01
1.038755339494276786e+00 2.609324147328804315e+02 7.853981633974492782e-01
1.299305154157527786e+00 2.622224842097153328e+02 7.853981633974492782e-01
1.165164325642696008e+00 2.628072260439977867e+02 7.853981633974492782e-01
8.232424348983903295e-01 2.638536770367350641e+02 7.853981633974492782e-01
1.225448555776743831e+00 2.653450670533625839e+02 7.853981633974492782e-01
2.332433838468538578e+00 2.656795287546522104e+02 7.853981633974492782e-01
9.924258243818290248e-01 2.671358049134086627e+02 7.853981633974492782e-01
1.088504902555635478e+00 2.683677506963758219e+02 7.853981633974492782e-01
1.442337265836670879e+00 2.689677390437717008e+02 7.853981633974492782e-01
9.108167092320793579e-01 2.700289884588408427e+02 7.853981633974492782e-01
7.926495403864732836e-01 2.714087656719025858e+02 7.853981633974492782e-01
3.072613067597740333e+00 2.719026767357541985e+02 7.853981633974492782e-01
8.586630599847754342e-01 2.732672262756963732e+02 7.853981633974492782e-01
8.837744901478169490e-01 2.743864922127897330e+02 7.853981633974492782e-01
1.891593207688274658e+00 2.751337862384381765e+02 7.853981633974492782e-01
9.886552465001650081e-01 2.761683006888483192e+02 7.853981633974492782e-01
5.826234564875018007e-01 2.771412453327544654e+02 7.853981633974492782e-01
3.840901560369518464e+00 2.781306644675107123e+02 7.853981633974492782e-01
7.113209690284229003e-01 2.789838863635315533e+02 7.853981633974492782e-01
8.563168207722440251e-01 2.801393429884678881e+02 7.853981633974492782e-01
1.934515376461349856e+00 2.812993438451156294e+02 7.853981633974492782e-01
9.014912307410029024e-01 2.821493888907000382e+02 7.853981633974492782e-01
6.891616122071094752e-01 2.830153820860275005e+02 7.853981633974492782e-01
2.895946313919898429e+00 2.843733821217801960e+02 7.853981633974492782e-01
1.146111931352355340e+00 2.847924005594165351e+02 7.853981633974492782e-01
1.002890955258692207e+00 2.861779071111360508e+02 7.853981633974492782e-01
1.595378492206812826e+00 2.874791387269615939e+02 7.853981633974492782e-01
9.519057681682439043e-01 2.881476703277760976e+02 7.853981633974492782e-01
7.384384452459060721e-01 2.891329836634123467e+02 7.853981633974492782e-01
1.943427850863812978e+00 2.906011711803147364e+02 7.853981633974492782e-01
1.622493232942972874e+00 2.909172330919633964e+02 7.853981633974492782e-01
1.014425634506350260e+00 2.923654114091903011e+02 7.853981633974492782e-01
1.312982661470365686e+00 2.936547808019776085e+02 7.853981633974492782e-01
1.114769325142222822e+00 2.942465239501159431e+02 7.853981633974492782e-01
7.891384100046462402e-01 2.952921783783262413e+02 7.853981633974492782e-01
1.321469269710256356e+00 2.967907861738491988e+02 7.853981633974492782e-01
2.140734965600710193e+00 2.971135155234775311e+02 7.853981633974492782e-01
9.773508357306739391e-01 2.985651672052586605e+02 7.853981633974492782e-01
1.096605453887283810e+00 2.998018755802403348e+02 7.853981633974492782e-01
1.379299243630605520e+00 3.003983103993473378e+02 7.853981633974492782e-01
8.768344665008481753e-01 3.014603402457823904e+02 7.853981633974492782e-01
8.553695411469873777e-01 3.028810450799398382e+02 7.853981633974492782e-01
2.858209347205719730e+00 3.033305405644254620e+02 7.853981633974492782e-01
8.775056634809532685e-01 3.047177096726153422e+02 7.853981633974492782e-01
9.054638217884061202e-01 3.058569060516166473e+02 7.853981633974492782e-01
1.793017971862572724e+00 3.065688065195505487e+02 7.853981633974492782e-01
9.711442447641495113e-01 3.076129861714171625e+02 7.853981633974492782e-01
5.811953125631628136e-01 3.086916147302750915e+02 7.853981633974492782e-01
3.720504048607998548e+00 3.095570132615392254e+02 7.853981633974492782e-01
6.903155461220199518e-01 3.105618162203185761e+02 7.853981633974492782e-01
8.210638706952192445e-01 3.116620370631068226e+02 7.853981633974492782e-01
1.989991994488243376e+00 3.127394439035151095e+02 7.853981633974492782e-01
9.150754749554574907e-01 3.136406019929898434e+02 7.853981633974492782e-01
6.692244883000656452e-01 3.144862966557392383e+02 7.853981633974492782e-01
3.164337615316024088e+00 3.157986254847025975e+02 7.853981633974492782e-01
1.037048559931572633e+00 3.162685203014791568e+02 7.853981633974492782e-01
9.856565103340547696e-01 3.176239143001910179e+02 7.853981633974492782e-01
1.664955505781603007e+00 3.189164311479070761e+02 7.853981633974492782e-01
9.294536516301488138e-01 3.196135810044936534e+02 7.853981633974492782e-01
7.301746328766439698e-01 3.205778880384664831e+02 7.853981633974492782e-01
2.107765578625926839e+00 3.220309623645044326e+02 7.853981633974492782e-01
1.523329095127346822e+00 3.223572392364951043e+02 7.853981633974492782e-01
1.017603762282849544e+00 3.237987798288676800e+02 7.853981633974492782e-01
1.366158301145472986e+00 3.250950201009787293e+02 7.853981633974492782e-01
1.072340093595895993e+00 3.256959357760205762e+02 7.853981633974492782e-01
7.753049389849457906e-01 3.267334888849231334e+02 7.853981633974492782e-01
1.437672436499329853e+00 3.282318950841981291e+02 7.853981633974492782e-01
2.017576236809326407e+00 3.285456038693583878e+02 7.853981633974492782e-01
9.876910536079912539e-01 3.300000192090541304e+02 7.853981633974492782e-01
1.138307808805315569e+00 3.312505576614523761e+02 7.853981633974492782e-01
1.312981564429005932e+00 3.318391931318584511e+02 7.853981633974492782e-01
8.551651459032004743e-01 3.329002486222932475e+02 7.853981633974492782e-01
9.432607053687392940e-01 3.343523169963085024e+02 7.853981633974492782e-01
2.683543726260981366e+00 3.347594768608659024e+02 7.853981633974492782e-01
9.087107951860002863e-01 3.361714403692770929e+02 7.853981633974492782e-01
9.449637916376566471e-01 3.373363820029640010e+02 7.853981633974492782e-01
1.691648397716935426e+00 3.380088006073780775e+02 7.853981633974492782e-01
9.564566774792226944e-01 3.390617597659426679e+02 7.853981633974492782e-01
6.082983966366899420e-01 3.402422382470777507e+02 7.853981633974492782e-01
3.567611902794919132e+00 3.409843006514989838e+02 7.853981633974492782e-01
7.128443369950607789e-01 3.421258101977055617e+02 7.853981633974492782e-01
8.107261934406707615e-01 3.431978607174131071e+02 7.853981633974492782e-01
2.035698070275195004e+00 3.441788947100042719e+02 7.853981633974492782e-01
9.430377799113915938e-01 3.451270085912237846e+02 7.853981633974492782e-01
6.572896350811290311e-01 3.459528064673108929e+02 7.853981633974492782e-01
3.425464382288684995e+00 3.472210607613121738e+02 7.853981633974492782e-01
9.642637891707701581e-01 3.477389523102453381e+02 7.853981633974492782e-01
9.792670869573587566e-01 3.490673336379350076e+02 7.853981633974492782e-01
1.752022399587626289e+00 3.503514016263206372e+02 7.853981633974492782e-01
9.225788186313196304e-01 3.510770138797280993e+02 7.853981633974492782e-01
7.409589253327343306e-01 3.520108207513250704e+02 7.853981633974492782e-01
2.253637672187347007e+00 3.534545970246997513e+02 7.853981633974492782e-01
1.495172985353166339e+00 3.537853761394001140e+02 7.853981633974492782e-01
1.045077229549518538e+00 3.552285117924608926e+02 7.853981633974492782e-01
1.452399354255096586e+00 3.565373612505106848e+02 7.853981633974492782e-01
1.045163141932966777e+00 3.571501904962397589e+02 7.853981633974492782e-01
7.846609685846375193e-01 3.581704387022185756e+02 7.853981633974492782e-01
1.556530373278272705e+00 3.596650418336305961e+02 7.853981633974492782e-01
1.978371819411504529e+00 3.599714071499965371e+02 7.853981633974492782e-01
1.026062341179135640e+00 3.614362430530852066e+02 7.853981633974492782e-01
1.218258480290369317e+00 3.627089726106041212e+02 7.853981633974492782e-01
1.251775402643027668e+00 3.632902930717802974e+02 7.853981633974492782e-01
8.511717722934389885e-01 3.643454637712034696e+02 7.853981633974492782e-01
1.054590913754051673e+00 3.658166203638971865e+02 7.853981633974492782e-01
2.571330049791275218e+00 3.661876606745630056e+02 7.853981633974492782e-01
9.586943680394527378e-01 3.676270209677687149e+02 7.853981633974492782e-01
1.012247720166375542e+00 3.688254061194672317e+02 7.853981633974492782e-01
1.585816475853842666e+00 3.694564880587289508e+02 7.853981633974492782e-01
9.473788242051301989e-01 3.705158482486461367e+02 7.853981633974492782e-01
6.689911964252246435e-01 3.717881966451945459e+02 7.853981633974492782e-01
3.407056880561192713e+00 3.724127656895662426e+02 7.853981633974492782e-01
7.705695055716387243e-01 3.736715544686963995e+02 7.853981633974492782e-01
8.279777474493787981e-01 3.747468724990469582e+02 7.853981633974492782e-01
2.037257191398626155e+00 3.756208168291877882e+02 7.853981633974492782e-01
9.759127968154925892e-01 3.766120048782422600e+02 7.853981633974492782e-01
6.350528418893182092e-01 3.774426016344474988e+02 7.853981633974492782e-01
3.687377978155182312e+00 3.786441435605047445e+02 7.853981633974492782e-01
8.754738321411571489e-01 3.792363809552242628e+02 7.853981633974492782e-01
9.554350774783851863e-01 3.805226014592075785e+02 7.853981633974492782e-01
1.830549179315821506e+00 3.817863100546532564e+02 7.853981633974492782e-01
9.158064996983195094e-01 3.825454809652422909e+02 7.853981633974492782e-01
7.425920227993374478e-01 3.834490751622373068e+02 7.853981633974492782e-01
2.419766448954099758e+00 3.848792333625703463e+02 7.853981633974492782e-01
1.436691181630481706e+00 3.852205510420650398e+02 7.853981633974492782e-01
1.058522585133708560e+00 3.866590271893157933e+02 7.853981633974492782e-01
1.526734470539847344e+00 3.879750665094975943e+02 7.853981633974492782e-01
1.020449997259174291e+00 3.886028140041540269e+02 7.853981633974492782e-01
7.892063144372436501e-01 3.896054531405749231e+02 7.853981633974492782e-01
1.670373149385806943e+00 3.910955992036454063e+02 7.853981633974492782e-01
1.927888015079990414e+00 3.913979263095104670e+02 7.853981633974492782e-01
1.053534180724342351e+00 3.928684350738797662e+02 7.853981633974492782e-01
1.288853104428246743e+00 3.941579025575646256e+02 7.853981633974492782e-01
1.200833158662029998e+00 3.947389197593775521e+02 7.853981633974492782e-01
8.461982590414908190e-01 3.957861611038064211e+02 7.853981633974492782e-01
1.160596930869185917e+00 3.972689395228356943e+02 7.853981633974492782e-01
2.467543849472849882e+00 3.976151272510447825e+02 7.853981633974492782e-01
9.973969428710633967e-01 3.990720521291204932e+02 7.853981633974492782e-01
1.076850642535980063e+00 4.002980522041865470e+02 7.853981633974492782e-01
1.491440080104533550e+00 4.009028538830913249e+02 7.853981633974492782e-01
9.331789462552115832e-01 4.019637187960326514e+02 7.853981633974492782e-01
7.475331773871554120e-01 4.033069400250543026e+02 7.853981633974492782e-01
3.226751676710112537e+00 4.038412699629194549e+02 7.853981633974492782e-01
8.351576581290776069e-01 4.051791894834071286e+02 7.853981633974492782e-01
8.648096770335905736e-01 4.062813810814683393e+02 7.853981633974492782e-01
1.963972149266556277e+00 4.070649163153935888e+02 7.853981633974492782e-01
9.941022420523714098e-01 4.080880185795513739e+02 7.853981633974492782e-01
5.991770786285662842e-01 4.089862874643660007e+02 7.853981633974492782e-01
3.855754977317288557e+00 4.100700265766280950e+02 7.853981633974492782e-01
7.625391460203589933e-01 4.108041055255899892e+02 7.853981633974492782e-01
8.970156492774534751e-01 4.120147872443337178e+02 7.853981633974492782e-01
1.892932827696061304e+00 4.132271896319218172e+02 7.853981633974492782e-01
9.029356227060008067e-01 4.140369188347821137e+02 7.853981633974492782e-01
7.126285225959809733e-01 4.149171525072670192e+02 7.853981633974492782e-01
2.685640336867416877e+00 4.163103875960501341e+02 7.853981633974492782e-01
1.265431553184559021e+00 4.166904329068602237e+02 7.853981633974492782e-01
1.027610778514896017e+00 4.181012356177029119e+02 7.853981633974492782e-01
1.562493367691082158e+00 4.194102601365830765e+02 7.853981633974492782e-01
9.800653509985378653e-01 4.200591340979576671e+02 7.853981633974492782e-01
7.595782012723206744e-01 4.210529878414036489e+02 7.853981633974492782e-01
1.818866006636046473e+00 4.225331315411039554e+02 7.853981633974492782e-01
1.750597189693821054e+00 4.228406791097792734e+02 7.853981633974492782e-01
1.031276089216116132e+00 4.242992758699419369e+02 7.853981633974492782e-01
1.300509532852063277e+00 4.255887822757842400e+02 7.853981633974492782e-01
1.152449651827077926e+00 4.261751245964731538e+02 7.853981633974492782e-01
8.138026665517791303e-01 4.272217009064201534e+02 7.853981633974492782e-01
1.247956762389363927e+00 4.287156037342116974e+02 7.853981633974492782e-01
2.281213288916247084e+00 4.290467614897461317e+02 7.853981633974492782e-01
9.877686046797076180e-01 4.305016645158671622e+02 7.853981633974492782e-01
1.089276662185761246e+00 4.317344641953501423e+02 7.853981633974492782e-01
1.426819592298149697e+00 4.323337642629902007e+02 7.853981633974492782e-01
9.019539961194565914e-01 4.333952329388923204e+02 7.853981633974492782e-01
8.071274775711453353e-01 4.347860496917500654e+02 7.853981633974492782e-01
3.017543303544974354e+00 4.352683697528423750e+02 7.853981633974492782e-01
8.635868514755211667e-01 4.366391006241458399e+02 7.853981633974492782e-01
8.888123122365774176e-01 4.377633290876381125e+02 7.853981633974492782e-01
1.866828889643491252e+00 4.385013320073553587e+02 7.853981633974492782e-01
9.846673875656631880e-01 4.395385525564657883e+02 7.853981633974492782e-01
5.799051470498217675e-01 4.405380750971447128e+02 7.853981633974492782e-01
3.817536712036616819e+00 4.414960499837572456e+02 7.853981633974492782e-01
7.013409719980592261e-01 4.423887466845201288e+02 7.853981633974492782e-01
8.451867834326362017e-01 4.435279730257254300e+02 7.853981633974492782e-01
1.948605093035014280e+00 4.446684073532924231e+02 7.853981633974492782e-01
9.032943358807145051e-01 4.455317430883245606e+02 7.853981633974492782e-01
6.828699923444682129e-01 4.463928571371965859e+02 7.853981633974492782e-01
2.965072728773622046e+00 4.477389409782223311e+02 7.853981633974492782e-01
1.113372587566826555e+00 4.481712638339325849e+02 7.853981633974492782e-01
9.968121829053109284e-01 4.495486399830450637e+02 7.853981633974492782e-01
1.610352691162441729e+00 4.508474555404472426e+02 7.853981633974492782e-01
9.444424253223089316e-01 4.515231054636012118e+02 7.853981633974492782e-01
7.340534185049284455e-01 4.525042052813700479e+02 7.853981633974492782e-01
1.985936140903697966e+00 4.539681894683852761e+02 7.853981633974492782e-01
1.589156614605718332e+00 4.542872248959776016e+02 7.853981633974492782e-01
1.012277802292277151e+00 4.557328171180981826e+02 7.853981633974492782e-01
1.322401496816923760e+00 4.570231511419310095e+02 7.853981633974492782e-01
1.102750332803301703e+00 4.576169758423276335e+02 7.853981633974492782e-01
7.832574713443434256e-01 4.586614390963009669e+02 7.853981633974492782e-01
1.349354463167253604e+00 4.601606115443000817e+02 7.853981633974492782e-01
2.101367377942618297e+00 4.604808347626454861e+02 7.853981633974492782e-01
9.769790309763103364e-01 4.619323214530237465e+02 7.853981633974492782e-01
1.103263368705736935e+00 4.631715351356863835e+02 7.853981633974492782e-01
1.362463637719082188e+00 4.637663341175324376e+02 7.853981633974492782e-01
8.697217289782173122e-01 4.648283970879301705e+02 7.853981633974492782e-01
8.749648720115282829e-01 4.662581554466400462e+02 7.853981633974492782e-01
2.808487312967195226e+00 4.666966175004153570e+02 7.853981633974492782e-01
8.836460677214033055e-01 4.680896579064315688e+02 7.853981633974492782e-01
9.131424081506743784e-01 4.692346276881076506e+02 7.853981633974492782e-01
1.767602067390985576e+00 4.699370814020919624e+02 7.853981633974492782e-01
9.668298941510503619e-01 4.709835498804425242e+02 7.853981633974492782e-01
5.851441086892333887e-01 4.720887147169059972e+02 7.853981633974492782e-01
3.682779223627428600e+00 4.729226180093027665e+02 7.853981633974492782e-01
6.922679655682502098e-01 4.739637419132081391e+02 7.853981633974492782e-01
8.159970663645633726e-01 4.750540347036716753e+02 7.853981633974492782e-01
2.003492847697371460e+00 4.761082291035644403e+02 7.853981633974492782e-01
9.211042425007658352e-01 4.770217175324220875e+02 7.853981633974492782e-01
6.659948261624091259e-01 4.778618416465520227e+02 7.853981633974492782e-01
3.230927042027282869e+00 4.791632523430797050e+02 7.853981633974492782e-01
1.016839286544656051e+00 4.796451486511053304e+02 7.853981633974492782e-01
9.838052659680579515e-01 4.809937497388249881e+02 7.853981633974492782e-01
1.686398826479426072e+00 4.822843496527296452e+02 7.853981633974492782e-01
9.266613287058819148e-01 4.829887678128540642e+02 7.853981633974492782e-01
7.317977148396168641e-01 4.839459406399650447e+02 7.853981633974492782e-01
2.146695969617810729e+00 4.853961618518594605e+02 7.853981633974492782e-01
1.511701367969316756e+00 4.857240400022478752e+02 7.853981633974492782e-01
1.023201618381349487e+00 4.871654781592910126e+02 7.853981633974492782e-01
1.386088105589761810e+00 4.884646667611025350e+02 7.853981633974492782e-01
1.064122575077864452e+00 4.890683417872897394e+02 7.853981633974492782e-01
7.759846396037394234e-01 4.901022564208613517e+02 7.853981633974492782e-01
1.468582635863344699e+00 4.915998360575616744e+02 7.853981633974492782e-01
2.001082417285813264e+00 4.919115430115527374e+02 7.853981633974492782e-01
9.955166919712721274e-01 4.933681316719160463e+02 7.853981633974492782e-01
1.155772538177412434e+00 4.946238201312502838e+02 7.853981633974492782e-01
1.296690762340291014e+00 4.952102188939095981e+02 7.853981633974492782e-01
8.527201408241538161e-01 4.962703397333533530e+02 7.853981633974492782e-01
9.699612781597453104e-01 4.977283617740702653e+02 7.853981633974492782e-01
2.649730805723025551e+00 4.981255410404949657e+02 7.853981633974492782e-01
9.200254400217521278e-01 4.995444987316206493e+02 7.853981633974492782e-01
9.595852245029257155e-01 5.007173828826357180e+02 7.853981633974492782e-01
1.665219036632900274e+00 5.013789933864346153e+02 7.853981633974492782e-01
9.538662755824451889e-01 5.024339605644596531e+02 7.853981633974492782e-01
6.204426768378370483e-01 5.036388712521995217e+02 7.853981633974492782e-01
3.528141749188928866e+00 5.043501785423210890e+02 7.853981633974492782e-01
7.245743780880429252e-01 5.055235787801212837e+02 7.853981633974492782e-01
8.123905253791540160e-01 5.065933599213406637e+02 7.853981633974492782e-01
2.042295561696261252e+00 5.075478930330052663e+02 7.853981633974492782e-01
9.514798734975764560e-01 5.085073198973653916e+02 7.853981633974492782e-01
6.535651419184443922e-01 5.093302192224935538e+02 7.853981633974492782e-01
3.492173682976611460e+00 5.105854576226271888e+02 7.853981633974492782e-01
9.457703615319781321e-01 5.111174806181915073e+02 7.853981633974492782e-01
9.764846466516140522e-01 5.124378730686499921e+02 7.853981633974492782e-01
1.773894582447507640e+00 5.137187671049177879e+02 7.853981633974492782e-01
9.216973861714073957e-01 5.144518490389228873e+02 7.853981633974492782e-01
7.440220454026245100e-01 5.153774217360004286e+02 7.853981633974492782e-01
2.289712822581755791e+00 5.168190657512902817e+02 7.853981633974492782e-01
1.489936239019501230e+00 5.171508892744068362e+02 7.853981633974492782e-01
1.052285727625790424e+00 5.185944877879202295e+02 7.853981633974492782e-01
1.475230502535139765e+00 5.199063676640829499e+02 7.853981633974492782e-01
1.039691408887529533e+00 5.205226737728781927e+02 7.853981633974492782e-01
7.883618091457150756e-01 5.215377393361213763e+02 7.853981633974492782e-01
1.585029903825650566e+00 5.230312942837391574e+02 7.853981633974492782e-01
1.974233433962697903e+00 5.233360926477719204e+02 7.853981633974492782e-01
1.036953801790510887e+00 5.248037177660913812e+02 7.853981633974492782e-01
1.240874999579134164e+00 5.260821718656326311e+02 7.853981633974492782e-01
1.237665694352071633e+00 5.266626253093903642e+02 7.853981633974492782e-01
8.515634329558325888e-01 5.277154758314758283e+02 7.853981633974492782e-01
1.083979873081285294e+00 5.291899261185449177e+02 7.853981633974492782e-01
2.548795171141866156e+00 5.295533681510796669e+02 7.853981633974492782e-01
9.721364104478660284e-01 5.309989790527733931e+02 7.853981633974492782e-01
1.032002352531937284e+00 5.322060784240028397e+02 7.853981633974492782e-01
1.558929185321578759e+00 5.328281240402200183e+02 7.853981633974492782e-01
9.449439826935226439e-01 5.338882957719326896e+02 7.853981633974492782e-01
6.893160061096992308e-01 5.351815525207064184e+02 7.853981633974492782e-01
3.363044940538185035e+00 5.357789379831523320e+02 7.853981633974492782e-01
7.888179113692809219e-01 5.370629741405468849e+02 7.853981633974492782e-01
8.367753057645910264e-01 5.381440522685817314e+02 7.853981633974492782e-01
2.024910438224942766e+00 5.389910590629641547e+02 7.853981633974492782e-01
9.830522657525426755e-01 5.399921678756775236e+02 7.853981633974492782e-01
6.259394695575970502e-01 5.408337249789092311e+02 7.853981633974492782e-01
3.748039677678881798e+00 5.420093243038214723e+02 7.853981633974492782e-01
8.455631529885053732e-01 5.426317655348352673e+02 7.853981633974492782e-01
9.426608535969974723e-01 5.439011661430686217e+02 7.853981633974492782e-01
1.847371971016449121e+00 5.451549386596718705e+02 7.853981633974492782e-01
9.123293691501719316e-01 5.459254617408010972e+02 7.853981633974492782e-01
7.371051368325118869e-01 5.468225338589697913e+02 7.853981633974492782e-01
2.479020273572853039e+00 5.482455987260839265e+02 7.853981633974492782e-01
1.399924998917822849e+00 5.485939586864642479e+02 7.853981633974492782e-01
1.053615532781365882e+00 5.500273101305582486e+02 7.853981633974492782e-01
1.537542750932513913e+00 5.513426192510421515e+02 7.853981633974492782e-01
1.011426369869542485e+00 5.519749750891839994e+02 7.853981633974492782e-01
7.840052530488418325e-01 5.529749290649995146e+02 7.853981633974492782e-01
1.703847430487322123e+00 5.544633797543207265e+02 7.853981633974492782e-01
1.891776721001747985e+00 5.547660255262018154e+02 7.853981633974492782e-01
1.051255218902574118e+00 5.562348128446558349e+02 7.853981633974492782e-01
1.295455238287202215e+00 5.575253367359958929e+02 7.853981633974492782e-01
1.189081094790044757e+00 5.581073760306518352e+02 7.853981633974492782e-01
8.401433900131878296e-01 5.591538874484027701e+02 7.853981633974492782e-01
1.182955349923501931e+00 5.606395861713345994e+02 7.853981633974492782e-01
2.427455400756087123e+00 5.609813836016521691e+02 7.853981633974492782e-01
9.985119659979293516e-01 5.624391364633360126e+02 7.853981633974492782e-01
1.083915328811258405e+00 5.636682764930158100e+02 7.853981633974492782e-01
1.473532994808156138e+00 5.642705176189648455e+02 7.853981633974492782e-01
9.267189539966298462e-01 5.653314516200595108e+02 7.853981633974492782e-01
7.640050762898117354e-01 5.666879760349062281e+02 7.853981633974492782e-01
3.176953561470671428e+00 5.672069213139768635e+02 7.853981633974492782e-01
8.454575185921101577e-01 5.685560516035743603e+02 7.853981633974492782e-01
8.724173630907426924e-01 5.696646684872966944e+02 7.853981633974492782e-01
1.939742869547273152e+00 5.704335846528587126e+02 7.853981633974492782e-01
9.938067288095723262e-01 5.714614204894584191e+02 7.853981633974492782e-01
5.922055078885583024e-01 5.723839246818073434e+02 7.853981633974492782e-01
3.862504412213147109e+00 5.734354044513879671e+02 7.853981633974492782e-01
7.413310145559769415e-01 5.742100265321096231e+02 7.853981633974492782e-01
8.820968944664611122e-01 5.754009557508130683e+02 7.853981633974492782e-01
1.907309855166188672e+00 5.765965617610480649e+02 7.853981633974492782e-01
9.013868444924911794e-01 5.774200874678954278e+02 7.853981633974492782e-01
7.040926953938206889e-01 5.782953133523592442e+02 7.853981633974492782e-01
2.757844157163586107e+00 5.796768434210090390e+02 7.853981633974492782e-01
1.221698549927435096e+00 5.800697259169434119e+02 7.853981633974492782e-01
1.018435021106709026e+00 5.814719326291535708e+02 7.853981633974492782e-01
1.572121644457558975e+00 5.827783129447899455e+02 7.853981633974492782e-01
9.697348319403972239e-01 5.834335688516326854e+02 7.853981633974492782e-01
7.514093548601304962e-01 5.844250158063994149e+02 7.853981633974492782e-01
1.860616152843341586e+00 5.859013624066293460e+02 7.853981633974492782e-01
1.703396791457172599e+00 5.862115635460257863e+02 7.853981633974492782e-01
1.024330020266577712e+00 5.876663558821705919e+02 7.853981633974492782e-01
1.302814424563592643e+00 5.889554614216124264e+02 7.853981633974492782e-01
1.139557647075399638e+00 5.895435211143269498e+02 7.853981633974492782e-01
8.046359708340966588e-01 5.905900805665027065e+02 7.853981633974492782e-01
1.271579830942564993e+00 5.920860675765837868e+02 7.853981633974492782e-01
2.230884359224845515e+00 5.924141588005882113e+02 7.853981633974492782e-01
9.832896748662418585e-01 5.938676955226925429e+02 7.853981633974492782e-01
1.090451597178317522e+00 5.951014483296667095e+02 7.853981633974492782e-01
1.411048472522667518e+00 5.957000031909799418e+02 7.853981633974492782e-01
8.930700165993346040e-01 5.967616952403380992e+02 7.853981633974492782e-01
8.223144284779942970e-01 5.981631198310095670e+02 7.853981633974492782e-01
2.962393620649942605e+00 5.986341625504703643e+02 7.853981633974492782e-01
8.681201136500160676e-01 6.000105901686818015e+02 7.853981633974492782e-01
8.939253274596206111e-01 6.011397416137097025e+02 7.853981633974492782e-01
1.841914776187654867e+00 6.018688773627361570e+02 7.853981633974492782e-01
9.802129490071624929e-01 6.029085696604404347e+02 7.853981633974492782e-01
5.787346351716162740e-01 6.039349415692302045e+02 7.853981633974492782e-01
3.788384474373107658e+00 6.048614809039448801e+02 7.853981633974492782e-01
6.946502288002133207e-01 6.057930487904498023e+02 7.853981633974492782e-01
8.355156479872029029e-01 6.069174736700369976e+02 7.853981633974492782e-01
1.962823344972865147e+00 6.080373911419515025e+02 7.853981633974492782e-01
9.062614763520911998e-01 6.089138191738811656e+02 7.853981633974492782e-01
6.774877876884557448e-01 6.097698442448573815e+02 7.853981633974492782e-01
3.033443304726629819e+00 6.111042235408067427e+02 7.853981633974492782e-01
1.084359997832351041e+00 6.115496132851199036e+02 7.853981633974492782e-01
9.919968318094620763e-01 6.129192029335607685e+02 7.853981633974492782e-01
1.627339306030749944e+00 6.142157641297443433e+02 7.853981633974492782e-01
9.381992075752842997e-01 6.148986751808027975e+02 7.853981633974492782e-01
7.312816275139406574e-01 6.158747756043613890e+02 7.853981633974492782e-01
2.028144205833386060e+00 6.173347365097260990e+02 7.853981633974492782e-01
1.561534755202710123e+00 6.176565466016677419e+02 7.853981633974492782e-01
1.012224428118395192e+00 6.191001709060337816e+02 7.853981633974492782e-01
1.334748434659568606e+00 6.203920381371984831e+02 7.853981633974492782e-01
1.091481922414403893e+00 6.209881048389210036e+02 7.853981633974492782e-01
7.789781024297466328e-01 6.220308010673686567e+02 7.853981633974492782e-01
1.378597739514359821e+00 6.235300682419334635e+02 7.853981633974492782e-01
2.067386914030616030e+00 6.238479366022947943e+02 7.853981633974492782e-01
9.786668560755582558e-01 6.252998641955929315e+02 7.853981633974492782e-01
1.112613300366154467e+00 6.265423001539942334e+02 7.853981633974492782e-01
1.345482674355416908e+00 6.271351542894017257e+02 7.853981633974492782e-01
8.636546381744117928e-01 6.281970937531465324e+02 7.853981633974492782e-01
8.964860121307121066e-01 6.296352136619173052e+02 7.853981633974492782e-01
2.762146207456285030e+00 6.300627510532386850e+02 7.853981633974492782e-01
8.909689789361342482e-01 6.314619804865365040e+02 7.853981633974492782e-01
9.223459413273933372e-01 6.326132414925332341e+02 7.853981633974492782e-01
1.741947595891847556e+00 6.333057889659060038e+02 7.853981633974492782e-01
9.628937635736525280e-01 6.343545332062858506e+02 7.853981633974492782e-01
5.910480559126435329e-01 6.354858718183065776e+02 7.853981633974492782e-01
3.644052357226931438e+00 6.362882915954553482e+02 7.853981633974492782e-01
6.968800019631603559e-01 6.373647432808033955e+02 7.853981633974492782e-01
8.125703583823811194e-01 6.384469344379211861e+02 7.853981633974492782e-01
2.016110342238607522e+00 6.394769975482885229e+02 7.853981633974492782e-01
9.279845049811313862e-01 6.404025520978515260e+02 7.853981633974492782e-01
6.631236117615052494e-01 6.412371999259236190e+02 7.853981633974492782e-01
3.297288268120082577e+00 6.425277355784801330e+02 7.853981633974492782e-01
9.984175412472761080e-01 6.430214865720288344e+02 7.853981633974492782e-01
9.824403806433538167e-01 6.443634315028742776e+02 7.853981633974492782e-01
1.708681719552106237e+00 6.456520795754883011e+02 7.853981633974492782e-01
9.247727939803576103e-01 6.463637102966949897e+02 7.853981633974492782e-01
7.345122205911139845e-01 6.473131913014216252e+02 7.853981633974492782e-01
2.184116045238164272e+00 6.487609956753115057e+02 7.853981633974492782e-01
1.504243741428183290e+00 6.490900454325851570e+02 7.853981633974492782e-01
1.030191837637102203e+00 6.505318855781071079e+02 7.853981633974492782e-01
1.407920587048463679e+00 6.518343305118687567e+02 7.853981633974492782e-01
1.056932749127107218e+00 6.524409515610051358e+02 7.853981633974492782e-01
7.781275262593884134e-01 6.534706116294418052e+02 7.853981633974492782e-01
1.499256806626265925e+00 6.549672243333973256e+02 7.853981633974492782e-01
1.990004959169771936e+00 6.552770080606671854e+02 7.853981633974492782e-01
1.005089677279074056e+00 6.567362322495637272e+02 7.853981633974492782e-01
1.175698102251824917e+00 6.579975647632020355e+02 7.853981633974492782e-01
1.280827368298274482e+00 6.585818854503605735e+02 7.853981633974492782e-01
8.514411014745180140e-01 6.596406800241250039e+02 7.853981633974492782e-01
9.981077292701381332e-01 6.611038585045895388e+02 7.853981633974492782e-01
2.620045927198949798e+00 6.614915264093649512e+02 7.853981633974492782e-01
9.326108186821885360e-01 6.629176108732509647e+02 7.853981633974492782e-01
9.761788049438291370e-01 6.640989636139221375e+02 7.853981633974492782e-01
1.638330943651207905e+00 6.647497436625612863e+02 7.853981633974492782e-01
9.516047382892072193e-01 6.658065105114425251e+02 7.853981633974492782e-01
6.349113211004606683e-01 6.670352431684806334e+02 7.853981633974492782e-01
3.488044444690949764e+00 6.677161507182256628e+02 7.853981633974492782e-01
7.385427717496499955e-01 6.689202631709896423e+02 7.853981633974492782e-01
8.159154244172615034e-01 6.699898859020778445e+02 7.853981633974492782e-01
2.045308468851295913e+00 6.709171534784009054e+02 7.853981633974492782e-01
9.600960130679222493e-01 6.718877160877214010e+02 7.853981633974492782e-01
6.487322779684479013e-01 6.727098730308636050e+02 7.853981633974492782e-01
3.559556310270191926e+00 6.739499754247066221e+02 7.853981633974492782e-01
9.250006212844870124e-01 6.744986245569375569e+02 7.853981633974492782e-01
9.719118465916226635e-01 6.758095652449370618e+02 7.853981633974492782e-01
1.794742873961001628e+00 6.770862229282947737e+02 7.853981633974492782e-01
9.204496410143655494e-01 6.778272910261163133e+02 7.853981633974492782e-01
7.458141773275823727e-01 6.787448500896813357e+02 7.853981633974492782e-01
2.328449323796465187e+00 6.801837850463869017e+02 7.853981633974492782e-01
1.480159103730754655e+00 6.805173795030652855e+02 7.853981633974492782e-01
1.057662864898107458e+00 6.819606649881513931e+02 7.853981633974492782e-01
1.496244928869000512e+00 6.832749654897603477e+02 7.853981633974492782e-01
1.034011371205235008e+00 6.838949475640445144e+02 7.853981633974492782e-01
7.910269253972407322e-01 6.849050537306809474e+02 7.853981633974492782e-01
1.613266387318394335e+00 6.863975516541829620e+02 7.853981633974492782e-01
1.966800390171575819e+00 6.867010475987905238e+02 7.853981633974492782e-01
1.046154304170066496e+00 6.881708481583489174e+02 7.853981633974492782e-01
1.261662943081936827e+00 6.894543371589088565e+02 7.853981633974492782e-01
1.224308773830163233e+00 6.900344823947323221e+02 7.853981633974492782e-01
8.513979180664940083e-01 6.910849895871026547e+02 7.853981633974492782e-01
1.112322875676911016e+00 6.925623800754422064e+02 7.853981633974492782e-01
2.525355967394112167e+00 6.929190445598899259e+02 7.853981633974492782e-01
9.840497039365084797e-01 6.943699701072059725e+02 7.853981633974492782e-01
1.050736641271994065e+00 6.955850424481787968e+02 7.853981633974492782e-01
1.533296568851462371e+00 6.961994235453666988e+02 7.853981633974492782e-01
9.419247982575323919e-01 6.972600454784776502e+02 7.853981633974492782e-01
7.103623749262393261e-01 6.985725215198081059e+02 7.853981633974492782e-01
3.317527578146542311e+00 6.991450756385315799e+02 7.853981633974492782e-01
8.068148145112341574e-01 7.004513407000149527e+02 7.853981633974492782e-01
8.466654884030099248e-01 7.015394876386840224e+02 7.853981633974492782e-01
2.007180290330421446e+00 7.023614056458051209e+02 7.853981633974492782e-01
9.887951776235861523e-01 7.033714564162747820e+02 7.853981633974492782e-01
6.161900576073215952e-01 7.042289162393880133e+02 7.853981633974492782e-01
3.799285715279903108e+00 7.053747018398460114e+02 7.853981633974492782e-01
8.147772337512203533e-01 7.060326263281436923e+02 7.853981633974492782e-01
9.275953944183092936e-01 7.072827327646187996e+02 7.853981633974492782e-01
1.863553223513032764e+00 7.085241116588485966e+02 7.853981633974492782e-01
9.086043055899170051e-01 7.093074059594233631e+02 7.853981633974492782e-01
7.294994331632131956e-01 7.101983328086000711e+02 7.853981633974492782e-01
2.546377684770611882e+00 7.116124012542638866e+02 7.853981633974492782e-01
1.355593203270104796e+00 7.119700829190081777e+02 7.853981633974492782e-01
1.045792218590571698e+00 7.133966132704651955e+02 7.853981633974492782e-01
1.546329303119922560e+00 7.147102530595766439e+02 7.853981633974492782e-01
1.001073289164289948e+00 7.153477953537407075e+02 7.853981633974492782e-01
7.764152209923330661e-01 7.163455902370877766e+02 7.853981633974492782e-01
1.741006168108099272e+00 7.178317694107286115e+02 7.853981633974492782e-01
1.846339810623020217e+00 7.181354749924803400e+02 7.853981633974492782e-01
1.045620142657232687e+00 7.196013140071328280e+02 7.853981633974492782e-01
1.298272236858212025e+00 7.208918532583451224e+02 7.853981633974492782e-01
1.176928874379713497e+00 7.214751983726348499e+02 7.853981633974492782e-01
8.319681624927043329e-01 7.225215422599715112e+02 7.853981633974492782e-01
1.204821289107622873e+00 7.240102459119259493e+02 7.853981633974492782e-01
2.380237541878182039e+00 7.243480898538822430e+02 7.853981633974492782e-01
9.962951771058136119e-01 7.258054298585777815e+02 7.853981633974492782e-01
1.087292683019652095e+00 7.270363778694070334e+02 7.853981633974492782e-01
1.457090628505463004e+00 7.276371704640546341e+02 7.853981633974492782e-01
9.189099768240270860e-01 7.286982385881219670e+02 7.853981633974492782e-01
7.791040747710031855e-01 7.300670968385803690e+02 7.853981633974492782e-01
3.124029286054173404e+00 7.305725482126691759e+02 7.853981633974492782e-01
8.531418944091084811e-01 7.319304182221339943e+02 7.853981633974492782e-01
8.787113667708483788e-01 7.330447759217329349e+02 7.853981633974492782e-01
1.914951982652663087e+00 7.338016990239569850e+02 7.853981633974492782e-01
9.917405977506410508e-01 7.348332961174033926e+02 7.853981633974492782e-01
5.865762975070004659e-01 7.357814754173914480e+02 7.853981633974492782e-01
3.856174726967146693e+00 7.368007850938558931e+02 7.853981633974492782e-01
7.240299009481075965e-01 7.376161620809550641e+02 7.853981633974492782e-01
8.681686511248914995e-01 7.387882050327789329e+02 7.853981633974492782e-01
1.921381005937509601e+00 7.399658765091430723e+02 7.853981633974492782e-01
9.008954294071760405e-01 7.408031725440783930e+02 7.853981633974492782e-01
6.960102976936165531e-01 7.416736156092885039e+02 7.853981633974492782e-01
2.829639789825255658e+00 7.430430327525625671e+02 7.853981633974492782e-01
1.180867639512806155e+00 7.434493318965637627e+02 7.853981633974492782e-01
1.009891384973565120e+00 7.448428386577351148e+02 7.853981633974492782e-01
1.583227293400234270e+00 7.461465200768486739e+02 7.853981633974492782e-01
9.600633975674951470e-01 7.468085044931917764e+02 7.853981633974492782e-01
7.440874791297120705e-01 7.477970850781870240e+02 7.853981633974492782e-01
1.903213402488535655e+00 7.492692903618001310e+02 7.853981633974492782e-01
1.659353360605607453e+00 7.495824626437458846e+02 7.853981633974492782e-01
1.018416706130369942e+00 7.510336382398443220e+02 7.853981633974492782e-01
1.306870691507342475e+00 7.523226495800371367e+02 7.853981633974492782e-01
1.126633948418293896e+00 7.529125520500857647e+02 7.853981633974492782e-01
7.960966628692061064e-01 7.539588377680382791e+02 7.853981633974492782e-01
1.296599463445685663e+00 7.554564277879168230e+02 7.853981633974492782e-01
2.182570438420475600e+00 7.557816644891468059e+02 7.853981633974492782e-01
9.795367729165862514e-01 7.572340248126655524e+02 7.853981633974492782e-01
1.092709403621368480e+00 7.584690391074682339e+02 7.853981633974492782e-01
1.394865875147043965e+00 7.590666572269313974e+02 7.853981633974492782e-01
8.844034364404017579e-01 7.601285527551708583e+02 7.853981633974492782e-01
8.386327316170169022e-01 7.615401650645236487e+02 7.853981633974492782e-01
2.907775696118885200e+00 7.620000719950572829e+02 7.853981633974492782e-01
8.726853975414744502e-01 7.633819944927353163e+02 7.853981633974492782e-01
8.994560520443818374e-01 7.645161839385044686e+02 7.853981633974492782e-01
1.816777553836790515e+00 7.652365451273011558e+02 7.853981633974492782e-01
9.755035998135143105e-01 7.662785737622025408e+02 7.853981633974492782e-01
5.791838542102997200e-01 7.673319512365089849e+02 7.853981633974492782e-01
3.754699430350036504e+00 7.682269738480659953e+02 7.853981633974492782e-01
6.910346242970365482e-01 7.691967253593081750e+02 7.853981633974492782e-01
8.273228787425133124e-01 7.703078838644397592e+02 7.853981633974492782e-01
1.976937793618561701e+00 7.714063080711907787e+02 7.853981633974492782e-01
9.103138966575743396e-01 7.722956138076540356e+02 7.853981633974492782e-01
6.728731141706804086e-01 7.731463962630296010e+02 7.853981633974492782e-01
3.101240737893664612e+00 7.744692678177793823e+02 7.853981633974492782e-01
1.058530979705987196e+00 7.749274779401041542e+02 7.853981633974492782e-01
9.882410801085604879e-01 7.762895803571050237e+02 7.853981633974492782e-01
1.646015060471714309e+00 7.775839979469470791e+02 7.853981633974492782e-01
9.331272210949047574e-01 7.782742533912874023e+02 7.853981633974492782e-01
7.299956437335215487e-01 7.792446185598593047e+02 7.853981633974492782e-01
2.069739503520731994e+00 7.807008340425458073e+02 7.853981633974492782e-01
1.539233463659390733e+00 7.810251416114176664e+02 7.853981633974492782e-01
1.014079400892424987e+00 7.824673871764551905e+02 7.853981633974492782e-01
1.349719189017601018e+00 7.837612794555793698e+02 7.853981633974492782e-01
1.081110583421257765e+00 7.843597638100881113e+02 7.853981633974492782e-01
7.762784205576384045e-01 7.854001100123838341e+02 7.853981633974492782e-01
1.408790365142441825e+00 7.868990817239874787e+02 7.853981633974492782e-01
2.038861417014074195e+00 7.872147479241619976e+02 7.853981633974492782e-01
9.823240611211473405e-01 7.886676767671109474e+02 7.853981633974492782e-01
1.124552250877512760e+00 7.899139786458575827e+02 7.853981633974492782e-01
1.328603956760318283e+00 7.905047071241009462e+02 7.853981633974492782e-01
8.586873607936827968e-01 7.915663195984703862e+02 7.853981633974492782e-01
9.197732251191778063e-01 7.930120234594126032e+02 7.853981633974492782e-01
2.719566809873794178e+00 7.934288995203966124e+02 7.853981633974492782e-01
8.994700582156128776e-01 7.948345620868331025e+02 7.853981633974492782e-01
9.331387775453093836e-01 7.959926116764261224e+02 7.853981633974492782e-01
1.716120907372301163e+00 7.966749298127751899e+02 7.853981633974492782e-01
9.593490465293496028e-01 7.977258877544591087e+02 7.853981633974492782e-01
5.989515673406252683e-01 7.988828586136071408e+02 7.853981633974492782e-01
3.604689886678857924e+00 7.996540272864338021e+02 7.853981633974492782e-01
7.039839148471022101e-01 8.007645887535392148e+02 7.853981633974492782e-01
8.108093138078523721e-01 8.018406194103042708e+02 7.853981633974492782e-01
2.027155962574524128e+00 8.028457685790128835e+02 7.853981633974492782e-01
9.354985424299769869e-01 8.037830812000439664e+02 7.853981633974492782e-01
6.602428759823595339e-01 8.046127733061729259e+02 7.853981633974492782e-01
3.363352376224860052e+00 8.058921339069103169e+02 7.853981633974492782e-01
9.807939747075063996e-01 8.063980040482072127e+02 7.853981633974492782e-01
9.810149425548848612e-01 8.077331490320744933e+02 7.853981633974492782e-01
1.731101891087758915e+00 8.090196190558218632e+02 7.853981633974492782e-01
9.234747879108441415e-01 8.097384307763792322e+02 7.853981633974492782e-01
7.377644700517098642e-01 8.106799158263984282e+02 7.853981633974492782e-01
2.220265283335107309e+00 8.121255845940245308e+02 7.853981633974492782e-01
1.499135735732328945e+00 8.124555613878013673e+02 7.853981633974492782e-01
1.037809817839398185e+00 8.138980474366424005e+02 7.853981633974492782e-01
1.430676038209480083e+00 8.152038251217633160e+02 7.853981633974492782e-01
1.050576159262302411e+00 8.158135645196763335e+02 7.853981633974492782e-01
7.812241289811003853e-01 8.168385276868549454e+02 7.853981633974492782e-01
1.529176713838104718e+00 8.183341133194029453e+02 7.853981633974492782e-01
1.982799803187892618e+00 8.186420815181106718e+02 7.853981633974492782e-01
1.015662549824204453e+00 8.201041650365467603e+02 7.853981633974492782e-01
1.197172474988304147e+00 8.213713522910128404e+02 7.853981633974492782e-01
1.265566071312623553e+00 8.219539295954321005e+02 7.853981633974492782e-01
8.510161119031682819e-01 8.230110231403748458e+02 7.853981633974492782e-01
1.027021458257292741e+00 8.244786163174690046e+02 7.853981633974492782e-01
2.593722741563351697e+00 8.248574051815754729e+02 7.853981633974492782e-01
9.458934954661563088e-01 8.262904667865317379e+02 7.853981633974492782e-01
9.942321175137444067e-01 8.274805495124700201e+02 7.853981633974492782e-01
1.611278724310610588e+00 8.281208918820422014e+02 7.853981633974492782e-01
9.494472588782033595e-01 8.291791565486765876e+02 7.853981633974492782e-01
6.515214392631233364e-01 8.304308336224235063e+02 7.853981633974492782e-01
3.446916629258109488e+00 8.310821955789145932e+02 7.853981633974492782e-01
7.543457008198457547e-01 8.323153551389088989e+02 7.853981633974492782e-01
8.212756908218863394e-01 8.333869520495635470e+02 7.853981633974492782e-01
2.043653540246981759e+00 8.342867004989159341e+02 7.853981633974492782e-01
9.684794432414796095e-01 8.352680789044742369e+02 7.853981633974492782e-01
6.424091141829747498e-01 8.360926967483037515e+02 7.853981633974492782e-01
3.626356823702739707e+00 8.373146823640933007e+02 7.853981633974492782e-01
9.010451598209296975e-01 8.378835986259358606e+02 7.853981633974492782e-01
9.647815109697048808e-01 8.391830040885857898e+02 7.853981633974492782e-01
1.813904246611893756e+00 8.404539008694147242e+02 7.853981633974492782e-01
9.184513130572192763e-01 8.412037577205069283e+02 7.853981633974492782e-01
7.453816250127619503e-01 8.421138555035641957e+02 7.853981633974492782e-01
2.372145634267942782e+00 8.435489815803864531e+02 7.853981633974492782e-01
1.462320144516628284e+00 8.438856970155806039e+02 7.853981633974492782e-01
1.059846442116813447e+00 8.453273031083936075e+02 7.853981633974492782e-01
1.513747751060687152e+00 8.466430289117275834e+02 7.853981633974492782e-01
1.027580817493614296e+00 8.472668775599817081e+02 7.853981633974492782e-01
7.914312546202636467e-01 8.482727297859267992e+02 7.853981633974492782e-01
1.641883700143135671e+00 8.497641079902653019e+02 7.853981633974492782e-01
1.951620843918287385e+00 8.500667394255326599e+02 7.853981633974492782e-01
1.051919665057887476e+00 8.515375632134872603e+02 7.853981633974492782e-01
1.278146297746057147e+00 8.528248158748876904e+02 7.853981633974492782e-01
1.211904704656357579e+00 8.534052001937458272e+02 7.853981633974492782e-01
8.497162061622697271e-01 8.544537359314543892e+02 7.853981633974492782e-01
1.138305646790349179e+00 8.559338956417029749e+02 7.853981633974492782e-01
2.498335069219736582e+00 8.562847598179263287e+02 7.853981633974492782e-01
9.927734011618982723e-01 8.577395339896747828e+02 7.853981633974492782e-01
1.066229287872750620e+00 8.589610722782796302e+02 7.853981633974492782e-01
1.510342469140933286e+00 8.595696566206499938e+02 7.853981633974492782e-01
9.379752221963508774e-01 8.606304598220140178e+02 7.853981633974492782e-01
7.304023930859420144e-01 8.619598054585679847e+02 7.853981633974492782e-01
3.271259985796815872e+00 8.625110314174015684e+02 7.853981633974492782e-01
8.227870951598665883e-01 8.638354715616560497e+02 7.853981633974492782e-01
8.564669961435663614e-01 8.649310318904231281e+02 7.853981633974492782e-01
1.985799295526889052e+00 8.657313499399267585e+02 7.853981633974492782e-01
9.925350396228395100e-01 8.667488478947735757e+02 7.853981633974492782e-01
6.068948443109876134e-01 8.676261125863427424e+02 7.853981633974492782e-01
3.835873884821988433e+00 8.687401295109557395e+02 7.853981633974492782e-01
7.860902583439169922e-01 8.694366928678194881e+02 7.853981633974492782e-01
9.116949039444233183e-01 8.706664378666545190e+02 7.853981633974492782e-01
1.879002622649665888e+00 8.718935195303828323e+02 7.853981633974492782e-01
9.052875000929498928e-01 8.726903388753200943e+02 7.853981633974492782e-01
7.208624399300574970e-01 8.735755651854195776e+02 7.853981633974492782e-01
2.617767308964974671e+00 8.749792724823608978e+02 7.853981633974492782e-01
1.308616331739474115e+00 8.753479795790499338e+02 7.853981633974492782e-01
1.036518632618183222e+00 8.767666286857714795e+02 7.853981633974492782e-01
1.554440622370941272e+00 8.780780148943298400e+02 7.853981633974492782e-01
9.901744849699349871e-01 8.787212224761213974e+02 7.853981633974492782e-01
7.677260896605742069e-01 8.797170464999128399e+02 7.853981633974492782e-01
1.780554084822851379e+00 8.812003559076873671e+02 7.853981633974492782e-01
1.796833125945925369e+00 8.815057955733834660e+02 7.853981633974492782e-01
1.038306036395016729e+00 8.829679946581514969e+02 7.853981633974492782e-01
1.299360103157530588e+00 8.842580292956341736e+02 7.853981633974492782e-01
1.164414530218238708e+00 8.848428631051019693e+02 7.853981633974492782e-01
8.226801296835697386e-01 8.858893232602540593e+02 7.853981633974492782e-01
1.226762994022809750e+00 8.873808735351652786e+02 7.853981633974492782e-01
2.329383245874284025e+00 8.877151313827657759e+02 7.853981633974492782e-01
9.921548126713486404e-01 8.891713294358550002e+02 7.853981633974492782e-01
1.088553301111834015e+00 8.904033277090896945e+02 7.853981633974492782e-01
1.441416204678920510e+00 8.910032735416966716e+02 7.853981633974492782e-01
9.102942299031643314e-01 8.920645355036477895e+02 7.853981633974492782e-01
7.934997382774396923e-01 8.934449828805530842e+02 7.853981633974492782e-01
3.069347752924600048e+00 8.939381909262657473e+02 7.853981633974492782e-01
8.589752625838060762e-01 8.953031280821451219e+02 7.853981633974492782e-01
8.840783614550991043e-01 8.964226934038912304e+02 7.853981633974492782e-01
1.890122195693865637e+00 8.971694154058028516e+02 7.853981633974492782e-01
9.884351071598023175e-01 8.982040997346916811e+02 7.853981633974492782e-01
5.824191958691763427e-01 8.991786163591663126e+02 7.853981633974492782e-01
3.839698233965278096e+00 9.001661617725369524e+02 7.853981633974492782e-01
7.106303739286192744e-01 9.010217483450455802e+02 7.853981633974492782e-01
8.556137777621398710e-01 9.021762009391027277e+02 7.853981633974492782e-01
1.935346774659354896e+00 9.033350633547802317e+02 7.853981633974492782e-01
9.015646539855385333e-01 9.041859045878151164e+02 7.853981633974492782e-01
6.887594632718423426e-01 9.050516138196771863e+02 7.853981633974492782e-01
2.900084959592359013e+00 9.064088990782639712e+02 7.853981633974492782e-01
1.144049637597846614e+00 9.068287151130145958e+02 7.853981633974492782e-01
1.002490513730041943e+00 9.082137276768822858e+02 7.853981633974492782e-01
1.596207663585329728e+00 9.095148101875645352e+02 7.853981633974492782e-01
9.514271886636569420e-01 9.101837602307828092e+02 7.853981633974492782e-01
7.381304902030391135e-01 9.111688454944243176e+02 7.853981633974492782e-01
1.945960100743618026e+00 9.126367800009729763e+02 7.853981633974492782e-01
1.620343549236670455e+00 9.129530227361484549e+02 7.853981633974492782e-01
1.014236325523954818e+00 9.144010295059680402e+02 7.853981633974492782e-01
1.313456046168213653e+00 9.156904390537797553e+02 7.853981633974492782e-01
1.114036700035725858e+00 9.162823019463199898e+02 7.853981633974492782e-01
7.887437954656839612e-01 9.173279014006175203e+02 7.853981633974492782e-01
1.323083502877413720e+00 9.188265572100392546e+02 7.853981633974492782e-01
2.138244839287875454e+00 9.191491334245450844e+02 7.853981633974492782e-01
9.772699818543247874e-01 9.206007576440021012e+02 7.853981633974492782e-01
1.096924888670776532e+00 9.218375937832541922e+02 7.853981633974492782e-01
1.378306873391538012e+00 9.224339421720648033e+02 7.853981633974492782e-01
8.763834967806481968e-01 9.234959775975394223e+02 7.853981633974492782e-01
8.564789788489834965e-01 9.249172382490845621e+02 7.853981633974492782e-01
2.855165794478829788e+00 9.253660775020181291e+02 7.853981633974492782e-01
8.778380733600518182e-01 9.267535856563824836e+02 7.853981633974492782e-01
9.058793670474645232e-01 9.278931107098608209e+02 7.853981633974492782e-01
1.791514435227087976e+00 9.286044644446127450e+02 7.853981633974492782e-01
9.708775457617280225e-01 9.296487797592562856e+02 7.853981633974492782e-01
5.813765891268590780e-01 9.307289931785433055e+02 7.853981633974492782e-01
3.718296125658942852e+00 9.315925223596120759e+02 7.853981633974492782e-01
6.903545660687103735e-01 9.325995084521583749e+02 7.853981633974492782e-01
8.207172364855124247e-01 9.336990904696580174e+02 7.853981633974492782e-01
1.990807216136599944e+00 9.347751447504784892e+02 7.853981633974492782e-01
9.154063915705366039e-01 9.356770423880684575e+02 7.853981633974492782e-01
6.690160013805195316e-01 9.365224099002617777e+02 7.853981633974492782e-01
3.168301726520870609e+00 9.378340834758556639e+02 7.853981633974492782e-01
1.035779532747031384e+00 9.383047016609910997e+02 7.853981633974492782e-01
9.855234293476988761e-01 9.396596837239404749e+02 7.853981633974492782e-01
1.666193884566778305e+00 9.409520845306501542e+02 7.853981633974492782e-01
9.292572772434817274e-01 9.416496678249778824e+02 7.853981633974492782e-01
7.302317010204658621e-01 9.426135705751772775e+02 7.853981633974492782e-01
2.110121366440206980e+00 9.440664613809506136e+02 7.853981633974492782e-01
1.522493153380735764e+00 9.443928476361857065e+02 7.853981633974492782e-01
1.017885289216176048e+00 9.458343641399978878e+02 7.853981633974492782e-01
1.367273760710000063e+00 9.471307672171119520e+02 7.853981633974492782e-01
1.071820650885872972e+00 9.477318415779220686e+02 7.853981633974492782e-01
7.752969912584273260e-01 9.487691979455380533e+02 7.853981633974492782e-01
1.439505128187820615e+00 9.502675606986812227e+02 7.853981633974492782e-01
2.016423220489818924e+00 9.505811486337738643e+02 7.853981633974492782e-01
9.880960831569010061e-01 9.520356764974917496e+02 7.853981633974492782e-01
1.139263846087691157e+00 9.532865027640345943e+02 7.853981633974492782e-01
1.312004759704568313e+00 9.538750045077762252e+02 7.853981633974492782e-01
8.549829546404372760e-01 9.549360150180507389e+02 7.853981633974492782e-01
9.447969579707414800e-01 9.563884599795618442e+02 7.853981633974492782e-01
2.681408736341667876e+00 9.567950167691345769e+02 7.853981633974492782e-01
9.093397149015652881e-01 9.582073875661317288e+02 7.853981633974492782e-01
9.457716720511021302e-01 9.593727829447112754e+02 7.853981633974492782e-01
1.690093084966637349e+00 9.600445668664419827e+02 7.853981633974492782e-01
9.562897177828240114e-01 9.610976492607732098e+02 7.853981633974492782e-01
6.089543518868766325e-01 9.622795935762212594e+02 7.853981633974492782e-01
3.565273798336541677e+00 9.630198251346037068e+02 7.853981633974492782e-01
7.134744493059564929e-01 9.641632560837257415e+02 7.853981633974492782e-01
8.107737584002364661e-01 9.652351147141968113e+02 7.853981633974492782e-01
2.036168724452843026e+00 9.662146010428318732e+02 7.853981633974492782e-01
9.435280852241172411e-01 9.671633906945332910e+02 7.853981633974492782e-01
6.570895809052821335e-01 9.679889745807651025e+02 7.853981633974492782e-01
3.429400046912077560e+00 9.692564981770843815e+02 7.853981633974492782e-01
9.632041628914702613e-01 9.697751809230318258e+02 7.853981633974492782e-01
9.791351015977903804e-01 9.711031161698779215e+02 7.853981633974492782e-01
1.753335345123849587e+00 9.723870168500232012e+02 7.853981633974492782e-01
9.225279655642308896e-01 9.731130633517057049e+02 7.853981633974492782e-01
7.411571283964559775e-01 9.740463816658723317e+02 7.853981633974492782e-01
2.255746042015057462e+00 9.754900381565080352e+02 7.853981633974492782e-01
1.494917802088560732e+00 9.758208699783424436e+02 7.853981633974492782e-01
1.045529292043457126e+00 9.772640435694769394e+02 7.853981633974492782e-01
1.453772379397162196e+00 9.785730822688474291e+02 7.853981633974492782e-01
1.044834119735511990e+00 9.791861122080736095e+02 7.853981633974492782e-01
7.848868507797077676e-01 9.802060551490512808e+02 7.853981633974492782e-01
1.558236255528891112e+00 9.817005960864138387e+02 7.853981633974492782e-01
1.978137247680763711e+00 9.820068637604864534e+02 7.853981633974492782e-01
1.026723847012753543e+00 9.834718723809049834e+02 7.853981633974492782e-01
1.219608125964356526e+00 9.847449499925119198e+02 7.853981633974492782e-01
1.250921357485306196e+00 9.853262046868762809e+02 7.853981633974492782e-01
8.511939044436762636e-01 9.863812441924932273e+02 7.853981633974492782e-01
1.056339859220403632e+00 9.878526092008446540e+02 7.853981633974492782e-01
2.569972025773716418e+00 9.882231792669853121e+02 7.853981633974492782e-01
9.595056910060545396e-01 9.896629264952721314e+02 7.853981633974492782e-01
1.013412627926341569e+00 9.908618360194236629e+02 7.853981633974492782e-01
1.584209567996472057e+00 9.914923545419750326e+02 7.853981633974492782e-01
9.472437109949110035e-01 9.925517732862687126e+02 7.853981633974492782e-01
6.701525743932826851e-01 9.938253967703567469e+02 7.853981633974492782e-01
3.404493475818592074e+00 9.944483088734224339e+02 7.853981633974492782e-01
7.716315664647838135e-01 9.957086594665476014e+02 7.853981633974492782e-01
8.284545504343429068e-01 9.967842703838213083e+02 7.853981633974492782e-01
2.036686271221650024e+00 9.976565934001894220e+02 7.853981633974492782e-01
9.763629036857887078e-01 9.986483877134307932e+02 7.853981633974492782e-01
6.345452043285569887e-01 9.994794964303264351e+02 7.853981633974492782e-01
3.691135915110164589e+00 1.000679622125403853e+03 7.853981633974492782e-01
8.737662290780587870e-01 1.001273491330945603e+03 7.853981633974492782e-01
9.547566496283994564e-01 1.002558794952440394e+03 7.853981633974492782e-01
1.831568250717791502e+00 1.003821983163261621e+03 7.853981633974492782e-01
9.156166244804878618e-01 1.004581784131202426e+03 7.853981633974492782e-01
7.423372282335054528e-01 1.005484980947652957e+03 7.853981633974492782e-01
2.423026835641223897e+00 1.006914772818445385e+03 7.853981633974492782e-01
1.434775550107094233e+00 1.007256443666118457e+03 7.853981633974492782e-01
1.058329135670962984e+00 1.008694667914121510e+03 7.853981633974492782e-01
1.527453832024318725e+00 1.010010693841320290e+03 7.853981633974492782e-01
1.019957304468849024e+00 1.010638699842708547e+03 7.853981633974492782e-01
7.889777507431978698e-01 1.011641160145747790e+03 7.853981633974492782e-01
1.672256966583552051e+00 1.013131218710120834e+03 7.853981633974492782e-01
1.926056262231217397e+00 1.013433545169069703e+03 7.853981633974492782e-01
