9.023135297834166124e-01 3.458547578010824630e-02 1.570796326794862363e+00
1.321637121402558179e+00 1.632855068696781764e+00 1.570796326794862363e+00
1.979353977024481015e+00 1.962835825611716434e+00 1.570796326794862363e+00
9.940253981453827103e-01 3.433785423902325107e+00 1.570796326794862363e+00
9.494738990416532465e-01 4.467602499003626271e+00 1.570796326794862363e+00
1.088878901361596263e+00 5.367569247835657364e+00 1.570796326794862363e+00
1.073003244339148177e+00 6.211224735408620745e+00 1.570796326794862363e+00
8.284871199872479997e-01 7.726584099961842256e+00 1.570796326794862363e+00
2.629676543372875486e+00 8.171373269138772599e+00 1.570796326794862363e+00
8.782268757392547309e-01 9.579415522699003205e+00 1.570796326794862363e+00
9.465216232029440846e-01 1.054110297076989156e+01 1.570796326794862363e+00
1.233218442191096997e+00 1.150001618875692699e+01 1.570796326794862363e+00
1.269747166549088035e+00 1.239610778544337322e+01 1.570796326794862363e+00
5.329234388956272106e-01 1.353568182954178134e+01 1.570796326794862363e+00
3.393899367481445051e+00 1.438820718012673971e+01 1.570796326794862363e+00
6.840359618046781831e-01 1.545224441990747977e+01 1.570796326794862363e+00
9.904150893631837871e-01 1.648778955779266653e+01 1.570796326794862363e+00
1.293924541254875216e+00 1.759280558650818094e+01 1.570796326794862363e+00
1.243093496778904683e+00 1.852864797428833299e+01 1.570796326794862363e+00
6.498786320882093959e-01 1.924660414079855286e+01 1.570796326794862363e+00
3.107042223385990454e+00 2.062449685696997292e+01 1.570796326794862363e+00
9.851296140117833389e-01 2.113469656746125125e+01 1.570796326794862363e+00
1.102929602457233704e+00 2.250022631657281380e+01 1.570796326794862363e+00
1.142871438499271752e+00 2.368203513564974827e+01 1.570796326794862363e+00
1.070973389956956456e+00 2.459223369988992758e+01 1.570796326794862363e+00
7.813659105666842519e-01 2.531488658339770126e+01 1.570796326794862363e+00
2.117324957311275568e+00 2.686295683753678532e+01 1.570796326794862363e+00
1.445452860428141140e+00 2.721046439597992972e+01 1.570796326794862363e+00
1.087439681165367711e+00 2.867525524037912987e+01 1.570796326794862363e+00
1.023786358098226490e+00 2.980330495923411505e+01 1.570796326794862363e+00
1.023651833661264998e+00 3.069017825574384162e+01 1.570796326794862363e+00
8.871320713316150908e-01 3.147107558163082430e+01 1.570796326794862363e+00
1.432279563775545217e+00 3.306903448399856416e+01 1.570796326794862363e+00
1.904198559732530827e+00 3.339239033400662038e+01 1.570796326794862363e+00
1.020653149634785928e+00 3.487031992088155619e+01 1.570796326794862363e+00
9.615641040356043279e-01 3.592223708121692738e+01 1.570796326794862363e+00
1.073322232231026963e+00 3.681544689706928608e+01 1.570796326794862363e+00
1.043569771123167067e+00 3.764725067592879526e+01 1.570796326794862363e+00
9.167984295902484870e-01 3.919280232448978296e+01 1.570796326794862363e+00
2.509324795329335167e+00 3.960000426116812378e+01 1.570796326794862363e+00
9.174499197483517721e-01 4.103440461897075409e+01 1.570796326794862363e+00
9.479402504895853010e-01 4.201002469086351709e+01 1.570796326794862363e+00
1.204106994844967193e+00 4.295067144318728225e+01 1.570796326794862363e+00
1.242547925688427313e+00 4.383411807217488132e+01 1.570796326794862363e+00
5.642790032043913939e-01 4.507951628333422889e+01 1.570796326794862363e+00
3.282473811920917584e+00 4.581629380156790887e+01 1.570796326794862363e+00
7.127106654109429673e-01 4.699523648521483210e+01 1.570796326794862363e+00
9.788512622954087528e-01 4.798057439959945469e+01 1.570796326794862363e+00
1.318153130875976631e+00 4.904790094669175460e+01 1.570796326794862363e+00
1.290091940068677889e+00 4.998198023602040507e+01 1.570796326794862363e+00
6.285656453114729647e-01 5.071435228828300268e+01 1.570796326794862363e+00
3.299042783085697650e+00 5.204509412872267404e+01 1.570796326794862363e+00
9.255663646129590472e-01 5.260060033777897104e+01 1.570796326794862363e+00
1.106720943039231297e+00 5.393867072278757746e+01 1.570796326794862363e+00
1.178142306819992102e+00 5.512514030276353338e+01 1.570796326794862363e+00
1.098897893395856196e+00 5.604075409820217146e+01 1.570796326794862363e+00
7.853037144953998183e-01 5.674503246455482497e+01 1.570796326794862363e+00
2.242959904465927856e+00 5.828459752328130605e+01 1.570796326794862363e+00
1.423225199837804711e+00 5.863767109469009142e+01 1.570796326794862363e+00
1.117877985675887142e+00 6.010423017646944999e+01 1.570796326794862363e+00
1.055421564830000269e+00 6.124995419665602014e+01 1.570796326794862363e+00
1.036475963528710631e+00 6.213891498050791284e+01 1.570796326794862363e+00
8.884806392799285968e-01 6.290275072231633402e+01 1.570796326794862363e+00
1.536342884690603316e+00 6.449884050551237635e+01 1.570796326794862363e+00
1.874379766726785412e+00 6.481743505019967699e+01 1.570796326794862363e+00
1.059741901100912598e+00 6.630556291514521661e+01 1.570796326794862363e+00
9.840674318563159551e-01 6.737923527010360658e+01 1.570796326794862363e+00
1.067296266321791309e+00 6.826687332027530886e+01 1.570796326794862363e+00
1.027757781173491036e+00 6.908338649279828303e+01 1.570796326794862363e+00
1.012748581046738927e+00 7.064895382315968675e+01 1.570796326794862363e+00
2.428224256729917929e+00 7.102714169933922506e+01 1.570796326794862363e+00
9.647420841114199286e-01 7.248632376556840029e+01 1.570796326794862363e+00
9.571569773646698698e-01 7.348121729487505149e+01 1.570796326794862363e+00
1.179131125685554560e+00 7.440428356292754586e+01 1.570796326794862363e+00
1.218288874559593005e+00 7.527280343100628102e+01 1.570796326794862363e+00
6.171749552981489195e-01 7.660790298570748291e+01 1.570796326794862363e+00
3.170892834227879042e+00 7.724436407610346578e+01 1.570796326794862363e+00
7.625552676149687237e-01 7.851771339174487707e+01 1.570796326794862363e+00
9.732452218550632361e-01 7.947457343924065754e+01 1.570796326794862363e+00
1.327042814034419260e+00 8.050391457126481498e+01 1.570796326794862363e+00
1.326890020538598502e+00 8.143217609222476483e+01 1.570796326794862363e+00
5.976874173994800588e-01 8.220413748686576128e+01 1.570796326794862363e+00
3.468677113193593176e+00 8.346675894212965829e+01 1.570796326794862363e+00
8.515211732092092811e-01 8.408943595155365358e+01 1.570796326794862363e+00
1.095234818864498028e+00 8.538481689441805145e+01 1.570796326794862363e+00
1.206808168059691377e+00 8.656951670999903570e+01 1.570796326794862363e+00
1.124086064248263961e+00 8.749070207655060472e+01 1.570796326794862363e+00
7.746641737120453231e-01 8.818287304362293355e+01 1.570796326794862363e+00
2.383888219508817574e+00 8.970769675687903089e+01 1.570796326794862363e+00
1.366504664038591166e+00 9.007328807534027248e+01 1.570796326794862363e+00
1.131766726967562864e+00 9.153379927484552070e+01 1.570796326794862363e+00
1.078103679891725619e+00 9.269202256112335192e+01 1.570796326794862363e+00
1.044455835771715524e+00 9.358392226370342826e+01 1.570796326794862363e+00
8.793829452439141381e-01 9.433499640872422276e+01 1.570796326794862363e+00
1.635740485874399797e+00 9.592765483937921545e+01 1.570796326794862363e+00
1.819833781991687882e+00 9.624473949715996923e+01 1.570796326794862363e+00
1.082081822069026922e+00 9.773634763068793063e+01 1.570796326794862363e+00
9.992544199356122592e-01 9.882609455635041229e+01 1.570796326794862363e+00
1.060290976207207470e+00 9.971122709702127906e+01 1.570796326794862363e+00
1.007326141700426003e+00 1.005163859347211570e+02 1.570796326794862363e+00
1.098314771223380726e+00 1.020953974855285082e+02 1.570796326794862363e+00
2.339745826758098168e+00 1.024539034885018509e+02 1.570796326794862363e+00
9.955480861449010899e-01 1.039270223174076762e+02 1.570796326794862363e+00
9.634991583307008778e-01 1.049386474189566627e+02 1.570796326794862363e+00
1.155745714153529224e+00 1.058503534619077868e+02 1.570796326794862363e+00
1.187955569981377524e+00 1.067070105131922304e+02 1.570796326794862363e+00
6.764683293815498821e-01 1.081093661807659032e+02 1.570796326794862363e+00
3.043764653098247841e+00 1.086717637584908545e+02 1.570796326794862363e+00
8.117117254274865967e-01 1.100086704855535515e+02 1.570796326794862363e+00
9.682220913299560694e-01 1.109574382425302588e+02 1.570796326794862363e+00
1.313760122930982543e+00 1.119574872228116362e+02 1.570796326794862363e+00
1.337402258592360393e+00 1.128767480824802192e+02 1.570796326794862363e+00
5.596208720397526371e-01 1.137296196776744210e+02 1.570796326794862363e+00
3.564054946290802661e+00 1.148909562636764008e+02 1.570796326794862363e+00
7.655375840175291380e-01 1.156202056415238246e+02 1.570796326794862363e+00
1.063734807016557093e+00 1.168475523401767049e+02 1.570796326794862363e+00
1.228303603364198526e+00 1.180209030958107093e+02 1.570796326794862363e+00
1.147413991071690731e+00 1.189481138790177255e+02 1.570796326794862363e+00
7.372079024978187567e-01 1.196412347725848093e+02 1.570796326794862363e+00
2.572765930208015916e+00 1.211343725464273717e+02 1.570796326794862363e+00
1.244961467491354501e+00 1.215304281974422480e+02 1.570796326794862363e+00
1.119650295269277063e+00 1.229691195432752266e+02 1.570796326794862363e+00
1.086613763925537102e+00 1.241337701066626380e+02 1.570796326794862363e+00
1.041719027908345030e+00 1.250296865514123397e+02 1.570796326794862363e+00
8.431083815264912573e-01 1.257762732653122697e+02 1.570796326794862363e+00
1.753368874414151790e+00 1.273602682199393143e+02 1.570796326794862363e+00
1.693688634897706935e+00 1.276821725700965828e+02 1.570796326794862363e+00
1.073515895957807054e+00 1.291650655293273076e+02 1.570796326794862363e+00
9.968170764224596470e-01 1.302615652899602878e+02 1.570796326794862363e+00
1.043426271833138408e+00 1.311465227162977953e+02 1.570796326794862363e+00
9.668621699644840417e-01 1.319485050316914396e+02 1.570796326794862363e+00
1.173422614945442533e+00 1.335381572666829584e+02 1.570796326794862363e+00
2.201803974493621752e+00 1.338834492212483269e+02 1.570796326794862363e+00
9.947949035612010382e-01 1.353564129636195617e+02 1.570796326794862363e+00
9.574645216720892860e-01 1.363757777299231009e+02 1.570796326794862363e+00
1.130306998699529553e+00 1.372830268575400794e+02 1.570796326794862363e+00
1.145501564290376750e+00 1.381349819467484679e+02 1.570796326794862363e+00
7.273610281351264861e-01 1.395856969267929060e+02 1.570796326794862363e+00
2.889722742963299673e+00 1.400985369076465474e+02 1.570796326794862363e+00
8.402548906012509145e-01 1.414686565709338879e+02 1.570796326794862363e+00
9.595630832863921711e-01 1.424193482734448537e+02 1.570796326794862363e+00
1.285842044397506934e+00 1.434021989980531657e+02 1.570796326794862363e+00
1.319471867897955786e+00 1.443129325808558008e+02 1.570796326794862363e+00
5.331507907846960714e-01 1.452704297790337762e+02 1.570796326794862363e+00
3.547277032203882907e+00 1.463167751274428952e+02 1.570796326794862363e+00
7.052173823218842452e-01 1.471730948079248833e+02 1.570796326794862363e+00
1.029067807765567499e+00 1.483225056457471851e+02 1.570796326794862363e+00
1.250032648620739595e+00 1.494758460782181544e+02 1.570796326794862363e+00
1.176225180816357740e+00 1.504080896905282430e+02 1.570796326794862363e+00
6.953276206940018911e-01 1.511103952252874763e+02 1.570796326794862363e+00
2.779058426819023708e+00 1.525604582467134378e+02 1.570796326794862363e+00
1.120147183201682939e+00 1.529992890250771040e+02 1.570796326794862363e+00
1.104400984087949844e+00 1.544089051345808628e+02 1.570796326794862363e+00
1.097951351940606779e+00 1.555792996520066538e+02 1.570796326794862363e+00
1.042337565931362731e+00 1.564803006271565380e+02 1.570796326794862363e+00
8.042839285002074678e-01 1.572229108200974395e+02 1.570796326794862363e+00
1.890100004202488915e+00 1.587926059588113219e+02 1.570796326794862363e+00
1.560235895187190414e+00 1.591247058028293111e+02 1.570796326794862363e+00
1.063117983654954690e+00 1.605961226421234187e+02 1.570796326794862363e+00
9.947652072798252032e-01 1.617000067888855028e+02 1.570796326794862363e+00
1.025995347561326376e+00 1.625853206510851123e+02 1.570796326794862363e+00
9.223428922289684806e-01 1.633841521599965461e+02 1.570796326794862363e+00
1.259940858383370221e+00 1.649807176683810610e+02 1.570796326794862363e+00
2.052540713633829839e+00 1.653157566113194434e+02 1.570796326794862363e+00
9.891100775851594529e-01 1.667858499736664157e+02 1.570796326794862363e+00
9.494829563778088843e-01 1.678123589558208550e+02 1.570796326794862363e+00
1.103152476161012085e+00 1.687157690874375078e+02 1.570796326794862363e+00
1.098157807852546908e+00 1.695638441718434990e+02 1.570796326794862363e+00
7.846423190676906634e-01 1.710565464868157051e+02 1.570796326794862363e+00
2.722300161923528083e+00 1.715264211783104713e+02 1.570796326794862363e+00
8.615293596120996433e-01 1.729198852553978440e+02 1.570796326794862363e+00
9.499947732668344580e-01 1.738761428823439701e+02 1.570796326794862363e+00
1.252787557258015383e+00 1.748447862261304238e+02 1.570796326794862363e+00
1.288635970727832758e+00 1.757469806236391321e+02 1.570796326794862363e+00
5.260046365775720156e-01 1.768181768856984490e+02 1.570796326794862363e+00
3.460050589105971408e+00 1.777438662305477521e+02 1.570796326794862363e+00
6.813493332921236600e-01 1.787316820678407510e+02 1.570796326794862363e+00
1.001871408814631437e+00 1.798064105660944563e+02 1.570796326794862363e+00
1.276735178732822051e+00 1.809317763442700766e+02 1.570796326794862363e+00
1.215399364174237995e+00 1.818670729641449952e+02 1.570796326794862363e+00
6.637523037395715031e-01 1.825794101729534304e+02 1.570796326794862363e+00
2.985727177600382198e+00 1.839839555867093281e+02 1.570796326794862363e+00
1.026609570981033892e+00 1.844680721981078193e+02 1.570796326794862363e+00
1.100464108325419188e+00 1.858492968220851651e+02 1.570796326794862363e+00
1.122682469383980308e+00 1.870268675763702788e+02 1.570796326794862363e+00
1.056472332188897356e+00 1.879336228088102416e+02 1.570796326794862363e+00
7.835716221594483111e-01 1.886659717708906783e+02 1.570796326794862363e+00
2.034722126349409521e+00 1.902208361247336086e+02 1.570796326794862363e+00
1.472043158022487530e+00 1.905636739263381685e+02 1.570796326794862363e+00
1.072281165494976873e+00 1.920288384194375340e+02 1.570796326794862363e+00
1.008033138999798961e+00 1.931463793182675204e+02 1.570796326794862363e+00
1.020054610674134388e+00 1.940324242639755425e+02 1.570796326794862363e+00
8.934379172376640810e-01 1.948220350639432183e+02 1.570796326794862363e+00
1.365607490173240457e+00 1.964205344553943746e+02 1.570796326794862363e+00
1.941932217576279429e+00 1.967476129261517315e+02 1.570796326794862363e+00
1.002083606577120367e+00 1.982205959667076058e+02 1.570796326794862363e+00
9.524951472043408085e-01 1.992608507156491555e+02 1.570796326794862363e+00
1.081272313420162723e+00 2.001581525149578624e+02 1.570796326794862363e+00
1.059163732226808152e+00 2.009977077436801949e+02 1.570796326794862363e+00
8.619190889074473949e-01 2.025264275410762878e+02 1.570796326794862363e+00
2.575785762012002156e+00 2.029553229917130466e+02 1.570796326794862363e+00
8.922229786691401321e-01 2.043737093355675256e+02 1.570796326794862363e+00
9.459219793898266948e-01 2.053401930013231720e+02 1.570796326794862363e+00
1.220968559216314420e+00 2.062920015048291589e+02 1.570796326794862363e+00
1.258150920628126723e+00 2.071834162878390373e+02 1.570796326794862363e+00
5.425448247278313874e-01 2.083669403474535784e+02 1.570796326794862363e+00
3.348851014834647088e+00 2.091718077892338670e+02 1.570796326794862363e+00
6.922177705255346813e-01 2.102839403865309578e+02 1.570796326794862363e+00
9.847748647503939967e-01 2.112969224996340927e+02 1.570796326794862363e+00
1.304717474244922348e+00 2.123872569611753534e+02 1.570796326794862363e+00
1.262219451621493072e+00 2.133228249278395481e+02 1.570796326794862363e+00
6.416403464790076949e-01 2.140451589751790493e+02 1.570796326794862363e+00
3.185605673214237932e+00 2.154051581763563377e+02 1.570796326794862363e+00
9.610994058292094966e-01 2.159326138665996666e+02 1.570796326794862363e+00
1.105151579539072948e+00 2.172878007674734420e+02 1.570796326794862363e+00
1.157215615676006282e+00 2.184719786136064954e+02 1.570796326794862363e+00
1.082009715274821593e+00 2.193843852193651003e+02 1.570796326794862363e+00
7.827451204163440313e-01 2.200996603028477239e+02 1.570796326794862363e+00
2.168833236444689838e+00 2.216441872264396125e+02 1.570796326794862363e+00
1.435598134259441050e+00 2.219939804242764296e+02 1.570796326794862363e+00
1.099795962130102778e+00 2.234594999472181485e+02 1.570796326794862363e+00
1.036299425428737431e+00 2.245948520618404984e+02 1.570796326794862363e+00
1.028296158450568543e+00 2.254824588194127273e+02 1.570796326794862363e+00
8.867677085141094651e-01 2.262566352244415668e+02 1.570796326794862363e+00
1.475342492872642186e+00 2.278539298019256876e+02 1.570796326794862363e+00
1.889492394482874538e+00 2.281751543349364511e+02 1.570796326794862363e+00
1.036073959597835659e+00 2.296572065632626902e+02 1.570796326794862363e+00
9.700328859973393891e-01 2.307178012449517155e+02 1.570796326794862363e+00
1.070147904355394752e+00 2.316084935618491443e+02 1.570796326794862363e+00
1.036265958483179928e+00 2.324343098444645648e+02 1.570796326794862363e+00
9.552354691449282953e-01 2.339889575361721654e+02 1.570796326794862363e+00
2.473826321840669085e+00 2.343834230315713114e+02 1.570796326794862363e+00
9.363459568360760210e-01 2.358283544187846132e+02 1.570796326794862363e+00
9.510479408424963310e-01 2.368112774742809847e+02 1.570796326794862363e+00
1.193756609142004210e+00 2.377445178406569539e+02 1.570796326794862363e+00
1.232937256634855094e+00 2.386221012767495324e+02 1.570796326794862363e+00
5.832965460832612026e-01 2.399056020310467545e+02 1.570796326794862363e+00
3.238660221048590415e+00 2.405999093207151986e+02 1.570796326794862363e+00
7.309174916715859283e-01 2.418194692770811116e+02 1.570796326794862363e+00
9.761781690597718386e-01 2.427907214110165057e+02 1.570796326794862363e+00
1.324195823358795154e+00 2.438424977813143073e+02 1.570796326794862363e+00
1.306930699514438743e+00 2.447747772083853022e+02 1.570796326794862363e+00
6.179336336550850239e-01 2.455184295479523939e+02 1.570796326794862363e+00
3.371098845270352751e+00 2.468258573911731730e+02 1.570796326794862363e+00
8.990132986634572498e-01 2.474039428562029741e+02 1.570796326794862363e+00
1.104853322592564080e+00 2.487278550806544217e+02 1.570796326794862363e+00
1.190764637190086850e+00 2.499146336605431316e+02 1.570796326794862363e+00
1.109568644583281971e+00 2.508323999549149619e+02 1.570796326794862363e+00
7.844342736521483506e-01 2.515304506883694557e+02 1.570796326794862363e+00
2.294401931869887612e+00 2.530657260665165609e+02 1.570796326794862363e+00
1.408988914276262161e+00 2.534221010682630322e+02 1.570796326794862363e+00
1.126900747576923267e+00 2.548880018449655438e+02 1.570796326794862363e+00
1.066549075888354237e+00 2.560396367869649339e+02 1.570796326794862363e+00
1.041133465174810757e+00 2.569296648674005610e+02 1.570796326794862363e+00
8.880250169056959075e-01 2.576873392013092712e+02 1.570796326794862363e+00
1.575414580274751675e+00 2.592824085129166178e+02 1.570796326794862363e+00
1.860756149044288099e+00 2.595998160192065711e+02 1.570796326794862363e+00
1.072624932290622946e+00 2.610908184448985594e+02 1.570796326794862363e+00
9.922912600937822125e-01 2.621722099775557808e+02 1.570796326794862363e+00
1.065439655709089273e+00 2.630584469334770574e+02 1.570796326794862363e+00
1.021585663089597418e+00 2.638693909670349171e+02 1.570796326794862363e+00
1.049114701088540880e+00 2.654408489627890617e+02 1.570796326794862363e+00
2.397457004699274474e+00 2.658100930650819009e+02 1.570796326794862363e+00
9.808786976531637114e-01 2.672767334889390440e+02 1.570796326794862363e+00
9.609424351407743758e-01 2.682793237573645229e+02 1.570796326794862363e+00
1.169742733723095451e+00 2.691968157072723216e+02 1.570796326794862363e+00
1.207413186814184192e+00 2.700597558469345927e+02 1.570796326794862363e+00
6.415641771337807775e-01 2.714248039188253756e+02 1.570796326794862363e+00
3.122695822603013482e+00 2.720278478298884011e+02 1.570796326794862363e+00
7.841009245802003091e-01 2.733310313526920368e+02 1.570796326794862363e+00
9.714914876955040857e-01 2.742826236405599616e+02 1.570796326794862363e+00
1.324240107430200153e+00 2.752986140431316926e+02 1.570796326794862363e+00
1.334980550046017900e+00 2.762234360705255085e+02 1.570796326794862363e+00
5.821309501667448760e-01 2.770232942576354276e+02 1.570796326794862363e+00
3.520107336913161244e+00 2.782485453043395296e+02 1.570796326794862363e+00
8.161784967361930265e-01 2.789096698533592189e+02 1.570796326794862363e+00
1.084240444797653469e+00 2.801803435303380070e+02 1.570796326794862363e+00
1.215876270566441431e+00 2.813616732417643220e+02 1.570796326794862363e+00
1.133215327964734787e+00 2.822852823868225869e+02 1.570796326794862363e+00
7.619392603804487907e-01 2.829763348415069117e+02 1.570796326794862363e+00
2.454701326432059183e+00 2.844905179747117359e+02 1.570796326794862363e+00
1.322834611244794401e+00 2.848661265780076519e+02 1.570796326794862363e+00
1.129002294327677403e+00 2.863195353195335997e+02 1.570796326794862363e+00
1.082406915294336747e+00 2.874807616237571892e+02 1.570796326794862363e+00
1.044044513990453504e+00 2.883741279005592446e+02 1.570796326794862363e+00
8.672336592332224869e-01 2.891227279986225085e+02 1.570796326794862363e+00
1.679945321501440825e+00 2.907127294303454619e+02 1.570796326794862363e+00
1.775644437524447117e+00 2.910309072875733705e+02 1.570796326794862363e+00
1.081164256545265268e+00 2.925201325873090923e+02 1.570796326794862363e+00
9.997169025354900596e-01 2.936132357461690958e+02 1.570796326794862363e+00
1.054530004750724226e+00 2.944981451204153586e+02 1.570796326794862363e+00
9.931724034179006955e-01 2.953013835225769981e+02 1.570796326794862363e+00
1.128389525032954976e+00 2.968849454311672957e+02 1.570796326794862363e+00
2.289776443253325411e+00 2.972376564980179410e+02 1.570796326794862363e+00
9.980636321278421041e-01 2.987119074602215960e+02 1.570796326794862363e+00
9.623262173433133615e-01 2.997274264261598660e+02 1.570796326794862363e+00
1.145993560620637286e+00 3.006368508912314610e+02 1.570796326794862363e+00
1.172326310916660619e+00 3.014909906324077156e+02 1.570796326794862363e+00
6.974392912396555344e-01 3.029140693127736768e+02 1.570796326794862363e+00
2.985398488302827502e+00 3.034548142992895237e+02 1.570796326794862363e+00
8.253705558357975480e-01 3.048075343009193716e+02 1.570796326794862363e+00
9.652107788677153355e-01 3.057564828824245637e+02 1.570796326794862363e+00
1.303706484927945830e+00 3.067486334695104233e+02 1.570796326794862363e+00
1.332884762794252165e+00 3.076643419952872591e+02 1.570796326794862363e+00
5.470184448375847719e-01 3.085573862539598622e+02 1.570796326794862363e+00
3.569289635813275741e+00 3.096735014498214582e+02 1.570796326794862363e+00
7.371600520143702928e-01 3.104523536327361626e+02 1.570796326794862363e+00
1.049375798945697769e+00 3.116487523407888602e+02 1.570796326794862363e+00
1.236557755969761363e+00 3.128150494945891182e+02 1.570796326794862363e+00
1.157901582982935551e+00 3.137444633027948271e+02 1.570796326794862363e+00
7.197303392960195945e-01 3.144407516453449034e+02 1.570796326794862363e+00
2.654851498794185805e+00 3.159174412363816487e+02 1.570796326794862363e+00
1.192295961861560283e+00 3.163297490497631088e+02 1.570796326794862363e+00
1.112670156798052146e+00 3.177570895594648164e+02 1.570796326794862363e+00
1.089880855615420696e+00 3.189238813860527557e+02 1.570796326794862363e+00
1.040724612879577293e+00 3.198217162858376241e+02 1.570796326794862363e+00
8.262923501316573605e-01 3.205671496110087446e+02 1.570796326794862363e+00
1.806258428826873708e+00 3.221458973221704127e+02 1.570796326794862363e+00
1.637090260829167976e+00 3.224714577322460514e+02 1.570796326794862363e+00
1.067826849265775868e+00 3.239494889521165533e+02 1.570796326794862363e+00
9.947777118708732713e-01 3.250483371289821548e+02 1.570796326794862363e+00
1.035715186238310492e+00 3.259334191530051612e+02 1.570796326794862363e+00
9.482267509284733054e-01 3.267346308137804272e+02 1.570796326794862363e+00
1.205663028326829700e+00 3.283276240578612715e+02 1.570796326794862363e+00
2.140170304922784261e+00 3.286685451091766481e+02 1.570796326794862363e+00
9.913257794201503215e-01 3.301400132174919690e+02 1.570796326794862363e+00
9.536312967653273187e-01 3.311617327064991514e+02 1.570796326794862363e+00
1.119349413976289398e+00 3.320676714479836846e+02 1.570796326794862363e+00
1.126411070486256438e+00 3.329184014823219400e+02 1.570796326794862363e+00
7.483731981822733248e-01 3.343863759210177591e+02 1.570796326794862363e+00
2.822621560505127913e+00 3.348818758426514250e+02 1.570796326794862363e+00
8.484650667865130114e-01 3.362615434000369987e+02 1.570796326794862363e+00
9.554945087196374809e-01 3.372140436394528251e+02 1.570796326794862363e+00
1.272847860842547085e+00 3.381913428130616808e+02 1.570796326794862363e+00
1.307796302145940448e+00 3.390988053740211967e+02 1.570796326794862363e+00
5.277018250124134724e-01 3.401011668526448943e+02 1.570796326794862363e+00
3.517920643908177603e+00 3.410998394225039760e+02 1.570796326794862363e+00
6.912829007459802000e-01 3.420088029123793376e+02 1.570796326794862363e+00
1.017041418308154643e+00 3.431274322418354359e+02 1.570796326794862363e+00
1.260112837123629870e+00 3.442705466833222090e+02 1.570796326794862363e+00
1.190586308383128733e+00 3.452042922214773739e+02 1.570796326794862363e+00
6.812287174168361048e-01 3.459107712851589440e+02 1.570796326794862363e+00
2.861947282653353852e+00 3.473425589186359161e+02 1.570796326794862363e+00
1.078585517094101887e+00 3.477996288805077825e+02 1.570796326794862363e+00
1.101298152730724622e+00 3.491975683050887937e+02 1.570796326794862363e+00
1.106153296180674594e+00 3.503707109028762261e+02 1.570796326794862363e+00
1.046220621439253318e+00 3.512739724255974352e+02 1.570796326794862363e+00
7.933039584688645895e-01 3.520134249127353883e+02 1.570796326794862363e+00
1.947943792525186568e+00 3.535768798191783731e+02 1.570796326794862363e+00
1.518187457239296378e+00 3.539135292602730374e+02 1.570796326794862363e+00
1.064044340415752243e+00 3.553815931966308881e+02 1.570796326794862363e+00
9.979131047663364340e-01 3.564901743497675852e+02 1.570796326794862363e+00
1.021812312601815043e+00 3.573757033697933707e+02 1.570796326794862363e+00
9.081592127176005835e-01 3.581717015880926169e+02 1.570796326794862363e+00
1.300357159583574784e+00 3.597696023066428097e+02 1.570796326794862363e+00
2.001665105870800598e+00 3.601011741817246730e+02 1.570796326794862363e+00
9.914510577682831283e-01 3.615715482300254848e+02 1.570796326794862363e+00
9.489050590103190741e-01 3.626026152262989513e+02 1.570796326794862363e+00
1.093309121868660361e+00 3.635038218611348952e+02 1.570796326794862363e+00
1.080877252874637762e+00 3.643491769175645345e+02 1.570796326794862363e+00
8.129929157009970764e-01 3.658572891340241426e+02 1.570796326794862363e+00
2.659209884367083720e+00 3.663103227174926246e+02 1.570796326794862363e+00
8.721256448032246311e-01 3.677133769055645303e+02 1.570796326794862363e+00
9.473721653367367379e-01 3.686730358398868930e+02 1.570796326794862363e+00
1.239613874512238700e+00 3.696353258051173611e+02 1.570796326794862363e+00
1.275890049105388169e+00 3.705335656049914519e+02 1.570796326794862363e+00
5.296203084869566258e-01 3.716505749473475362e+02 1.570796326794862363e+00
3.416365694310364631e+00 3.725273597882933814e+02 1.570796326794862363e+00
6.818045842488353880e-01 3.735664521982059796e+02 1.570796326794862363e+00
9.938216025573295420e-01 3.746144054924401416e+02 1.570796326794862363e+00
1.288247904211115458e+00 3.757264577245253463e+02 1.570796326794862363e+00
1.233650140714064758e+00 3.766622402656971644e+02 1.570796326794862363e+00
6.542090997025359345e-01 3.773782804604341550e+02 1.570796326794862363e+00
3.067008210806693391e+00 3.787650185514145278e+02 1.570796326794862363e+00
9.980284737367258741e-01 3.792666141285183130e+02 1.570796326794862363e+00
1.101881636357740835e+00 3.806372968149086091e+02 1.570796326794862363e+00
1.135871862879946459e+00 3.818177575494194116e+02 1.570796326794862363e+00
1.065782915884718074e+00 3.827268236181921566e+02 1.570796326794862363e+00
7.813936982230503814e-01 3.834529447661473682e+02 1.570796326794862363e+00
2.090479590807796662e+00 3.850030589568514188e+02 1.570796326794862363e+00
1.452417226040423115e+00 3.853491974649029999e+02 1.570796326794862363e+00
1.081787659756939801e+00 3.868138683812551335e+02 1.570796326794862363e+00
1.018028276488409434e+00 3.879383101513521979e+02 1.570796326794862363e+00
1.021924828949975605e+00 3.888248705369828144e+02 1.570796326794862363e+00
8.883578720677027807e-01 3.896088928757906729e+02 1.570796326794862363e+00
1.410195649786404548e+00 3.912071144602844015e+02 1.570796326794862363e+00
1.914432629901904548e+00 3.915316361470186166e+02 1.570796326794862363e+00
1.013714615446391187e+00 3.930077047976183735e+02 1.570796326794862363e+00
9.579833544849691851e-01 3.940555083158762955e+02 1.570796326794862363e+00
1.075512823477186464e+00 3.949500624122740646e+02 1.570796326794862363e+00
1.048089846300370054e+00 3.957846419889270351e+02 1.570796326794862363e+00
8.980132253576474932e-01 3.973250204773919450e+02 1.570796326794862363e+00
2.529568368012430124e+00 3.977391257388757140e+02 1.570796326794862363e+00
9.085337345883574001e-01 3.991681685380384579e+02 1.570796326794862363e+00
9.468847441144425670e-01 4.001404847059724261e+02 1.570796326794862363e+00
1.209531067354325140e+00 4.010848808278841489e+02 1.570796326794862363e+00
1.247538131940776340e+00 4.019711061852100897e+02 1.570796326794862363e+00
5.560912749023068091e-01 4.031964805864561754e+02 1.570796326794862363e+00
3.304422591262441422e+00 4.039554214864224946e+02 1.570796326794862363e+00
7.048837720451948119e-01 4.051128482437101184e+02 1.570796326794862363e+00
9.805317291302606542e-01 4.061065453944969477e+02 1.570796326794862363e+00
1.314162303938710474e+00 4.071816257526764389e+02 1.570796326794862363e+00
1.281038275485084643e+00 4.081163543100698234e+02 1.570796326794862363e+00
6.331881933313252553e-01 4.088446838548163669e+02 1.570796326794862363e+00
3.261854897281420307e+00 4.101857256270531025e+02 1.570796326794862363e+00
9.377168911800533024e-01 4.107313469851210925e+02 1.570796326794862363e+00
1.106629575094112194e+00 4.120755095664219425e+02 1.570796326794862363e+00
1.171361749596734780e+00 4.132614244028026746e+02 1.570796326794862363e+00
1.093327553710392364e+00 4.141759752793181519e+02 1.570796326794862363e+00
7.847023867917853890e-01 4.148837941879435220e+02 1.570796326794862363e+00
2.218286991630641136e+00 4.164250888346177817e+02 1.570796326794862363e+00
1.427848919393964078e+00 4.167769675292203146e+02 1.570796326794862363e+00
1.112213293961116234e+00 4.182433258078614813e+02 1.570796326794862363e+00
1.049207326308471577e+00 4.193857412811777294e+02 1.570796326794862363e+00
1.033764422694284590e+00 4.202742178740485883e+02 1.570796326794862363e+00
8.879341469801796949e-01 4.210414389978930103e+02 1.570796326794862363e+00
1.516459467483360912e+00 4.226379586566548596e+02 1.570796326794862363e+00
1.879337944109108260e+00 4.229573393836737409e+02 1.570796326794862363e+00
1.052127722569052626e+00 4.244435731951675166e+02 1.570796326794862363e+00
9.794223019412964248e-01 4.255129886947061664e+02 1.570796326794862363e+00
1.068118716795485978e+00 4.264015275590463148e+02 1.570796326794862363e+00
1.030485801735015139e+00 4.272210987240487157e+02 1.570796326794862363e+00
9.938087198003329181e-01 4.287833433872484079e+02 1.570796326794862363e+00
2.442965880401213763e+00 4.291665751261051014e+02 1.570796326794862363e+00
9.555596723118611191e-01 4.306213218867773662e+02 1.570796326794862363e+00
9.550514972172373662e-01 4.316121818357759139e+02 1.570796326794862363e+00
1.183915944271008103e+00 4.325384485831372103e+02 1.570796326794862363e+00
1.223313227905800771e+00 4.334099639122753160e+02 1.570796326794862363e+00
6.053289815015321373e-01 4.347286796644374931e+02 1.570796326794862363e+00
3.193962902687692562e+00 4.353835134431622009e+02 1.570796326794862363e+00
7.516686538221958314e-01 4.366400116559788103e+02 1.570796326794862363e+00
9.741373639888075697e-01 4.376007724940122898e+02 1.570796326794862363e+00
1.327016587931037384e+00 4.386373672705618674e+02 1.570796326794862363e+00
1.321140410863959502e+00 4.395671408313468191e+02 1.570796326794862363e+00
6.049878513296131910e-01 4.403279005649126248e+02 1.570796326794862363e+00
3.438186936350918543e+00 4.416069703932242305e+02 1.570796326794862363e+00
8.683586454047530490e-01 4.422130827714735801e+02 1.570796326794862363e+00
1.099421331826591297e+00 4.435191073092614147e+02 1.570796326794862363e+00
1.201840115991425595e+00 4.447048807991684498e+02 1.570796326794862363e+00
1.119420857395059032e+00 4.456248937571044735e+02 1.570796326794862363e+00
7.792218941349112749e-01 4.463184780579116477e+02 1.570796326794862363e+00
2.351896759341592702e+00 4.478474712661671902e+02 1.570796326794862363e+00
1.383926039741911751e+00 4.482092676560999962e+02 1.570796326794862363e+00
1.131431056065817620e+00 4.496722738718505639e+02 1.570796326794862363e+00
1.075008826347731983e+00 4.508286141066633945e+02 1.570796326794862363e+00
1.043919846887695790e+00 4.517198498035192529e+02 1.570796326794862363e+00
8.835699882516289128e-01 4.524727156745757384e+02 1.570796326794862363e+00
1.615041039584045324e+00 4.540663482891237663e+02 1.570796326794862363e+00
1.836904982709090861e+00 4.543833019573143588e+02 1.570796326794862363e+00
1.080453531469533379e+00 4.558752828778024764e+02 1.570796326794862363e+00
9.978035705165060332e-01 4.569627288076511604e+02 1.570796326794862363e+00
1.062452632002792052e+00 4.578481085296898527e+02 1.570796326794862363e+00
1.012974789094802208e+00 4.586547874347727998e+02 1.570796326794862363e+00
1.082623893704266704e+00 4.602314003265375391e+02 1.570796326794862363e+00
2.361148135453055907e+00 4.605931676492348288e+02 1.570796326794862363e+00
9.921573792433776573e-01 4.620648060271540771e+02 1.570796326794862363e+00
9.632065077789228047e-01 4.630738526455703550e+02 1.570796326794862363e+00
1.160450443088328232e+00 4.639871349939276115e+02 1.570796326794862363e+00
1.194945191707198040e+00 4.648455437123155889e+02 1.570796326794862363e+00
6.652868139094935129e-01 4.662364293523360175e+02 1.570796326794862363e+00
3.071118462383765291e+00 4.668111333827948783e+02 1.570796326794862363e+00
8.034188229052445784e-01 4.681382714406411196e+02 1.570796326794862363e+00
9.694557484404429104e-01 4.690874551597897266e+02 1.570796326794862363e+00
1.317966601730962140e+00 4.700922276362906018e+02 1.570796326794862363e+00
1.337904333858346062e+00 4.710133364767224293e+02 1.570796326794862363e+00
5.667551207069194685e-01 4.718473694137205143e+02 1.570796326794862363e+00
3.554309023382908883e+00 4.730307055622355961e+02 1.570796326794862363e+00
7.815673624918132445e-01 4.737362002868055697e+02 1.570796326794862363e+00
1.070855260970023703e+00 4.749785619513683628e+02 1.570796326794862363e+00
1.224231428740404137e+00 4.761549361424846438e+02 1.570796326794862363e+00
1.142534094785170318e+00 4.770809739187246805e+02 1.570796326794862363e+00
7.458601002774383204e-01 4.777729802463063038e+02 1.570796326794862363e+00
2.532426650746700147e+00 4.792737019599408654e+02 1.570796326794862363e+00
1.271612954076917879e+00 4.796623288655954411e+02 1.570796326794862363e+00
1.123127438640308062e+00 4.811063273881628106e+02 1.570796326794862363e+00
1.085274055471184385e+00 4.822699079241891695e+02 1.570796326794862363e+00
1.042519449112986329e+00 4.831649294910502590e+02 1.570796326794862363e+00
8.515523984032431493e-01 4.839120714513641133e+02 1.570796326794862363e+00
1.728042214915004537e+00 4.854983365003766949e+02 1.570796326794862363e+00
1.722065096324939315e+00 4.858187385438179717e+02 1.570796326794862363e+00
1.076470958093989072e+00 4.873039668510164688e+02 1.570796326794862363e+00
9.979935665619111829e-01 4.883994094167198909e+02 1.570796326794862363e+00
1.047307705962249536e+00 4.892843222404487165e+02 1.570796326794862363e+00
9.760474675732955241e-01 4.900866281512783758e+02 1.570796326794862363e+00
1.158149757457121343e+00 4.916743737210004497e+02 1.570796326794862363e+00
2.232211836759005141e+00 4.920220056178305299e+02 1.570796326794862363e+00
9.964269342988834044e-01 4.934956353816277215e+02 1.570796326794862363e+00
9.593345107553699069e-01 4.945138543118559937e+02 1.570796326794862363e+00
1.135664863819483283e+00 4.954217475917673141e+02 1.570796326794862363e+00
1.154780890444380370e+00 4.962743151671306805e+02 1.570796326794862363e+00
7.173611338731684661e-01 4.977161247582974966e+02 1.570796326794862363e+00
2.922482003426228214e+00 4.982378858545268940e+02 1.570796326794862363e+00
8.358185224825949167e-01 4.996027831441172680e+02 1.570796326794862363e+00
9.615515894029172950e-01 5.005527535691484218e+02 1.570796326794862363e+00
1.292067499114566420e+00 5.015384905863717790e+02 1.570796326794862363e+00
1.324623321749336391e+00 5.024508518617631694e+02 1.570796326794862363e+00
5.370471874342099827e-01 5.033864368297578267e+02 1.570796326794862363e+00
3.557984433645833278e+00 5.044562567214979367e+02 1.570796326794862363e+00
7.143927405416670151e-01 5.052864921896592136e+02 1.570796326794862363e+00
1.035573914669418061e+00 5.064515186911611409e+02 1.570796326794862363e+00
1.245340031691697158e+00 5.076094898592023128e+02 1.570796326794862363e+00
1.169715216408013791e+00 5.085408618815544060e+02 1.570796326794862363e+00
7.030756649938777469e-01 5.092410820231722255e+02 1.570796326794862363e+00
2.737633495654417271e+00 5.107001791424653447e+02 1.570796326794862363e+00
1.142971393313495732e+00 5.111299950573934439e+02 1.570796326794862363e+00
1.106720881827153002e+00 5.125455290033335132e+02 1.570796326794862363e+00
1.094731567259936034e+00 5.137146522669628439e+02 1.570796326794862363e+00
1.041279321457223794e+00 5.146145638297002733e+02 1.570796326794862363e+00
8.109769943148633642e-01 5.153583332285064671e+02 1.570796326794862363e+00
1.861667708849654046e+00 5.169311389475830083e+02 1.570796326794862363e+00
1.584248740465487915e+00 5.172609763420057334e+02 1.570796326794862363e+00
1.063959960640251223e+00 5.187344252652874275e+02 1.570796326794862363e+00
9.942062483989813071e-01 5.198363757601141515e+02 1.570796326794862363e+00
1.028851347504863734e+00 5.207216049457820191e+02 1.570796326794862363e+00
9.304772473738163185e-01 5.215214534962311745e+02 1.570796326794862363e+00
1.240987290871076620e+00 5.231170364481849901e+02 1.570796326794862363e+00
2.080553055770460347e+00 5.234539470609095133e+02 1.570796326794862363e+00
9.892011962219792176e-01 5.249242958362635818e+02 1.570796326794862363e+00
9.505081115451513574e-01 5.259489669456264664e+02 1.570796326794862363e+00
1.108428535865022546e+00 5.268533214016957800e+02 1.570796326794862363e+00
1.107366916277626956e+00 5.277024461815476570e+02 1.570796326794862363e+00
7.717755699267544456e-01 5.291870839588397075e+02 1.570796326794862363e+00
2.755271912226502362e+00 5.296654706765579022e+02 1.570796326794862363e+00
8.568951739541420531e-01 5.310542995641307016e+02 1.570796326794862363e+00
9.516710396584586729e-01 5.320091452214860510e+02 1.570796326794862363e+00
1.259478768839007889e+00 5.329807713420696018e+02 1.570796326794862363e+00
1.295098615120380714e+00 5.338847949620698046e+02 1.570796326794862363e+00
5.256523975822889883e-01 5.349329668395217823e+02 1.570796326794862363e+00
3.480679210856016947e+00 5.358831047529527041e+02 1.570796326794862363e+00
6.832139526502394311e-01 5.368447968109265958e+02 1.570796326794862363e+00
1.006518963302593495e+00 5.379337387880584629e+02 1.570796326794862363e+00
1.271046922309532423e+00 5.390653312357877667e+02 1.570796326794862363e+00
1.206733249117307061e+00 5.400002139061869002e+02 1.570796326794862363e+00
6.691042209356924397e-01 5.407106643220486148e+02 1.570796326794862363e+00
2.944647150076281861e+00 5.421242194442179425e+02 1.570796326794862363e+00
1.042600598328947692e+00 5.425994233190992873e+02 1.570796326794862363e+00
1.100275885622429728e+00 5.439860897586956980e+02 1.570796326794862363e+00
1.116666699748972480e+00 5.451621714820653324e+02 1.570796326794862363e+00
1.052501667582247169e+00 5.460677591415203551e+02 1.570796326794862363e+00
7.859026721782917946e-01 5.468027942282388949e+02 1.570796326794862363e+00
2.006054801438436730e+00 5.483603534693528445e+02 1.570796326794862363e+00
1.485097549035449216e+00 5.487012699007636911e+02 1.570796326794862363e+00
1.068653291798258964e+00 5.501671019546955677e+02 1.570796326794862363e+00
1.003956357727122661e+00 5.512814342800115810e+02 1.570796326794862363e+00
1.020010829699550037e+00 5.521672755375153656e+02 1.570796326794862363e+00
8.973931481987668102e-01 5.529592974246711492e+02 1.570796326794862363e+00
1.343459981485577437e+00 5.545577588420155735e+02 1.570796326794862363e+00
1.959394726650772967e+00 5.548862418959550951e+02 1.570796326794862363e+00
9.975784966329578340e-01 5.563580653189634404e+02 1.570796326794862363e+00
9.506680142881893669e-01 5.573949512625803209e+02 1.570796326794862363e+00
1.084851195183458517e+00 5.582936078875745807e+02 1.570796326794862363e+00
1.065743776867870807e+00 5.591353276611232559e+02 1.570796326794862363e+00
8.448294199570897112e-01 5.606575724471298372e+02 1.570796326794862363e+00
2.601795953386933480e+00 5.610942941683561003e+02 1.570796326794862363e+00
8.849271004511900518e-01 5.625074564122356833e+02 1.570796326794862363e+00
9.460300041197406973e-01 5.634714160796133910e+02 1.570796326794862363e+00
1.226992552549357018e+00 5.644268270113769859e+02 1.570796326794862363e+00
1.263822372291789176e+00 5.653206435142045621e+02 1.570796326794862363e+00
5.372365686851128252e-01 5.664824318176937368e+02 1.570796326794862363e+00
3.371326367969060822e+00 5.673109396967925022e+02 1.570796326794862363e+00
6.875314459849876103e-01 5.683993611045478929e+02 1.570796326794862363e+00
9.874046432909847626e-01 5.694232263284851570e+02 1.570796326794862363e+00
1.299446574541916366e+00 5.705209875757880127e+02 1.570796326794862363e+00
1.252651731636684307e+00 5.714567602402921693e+02 1.570796326794862363e+00
6.457228011979881943e-01 5.721767783684939559e+02 1.570796326794862363e+00
3.146614205246653917e+00 5.735457845894535467e+02 1.570796326794862363e+00
9.728923805011672199e-01 5.740645763221654079e+02 1.570796326794862363e+00
1.104062729836713608e+00 5.754249635996259258e+02 1.570796326794862363e+00
1.150023136205015062e+00 5.766080215748395403e+02 1.570796326794862363e+00
1.076415238201918978e+00 5.775193342898382980e+02 1.570796326794862363e+00
7.818752477389550037e-01 5.782383470869237954e+02 1.570796326794862363e+00
2.143439049739175317e+00 5.797845691962471619e+02 1.570796326794862363e+00
1.439986178566693642e+00 5.801332810151552621e+02 1.570796326794862363e+00
1.093506357971885778e+00 5.815983774890944460e+02 1.570796326794862363e+00
1.029922581587638497e+00 5.827300829596374570e+02 1.570796326794862363e+00
1.025810570405780275e+00 5.836173055859312626e+02 1.570796326794862363e+00
8.866533875862934178e-01 5.843949023056837859e+02 1.570796326794862363e+00
1.454043000474991354e+00 5.859925465030029272e+02 1.570796326794862363e+00
1.896006621304110462e+00 5.863148030449993939e+02 1.570796326794862363e+00
1.028171750275975294e+00 5.877947486854304771e+02 1.570796326794862363e+00
9.656170329350689530e-01 5.888509516108558728e+02 1.570796326794862363e+00
1.071551404224631465e+00 5.897428661857614998e+02 1.570796326794862363e+00
1.039657689393898021e+00 5.905717341130551858e+02 1.570796326794862363e+00
9.359303930402179672e-01 5.921220379086878438e+02 1.570796326794862363e+00
2.490813532579994494e+00 5.925226850781391477e+02 1.570796326794862363e+00
9.267703584474414891e-01 5.939624052034158694e+02 1.570796326794862363e+00
9.493453910978180144e-01 5.949415731208864599e+02 1.570796326794862363e+00
1.198853616633324348e+00 5.958784850270434390e+02 1.570796326794862363e+00
1.237701387394190444e+00 5.967590420988462938e+02 1.570796326794862363e+00
5.733710736297847887e-01 5.980238378787797728e+02 1.570796326794862363e+00
3.260586369089931491e+00 5.987390376059195205e+02 1.570796326794862363e+00
7.214288486442711479e-01 5.999387193842759416e+02 1.570796326794862363e+00
9.774132509122268608e-01 6.009165667704899079e+02 1.570796326794862363e+00
1.321532826094589774e+00 6.019761031775411766e+02 1.570796326794862363e+00
1.298770823142173070e+00 6.029093683049927677e+02 1.570796326794862363e+00
6.235120538976890447e-01 6.036467702938099364e+02 1.570796326794862363e+00
3.335537939839376520e+00 6.049663771774236238e+02 1.570796326794862363e+00
9.127354041035270482e-01 6.055326231719351426e+02 1.570796326794862363e+00
1.106177533150468184e+00 6.068639976202765638e+02 1.570796326794862363e+00
1.184634032107320545e+00 6.080507677594328015e+02 1.570796326794862363e+00
1.104330194300231271e+00 6.089674507444717619e+02 1.570796326794862363e+00
7.853034693935074806e-01 6.096684378330793379e+02 1.570796326794862363e+00
2.268179372616256462e+00 6.112060399649260489e+02 1.570796326794862363e+00
1.417171755147025980e+00 6.115605677878310189e+02 1.570796326794862363e+00
1.122858348924526961e+00 6.130270183948189242e+02 1.570796326794862363e+00
1.061260281304649666e+00 6.141758339169349483e+02 1.570796326794862363e+00
1.038982280891738830e+00 6.150653119571686602e+02 1.570796326794862363e+00
8.886156123213019287e-01 6.158259335543453972e+02 1.570796326794862363e+00
1.555943134634228953e+00 6.174215476530456499e+02 1.570796326794862363e+00
1.868465264513917923e+00 6.177394740843312775e+02 1.570796326794862363e+00
1.066685102333875257e+00 6.192292293634880025e+02 1.570796326794862363e+00
9.884293110026304285e-01 6.203069303314316585e+02 1.570796326794862363e+00
1.066446371257014691e+00 6.211937986545302692e+02 1.570796326794862363e+00
1.024865711960785131e+00 6.220074035033466089e+02 1.570796326794862363e+00
1.031248594898100723e+00 6.235760301629252353e+02 1.570796326794862363e+00
2.413240848294367691e+00 6.239495535872110850e+02 1.570796326794862363e+00
9.732878525552892679e-01 6.254127352635447323e+02 1.570796326794862363e+00
9.591701800358504171e-01 6.264115798990401345e+02 1.570796326794862363e+00
1.174409740643580946e+00 6.273317030951733386e+02 1.570796326794862363e+00
1.213011670085493821e+00 6.281973369481353302e+02 1.570796326794862363e+00
6.293396502996263520e-01 6.295479154695041188e+02 1.570796326794862363e+00
3.147156623006359233e+00 6.301670612732887093e+02 1.570796326794862363e+00
7.734696773035405482e-01 6.314560266396755424e+02 1.570796326794862363e+00
9.723787183316349170e-01 6.324098474322266838e+02 1.570796326794862363e+00
1.326109656604748110e+00 6.334322824643955983e+02 1.570796326794862363e+00
1.331547625046418437e+00 6.343588809607122130e+02 1.570796326794862363e+00
5.899960986279850772e-01 6.351439087598957940e+02 1.570796326794862363e+00
3.496251397786122705e+00 6.363885336191033275e+02 1.570796326794862363e+00
8.339816959390652373e-01 6.370295881690531132e+02 1.570796326794862363e+00
1.090127116348539538e+00 6.383131498387514284e+02 1.570796326794862363e+00
1.211466911343080710e+00 6.394963686542332653e+02 1.570796326794862363e+00
1.128662205298536003e+00 6.404187571570447517e+02 1.570796326794862363e+00
7.688438019347336727e-01 6.411100884913485061e+02 1.570796326794862363e+00
2.418237273887385630e+00 6.426299720990217565e+02 1.570796326794862363e+00
1.345963000746333682e+00 6.430001698603412024e+02 1.570796326794862363e+00
1.130896150656093946e+00 6.444574640048832634e+02 1.570796326794862363e+00
1.080524339043281712e+00 6.456172994913895309e+02 1.570796326794862363e+00
1.044462421274943598e+00 6.465099090124625718e+02 1.570796326794862363e+00
8.738810217502694933e-01 6.472595792435406565e+02 1.570796326794862363e+00
1.657352274945515846e+00 6.488510370797357609e+02 1.570796326794862363e+00
1.799263398744538778e+00 6.491685256957658794e+02 1.570796326794862363e+00
1.082248531044836870e+00 6.506591936782174344e+02 1.570796326794862363e+00
9.998524438521224633e-01 6.517507999444183042e+02 1.570796326794862363e+00
1.057637047864500301e+00 6.526357825846749847e+02 1.570796326794862363e+00
1.000699799516910238e+00 6.534398138748388192e+02 1.570796326794862363e+00
1.113506602314664473e+00 6.550211411411947893e+02 1.570796326794862363e+00
2.315899480219766549e+00 6.553766415673584333e+02 1.570796326794862363e+00
9.974609227748461038e-01 6.568506036183697461e+02 1.570796326794862363e+00
9.631906909292234920e-01 6.578643696897330528e+02 1.570796326794862363e+00
1.150935601769112138e+00 6.587748078416598219e+02 1.570796326794862363e+00
1.180408286854760735e+00 6.596300547003733072e+02 1.570796326794862363e+00
6.871639452651521207e-01 6.610430947432403173e+02 1.570796326794862363e+00
3.015186927273127093e+00 6.615942315975173642e+02 1.570796326794862363e+00
8.190136455070222699e-01 6.629396066342076210e+02 1.570796326794862363e+00
9.668073767062994595e-01 6.638883276032955791e+02 1.570796326794862363e+00
1.308972542685804319e+00 6.648841929493388534e+02 1.570796326794862363e+00
1.335686607547166282e+00 6.658016491525339688e+02 1.570796326794862363e+00
5.530138401218837041e-01 6.666742559816683524e+02 1.570796326794862363e+00
3.568953929431176508e+00 6.678131369223663114e+02 1.570796326794862363e+00
7.506804949650089931e-01 6.685669077881323119e+02 1.570796326794862363e+00
1.056530679711038534e+00 6.697788815087385501e+02 1.570796326794862363e+00
1.232393570604442656e+00 6.709488671792352079e+02 1.570796326794862363e+00
1.152520104566847170e+00 6.718772069343555131e+02 1.570796326794862363e+00
7.284340458579432465e-01 6.725717798867201509e+02 1.570796326794862363e+00
2.613667875171206578e+00 6.740568748904717040e+02 1.570796326794862363e+00
1.218363595312277559e+00 6.744608579295589834e+02 1.570796326794862363e+00
1.116102139514032698e+00 6.758939657030543913e+02 1.570796326794862363e+00
1.088104513762367720e+00 6.770596755222412639e+02 1.570796326794862363e+00
1.041079369275731858e+00 6.779565306440063068e+02 1.570796326794862363e+00
8.346076535576096855e-01 6.787025718867860178e+02 1.570796326794862363e+00
1.779473422846532316e+00 6.802840499515108377e+02 1.570796326794862363e+00
1.665154593404939654e+00 6.806076853982698367e+02 1.570796326794862363e+00
1.070547706045317238e+00 6.820881490574679447e+02 1.570796326794862363e+00
9.956869654423042837e-01 6.831857584763330351e+02 1.570796326794862363e+00
1.039520639951962533e+00 6.840707744164516271e+02 1.570796326794862363e+00
9.575205678207776572e-01 6.848724159508526554e+02 1.570796326794862363e+00
1.189216145284183623e+00 6.864638248313790427e+02 1.570796326794862363e+00
2.170950634101986854e+00 6.868068828163829949e+02 1.570796326794862363e+00
9.930056869826400234e-01 6.882790926969184966e+02 1.570796326794862363e+00
9.555193732029018117e-01 6.892995961963181344e+02 1.570796326794862363e+00
1.124851560645866444e+00 6.902062082914382017e+02 1.570796326794862363e+00
1.136005295121311987e+00 6.910575717155963957e+02 1.570796326794862363e+00
7.376446515321478659e-01 6.925169978168195257e+02 1.570796326794862363e+00
2.856338900665718938e+00 6.930211112491232370e+02 1.570796326794862363e+00
8.444134399039003869e-01 6.943961093211355546e+02 1.570796326794862363e+00
9.575259688100172806e-01 6.953476441591428738e+02 1.570796326794862363e+00
1.279415693585518099e+00 6.963277052317209836e+02 1.570796326794862363e+00
1.313818475239734829e+00 6.972368128079966709e+02 1.570796326794862363e+00
5.300216981164355134e-01 6.982165959340585459e+02 1.570796326794862363e+00
3.533778158556883930e+00 6.992392165665895618e+02 1.570796326794862363e+00
6.975118227456020836e-01 7.001218130485981419e+02 1.570796326794862363e+00
1.022877186988009113e+00 7.012557295021551909e+02 1.570796326794862363e+00
1.254958304499082633e+00 7.024041172441480967e+02 1.570796326794862363e+00
1.183180960260558079e+00 7.033371543347237775e+02 1.570796326794862363e+00
6.880327512577995019e-01 7.040415598828786869e+02 1.570796326794862363e+00
2.820518977603224009e+00 7.054824991102253762e+02 1.570796326794862363e+00
1.098662483348712637e+00 7.059304383415993698e+02 1.570796326794862363e+00
1.102585728434461121e+00 7.073341764465195638e+02 1.570796326794862363e+00
1.101756489107426518e+00 7.085059140431886817e+02 1.570796326794862363e+00
1.043978276482876888e+00 7.094080339749948507e+02 1.570796326794862363e+00
7.983663604470233599e-01 7.101492140101621544e+02 1.570796326794862363e+00
1.918913914481025218e+00 7.117157724633598264e+02 1.570796326794862363e+00
1.538145484067985791e+00 7.120501596111738536e+02 1.570796326794862363e+00
1.063128579208823421e+00 7.135197703643674458e+02 1.570796326794862363e+00
9.959863022455428538e-01 7.146258655860362978e+02 1.570796326794862363e+00
1.023627073709192370e+00 7.155112775807677963e+02 1.570796326794862363e+00
9.148646065283542184e-01 7.163088308358245513e+02 1.570796326794862363e+00
1.279760482161813373e+00 7.179061675853441784e+02 1.570796326794862363e+00
2.026138723500741534e+00 7.182394254081226563e+02 1.570796326794862363e+00
9.898319226756699951e-01 7.197095189686234562e+02 1.570796326794862363e+00
9.489259545028194687e-01 7.207381540310642549e+02 1.570796326794862363e+00
1.098087563302313718e+00 7.216405123875670142e+02 1.570796326794862363e+00
1.089290949817712573e+00 7.224873363491485634e+02 1.570796326794862363e+00
7.983792502513462619e-01 7.239878821563642077e+02 1.570796326794862363e+00
2.690168949100484319e+00 7.244492903663667676e+02 1.570796326794862363e+00
8.665818787968363468e-01 7.258474900439268822e+02 1.570796326794862363e+00
9.485446902608152264e-01 7.268053460138556829e+02 1.570796326794862363e+00
1.246148624158684104e+00 7.277708787402164035e+02 1.570796326794862363e+00
1.282205960739144501e+00 7.286711486891666709e+02 1.570796326794862363e+00
5.273196566007181119e-01 7.297653355885505562e+02 1.570796326794862363e+00
3.438503248603807183e+00 7.306665341481387941e+02 1.570796326794862363e+00
6.808926899050843362e-01 7.316801946456673704e+02 1.570796326794862363e+00
9.976374527714538809e-01 7.327412288077073299e+02 1.570796326794862363e+00
1.282494717457331790e+00 7.338600713823329897e+02 1.570796326794862363e+00
1.224397165459564896e+00 7.347956701569694360e+02 1.570796326794862363e+00
6.588069562573019011e-01 7.355098574120851254e+02 1.570796326794862363e+00
3.026556794351183743e+00 7.369054655305245660e+02 1.570796326794862363e+00
1.011794811444584719e+00 7.373983796451555008e+02 1.570796326794862363e+00
1.101028113933915753e+00 7.387742811339702484e+02 1.570796326794862363e+00
1.129114601857469813e+00 7.399533209348344371e+02 1.570796326794862363e+00
1.060924758585608974e+00 7.408612380767810919e+02 1.570796326794862363e+00
7.820941182535684488e-01 7.415906040855724086e+02 1.570796326794862363e+00
2.062921453151823847e+00 7.431429813740844565e+02 1.570796326794862363e+00
1.461200567927832372e+00 7.434875645365411856e+02 1.570796326794862363e+00
1.076695430218320926e+00 7.449523490437321698e+02 1.570796326794862363e+00
1.012749781923479642e+00 7.460732746849712385e+02 1.570796326794862363e+00
1.020706567508316676e+00 7.469595590408875978e+02 1.570796326794862363e+00
8.904368467740298998e-01 7.477464946704762951e+02 1.570796326794862363e+00
1.387922467981018482e+00 7.493449049760317848e+02 1.570796326794862363e+00
1.926959110768456052e+00 7.496706647649735942e+02 1.570796326794862363e+00
1.007491358676718241e+00 7.511450730603964985e+02 1.570796326794862363e+00
9.549448659863872813e-01 7.521889782593023028e+02 1.570796326794862363e+00
1.078157305714465997e+00 7.530849037665109336e+02 1.570796326794862363e+00
1.053277253107549161e+00 7.539220730187596473e+02 1.570796326794862363e+00
8.796883088608474788e-01 7.554568431949156775e+02 1.570796326794862363e+00
2.551695712536658167e+00 7.558781856139740967e+02 1.570796326794862363e+00
9.001074523207561739e-01 7.573018789085168692e+02 1.570796326794862363e+00
9.462075297473873103e-01 7.582711486923959683e+02 1.570796326794862363e+00
1.215146403069067071e+00 7.592192746941379937e+02 1.570796326794862363e+00
1.252726340412536610e+00 7.601081573179405950e+02 1.570796326794862363e+00
5.488394398045000067e-01 7.613129014778843384e+02 1.570796326794862363e+00
3.326531838829922982e+00 7.620945497974383898e+02 1.570796326794862363e+00
6.980289400268848699e-01 7.632297045694375583e+02 1.570796326794862363e+00
9.824938182992828395e-01 7.642326189604145839e+02 1.570796326794862363e+00
1.309654760751291613e+00 7.653153785627897605e+02 1.570796326794862363e+00
1.271717078819350810e+00 7.662506006235901168e+02 1.570796326794862363e+00
6.375030309491567238e-01 7.669756499191178136e+02 1.570796326794862363e+00
3.224041800509240829e+00 7.683263780164949139e+02 1.570796326794862363e+00
9.494638617638430089e-01 7.688627217207424565e+02 1.570796326794862363e+00
1.106056645628460844e+00 7.702125399409457032e+02 1.570796326794862363e+00
1.164361395106996433e+00 7.713976805476506797e+02 1.570796326794862363e+00
1.087676356769520014e+00 7.723111651750814417e+02 1.570796326794862363e+00
7.837660041108633902e-01 7.730226788265345022e+02 1.570796326794862363e+00
2.193704739293512507e+00 7.745655920099542300e+02 1.570796326794862363e+00
1.431752166322163733e+00 7.749164123348889461e+02 1.570796326794862363e+00
1.106109051261509046e+00 7.763823863648231054e+02 1.570796326794862363e+00
1.042781632040769235e+00 7.775213278223228599e+02 1.570796326794862363e+00
1.030992277172845473e+00 7.784093530225201221e+02 1.570796326794862363e+00
8.872739451117817033e-01 7.791800460683979281e+02 1.570796326794862363e+00
1.496154457473469535e+00 7.807769650854779684e+02 1.570796326794862363e+00
1.884138541357545105e+00 7.810972274395664954e+02 1.570796326794862363e+00
1.044147216629398356e+00 7.825814050173512442e+02 1.570796326794862363e+00
9.746875203806536492e-01 7.836464326207303657e+02 1.570796326794862363e+00
1.069033799243154892e+00 7.845359936813044897e+02 1.570796326794862363e+00
1.033260057089771644e+00 7.853586892109760811e+02 1.570796326794862363e+00
9.745888170536984862e-01 7.869173074858732662e+02 1.570796326794862363e+00
2.458005918976430504e+00 7.873059640313686032e+02 1.570796326794862363e+00
9.460160523848296643e-01 7.887559330295943028e+02 1.570796326794862363e+00
9.529801706603782119e-01 7.897427764857660577e+02 1.570796326794862363e+00
1.188783181545390644e+00 7.906724505247434536e+02 1.570796326794862363e+00
1.228167320872351587e+00 7.915470044364756177e+02 1.570796326794862363e+00
5.939899972625599656e-01 7.928485034282495008e+02 1.570796326794862363e+00
3.216498030841613787e+00 7.935226499373396791e+02 1.570796326794862363e+00
7.410569081274115399e-01 7.947611865135428388e+02 1.570796326794862363e+00
9.751003084399287868e-01 7.957267397885583478e+02 1.570796326794862363e+00
1.326050725021574950e+00 7.967708402216788954e+02 1.570796326794862363e+00
1.314439958232493266e+00 7.977019554564334385e+02 1.570796326794862363e+00
6.117578973864808978e-01 7.984533278193646311e+02 1.570796326794862363e+00
3.405475889545717560e+00 7.997472965069620159e+02 1.570796326794862363e+00
8.842255399890948109e-01 8.003386004019862412e+02 1.570796326794862363e+00
1.102624604516362794e+00 8.016541052706614892e+02 1.570796326794862363e+00
1.196504067002442273e+00 8.028405627290859456e+02 1.570796326794862363e+00
1.114597640905231390e+00 8.037594371662947879e+02 1.570796326794862363e+00
7.824597471043248653e-01 8.044549951625301674e+02 1.570796326794862363e+00
2.322172601072240106e+00 8.059874405188131732e+02 1.570796326794862363e+00
1.398042091310017332e+00 8.063461974656049733e+02 1.570796326794862363e+00
1.129802525566008686e+00 8.078109819379282044e+02 1.570796326794862363e+00
1.071159330868673099e+00 8.089651310050605844e+02 1.570796326794862363e+00
1.042806869384823587e+00 8.098557442720566542e+02 1.570796326794862363e+00
8.864155573404318700e-01 8.106108144732901337e+02 1.570796326794862363e+00
1.595028979044419648e+00 8.122052362469050877e+02 1.570796326794862363e+00
1.850438012600129634e+00 8.125223077652194661e+02 1.570796326794862363e+00
1.077281811230579089e+00 8.140140768933927120e+02 1.570796326794862363e+00
9.954642848907555575e-01 8.150987364740025214e+02 1.570796326794862363e+00
1.064144583401500865e+00 8.159844794777083052e+02 1.570796326794862363e+00
1.017684892998871993e+00 8.167930933555204547e+02 1.570796326794862363e+00
1.066255860248366272e+00 8.183672008277782197e+02 1.570796326794862363e+00
2.380258932311628772e+00 8.187325332020749329e+02 1.570796326794862363e+00
9.872404723847897356e-01 8.202020110729149565e+02 1.570796326794862363e+00
9.623294056765210325e-01 8.212080327447973787e+02 1.570796326794862363e+00
1.165099522420617095e+00 8.221232386606433238e+02 1.570796326794862363e+00
1.201411138806713907e+00 8.229837499958173339e+02 1.570796326794862363e+00
6.536187581011960734e-01 8.243622334335557298e+02 1.570796326794862363e+00
3.097377669714424187e+00 8.249504540240429833e+02 1.570796326794862363e+00
7.941691080622749199e-01 8.262663761807214087e+02 1.570796326794862363e+00
9.705324859324054865e-01 8.272164599070890745e+02 1.570796326794862363e+00
1.321493833891676850e+00 8.282265441846125213e+02 1.570796326794862363e+00
1.337109163768710474e+00 8.291495195652107668e+02 1.570796326794862363e+00
5.743103153306992059e-01 8.299658033774413752e+02 1.570796326794862363e+00
3.539614183794673963e+00 8.311705214772391628e+02 1.570796326794862363e+00
7.985545016344643976e-01 8.318532262324674775e+02 1.570796326794862363e+00
1.077748327806323125e+00 8.331100920366103537e+02 1.570796326794862363e+00
1.220111183005982758e+00 8.342891325261113025e+02 1.570796326794862363e+00
1.137821059752469388e+00 8.352139647475331685e+02 1.570796326794862363e+00
7.541849365094419611e-01 8.359052605369500952e+02 1.570796326794862363e+00
2.492939639415536757e+00 8.374130260156714485e+02 1.570796326794862363e+00
1.297788987235306557e+00 8.377948079013566485e+02 1.570796326794862363e+00
1.126324889285351460e+00 8.392437465750285810e+02 1.570796326794862363e+00
1.083929657470530605e+00 8.404062028360912109e+02 1.570796326794862363e+00
1.043344469280632181e+00 8.413003739783814581e+02 1.570796326794862363e+00
8.596882318142152757e-01 8.420481591863017456e+02 1.570796326794862363e+00
1.703544614696814063e+00 8.436364294533805150e+02 1.570796326794862363e+00
1.749632763553943482e+00 8.439555828362216516e+02 1.570796326794862363e+00
1.079126648735393212e+00 8.454429572679192688e+02 1.570796326794862363e+00
9.990280902982784372e-01 8.465373026625351258e+02 1.570796326794862363e+00
1.051048160865847292e+00 8.474221947544755267e+02 1.570796326794862363e+00
9.848847556096034239e-01 8.482248890568729394e+02 1.570796326794862363e+00
1.143207334981690471e+00 8.498105977993794795e+02 1.570796326794862363e+00
2.261702370328475986e+00 8.501606945224306173e+02 1.570796326794862363e+00
9.976177733863118569e-01 8.516347933665861092e+02 1.570796326794862363e+00
9.609990021583904030e-01 8.526517641901665456e+02 1.570796326794862363e+00
1.140898948842177241e+00 8.535603620810597931e+02 1.570796326794862363e+00
1.163751987023682100e+00 8.544136329133916661e+02 1.570796326794862363e+00
7.074516687757886890e-01 8.558462651076672500e+02 1.570796326794862363e+00
2.954430457946839894e+00 8.563772738540658338e+02 1.570796326794862363e+00
8.309190882585349991e-01 8.577364356996282595e+02 1.570796326794862363e+00
9.634472599605274912e-01 8.586858164247840932e+02 1.570796326794862363e+00
1.298042679645850406e+00 8.596746217767170037e+02 1.570796326794862363e+00
1.329142851362431488e+00 8.605886350328446497e+02 1.570796326794862363e+00
5.416798055927621869e-01 8.615027163942830839e+02 1.570796326794862363e+00
3.565475869872806403e+00 8.625957891633935333e+02 1.570796326794862363e+00
7.250428316362480530e-01 8.634001795878264147e+02 1.570796326794862363e+00
1.042360474230641154e+00 8.645808903510301207e+02 1.570796326794862363e+00
1.240859880767255508e+00 8.657431792259369558e+02 1.570796326794862363e+00
1.163620584015860215e+00 8.666736063704399839e+02 1.570796326794862363e+00
7.112343853236421376e-01 8.673718014469974378e+02 1.570796326794862363e+00
2.696225587166178883e+00 8.688397945244582843e+02 1.570796326794862363e+00
1.167067961447646463e+00 8.692607463071136635e+02 1.570796326794862363e+00
1.109502406374020644e+00 8.706822040708121904e+02 1.570796326794862363e+00
1.092061394566613552e+00 8.718501287884975000e+02 1.570796326794862363e+00
1.040762321448485128e+00 8.727489839900407560e+02 1.570796326794862363e+00
8.183546467242780453e-01 8.734936789050792640e+02 1.570796326794862363e+00
1.833696741060534707e+00 8.750695185729738341e+02 1.570796326794862363e+00
1.609967094449040736e+00 8.753971617429565413e+02 1.570796326794862363e+00
1.065570978513338929e+00 8.768728317572132482e+02 1.570796326794862363e+00
9.942417277093900108e-01 8.779731127061069174e+02 1.570796326794862363e+00
1.032121069762441223e+00 8.788582656892174327e+02 1.570796326794862363e+00
9.391513871152609161e-01 8.796588957314683057e+02 1.570796326794862363e+00
1.222905502157123570e+00 8.812532856321639656e+02 1.570796326794862363e+00
2.109879691070002838e+00 8.815921570473306019e+02 1.570796326794862363e+00
9.899905441445923104e-01 8.830629810675462750e+02 1.570796326794862363e+00
9.519223474112692429e-01 8.840860704962243517e+02 1.570796326794862363e+00
1.113849821557024056e+00 8.849912639688367335e+02 1.570796326794862363e+00
1.116820352317537735e+00 8.858412624069269441e+02 1.570796326794862363e+00
7.597160082599986319e-01 8.873176491630689497e+02 1.570796326794862363e+00
2.788809842397054872e+00 8.878045771392115739e+02 1.570796326794862363e+00
8.525801823762043652e-01 8.891888282069710385e+02 1.570796326794862363e+00
9.535224272476646723e-01 8.901424275645889566e+02 1.570796326794862363e+00
1.266181026545281085e+00 8.911169285371782962e+02 1.570796326794862363e+00
1.301516240386075829e+00 8.920227022312678855e+02 1.570796326794862363e+00
5.262303446393298278e-01 8.930479008522916047e+02 1.570796326794862363e+00
3.500083667834406054e+00 8.940223843283921497e+02 1.570796326794862363e+00
6.865174274419560962e-01 8.949577608463425804e+02 1.570796326794862363e+00
1.011578721455495211e+00 8.960613625367325312e+02 1.570796326794862363e+00
1.265489792498571298e+00 8.971988739081808717e+02 1.570796326794862363e+00
1.198449143470924128e+00 8.981332373284384403e+02 1.570796326794862363e+00
6.749181233931365043e-01 8.988417372754075814e+02 1.570796326794862363e+00
2.903367647514509375e+00 9.002643789529453215e+02 1.570796326794862363e+00
1.059897134835604771e+00 9.007305583838849543e+02 1.570796326794862363e+00
1.100536215842092158e+00 9.021227975471982745e+02 1.570796326794862363e+00
1.111137919785457617e+00 9.032973954448963241e+02 1.570796326794862363e+00
1.049070198639806328e+00 9.042018161054353413e+02 1.570796326794862363e+00
7.891401653591745280e-01 9.049392214624481312e+02 1.570796326794862363e+00
1.977069806225336013e+00 9.064996575800199707e+02 1.570796326794862363e+00
1.500470616805931412e+00 9.068384996018455695e+02 1.570796326794862363e+00
1.065890811797869597e+00 9.083052983464710906e+02 1.570796326794862363e+00
1.000572353780356583e+00 9.094166338845273003e+02 1.570796326794862363e+00
1.020596978077993766e+00 9.103023044578214922e+02 1.570796326794862363e+00
9.023096025990996472e-01 9.110964582475661473e+02 1.570796326794862363e+00
1.321652840727532752e+00 9.126947280421260302e+02 1.570796326794862363e+00
1.979338562662105838e+00 9.130247076742507488e+02 1.570796326794862363e+00
9.940276299579220431e-01 9.144956578009998793e+02 1.570796326794862363e+00
9.494745384667667709e-01 9.155294769964010584e+02 1.570796326794862363e+00
1.088875814990881929e+00 9.164294428138729245e+02 1.570796326794862363e+00
1.072997724507388728e+00 9.172730969774025880e+02 1.570796326794862363e+00
8.284987224602688993e-01 9.187884614943858423e+02 1.570796326794862363e+00
2.629655607222614933e+00 9.192332447162301605e+02 1.570796326794862363e+00
8.782315355261360867e-01 9.206412906528420308e+02 1.570796326794862363e+00
9.465211306634250255e-01 9.216029796655301425e+02 1.570796326794862363e+00
1.233213841966288804e+00 9.225618903761893534e+02 1.570796326794862363e+00
1.269742766904447651e+00 9.234579803625167642e+02 1.570796326794862363e+00
5.329262130583733992e-01 9.245975707277008269e+02 1.570796326794862363e+00
3.393882939182336411e+00 9.254500784831385545e+02 1.570796326794862363e+00
6.840380552850288121e-01 9.265141336988858711e+02 1.570796326794862363e+00
9.904127542176186516e-01 9.275496700568230608e+02 1.570796326794862363e+00
1.293928630275938740e+00 9.286546808765285732e+02 1.570796326794862363e+00
1.243100427843572220e+00 9.295905232613777116e+02 1.570796326794862363e+00
6.498755534756788244e-01 9.303084808649462047e+02 1.570796326794862363e+00
3.107071224191962688e+00 9.316863671323625340e+02 1.570796326794862363e+00
9.851204859107957068e-01 9.321965730962973566e+02 1.570796326794862363e+00
1.102930411387883725e+00 9.335620991035523275e+02 1.570796326794862363e+00
1.142876604493451742e+00 9.347439088719365827e+02 1.570796326794862363e+00
1.070977273093084214e+00 9.356541082545973040e+02 1.570796326794862363e+00
7.813661050099721672e-01 9.363767585416857173e+02 1.570796326794862363e+00
2.117344244857375379e+00 9.379248273824401849e+02 1.570796326794862363e+00
1.445448378435210124e+00 9.382723358741875472e+02 1.570796326794862363e+00
1.087443969447451586e+00 9.397371268806300577e+02 1.570796326794862363e+00
1.023790704365535209e+00 9.408651792509336929e+02 1.570796326794862363e+00
1.023653259909662383e+00 9.417520527887476192e+02 1.570796326794862363e+00
8.871314664724286869e-01 9.425329477689580244e+02 1.570796326794862363e+00
1.432295549022415848e+00 9.441309064586383784e+02 1.570796326794862363e+00
1.904191886877604212e+00 9.444542614840577244e+02 1.570796326794862363e+00
1.020658434850229446e+00 9.459321924895589291e+02 1.570796326794862363e+00
9.615668949892948181e-01 9.469841127154275000e+02 1.570796326794862363e+00
1.073320794887740126e+00 9.478773215672121069e+02 1.570796326794862363e+00
1.043566709328271447e+00 9.487091232617526657e+02 1.570796326794862363e+00
9.168122556957972735e-01 9.502546785232109414e+02 1.570796326794862363e+00
2.509310703783031560e+00 9.506618755563758896e+02 1.570796326794862363e+00
9.174565753981912541e-01 9.520962798097523319e+02 1.570796326794862363e+00
9.479411515152075252e-01 9.530719023798957323e+02 1.570796326794862363e+00
1.204103108584365867e+00 9.540125464015737862e+02 1.570796326794862363e+00
1.242544350572069245e+00 9.548959909640578871e+02 1.570796326794862363e+00
5.642853021896924171e-01 9.561414035366556163e+02 1.570796326794862363e+00
3.282457860512113967e+00 9.568781651168960707e+02 1.570796326794862363e+00
7.127167027934655508e-01 9.580571231950735864e+02 1.570796326794862363e+00
9.788501314470363646e-01 9.590424553350400174e+02 1.570796326794862363e+00
1.318155827393637347e+00 9.601097762150866401e+02 1.570796326794862363e+00
1.290098413198400351e+00 9.610438549724690347e+02 1.570796326794862363e+00
6.285621351822454628e-01 9.617762303003952411e+02 1.570796326794862363e+00
3.299069634717048949e+00 9.631069643614243887e+02 1.570796326794862363e+00
9.255572975732379026e-01 9.636624780510722985e+02 1.570796326794862363e+00
1.106720797062095585e+00 9.650005437993489750e+02 1.570796326794862363e+00
1.178147149134668004e+00 9.661870136952870780e+02 1.570796326794862363e+00
1.098901907413080359e+00 9.671026282661063078e+02 1.570796326794862363e+00
7.853039665779463219e-01 9.678069041320396764e+02 1.570796326794862363e+00
2.242978017682165426e+00 9.693464678616181800e+02 1.570796326794862363e+00
1.423221399103625773e+00 9.696995423819652160e+02 1.570796326794862363e+00
1.117881893412703720e+00 9.711661015133572619e+02 1.570796326794862363e+00
1.055425975355260393e+00 9.723118278709829383e+02 1.570796326794862363e+00
1.036477882070333534e+00 9.732007890195488926e+02 1.570796326794862363e+00
8.884809254068110063e-01 9.739646223467198070e+02 1.570796326794862363e+00
1.536357245985028097e+00 9.755607118024749980e+02 1.570796326794862363e+00
1.874375908577146754e+00 9.758793058142280188e+02 1.570796326794862363e+00
1.059747242182240701e+00 9.773674349751564705e+02 1.570796326794862363e+00
9.840707374814987585e-01 9.784411103604029449e+02 1.570796326794862363e+00
1.067295672677959884e+00 9.793287478011164922e+02 1.570796326794862363e+00
1.027755761262925782e+00 9.801452587895747683e+02 1.570796326794862363e+00
1.012762238051886809e+00 9.817108284395154669e+02 1.570796326794862363e+00
2.428213499225626570e+00 9.820890127797584910e+02 1.570796326794862363e+00
9.647485771899062534e-01 9.835481979301705451e+02 1.570796326794862363e+00
9.571584942870824397e-01 9.845430943811320503e+02 1.570796326794862363e+00
1.179127665334143371e+00 9.854661584052565786e+02 1.570796326794862363e+00
1.218285132207721722e+00 9.863346761221723682e+02 1.570796326794862363e+00
6.171837270858445690e-01 9.876697872919095289e+02 1.570796326794862363e+00
3.170875799812858276e+00 9.883062353681884815e+02 1.570796326794862363e+00
7.625632415358812866e-01 9.895795965258682827e+02 1.570796326794862363e+00
9.732445869640998781e-01 9.905364540506589037e+02 1.570796326794862363e+00
1.327042483733554379e+00 9.915657900129365316e+02 1.570796326794862363e+00
1.326893827792838598e+00 9.924940503741460134e+02 1.570796326794862363e+00
5.976819355104483478e-01 9.932660206093911484e+02 1.570796326794862363e+00
3.468698352908317961e+00 9.945286295101839187e+02 1.570796326794862363e+00
8.515086098393622738e-01 9.951513192482956356e+02 1.570796326794862363e+00
1.095231421513505721e+00 9.964466920050953149e+02 1.570796326794862363e+00
1.206811666446399034e+00 9.976313908915207094e+02 1.570796326794862363e+00
1.124089421219259810e+00 9.985525771241915436e+02 1.570796326794862363e+00
7.746603795783770785e-01 9.992447472707647194e+02 1.570796326794862363e+00
2.383912388340756472e+00 1.000769567669300955e+03 1.570796326794862363e+00
1.366490793978669460e+00 1.001135162044187950e+03 1.570796326794862363e+00
1.131766515316228849e+00 1.002595671160508232e+03 1.570796326794862363e+00
1.078105674908246936e+00 1.003753895714220675e+03 1.570796326794862363e+00
1.044456023827357916e+00 1.004645795916762836e+03 1.570796326794862363e+00
8.793794045177538710e-01 1.005396868902984238e+03 1.570796326794862363e+00
1.635755876108430762e+00 1.006989526546114121e+03 1.570796326794862363e+00
1.819820043251280106e+00 1.007306611396398580e+03 1.570796326794862363e+00
1.082082457464382141e+00 1.008798219046671420e+03 1.570796326794862363e+00
9.992551563719993535e-01 1.009887967479696044e+03 1.570796326794862363e+00
1.060289221501535151e+00 1.010773099878208882e+03 1.570796326794862363e+00
1.007321669191593827e+00 1.011578257756774860e+03 1.570796326794862363e+00
1.098325994736725209e+00 1.013157271022858481e+03 1.570796326794862363e+00
2.339729347658862757e+00 1.013515774749036837e+03 1.570796326794862363e+00
