1.212215239543420031e+00 2.597956346193247557e-01 3.141592653589661222e+00
9.623178098596774088e-01 1.712223157723985256e+00 3.141592653589661222e+00
1.531003105488550009e+00 2.342985845496252217e+00 3.141592653589661222e+00
1.331546603923940086e+00 3.862448442853249286e+00 3.141592653589661222e+00
1.203839218759797047e+00 4.441135805490356248e+00 3.141592653589661222e+00
1.054676266393750561e+00 5.917770429420622591e+00 3.141592653589661222e+00
1.418601818735216291e+00 6.451503062424784218e+00 3.141592653589661222e+00
7.709208518145794775e-01 7.805177060218650098e+00 3.141592653589661222e+00
1.710801321369628925e+00 8.553740588532049216e+00 3.141592653589661222e+00
1.056664384926944145e+00 1.000521322794079637e+01 3.141592653589661222e+00
1.566135184598355323e+00 1.060512276741039273e+01 3.141592653589661222e+00
8.963729567869831438e-01 1.203023568345320626e+01 3.141592653589661222e+00
1.752088760130153799e+00 1.263299977265208973e+01 3.141592653589661222e+00
6.564109156787298893e-01 1.369176949185403558e+01 3.141592653589661222e+00
1.870386190110265190e+00 1.471857541195746144e+01 3.141592653589661222e+00
7.108104397926909845e-01 1.582969845761300220e+01 3.141592653589661222e+00
1.891409090960706862e+00 1.674846868891773610e+01 3.141592653589661222e+00
6.846851159750555471e-01 1.789533079901912771e+01 3.141592653589661222e+00
1.882351613470817142e+00 1.881199426630732319e+01 3.141592653589661222e+00
8.627764365551862102e-01 1.944723224202828504e+01 3.141592653589661222e+00
1.695799529786920612e+00 2.083807238727229816e+01 3.141592653589661222e+00
9.925339449417450721e-01 2.146511614812055768e+01 3.141592653589661222e+00
1.800098123762599700e+00 2.288678489931871241e+01 3.141592653589661222e+00
7.374951732473976618e-01 2.369108977670288496e+01 3.141592653589661222e+00
1.536217905485780300e+00 2.499081647562972108e+01 3.141592653589661222e+00
1.063381162090989429e+00 2.551510014461116427e+01 3.141592653589661222e+00
1.281525398797798809e+00 2.699382054446061829e+01 3.141592653589661222e+00
1.330562477662146081e+00 2.756764231349628957e+01 3.141592653589661222e+00
1.646775244289666151e+00 2.909773461643369785e+01 3.141592653589661222e+00
9.053607285706571917e-01 2.976419914777113718e+01 3.141592653589661222e+00
1.317543858982026306e+00 3.119154713373093202e+01 3.141592653589661222e+00
1.206578152247287150e+00 3.169688263717582899e+01 3.141592653589661222e+00
1.036339280283804509e+00 3.316231259435316048e+01 3.141592653589661222e+00
1.529094106074779802e+00 3.377563523569455839e+01 3.141592653589661222e+00
1.472925962303854641e+00 3.531945036646762048e+01 3.141592653589661222e+00
1.097536071179571859e+00 3.591753290835774237e+01 3.141592653589661222e+00
1.157551510168355779e+00 3.739090209742138171e+01 3.141592653589661222e+00
1.361792971045491463e+00 3.790160278682718342e+01 3.141592653589661222e+00
8.528698365223935651e-01 3.930566583536886327e+01 3.141592653589661222e+00
1.680029668220194727e+00 3.999913940777452837e+01 3.141592653589661222e+00
1.229684715354698143e+00 4.150691943953119534e+01 3.141592653589661222e+00
1.387594083081799212e+00 4.208082056688487427e+01 3.141592653589661222e+00
9.981488015607745679e-01 4.354763436554342348e+01 3.141592653589661222e+00
1.617689586971607474e+00 4.409470709528950749e+01 3.141592653589661222e+00
6.899338280704435666e-01 4.531657898293434528e+01 3.141592653589661222e+00
1.835790855114972642e+00 4.619500891002672205e+01 3.141592653589661222e+00
8.525608717746234744e-01 4.752252558043753794e+01 3.141592653589661222e+00
1.827062173510800136e+00 4.823192786115758679e+01 3.141592653589661222e+00
7.766905325518813630e-01 4.953380885738980055e+01 3.141592653589661222e+00
1.952627789970932337e+00 5.026776777310669075e+01 3.141592653589661222e+00
7.642204726541479420e-01 5.101987544978985767e+01 3.141592653589661222e+00
1.847570263693657067e+00 5.230601632513987909e+01 3.141592653589661222e+00
8.337067942415082866e-01 5.303273178993583770e+01 3.141592653589661222e+00
1.845884351769601972e+00 5.434227579460448254e+01 3.141592653589661222e+00
6.854617565286198477e-01 5.523797835519505384e+01 3.141592653589661222e+00
1.643792699240566479e+00 5.644180710552434022e+01 3.141592653589661222e+00
9.956228665198105787e-01 5.698955362494707799e+01 3.141592653589661222e+00
1.409181777628034427e+00 5.845562244488061765e+01 3.141592653589661222e+00
1.219347881820165513e+00 5.902971603445953974e+01 3.141592653589661222e+00
1.690960913099468943e+00 6.053528434192623564e+01 3.141592653589661222e+00
8.424533117887383904e-01 6.123722251478258727e+01 3.141592653589661222e+00
1.373598871150297551e+00 6.263448454483361161e+01 3.141592653589661222e+00
1.146125888894934830e+00 6.314664095937420285e+01 3.141592653589661222e+00
1.111759946112062192e+00 6.462213822886137393e+01 3.141592653589661222e+00
1.453534481582752003e+00 6.521598808571062023e+01 3.141592653589661222e+00
1.521410383362099106e+00 6.675578558074596458e+01 3.141592653589661222e+00
1.026634475273815239e+00 6.737106227824324378e+01 3.141592653589661222e+00
1.197332238507522018e+00 6.883473284800190584e+01 3.141592653589661222e+00
1.292670200119284241e+00 6.934529255782054236e+01 3.141592653589661222e+00
9.106610747390360139e-01 7.077784384595848621e+01 3.141592653589661222e+00
1.617339387186756072e+00 7.143671256072053666e+01 3.141592653589661222e+00
1.308241256449099499e+00 7.295937487871333360e+01 3.141592653589661222e+00
1.277308719731279130e+00 7.353371885300789756e+01 3.141592653589661222e+00
1.043592725954006095e+00 7.500983611751344426e+01 3.141592653589661222e+00
1.510057145374740895e+00 7.554233939285373367e+01 3.141592653589661222e+00
7.349565025371117555e-01 7.684791039436433380e+01 3.141592653589661222e+00
1.778351868651862677e+00 7.764587207015966897e+01 3.141592653589661222e+00
9.826676955430148075e-01 7.906292431678704702e+01 3.141592653589661222e+00
1.683403917043761799e+00 7.969184689724286841e+01 3.141592653589661222e+00
8.552913472740606426e-01 8.108045509938519047e+01 3.141592653589661222e+00
1.862509152448856842e+00 8.172022403182140238e+01 3.141592653589661222e+00
6.791861675392171227e-01 8.264789463288357751e+01 3.141592653589661222e+00
1.890871242009533937e+00 8.378625343071243492e+01 3.141592653589661222e+00
7.074483594645578632e-01 8.471853709483026762e+01 3.141592653589661222e+00
1.873058771126118405e+00 8.581610555627860037e+01 3.141592653589661222e+00
6.589040127880306796e-01 8.685303097184142018e+01 3.141592653589661222e+00
1.771191924316771971e+00 8.790011999153185229e+01 3.141592653589661222e+00
9.011072399682322764e-01 8.850062326066226603e+01 3.141592653589661222e+00
1.579359050439502310e+00 8.992654081843910774e+01 3.141592653589661222e+00
1.060192737926686002e+00 9.052642131591018426e+01 3.141592653589661222e+00
1.726962902362216168e+00 9.197949438668321420e+01 3.141592653589661222e+00
7.685223363424967813e-01 9.273552632789861150e+01 3.141592653589661222e+00
1.436936420236066825e+00 9.408290947911615376e+01 3.141592653589661222e+00
1.059779788051639304e+00 9.461383943371862415e+01 3.141592653589661222e+00
1.213354062991899296e+00 9.609179832764559137e+01 3.141592653589661222e+00
1.333156183983489784e+00 9.666933533056088379e+01 3.141592653589661222e+00
1.540520471654605039e+00 9.819010055853877361e+01 3.141592653589661222e+00
9.543901990553330661e-01 9.882508916422122525e+01 3.141592653589661222e+00
1.217996199437018756e+00 1.002747218062061449e+02 3.141592653589661222e+00
1.202472823180741335e+00 1.007953924248650281e+02 3.141592653589661222e+00
9.717283306196554671e-01 1.022503299955941145e+02 3.141592653589661222e+00
1.520183851429270483e+00 1.028773006843756264e+02 3.141592653589661222e+00
1.338711289968269602e+00 1.043970124690494288e+02 3.141592653589661222e+00
1.191472077898729998e+00 1.049768097173680275e+02 3.141592653589661222e+00
1.059114308581949215e+00 1.064534489932247254e+02 3.141592653589661222e+00
1.405596955345199461e+00 1.069866573514604795e+02 3.141592653589661222e+00
7.781350910131907828e-01 1.083473833482389068e+02 3.141592653589661222e+00
1.700936204743213276e+00 1.090883943583458517e+02 3.141592653589661222e+00
1.069789895936544388e+00 1.105449635650860785e+02 3.141592653589661222e+00
1.547006489205357882e+00 1.111411140835427034e+02 3.141592653589661222e+00
9.035518051180889687e-01 1.125712084451608064e+02 3.141592653589661222e+00
1.734251633043749630e+00 1.131686674681549079e+02 3.141592653589661222e+00
6.561529096505193115e-01 1.142473350720336782e+02 3.141592653589661222e+00
1.865374611297058394e+00 1.152567355205074904e+02 3.141592653589661222e+00
7.189807761012639853e-01 1.163947778341476891e+02 3.141592653589661222e+00
1.890490922891021830e+00 1.172868184041929993e+02 3.141592653589661222e+00
6.915140786931175398e-01 1.184506875471639376e+02 3.141592653589661222e+00
1.896240962590329593e+00 1.193470111925042119e+02 3.141592653589661222e+00
8.549437471785240605e-01 1.199899585567675189e+02 3.141592653589661222e+00
1.713395379927238116e+00 1.213734825925806291e+02 3.141592653589661222e+00
9.796520132944301906e-01 1.220064986682359205e+02 3.141592653589661222e+00
1.808436144336276197e+00 1.234211994141091395e+02 3.141592653589661222e+00
7.328514513787512952e-01 1.242331305134868558e+02 3.141592653589661222e+00
1.549459886179569867e+00 1.255250363522882111e+02 3.141592653589661222e+00
1.061780913157451156e+00 1.260492496477795612e+02 3.141592653589661222e+00
1.291967489697295912e+00 1.275277750065210256e+02 3.141592653589661222e+00
1.327148246459097347e+00 1.281011324554317525e+02 3.141592653589661222e+00
1.658957918719411007e+00 1.296314799918872609e+02 3.141592653589661222e+00
8.991583853668703163e-01 1.303023071285178389e+02 3.141592653589661222e+00
1.329820216374634434e+00 1.317262488296209995e+02 3.141592653589661222e+00
1.206610759363694774e+00 1.322299554151074688e+02 3.141592653589661222e+00
1.044436072614907340e+00 1.336965426190826634e+02 3.141592653589661222e+00
1.529447101645467599e+00 1.343082803667270468e+02 3.141592653589661222e+00
1.489375164754969560e+00 1.358546425336183461e+02 3.141592653589661222e+00
1.086400822773643915e+00 1.364558383552885630e+02 3.141592653589661222e+00
1.170439126188720591e+00 1.379279063981898616e+02 3.141592653589661222e+00
1.357281149114205165e+00 1.384361207159768128e+02 3.141592653589661222e+00
8.625405430778168014e-01 1.398445569880201163e+02 3.141592653589661222e+00
1.677756118905741500e+00 1.405330664144604782e+02 3.141592653589661222e+00
1.250293427118415179e+00 1.420462000463914762e+02 3.141592653589661222e+00
1.367362392490297118e+00 1.426193217785642844e+02 3.141592653589661222e+00
1.010657756660377826e+00 1.440890530986632143e+02 3.141592653589661222e+00
1.602622660667290200e+00 1.446310968696187160e+02 3.141592653589661222e+00
6.974631827275425966e-01 1.458688049763890717e+02 3.141592653589661222e+00
1.830390080281623533e+00 1.467322659311553537e+02 3.141592653589661222e+00
8.760276614943451889e-01 1.480793378146289285e+02 3.141592653589661222e+00
1.807740755741118699e+00 1.487707732762341095e+02 3.141592653589661222e+00
7.909914195279027505e-01 1.500901320419036438e+02 3.141592653589661222e+00
1.946741917305251812e+00 1.508044378963739405e+02 3.141592653589661222e+00
7.479245315650591142e-01 1.515814541718427790e+02 3.141592653589661222e+00
1.861456230240268850e+00 1.528463561493456098e+02 3.141592653589661222e+00
8.073778864093362762e-01 1.535980130057777444e+02 3.141592653589661222e+00
1.847601760062664633e+00 1.548808287683926039e+02 3.141592653589661222e+00
6.773753910408759626e-01 1.557950562318335415e+02 3.141592653589661222e+00
1.657867240850607216e+00 1.569790709132467725e+02 3.141592653589661222e+00
9.769399837399301845e-01 1.575353085880505546e+02 3.141592653589661222e+00
1.434061241113337104e+00 1.589963416876518352e+02 3.141592653589661222e+00
1.189279981860017044e+00 1.595727325498119171e+02 3.141592653589661222e+00
1.687351430817146003e+00 1.610694516626990662e+02 3.141592653589661222e+00
8.305554954622906827e-01 1.617768958991029535e+02 3.141592653589661222e+00
1.373599223702321126e+00 1.631691203899209768e+02 3.141592653589661222e+00
1.125641737952381094e+00 1.636863781896641967e+02 3.141592653589661222e+00
1.124884496173170989e+00 1.651628334221104808e+02 3.141592653589661222e+00
1.426657137739023806e+00 1.657530696967427559e+02 3.141592653589661222e+00
1.510701957293910214e+00 1.672871967172689835e+02 3.141592653589661222e+00
1.019165237578421479e+00 1.679028897706613463e+02 3.141592653589661222e+00
1.188928488550833107e+00 1.693658360165458419e+02 3.141592653589661222e+00
1.274402534105773421e+00 1.698805591850074563e+02 3.141592653589661222e+00
9.146375110035340761e-01 1.713162320221980508e+02 3.141592653589661222e+00
1.597354174924569659e+00 1.719706537828576813e+02 3.141592653589661222e+00
1.298943502279797491e+00 1.734895537755666624e+02 3.141592653589661222e+00
1.272465203956887780e+00 1.740640330228027040e+02 3.141592653589661222e+00
1.036412985299721701e+00 1.755395024491334937e+02 3.141592653589661222e+00
1.496261065300016790e+00 1.760751545536757305e+02 3.141592653589661222e+00
7.356662478867275201e-01 1.773851045252238237e+02 3.141592653589661222e+00
1.766689872844751097e+00 1.781787694641207054e+02 3.141592653589661222e+00
9.836158852900540595e-01 1.795965911153151353e+02 3.141592653589661222e+00
1.673073578826546504e+00 1.802240531916986015e+02 3.141592653589661222e+00
8.553570113084330018e-01 1.816148376926847732e+02 3.141592653589661222e+00
1.848721531909188087e+00 1.822534080924731370e+02 3.141592653589661222e+00
6.746847502636375005e-01 1.831937345488370852e+02 3.141592653589661222e+00
1.887275450709156255e+00 1.843219131821530539e+02 3.141592653589661222e+00
7.033632433456702415e-01 1.852711190810738628e+02 3.141592653589661222e+00
1.872762294552109852e+00 1.863514338256169083e+02 3.141592653589661222e+00
6.589655952790584026e-01 1.873992310948597435e+02 3.141592653589661222e+00
1.778410564084921708e+00 1.884340634401214913e+02 3.141592653589661222e+00
8.931446542189072080e-01 1.890401433845592010e+02 3.141592653589661222e+00
1.591527893137608229e+00 1.904615884239547938e+02 3.141592653589661222e+00
1.047085612083501482e+00 1.910650093706968278e+02 3.141592653589661222e+00
1.727953410296637404e+00 1.925126710873208253e+02 3.141592653589661222e+00
7.629781406224072082e-01 1.932732531868347792e+02 3.141592653589661222e+00
1.440548271411672854e+00 1.946162850223452097e+02 3.141592653589661222e+00
1.051802336950655725e+00 1.951495331380618268e+02 3.141592653589661222e+00
1.221373245718070599e+00 1.966270596829031376e+02 3.141592653589661222e+00
1.321580429337742002e+00 1.972038090075043897e+02 3.141592653589661222e+00
1.538736385671882756e+00 1.987220859362193721e+02 3.141592653589661222e+00
9.493129682678398407e-01 1.993582576925518026e+02 3.141592653589661222e+00
1.216973010080334427e+00 2.008069079126524343e+02 3.141592653589661222e+00
1.194169446525467748e+00 2.013291674572809598e+02 3.141592653589661222e+00
9.755259978440899982e-01 2.027853533361757172e+02 3.141592653589661222e+00
1.510502232725473570e+00 2.034101966010690887e+02 3.141592653589661222e+00
1.336216935665820005e+00 2.049283897617503385e+02 3.141592653589661222e+00
1.187323141530982618e+00 2.055084107242889218e+02 3.141592653589661222e+00
1.056969211889997373e+00 2.069848160371161896e+02 3.141592653589661222e+00
1.397998544531274145e+00 2.075191818586011721e+02 3.141592653589661222e+00
7.797519344337036085e-01 2.088824271101856596e+02 3.141592653589661222e+00
1.694088060850338806e+00 2.096206844237593998e+02 3.141592653589661222e+00
1.070879080329171007e+00 2.110775753559564123e+02 3.141592653589661222e+00
1.540747805744184573e+00 2.116731010326799094e+02 3.141592653589661222e+00
9.037058282020083988e-01 2.131040943192866450e+02 3.141592653589661222e+00
1.726000049810417547e+00 2.137011331808747912e+02 3.141592653589661222e+00
6.557490232294184151e-01 2.147865218290256166e+02 3.141592653589661222e+00
1.861784863877444129e+00 2.157901702560653803e+02 3.141592653589661222e+00
7.217297917284898334e-01 2.169368814798615404e+02 3.141592653589661222e+00
1.888127427687982030e+00 2.178201808487994242e+02 3.141592653589661222e+00
6.934941851124833967e-01 2.189900391348874678e+02 3.141592653589661222e+00
1.898043049063094179e+00 2.198795518166597560e+02 3.141592653589661222e+00
8.496666336208636983e-01 2.205272195283126564e+02 3.141592653589661222e+00
1.719681373187536444e+00 2.219068491382725199e+02 3.141592653589661222e+00
9.712791919800831675e-01 2.225433415088009497e+02 3.141592653589661222e+00
1.807654343263215058e+00 2.239535267728266774e+02 3.141592653589661222e+00
7.298085544533603475e-01 2.247685417352176387e+02 3.141592653589661222e+00
1.550675054191635649e+00 2.260573470852361595e+02 3.141592653589661222e+00
1.055710094106282471e+00 2.265836591602538590e+02 3.141592653589661222e+00
1.297309503889281901e+00 2.280615797962693421e+02 3.141592653589661222e+00
1.318171142845526944e+00 2.286346822729495614e+02 3.141592653589661222e+00
1.654957257265732729e+00 2.301626863120532107e+02 3.141592653589661222e+00
8.967550418308981586e-01 2.308337985498031060e+02 3.141592653589661222e+00
1.326643660276934700e+00 2.322573956340201278e+02 3.141592653589661222e+00
1.199987988388370619e+00 2.327628771450989973e+02 3.141592653589661222e+00
1.046365305469950657e+00 2.342300050192745573e+02 3.141592653589661222e+00
1.521339092493177780e+00 2.348405440280932055e+02 3.141592653589661222e+00
1.483226058510674461e+00 2.363848945992243387e+02 3.141592653589661222e+00
1.086337956762070789e+00 2.369855699746056246e+02 3.141592653589661222e+00
1.165593395518588649e+00 2.384577145802637403e+02 3.141592653589661222e+00
1.352718968918073639e+00 2.389675506910324998e+02 3.141592653589661222e+00
8.618314886331081004e-01 2.403764038185003358e+02 3.141592653589661222e+00
1.672734307231780182e+00 2.410643274638794082e+02 3.141592653589661222e+00
1.245092845327204545e+00 2.425757813895309880e+02 3.141592653589661222e+00
1.368734707985959309e+00 2.431490686045676171e+02 3.141592653589661222e+00
1.007116632772605547e+00 2.446182231494807127e+02 3.141592653589661222e+00
1.600801870683063122e+00 2.451617801537547052e+02 3.141592653589661222e+00
6.964687975332353176e-01 2.463989111169143200e+02 3.141592653589661222e+00
1.828320882378189793e+00 2.472630055184854427e+02 3.141592653589661222e+00
8.737702281782915303e-01 2.486085132334383445e+02 3.141592653589661222e+00
1.807406437838989355e+00 2.493011741027905828e+02 3.141592653589661222e+00
7.895613264203070747e-01 2.506196046562471338e+02 3.141592653589661222e+00
1.944444099676632787e+00 2.513352962374028721e+02 3.141592653589661222e+00
7.472902157840887183e-01 2.521127918950844844e+02 3.141592653589661222e+00
1.860282710068445589e+00 2.533775376780055524e+02 3.141592653589661222e+00
8.064466048676062204e-01 2.541297412134439924e+02 3.141592653589661222e+00
1.845851288730151696e+00 2.554118248292654982e+02 3.141592653589661222e+00
6.767982089999973194e-01 2.563262625457741706e+02 3.141592653589661222e+00
1.655997140333863804e+00 2.575101571359956552e+02 3.141592653589661222e+00
9.744188646234710482e-01 2.580675952806823830e+02 3.141592653589661222e+00
1.434704453729489737e+00 2.595280986061226258e+02 3.141592653589661222e+00
1.185597382534917088e+00 2.601047715951757482e+02 3.141592653589661222e+00
1.683518690535738882e+00 2.616002116636414598e+02 3.141592653589661222e+00
8.299466425343768883e-01 2.623072068110050736e+02 3.141592653589661222e+00
1.370047639782763005e+00 2.636997718571963105e+02 3.141592653589661222e+00
1.121952906164977115e+00 2.642183067123668252e+02 3.141592653589661222e+00
1.124756866818692469e+00 2.656947134680984277e+02 3.141592653589661222e+00
1.421883322045007558e+00 2.662846472916824041e+02 3.141592653589661222e+00
1.504499455379610051e+00 2.678172117509795953e+02 3.141592653589661222e+00
1.020351505335061582e+00 2.684319896098750178e+02 3.141592653589661222e+00
1.183837605396261150e+00 2.698953430644227183e+02 3.141592653589661222e+00
1.271853385174208872e+00 2.704114110201708741e+02 3.141592653589661222e+00
9.126610342559935418e-01 2.718468291248219657e+02 3.141592653589661222e+00
1.594139175597955260e+00 2.725014425701955361e+02 3.141592653589661222e+00
1.292048659362323493e+00 2.740185297507657651e+02 3.141592653589661222e+00
1.276196844112816420e+00 2.745928431919187460e+02 3.141592653589661222e+00
1.031748673030356889e+00 2.760678088867865085e+02 3.141592653589661222e+00
1.496912518574448958e+00 2.766050882112980389e+02 3.141592653589661222e+00
7.332135826727854688e-01 2.779128556455652301e+02 3.141592653589661222e+00
1.766022410266767206e+00 2.787087345159958431e+02 3.141592653589661222e+00
9.773854000754256255e-01 2.801233518853502460e+02 3.141592653589661222e+00
1.677643728819807833e+00 2.807532151781850871e+02 3.141592653589661222e+00
8.515079032972794337e-01 2.821413250873310403e+02 3.141592653589661222e+00
1.850272890468833920e+00 2.827831835639470341e+02 3.141592653589661222e+00
6.756528568401626300e-01 2.837184932463515565e+02 3.141592653589661222e+00
1.885891807474489923e+00 2.848511284383496900e+02 3.141592653589661222e+00
7.042650690096785571e-01 2.857935984022944922e+02 3.141592653589661222e+00
1.869913501404857348e+00 2.868805407969404655e+02 3.141592653589661222e+00
6.580444758302146369e-01 2.879242192538152949e+02 3.141592653589661222e+00
1.771684525354431994e+00 2.889640590723788591e+02 3.141592653589661222e+00
8.923224275392980243e-01 2.895703513946971839e+02 3.141592653589661222e+00
1.587210295103835378e+00 2.909921835634829677e+02 3.141592653589661222e+00
1.046379378445075004e+00 2.915953888893566273e+02 3.141592653589661222e+00
1.721683066075647028e+00 2.930427276391790770e+02 3.141592653589661222e+00
7.634163813168993729e-01 2.938013217791416309e+02 3.141592653589661222e+00
1.433641560927349179e+00 2.951462321790245937e+02 3.141592653589661222e+00
1.048122165507157755e+00 2.956810640277218454e+02 3.141592653589661222e+00
1.218821247664461982e+00 2.971582877640225888e+02 3.141592653589661222e+00
1.316894054486662968e+00 2.977350837102521268e+02 3.141592653589661222e+00
1.528954801115187445e+00 2.992514360868302106e+02 3.141592653589661222e+00
9.517513499301748503e-01 2.998856288160216650e+02 3.141592653589661222e+00
1.208477353117702657e+00 3.013354579350478843e+02 3.141592653589661222e+00
1.191233284667543524e+00 3.018595708948863034e+02 3.141592653589661222e+00
9.712505823137564942e-01 3.033151637701152481e+02 3.141592653589661222e+00
1.506645001512963766e+00 3.039405973443125504e+02 3.141592653589661222e+00
1.324532660380082660e+00 3.054561351108893064e+02 3.141592653589661222e+00
1.193871886831229245e+00 3.060352986918570082e+02 3.141592653589661222e+00
1.048741009213488340e+00 3.075113418067751354e+02 3.141592653589661222e+00
1.399673371045318193e+00 3.080481105211475210e+02 3.141592653589661222e+00
7.744896777760260642e-01 3.094080056938580015e+02 3.141592653589661222e+00
1.693795832353683917e+00 3.101498312860174451e+02 3.141592653589661222e+00
1.058900670749461481e+00 3.116020283643395601e+02 3.141592653589661222e+00
1.550896630115469188e+00 3.122003705900752948e+02 3.141592653589661222e+00
8.965028224167999049e-01 3.136277173964879239e+02 3.141592653589661222e+00
1.731774278874069983e+00 3.142294934308762890e+02 3.141592653589661222e+00
6.548530982776911147e-01 3.153049004210379849e+02 3.141592653589661222e+00
1.861769839693984352e+00 3.163175761071234433e+02 3.141592653589661222e+00
7.163785156944298960e-01 3.174503880307088366e+02 3.141592653589661222e+00
1.886534737822013419e+00 3.183472570278451030e+02 3.141592653589661222e+00
6.891017278104040189e-01 3.195087638852292571e+02 3.141592653589661222e+00
1.887792570037268636e+00 3.204087120296733247e+02 3.141592653589661222e+00
8.505061618981090144e-01 3.210547122884282203e+02 3.141592653589661222e+00
1.711232041568920392e+00 3.224366394277000154e+02 3.141592653589661222e+00
9.729976045606558710e-01 3.230715372207416749e+02 3.141592653589661222e+00
1.799071727898513107e+00 3.244829292811207893e+02 3.141592653589661222e+00
7.303136797381136747e-01 3.252945226926680675e+02 3.141592653589661222e+00
1.539880855213409783e+00 3.265869411510851137e+02 3.141592653589661222e+00
1.049926939748067500e+00 3.271157949915406675e+02 3.141592653589661222e+00
1.293964511210064838e+00 3.285932012203746240e+02 3.141592653589661222e+00
1.310628482448238374e+00 3.291663972863202616e+02 3.141592653589661222e+00
1.639144825440266295e+00 3.306914135381044275e+02 3.141592653589661222e+00
8.994651632219288206e-01 3.313588856582646827e+02 3.141592653589661222e+00
1.311738972892932953e+00 3.327851768362504004e+02 3.141592653589661222e+00
1.192199479515788196e+00 3.332941971197230373e+02 3.141592653589661222e+00
1.041111264481069387e+00 3.347609114599940199e+02 3.141592653589661222e+00
1.511544858789924950e+00 3.353714847272456723e+02 3.141592653589661222e+00
1.461220702908564872e+00 3.369111831985196659e+02 3.141592653589661222e+00
1.096210016450170466e+00 3.375085160045547354e+02 3.141592653589661222e+00
1.148387081210146210e+00 3.389818404909826199e+02 3.141592653589661222e+00
1.351486164861198880e+00 3.394958110329830561e+02 3.141592653589661222e+00
8.522025856540501598e-01 3.409012092717672431e+02 3.141592653589661222e+00
1.668981395092449471e+00 3.415929407279630254e+02 3.141592653589661222e+00
1.220709262021050012e+00 3.430976231606247211e+02 3.141592653589661222e+00
1.388227181581921377e+00 3.436719365337150975e+02 3.141592653589661222e+00
9.918977567238573823e-01 3.451377080360315972e+02 3.141592653589661222e+00
1.611955898608195437e+00 3.456875857065120385e+02 3.141592653589661222e+00
6.886493877377790618e-01 3.469099766695196649e+02 3.141592653589661222e+00
1.830673710425087641e+00 3.477881275944498043e+02 3.141592653589661222e+00
8.505759146133164972e-01 3.491144945455955622e+02 3.141592653589661222e+00
1.823719901469795790e+00 3.498245326599047758e+02 3.141592653589661222e+00
7.753561774423233244e-01 3.511265180615300778e+02 3.141592653589661222e+00
1.946617441144711691e+00 3.518611338210799317e+02 3.141592653589661222e+00
7.605188365156873020e-01 3.526175293122093422e+02 3.141592653589661222e+00
1.846817983197968305e+00 3.539006063500779078e+02 3.141592653589661222e+00
8.278903448094269146e-01 3.546315926000648915e+02 3.141592653589661222e+00
1.841696842827328817e+00 3.559361413117589450e+02 3.141592653589661222e+00
6.829758589845469352e-01 3.568344949180115009e+02 3.141592653589661222e+00
1.640819760785212633e+00 3.580357348610279473e+02 3.141592653589661222e+00
9.870053751375473805e-01 3.585873944915122706e+02 3.141592653589661222e+00
1.413815956570199095e+00 3.600516933882791477e+02 3.141592653589661222e+00
1.206478737060699302e+00 3.606265727282199691e+02 3.141592653589661222e+00
1.680672434640861024e+00 3.621279481721619504e+02 3.141592653589661222e+00
8.397421491891953194e-01 3.628292578254997238e+02 3.141592653589661222e+00
1.364432501770710404e+00 3.642268979085511660e+02 3.141592653589661222e+00
1.134462729524176261e+00 3.647428444548820607e+02 3.141592653589661222e+00
1.112860518889355665e+00 3.662184266022099450e+02 3.141592653589661222e+00
1.438505398278451919e+00 3.668110276797612528e+02 3.141592653589661222e+00
1.504351641450602850e+00 3.683462401527801262e+02 3.141592653589661222e+00
1.029174930999986248e+00 3.689591930585002046e+02 3.141592653589661222e+00
1.183394438893482947e+00 3.704238396929512191e+02 3.141592653589661222e+00
1.284408565002376656e+00 3.709382842398466664e+02 3.141592653589661222e+00
9.060397288989772147e-01 3.723704782126335431e+02 3.141592653589661222e+00
1.607238458074238707e+00 3.730294303952053951e+02 3.141592653589661222e+00
1.289694835878898438e+00 3.745470735429156548e+02 3.141592653589661222e+00
1.286646131294156836e+00 3.751210257507006531e+02 3.141592653589661222e+00
1.031006140504877377e+00 3.765957715500802010e+02 3.141592653589661222e+00
1.510666054987592988e+00 3.771327478824551918e+02 3.141592653589661222e+00
7.288302653169497214e-01 3.784329596255628871e+02 3.141592653589661222e+00
1.775681156248087422e+00 3.792363435761137112e+02 3.141592653589661222e+00
9.668301938144353569e-01 3.806450749173699251e+02 3.141592653589661222e+00
1.694182085676168015e+00 3.812802461593450403e+02 3.141592653589661222e+00
8.454512822693918128e-01 3.826619884735684991e+02 3.141592653589661222e+00
1.865136799451830862e+00 3.833102739463593593e+02 3.141592653589661222e+00
6.817168714018045916e-01 3.842261349947347071e+02 3.141592653589661222e+00
1.886730401295777071e+00 3.853750498465873875e+02 3.141592653589661222e+00
7.103884281091610298e-01 3.862917363344661226e+02 3.141592653589661222e+00
1.865808403003453630e+00 3.874046385517725639e+02 3.141592653589661222e+00
6.570310982146109202e-01 3.884318666062576995e+02 3.141592653589661222e+00
1.754890110534390146e+00 3.894906929996981830e+02 3.141592653589661222e+00
8.988092432223975248e-01 3.900919504753659339e+02 3.141592653589661222e+00
1.569166868799098724e+00 3.915186156716758319e+02 3.141592653589661222e+00
1.058061858812310518e+00 3.921181056003988488e+02 3.141592653589661222e+00
1.711500858184065832e+00 3.935701776358824873e+02 3.141592653589661222e+00
7.696577770299567467e-01 3.943214119949330438e+02 3.141592653589661222e+00
1.420088325723138478e+00 3.956732744281134728e+02 3.141592653589661222e+00
1.050772307123284621e+00 3.962080718888969955e+02 3.141592653589661222e+00
1.207128401188959588e+00 3.976853110039701846e+02 3.141592653589661222e+00
1.321693312007683918e+00 3.982629443936160669e+02 3.141592653589661222e+00
1.516566065926916895e+00 3.997789807924497154e+02 3.141592653589661222e+00
9.605893506735690979e-01 4.004091864012581823e+02 3.141592653589661222e+00
1.197313577786830674e+00 4.018616104876081749e+02 3.141592653589661222e+00
1.195590849790870935e+00 4.023867996956188335e+02 3.141592653589661222e+00
9.612124116788828276e-01 4.038402059337433343e+02 3.141592653589661222e+00
1.511063640499503036e+00 4.044687364836419192e+02 3.141592653589661222e+00
1.310290645690376454e+00 4.059819396129518054e+02 3.141592653589661222e+00
1.207743635770710977e+00 4.065598051571804490e+02 3.141592653589661222e+00
1.039238822646410876e+00 4.080354125840026427e+02 3.141592653589661222e+00
1.410132223865643963e+00 4.085745225816573907e+02 3.141592653589661222e+00
7.654168543928306923e-01 4.099267378231535872e+02 3.141592653589661222e+00
1.700498687146207555e+00 4.106767661856715677e+02 3.141592653589661222e+00
1.040688980764912897e+00 4.121216002987332558e+02 3.141592653589661222e+00
1.571771137008517671e+00 4.127250602096555667e+02 3.141592653589661222e+00
8.860455384923660027e-01 4.141458862215716294e+02 3.141592653589661222e+00
1.748249921818015640e+00 4.147552284230968667e+02 3.141592653589661222e+00
6.547313367514004945e-01 4.158091452203396443e+02 3.141592653589661222e+00
1.864970049122485207e+00 4.168408361115832577e+02 3.141592653589661222e+00
7.075958661752882461e-01 4.179443153204108512e+02 3.141592653589661222e+00
1.885051027090593134e+00 4.188701574039332058e+02 3.141592653589661222e+00
6.812873267888982509e-01 4.200135908716875406e+02 3.141592653589661222e+00
1.869516968035748183e+00 4.209355202386076940e+02 3.141592653589661222e+00
8.557358225197634338e-01 4.215754976168511234e+02 3.141592653589661222e+00
1.692714167227140187e+00 4.229638544866060670e+02 3.141592653589661222e+00
9.820601278118746835e-01 4.235936934297923813e+02 3.141592653589661222e+00
1.785538856495354931e+00 4.250102893440418370e+02 3.141592653589661222e+00
7.336938883069568096e-01 4.258138868615185402e+02 3.141592653589661222e+00
1.521421406121534980e+00 4.271145339992816616e+02 3.141592653589661222e+00
1.045553549455394027e+00 4.276457578529845023e+02 3.141592653589661222e+00
1.284032022427132880e+00 4.291228475567518785e+02 3.141592653589661222e+00
1.305842893010149774e+00 4.296963868706276912e+02 3.141592653589661222e+00
1.616944453633518464e+00 4.312184931288634857e+02 3.141592653589661222e+00
9.061367463280348700e-01 4.318799222424124764e+02 3.141592653589661222e+00
1.290593675585001820e+00 4.333106907153021439e+02 3.141592653589661222e+00
1.185895337395359350e+00 4.338237847201426121e+02 3.141592653589661222e+00
1.030564281352373657e+00 4.352892790271459376e+02 3.141592653589661222e+00
1.503409157535653629e+00 4.359011038190004683e+02 3.141592653589661222e+00
1.431650532187573210e+00 4.374351012606265385e+02 3.141592653589661222e+00
1.112420038407038403e+00 4.380279238413339158e+02 3.141592653589661222e+00
1.125704284621099616e+00 4.395026606749119082e+02 3.141592653589661222e+00
1.354453434073350726e+00 4.400218121789231986e+02 3.141592653589661222e+00
8.373898770208239029e-01 4.414208470308694245e+02 3.141592653589661222e+00
1.668164819084470230e+00 4.421196871599541396e+02 3.141592653589661222e+00
1.187036156517812024e+00 4.436147773836217425e+02 3.141592653589661222e+00
1.418028432284965445e+00 4.441914389425335230e+02 3.141592653589661222e+00
9.713841416881445756e-01 4.456516374957748212e+02 3.141592653589661222e+00
1.631561628569980771e+00 4.462106512417374802e+02 3.141592653589661222e+00
6.783177866036851356e-01 4.474090947848097244e+02 3.141592653589661222e+00
1.835964102177858548e+00 4.483098037901409043e+02 3.141592653589661222e+00
8.181136526619628979e-01 4.496054306913410983e+02 3.141592653589661222e+00
1.845556591743199082e+00 4.503441199738525711e+02 3.141592653589661222e+00
7.555636043972898674e-01 4.516204619783797511e+02 3.141592653589661222e+00
1.947146060452784821e+00 4.523845329879420660e+02 3.141592653589661222e+00
7.814906361334160723e-01 4.531111809163319322e+02 3.141592653589661222e+00
1.824461975019866955e+00 4.544200660426776039e+02 3.141592653589661222e+00
8.617533229252226645e-01 4.551228558544087832e+02 3.141592653589661222e+00
1.837546076969358566e+00 4.564579664912453154e+02 3.141592653589661222e+00
6.935736687871532080e-01 4.573343264344946419e+02 3.141592653589661222e+00
1.621882562103220904e+00 4.585589633360124253e+02 3.141592653589661222e+00
1.008029032639953693e+00 4.591016351590115505e+02 3.141592653589661222e+00
1.383835689988879736e+00 4.605710995595489976e+02 3.141592653589661222e+00
1.240419301015029951e+00 4.611440570469408726e+02 3.141592653589661222e+00
1.681797025724209638e+00 4.626548538310136109e+02 3.141592653589661222e+00
8.540394802103191685e-01 4.633492912113073885e+02 3.141592653589661222e+00
1.361583504676007195e+00 4.647531013034617899e+02 3.141592653589661222e+00
1.156607162654751830e+00 4.652640079053920772e+02 3.141592653589661222e+00
1.096852226728618263e+00 4.667380900000384258e+02 3.141592653589661222e+00
1.467264334337411880e+00 4.673351300820132792e+02 3.141592653589661222e+00
1.511645029544959939e+00 4.688757683005417789e+02 3.141592653589661222e+00
1.039649227618447691e+00 4.694873883017621665e+02 3.141592653589661222e+00
1.188947773852085055e+00 4.709532723603559816e+02 3.141592653589661222e+00
1.304675057483992262e+00 4.714639044465810116e+02 3.141592653589661222e+00
8.993516150343212612e-01 4.728917680627693017e+02 3.141592653589661222e+00
1.628707488061165387e+00 4.735565689199646044e+02 3.141592653589661222e+00
1.293813923299590884e+00 4.750768894371659030e+02 3.141592653589661222e+00
1.296909652459763640e+00 4.756505097455631130e+02 3.141592653589661222e+00
1.034930259426357635e+00 4.771255013367018023e+02 3.141592653589661222e+00
1.528865599078766513e+00 4.776603215046750961e+02 3.141592653589661222e+00
7.254854206050480592e-01 4.789522964090996311e+02 3.141592653589661222e+00
1.789359018330919371e+00 4.797637206645548531e+02 3.141592653589661222e+00
9.583451967883355183e-01 4.811673071352125817e+02 3.141592653589661222e+00
1.712346973392184113e+00 4.818075969826841174e+02 3.141592653589661222e+00
8.407557267125660427e-01 4.831829546300009497e+02 3.141592653589661222e+00
1.883717066868157985e+00 4.838371226230173647e+02 3.141592653589661222e+00
6.899441538291863907e-01 4.847310642278887940e+02 3.141592653589661222e+00
1.888458034597888968e+00 4.858979893644250296e+02 3.141592653589661222e+00
7.199847599194417747e-01 4.867861387039054648e+02 3.141592653589661222e+00
1.863289272932219687e+00 4.879280344387723289e+02 3.141592653589661222e+00
6.575570578525804510e-01 4.889366725740661082e+02 3.141592653589661222e+00
1.739034163600331251e+00 4.900165201804315984e+02 3.141592653589661222e+00
9.096888563154980067e-01 4.906103087288884126e+02 3.141592653589661222e+00
1.548232478285643365e+00 4.920432638076690637e+02 3.141592653589661222e+00
1.076592103189018657e+00 4.926379531409958759e+02 3.141592653589661222e+00
1.705264943985478787e+00 4.940972442334838206e+02 3.141592653589661222e+00
7.784841537137294765e-01 4.948405642572091665e+02 3.141592653589661222e+00
1.409883612905215688e+00 4.961998574334465388e+02 3.141592653589661222e+00
1.059992200908377313e+00 4.967324522310997850e+02 3.141592653589661222e+00
1.193555168450167736e+00 4.982099979061136423e+02 3.141592653589661222e+00
1.335397442182688188e+00 4.987889614362084671e+02 3.141592653589661222e+00
1.511874305142943298e+00 5.003071531452263230e+02 3.141592653589661222e+00
9.703477431435053591e-01 5.009342568488056031e+02 3.141592653589661222e+00
1.192656263223153656e+00 5.023888488015011262e+02 3.141592653589661222e+00
1.206164185942214973e+00 5.029130923558906829e+02 3.141592653589661222e+00
9.524340976198213404e-01 5.043639790870969364e+02 3.141592653589661222e+00
1.522870720146275447e+00 5.049963516325670412e+02 3.141592653589661222e+00
1.305130536164463839e+00 5.065097065591947967e+02 3.141592653589661222e+00
1.219430085482452686e+00 5.070867720079804144e+02 3.141592653589661222e+00
1.036368504637965593e+00 5.085622777993253294e+02 3.141592653589661222e+00
1.423432312956644630e+00 5.091015579342591195e+02 3.141592653589661222e+00
7.592065658814528550e-01 5.104468468260955092e+02 3.141592653589661222e+00
1.710754334758553874e+00 5.112042297126762946e+02 3.141592653589661222e+00
1.029602409352120551e+00 5.126443710026024974e+02 3.141592653589661222e+00
1.589335752516812139e+00 5.132516569298820741e+02 3.141592653589661222e+00
8.800787962947284049e-01 5.146676330388494307e+02 3.141592653589661222e+00
1.765103608618445952e+00 5.152819218334021798e+02 3.141592653589661222e+00
6.560856938855130771e-01 5.163170261900393143e+02 3.141592653589661222e+00
1.869536596760592806e+00 5.173650225046025071e+02 3.141592653589661222e+00
7.023625169374234645e-01 5.184430249998787303e+02 3.141592653589661222e+00
1.884534517354952809e+00 5.193942536207017611e+02 3.141592653589661222e+00
6.757639974898936863e-01 5.205218302976314817e+02 3.141592653589661222e+00
1.855406185466500713e+00 5.214626881766621409e+02 3.141592653589661222e+00
8.621822954116077353e-01 5.220962721862484841e+02 3.141592653589661222e+00
1.676273546050664809e+00 5.234908567139506204e+02 3.141592653589661222e+00
9.929468977079775049e-01 5.241156091977208007e+02 3.141592653589661222e+00
1.776424601194939612e+00 5.255379960101414554e+02 3.141592653589661222e+00
7.379984734798435975e-01 5.263343707771073241e+02 3.141592653589661222e+00
1.508002800951577571e+00 5.276423181933715796e+02 3.141592653589661222e+00
1.046124305224333861e+00 5.281739497023346530e+02 3.141592653589661222e+00
1.274026535530616844e+00 5.296511722555590040e+02 3.141592653589661222e+00
1.307843437786897933e+00 5.302251080942214685e+02 3.141592653589661222e+00
1.603861822303098927e+00 5.317465461684712409e+02 3.141592653589661222e+00
9.125235079832290097e-01 5.324036588054102594e+02 3.141592653589661222e+00
1.277929500676870944e+00 5.338376335179526677e+02 3.141592653589661222e+00
1.185905699393996482e+00 5.343524425299721088e+02 3.141592653589661222e+00
1.021933620873578530e+00 5.358166889190973734e+02 3.141592653589661222e+00
1.503098074274978213e+00 5.364302327069725607e+02 3.141592653589661222e+00
1.415050528239109262e+00 5.379614993853266469e+02 3.141592653589661222e+00
1.124098266772018739e+00 5.385517015534247776e+02 3.141592653589661222e+00
1.113261090680302656e+00 5.400271750128476924e+02 3.141592653589661222e+00
1.359972484633205303e+00 5.405489284457329404e+02 3.141592653589661222e+00
8.276089786164148032e-01 5.419429286930447915e+02 3.141592653589661222e+00
1.671176206819814158e+00 5.426474253907797447e+02 3.141592653589661222e+00
1.167067374687126291e+00 5.441366775132639759e+02 3.141592653589661222e+00
1.438138762131637050e+00 5.447153398779073541e+02 3.141592653589661222e+00
9.595695619037243329e-01 5.461716255987919340e+02 3.141592653589661222e+00
1.646700565212281253e+00 5.467363107706307801e+02 3.141592653589661222e+00
6.725654439206328883e-01 5.479176301929426245e+02 3.141592653589661222e+00
1.840774000799746180e+00 5.488342495476430258e+02 3.141592653589661222e+00
7.982979205014767432e-01 5.501080565036559165e+02 3.141592653589661222e+00
1.858400292781234420e+00 5.508675258248558748e+02 3.141592653589661222e+00
7.435055993520574003e-01 5.521262713036679770e+02 3.141592653589661222e+00
1.945826715331453238e+00 5.529105360534105102e+02 3.141592653589661222e+00
7.960788018879335626e-01 5.536186325977506613e+02 3.141592653589661222e+00
1.808273054361529741e+00 5.549435560589753322e+02 3.141592653589661222e+00
8.851676532867621683e-01 5.556297673046595946e+02 3.141592653589661222e+00
1.836056480443374106e+00 5.569833663347338870e+02 3.141592653589661222e+00
7.012920951378759371e-01 5.578464538629862091e+02 3.141592653589661222e+00
1.611570371304051008e+00 5.590850380679900127e+02 3.141592653589661222e+00
1.023211755717095883e+00 5.596216257138115679e+02 3.141592653589661222e+00
1.364766368202403601e+00 5.610941157373370061e+02 3.141592653589661222e+00
1.264360818389122620e+00 5.616663435332238805e+02 3.141592653589661222e+00
1.685755748857557412e+00 5.631836480971961691e+02 3.141592653589661222e+00
8.630432802685947813e-01 5.638745582868738211e+02 3.141592653589661222e+00
1.362999138850117919e+00 5.652815836286915783e+02 3.141592653589661222e+00
1.173099135067803722e+00 5.657885084323077081e+02 3.141592653589661222e+00
1.087378093446397465e+00 5.672613988905515043e+02 3.141592653589661222e+00
1.488289294744971070e+00 5.678616397096033097e+02 3.141592653589661222e+00
1.520787916218702351e+00 5.694066737286492526e+02 3.141592653589661222e+00
1.044691020485220001e+00 5.700182377961582461e+02 3.141592653589661222e+00
1.196172329610417417e+00 5.714845285643689294e+02 3.141592653589661222e+00
1.318621534033919129e+00 5.719918605354921510e+02 3.141592653589661222e+00
8.968073008678766334e-01 5.734172309655547224e+02 3.141592653589661222e+00
1.643656218297835814e+00 5.740854167849244050e+02 3.141592653589661222e+00
1.300887073835888197e+00 5.756085542126377277e+02 3.141592653589661222e+00
1.300280273621153393e+00 5.761820594575235646e+02 3.141592653589661222e+00
1.040339751010633806e+00 5.776575613044506099e+02 3.141592653589661222e+00
1.539074821792207448e+00 5.781899969289054297e+02 3.141592653589661222e+00
7.250905700849182844e-01 5.794785832640426406e+02 3.141592653589661222e+00
1.797686552240834734e+00 5.802932309467507821e+02 3.141592653589661222e+00
9.570996808268619205e-01 5.816958049652125737e+02 3.141592653589661222e+00
1.720265662208992463e+00 5.823375413922142343e+02 3.141592653589661222e+00
8.402693083021763876e-01 5.837108071617913083e+02 3.141592653589661222e+00
1.893714422624341420e+00 5.843664025626399052e+02 3.141592653589661222e+00
6.943162074214577206e-01 5.852504591211115894e+02 3.141592653589661222e+00
1.890155948687141541e+00 5.864252744577130443e+02 3.141592653589661222e+00
7.254353771133484896e-01 5.873007249046057723e+02 3.141592653589661222e+00
1.863721897389420068e+00 5.884556858511245991e+02 3.141592653589661222e+00
6.586015498409553137e-01 5.894559465685981650e+02 3.141592653589661222e+00
1.733965367153473602e+00 5.905450524902896632e+02 3.141592653589661222e+00
9.169042690402949836e-01 5.911343039448760237e+02 3.141592653589661222e+00
1.538466534391807583e+00 5.925706469959241076e+02 3.141592653589661222e+00
1.088363628206548750e+00 5.931627928834310524e+02 3.141592653589661222e+00
1.706006733547407617e+00 5.946265597764041786e+02 3.141592653589661222e+00
7.833931572104075869e-01 5.953666560413207662e+02 3.141592653589661222e+00
1.408674186523199090e+00 5.967289874670265135e+02 3.141592653589661222e+00
1.067976537956899952e+00 5.972592554554502158e+02 3.141592653589661222e+00
1.187403033049561740e+00 5.987370877847741895e+02 3.141592653589661222e+00
1.346627865154473191e+00 5.993169008869190293e+02 3.141592653589661222e+00
1.515800476821231424e+00 6.008376447555864388e+02 3.141592653589661222e+00
9.742307924958979459e-01 6.014642568266817761e+02 3.141592653589661222e+00
1.195642313347777153e+00 6.029193685597816739e+02 3.141592653589661222e+00
1.214125053784365971e+00 6.034418294966627627e+02 3.141592653589661222e+00
9.502875609251781874e-01 6.048916527260471412e+02 3.141592653589661222e+00
1.532095551945839906e+00 6.055258219297332971e+02 3.141592653589661222e+00
1.309749201289655662e+00 6.070410326321964476e+02 3.141592653589661222e+00
1.221732311849818897e+00 6.076180596485177148e+02 3.141592653589661222e+00
1.039957483210772748e+00 6.090938716136378162e+02 3.141592653589661222e+00
1.429792424204493928e+00 6.096316303364658324e+02 3.141592653589661222e+00
7.589681838488737675e-01 6.109752838103096337e+02 3.141592653589661222e+00
1.716686618467798020e+00 6.117344067299574135e+02 3.141592653589661222e+00
1.030712486157066454e+00 6.131750267696487526e+02 3.141592653589661222e+00
1.593123917947301571e+00 6.137824064472835062e+02 3.141592653589661222e+00
8.811466288823437409e-01 6.151981525773115891e+02 3.141592653589661222e+00
1.771354078774644014e+00 6.158120589404239809e+02 3.141592653589661222e+00
6.570356770707083127e-01 6.168427616699810869e+02 3.141592653589661222e+00
1.872392880232221168e+00 6.178943535556559254e+02 3.141592653589661222e+00
7.017966593674457298e-01 6.189666097970334704e+02 3.141592653589661222e+00
1.886081567051113517e+00 6.199237176887369287e+02 3.141592653589661222e+00
6.750911611185073102e-01 6.210474132541163499e+02 3.141592653589661222e+00
1.854549593954722297e+00 6.219925942969040307e+02 3.141592653589661222e+00
8.660755227361610631e-01 6.226230274915250220e+02 3.141592653589661222e+00
1.672106571219020843e+00 6.240200965879211026e+02 3.141592653589661222e+00
9.991159143686799693e-01 6.246426537202136160e+02 3.141592653589661222e+00
1.777661915053854624e+00 6.260680958438938433e+02 3.141592653589661222e+00
7.403223691924623040e-01 6.268625675267591077e+02 3.141592653589661222e+00
1.508010053951292839e+00 6.281723906638106882e+02 3.141592653589661222e+00
1.050988397212503145e+00 6.287023301974576270e+02 3.141592653589661222e+00
1.270551897528698015e+00 6.301800104487139151e+02 3.141592653589661222e+00
1.314907360269921721e+00 6.307541471945735339e+02 3.141592653589661222e+00
1.607750053260810663e+00 6.322774696143781057e+02 3.141592653589661222e+00
9.142075428473298571e-01 6.329345917713709468e+02 3.141592653589661222e+00
1.281105338054295606e+00 6.343686744021498498e+02 3.141592653589661222e+00
1.191065394328929550e+00 6.348820354511364030e+02 3.141592653589661222e+00
1.021095380354831050e+00 6.363459240132139030e+02 3.141592653589661222e+00
1.509402328780452995e+00 6.369603093389682726e+02 3.141592653589661222e+00
1.420526482678604596e+00 6.384932679116308236e+02 3.141592653589661222e+00
1.123772369063858578e+00 6.390838738543974387e+02 3.141592653589661222e+00
1.117454931267603868e+00 6.405593812085985519e+02 3.141592653589661222e+00
1.363248865550800382e+00 6.410797539187278744e+02 3.141592653589661222e+00
8.286686876825792858e-01 6.424736558395715065e+02 3.141592653589661222e+00
1.674879374386618380e+00 6.431783337413299932e+02 3.141592653589661222e+00
1.171591545369420340e+00 6.446691340768614964e+02 3.141592653589661222e+00
1.436714324812822907e+00 6.452473889447867350e+02 3.141592653589661222e+00
9.625684959249880546e-01 6.467044068002791164e+02 3.141592653589661222e+00
1.647924672515000744e+00 6.472676312164337560e+02 3.141592653589661222e+00
6.733847394810615894e-01 6.484498363365817113e+02 3.141592653589661222e+00
1.842349240947787292e+00 6.493655355616524503e+02 3.141592653589661222e+00
8.000632456318407248e-01 6.506410624983424213e+02 3.141592653589661222e+00
1.859118426128315127e+00 6.513990398551555927e+02 3.141592653589661222e+00
7.446588615449578619e-01 6.526587044961374886e+02 3.141592653589661222e+00
1.948326827027544228e+00 6.534416003529140653e+02 3.141592653589661222e+00
7.969876941389174574e-01 6.541490064886151004e+02 3.141592653589661222e+00
1.809285237674212787e+00 6.554742434476817152e+02 3.141592653589661222e+00
8.865775699740632287e-01 6.561598680907587777e+02 3.141592653589661222e+00
1.838323567591841901e+00 6.575143359621979471e+02 3.141592653589661222e+00
7.020030164495582037e-01 6.583773294695037066e+02 3.141592653589661222e+00
1.613954525127919037e+00 6.596159209101675742e+02 3.141592653589661222e+00
1.026392577936211969e+00 6.601511568869411803e+02 3.141592653589661222e+00
1.363992676965362749e+00 6.616240999943403267e+02 3.141592653589661222e+00
1.268920733900342324e+00 6.621962157290261075e+02 3.141592653589661222e+00
1.690920972123418187e+00 6.637150246018305779e+02 3.141592653589661222e+00
8.633845557343895472e-01 6.644067243007925754e+02 3.141592653589661222e+00
1.367825795343440731e+00 6.658131509268495165e+02 3.141592653589661222e+00
1.177598069608735365e+00 6.663185026191398492e+02 3.141592653589661222e+00
1.087768887150202923e+00 6.677913493097105402e+02 3.141592653589661222e+00
1.493974043644728633e+00 6.683920157255214463e+02 3.141592653589661222e+00
1.528878277474680969e+00 6.699389901195477250e+02 3.141592653589661222e+00
1.042498881979861958e+00 6.705518166744482187e+02 3.141592653589661222e+00
1.202788081549000632e+00 6.720175338489872274e+02 3.141592653589661222e+00
1.321304403385871629e+00 6.725231608198270123e+02 3.141592653589661222e+00
8.994901323462795029e-01 6.739490198646859653e+02 3.141592653589661222e+00
1.647149717478519015e+00 6.746167381515981560e+02 3.141592653589661222e+00
1.309804404778746489e+00 6.761422001886178350e+02 3.141592653589661222e+00
1.294707894501189616e+00 6.767159015092382788e+02 3.141592653589661222e+00
1.046271043750153451e+00 6.781920881872786140e+02 3.141592653589661222e+00
1.537261429052936723e+00 6.787224474181807636e+02 3.141592653589661222e+00
7.282634041168969397e-01 6.800144660543834334e+02 3.141592653589661222e+00
1.797942592338192647e+00 6.808256975727279041e+02 3.141592653589661222e+00
9.655318211519162697e-01 6.822329908864370509e+02 3.141592653589661222e+00
1.713640427340529460e+00 6.828709874452497388e+02 3.141592653589661222e+00
8.454799508958620313e-01 6.842483705665863454e+02 3.141592653589661222e+00
1.891237824948559743e+00 6.848990719834242782e+02 3.141592653589661222e+00
6.919285859434368691e-01 6.857906456201317269e+02 3.141592653589661222e+00
1.892458254383464267e+00 6.869588880693687543e+02 3.141592653589661222e+00
7.221145518437884769e-01 6.878438647002400330e+02 3.141592653589661222e+00
1.867237627397724475e+00 6.889893293429906862e+02 3.141592653589661222e+00
6.588821924988420564e-01 6.899958109059563185e+02 3.141592653589661222e+00
1.742656319261499220e+00 6.910776536235159710e+02 3.141592653589661222e+00
9.164603681041708638e-01 6.916674592912087292e+02 3.141592653589661222e+00
1.545268685397950037e+00 6.931027981705682350e+02 3.141592653589661222e+00
1.086834409913190136e+00 6.936956270929562152e+02 3.141592653589661222e+00
1.713151643790283174e+00 6.951589535546962679e+02 3.141592653589661222e+00
7.815928832635516965e-01 6.959020137722313848e+02 3.141592653589661222e+00
1.416790646103490925e+00 6.972616203660006704e+02 3.141592653589661222e+00
1.070233466746864037e+00 6.977906517376318334e+02 3.141592653589661222e+00
1.191780812309215953e+00 6.992687355832484855e+02 3.141592653589661222e+00
1.349239594273350606e+00 6.998483065961180500e+02 3.141592653589661222e+00
1.526069724359900404e+00 7.013706603819543943e+02 3.141592653589661222e+00
9.701580216618348462e-01 7.019995776071464206e+02 3.141592653589661222e+00
1.204500770099654394e+00 7.034533370853248471e+02 3.141592653589661222e+00
1.215130003006466453e+00 7.039741275169511709e+02 3.141592653589661222e+00
9.557634004825786844e-01 7.054250088775745553e+02 3.141592653589661222e+00
1.533837282111658151e+00 7.060578992021477234e+02 3.141592653589661222e+00
1.321806262209023641e+00 7.075757215357318728e+02 3.141592653589661222e+00
1.213297969543644106e+00 7.081535242231007032e+02 3.141592653589661222e+00
1.048181525975886652e+00 7.096298664672302721e+02 3.141592653589661222e+00
1.425705020317124871e+00 7.101652110049745943e+02 3.141592653589661222e+00
7.648425526107289762e-01 7.115135558255063870e+02 3.141592653589661222e+00
1.715199771801464435e+00 7.122677557762769993e+02 3.141592653589661222e+00
1.043949927370243058e+00 7.137140190569599554e+02 3.141592653589661222e+00
1.580604700467984403e+00 7.143175531088785419e+02 3.141592653589661222e+00
8.890268755222933139e-01 7.157380414797842150e+02 3.141592653589661222e+00
1.763371538446526499e+00 7.163461707067742736e+02 3.141592653589661222e+00
6.567248724584733299e-01 7.173898879166232518e+02 3.141592653589661222e+00
1.872256631138540239e+00 7.184299379136172092e+02 3.141592653589661222e+00
7.056131145163559992e-01 7.195203154348084809e+02 3.141592653589661222e+00
1.889547674300067204e+00 7.204595903832783961e+02 3.141592653589661222e+00
6.795556173758741103e-01 7.215939218900582546e+02 3.141592653589661222e+00
1.868660523822504249e+00 7.225258955086274000e+02 3.141592653589661222e+00
8.657071330307605228e-01 7.231576919188842112e+02 3.141592653589661222e+00
1.682943430618780267e+00 7.245524414060462277e+02 3.141592653589661222e+00
9.977844653728230595e-01 7.251765459452493587e+02 3.141592653589661222e+00
1.789691916020510476e+00 7.266010983892148261e+02 3.141592653589661222e+00
7.395399402435008929e-01 7.274000507983718080e+02 3.141592653589661222e+00
1.522547636057687503e+00 7.287052803098948743e+02 3.141592653589661222e+00
1.058805136497955379e+00 7.292318135349821659e+02 3.141592653589661222e+00
1.275243441579074100e+00 7.307101612597498388e+02 3.141592653589661222e+00
1.325035115999183333e+00 7.312841969255978256e+02 3.141592653589661222e+00
1.628940920263593384e+00 7.328115614478293764e+02 3.141592653589661222e+00
9.100500205836460355e-01 7.334734567255760567e+02 3.141592653589661222e+00
1.300650556607603425e+00 7.349041741669944940e+02 3.141592653589661222e+00
1.200244995592515629e+00 7.354130508824827075e+02 3.141592653589661222e+00
1.028875307931031324e+00 7.368776740738807121e+02 3.141592653589661222e+00
1.521003962986558378e+00 7.374916755162350910e+02 3.141592653589661222e+00
1.448729956152042142e+00 7.390306584174965110e+02 3.141592653589661222e+00
1.110130567172623151e+00 7.396250398499403218e+02 3.141592653589661222e+00
1.138873563189837235e+00 7.410996315894127520e+02 3.141592653589661222e+00
1.363026854233283958e+00 7.416146802096870942e+02 3.141592653589661222e+00
8.413540314179641655e-01 7.430139484003348116e+02 3.141592653589661222e+00
1.678220454798283745e+00 7.437127374959286499e+02 3.141592653589661222e+00
1.202234060389163028e+00 7.452127506183197738e+02 3.141592653589661222e+00
1.411313900519398867e+00 7.457883151963378623e+02 3.141592653589661222e+00
9.813130612092130223e-01 7.472508182616749082e+02 3.141592653589661222e+00
1.632797778054237314e+00 7.478052252702483429e+02 3.141592653589661222e+00
6.815360699029091585e-01 7.490082747322314844e+02 3.141592653589661222e+00
1.839580357189225523e+00 7.499044411551629992e+02 3.141592653589661222e+00
8.262441023334261558e-01 7.512075938899006360e+02 3.141592653589661222e+00
1.844817116791501510e+00 7.519395984503652244e+02 3.141592653589661222e+00
7.606635281389573233e-01 7.532210259106485637e+02 3.141592653589661222e+00
1.953239579142571403e+00 7.539784823394815021e+02 3.141592653589661222e+00
7.811780632061996466e-01 7.547066753294755017e+02 3.141592653589661222e+00
1.829616872704853625e+00 7.560135428951916765e+02 3.141592653589661222e+00
8.611202630104269895e-01 7.567177246091117695e+02 3.141592653589661222e+00
1.843012385633989503e+00 7.580517684841870505e+02 3.141592653589661222e+00
6.940300390769246208e-01 7.589300191152842672e+02 3.141592653589661222e+00
1.629123611314388986e+00 7.601524213953271101e+02 3.141592653589661222e+00
1.012959863712796116e+00 7.606928634937518154e+02 3.141592653589661222e+00
1.385148333330680881e+00 7.621629938345147366e+02 3.141592653589661222e+00
1.247180644187260601e+00 7.627356930300027216e+02 3.141592653589661222e+00
1.692998780705784467e+00 7.642489743504395392e+02 3.141592653589661222e+00
8.536408899368778114e-01 7.649457177201027207e+02 3.141592653589661222e+00
1.372419454466715427e+00 7.663476829434609954e+02 3.141592653589661222e+00
1.164503176450991218e+00 7.668555596331939341e+02 3.141592653589661222e+00
1.099202114506686367e+00 7.683297831660316888e+02 3.141592653589661222e+00
1.477284187055081466e+00 7.689272808277578406e+02 3.141592653589661222e+00
1.528867998623161251e+00 7.704717369633611952e+02 3.141592653589661222e+00
1.034138101181155012e+00 7.710862538001039184e+02 3.141592653589661222e+00
1.203092894026472903e+00 7.725507632312651367e+02 3.141592653589661222e+00
1.308983549041369931e+00 7.730579663796239629e+02 3.141592653589661222e+00
9.059301942680191289e-01 7.744872579645027599e+02 3.141592653589661222e+00
1.634739811086326489e+00 7.751505641360392929e+02 3.141592653589661222e+00
1.313299278512413126e+00 7.766758072932786945e+02 3.141592653589661222e+00
1.283913262109503073e+00 7.772499246180084356e+02 3.141592653589661222e+00
1.047842296657698125e+00 7.787263854470915021e+02 3.141592653589661222e+00
1.523598432913088940e+00 7.792567796282141899e+02 3.141592653589661222e+00
7.329267413019799893e-01 7.805568406012392870e+02 3.141592653589661222e+00
1.788925254532824471e+00 7.813601937002116529e+02 3.141592653589661222e+00
9.778348986525705611e-01 7.827744330219222775e+02 3.141592653589661222e+00
1.696079612134280934e+00 7.834063121154407554e+02 3.141592653589661222e+00
8.527420640115899175e-01 7.847910537890012392e+02 3.141592653589661222e+00
1.876488901752824567e+00 7.854341454539780898e+02 3.141592653589661222e+00
6.845662133785791470e-01 7.863465155207197768e+02 3.141592653589661222e+00
1.893005663170013841e+00 7.874973902549978675e+02 3.141592653589661222e+00
7.131123939400058065e-01 7.884093908664478931e+02 3.141592653589661222e+00
1.871657291361791708e+00 7.895275454199083924e+02 3.141592653589661222e+00
6.588292937210012967e-01 7.905514760757740760e+02 3.141592653589661222e+00
1.760322956077397638e+00 7.916133476584602704e+02 3.141592653589661222e+00
9.087652401668880886e-01 7.922085212574592106e+02 3.141592653589661222e+00
1.564804632787977212e+00 7.936389352306129013e+02 3.141592653589661222e+00
1.073155815460312690e+00 7.942353803005514692e+02 3.141592653589661222e+00
1.722867683109206460e+00 7.956935902980428637e+02 3.141592653589661222e+00
7.744357029941206783e-01 7.964441623195150441e+02 3.141592653589661222e+00
1.429972479406161678e+00 7.977967272958869671e+02 3.141592653589661222e+00
1.066077342888522850e+00 7.983261401059501168e+02 3.141592653589661222e+00
1.204075755300839434e+00 7.998043064903855566e+02 3.141592653589661222e+00
1.342527502897013614e+00 8.003827474386527001e+02 3.141592653589661222e+00
1.537458142018517160e+00 8.019050286975424342e+02 3.141592653589661222e+00
9.607650186231432299e-01 8.025378717508665432e+02 3.141592653589661222e+00
1.214830194214536752e+00 8.039890509633365809e+02 3.141592653589661222e+00
1.209426838541030946e+00 8.045090606975408036e+02 3.141592653589661222e+00
9.658171348734881922e-01 8.059623811713315717e+02 3.141592653589661222e+00
1.527998190452175775e+00 8.065918426705123920e+02 3.141592653589661222e+00
1.335255365465806587e+00 8.081117160336891629e+02 3.141592653589661222e+00
1.199050994167623729e+00 8.086908496749562119e+02 3.141592653589661222e+00
1.057080112185480258e+00 8.101675414091370158e+02 3.141592653589661222e+00
1.414188813681232171e+00 8.107008098548235466e+02 3.141592653589661222e+00
7.738455459147538518e-01 8.120571961596102710e+02 3.141592653589661222e+00
1.707671146743607871e+00 8.128028700827873081e+02 3.141592653589661222e+00
1.062361153939931802e+00 8.142565992558339758e+02 3.141592653589661222e+00
1.558727845822806213e+00 8.148549034575426049e+02 3.141592653589661222e+00
8.995753827489932908e-01 8.162821156904124109e+02 3.141592653589661222e+00
1.745660663508342481e+00 8.168825447657337691e+02 3.141592653589661222e+00
6.563085097959636682e-01 8.179490084066924283e+02 3.141592653589661222e+00
1.868857163138737176e+00 8.189690667647839746e+02 3.141592653589661222e+00
7.138146377232987838e-01 8.200906906306148585e+02 3.141592653589661222e+00
1.891580026039189955e+00 8.209990560755804836e+02 3.141592653589661222e+00
6.873356316176433278e-01 8.221524233016064045e+02 3.141592653589661222e+00
1.888399708112861397e+00 8.230612326028266352e+02 3.141592653589661222e+00
8.603775082573988930e-01 8.236989386378199924e+02 3.141592653589661222e+00
1.702507806322061779e+00 8.250873005016127308e+02 3.141592653589661222e+00
9.885056471047710680e-01 8.257163053826005807e+02 3.141592653589661222e+00
1.804177462723172143e+00 8.271357955610288855e+02 3.141592653589661222e+00
7.360255492652719722e-01 8.279429406709208479e+02 3.141592653589661222e+00
1.542101602290382623e+00 8.292397470378349453e+02 3.141592653589661222e+00
1.064029352488356617e+00 8.297635208290888613e+02 3.141592653589661222e+00
1.285166905042529617e+00 8.312422827039775939e+02 3.141592653589661222e+00
1.331027185636781462e+00 8.318159533172805595e+02 3.141592653589661222e+00
1.653362283681770073e+00 8.333467002352858799e+02 3.141592653589661222e+00
9.029916157042862102e-01 8.340151287505459550e+02 3.141592653589661222e+00
1.323968184706964868e+00 8.354409781738959282e+02 3.141592653589661222e+00
1.208049268111088814e+00 8.359451618290769375e+02 3.141592653589661222e+00
1.039698955536602965e+00 8.374110123194926700e+02 3.141592653589661222e+00
1.531038070673194529e+00 8.380238577900537393e+02 3.141592653589661222e+00
1.481929160471628482e+00 8.395693069029799744e+02 3.141592653589661222e+00
1.092336980889740294e+00 8.401689291908877522e+02 3.141592653589661222e+00
1.164582795972858076e+00 8.416417026280755636e+02 3.141592653589661222e+00
1.360637702355952827e+00 8.421508880414406804e+02 3.141592653589661222e+00
8.575273059085449789e-01 8.435569260920092347e+02 3.141592653589661222e+00
1.680028084597791516e+00 8.442481847883647106e+02 3.141592653589661222e+00
1.240374486891169248e+00 8.457588434082255162e+02 3.141592653589661222e+00
1.377873886017914939e+00 8.463322867738219202e+02 3.141592653589661222e+00
1.004700700874238350e+00 8.478006327483209361e+02 3.141592653589661222e+00
1.611051118921449365e+00 8.483450074041670632e+02 3.141592653589661222e+00
6.935644199317042569e-01 8.495744512768698087e+02 3.141592653589661222e+00
1.833747973632376072e+00 8.504457200413460214e+02 3.141592653589661222e+00
8.638009333984996152e-01 8.517828058313743895e+02 3.141592653589661222e+00
1.818464576583863623e+00 8.524834181845949388e+02 3.141592653589661222e+00
7.835429919981602431e-01 8.537936759033631233e+02 3.141592653589661222e+00
1.950756651354172755e+00 8.545181283677648025e+02 3.141592653589661222e+00
7.567657836261071358e-01 8.552814170320784797e+02 3.141592653589661222e+00
1.854472683361087171e+00 8.565579628948123627e+02 3.141592653589661222e+00
8.216410470493695772e-01 8.572956796916863595e+02 3.141592653589661222e+00
1.846909723444754459e+00 8.585934000043791912e+02 3.141592653589661222e+00
6.817536170526893313e-01 8.594973723555834795e+02 3.141592653589661222e+00
1.650371784586714519e+00 8.606923614701254337e+02 3.141592653589661222e+00
9.874423841099024823e-01 8.612437452943689777e+02 3.141592653589661222e+00
1.420348188324436434e+00 8.627076832613688566e+02 3.141592653589661222e+00
1.206168272629972282e+00 8.632826844375663313e+02 3.141592653589661222e+00
1.689720126152507884e+00 8.647844491992041185e+02 3.141592653589661222e+00
8.371757063347541328e-01 8.654888677259813221e+02 3.141592653589661222e+00
1.373931763807765272e+00 8.668838703632459328e+02 3.141592653589661222e+00
1.137285924683349103e+00 8.673981701012927488e+02 3.141592653589661222e+00
1.117652691222910999e+00 8.688741482376742624e+02 3.141592653589661222e+00
1.441980336026720266e+00 8.694663658115447333e+02 3.141592653589661222e+00
1.517279221921219445e+00 8.710037993942820549e+02 3.141592653589661222e+00
1.023188681035753334e+00 8.716193541651759915e+02 3.141592653589661222e+00
1.194113507913708405e+00 8.730826614412241042e+02 3.141592653589661222e+00
1.284764493451363121e+00 8.735949391275195239e+02 3.141592653589661222e+00
9.126625634801864839e-01 8.750289370701735834e+02 3.141592653589661222e+00
1.608770094579076826e+00 8.756857805370724464e+02 3.141592653589661222e+00
1.304913515832716753e+00 8.772069785834835329e+02 3.141592653589661222e+00
1.274708118710525362e+00 8.777814041524923141e+02 3.141592653589661222e+00
1.040947276044492664e+00 8.792572915824515576e+02 3.141592653589661222e+00
1.503809481718114016e+00 8.797910080098049548e+02 3.141592653589661222e+00
7.355730380615465025e-01 8.810988134356123282e+02 3.141592653589661222e+00
1.773241969429674159e+00 8.818945803920843218e+02 3.141592653589661222e+00
9.839092153927643247e-01 8.833123983592173545e+02 3.141592653589661222e+00
1.678192539317893361e+00 8.839403539834014509e+02 3.141592653589661222e+00
8.558331285745722772e-01 8.853302924786403310e+02 3.141592653589661222e+00
1.856154514428115521e+00 8.859690875179238674e+02 3.141592653589661222e+00
6.770003199703275021e-01 8.869030821618489426e+02 3.141592653589661222e+00
1.889489319292188663e+00 8.880363056314788537e+02 3.141592653589661222e+00
7.053832078464749022e-01 8.889770363793888919e+02 3.141592653589661222e+00
1.873294685019541106e+00 8.900660187046790952e+02 3.141592653589661222e+00
6.589975482023430198e-01 8.911083480858588928e+02 3.141592653589661222e+00
1.775287925303463910e+00 8.921493046766058796e+02 3.141592653589661222e+00
8.976042553176915018e-01 8.927522792942756951e+02 3.141592653589661222e+00
1.585389692758734981e+00 8.941761543174483222e+02 3.141592653589661222e+00
1.054346155030786214e+00 8.947776305072738978e+02 3.141592653589661222e+00
1.728156039599660687e+00 8.962283171991614381e+02 3.141592653589661222e+00
7.659588446402402218e-01 8.969866261452392564e+02 3.141592653589661222e+00
1.439380859778008004e+00 8.983318366489145319e+02 3.141592653589661222e+00
1.056615154476808094e+00 8.988636172669971529e+02 3.141592653589661222e+00
1.217265765023241908e+00 9.003414275506058857e+02 3.141592653589661222e+00
1.328497012023887924e+00 9.009185929262384889e+02 3.141592653589661222e+00
1.540889559855044944e+00 9.024384714153247842e+02 3.141592653589661222e+00
9.518091148298116755e-01 9.030742286424925851e+02 3.141592653589661222e+00
1.218554390673050047e+00 9.045232781107578148e+02 3.141592653589661222e+00
1.199085365865939945e+00 9.050444394669236772e+02 3.141592653589661222e+00
9.739459295011914097e-01 9.065000165831485219e+02 3.141592653589661222e+00
1.516294890261769446e+00 9.071259540858819719e+02 3.141592653589661222e+00
1.339014204954954712e+00 9.086453058578257469e+02 3.141592653589661222e+00
1.188804477416748995e+00 9.092253131862362352e+02 3.141592653589661222e+00
1.059155483223496841e+00 9.107018865657847755e+02 3.141592653589661222e+00
1.401970212062803922e+00 9.112353248891074600e+02 3.141592653589661222e+00
7.795051276445418287e-01 9.125975967526089789e+02 3.141592653589661222e+00
1.697894589093325024e+00 9.133369319722969522e+02 3.141592653589661222e+00
1.071771584598965932e+00 9.147942252140934443e+02 3.141592653589661222e+00
1.542918497486019724e+00 9.153897527222770805e+02 3.141592653589661222e+00
9.045191747240804991e-01 9.168207002574591797e+02 3.141592653589661222e+00
1.729806634259716924e+00 9.174173858908110333e+02 3.141592653589661222e+00
6.560765052189009294e-01 9.185003305486329737e+02 3.141592653589661222e+00
1.863763124915110314e+00 9.195060136000464581e+02 3.141592653589661222e+00
7.208798056218318484e-01 9.206497124650193200e+02 3.141592653589661222e+00
1.889632367420449821e+00 9.215361051769669984e+02 3.141592653589661222e+00
6.929491741017671513e-01 9.227037172144104034e+02 3.141592653589661222e+00
1.898349841823440576e+00 9.235956647704873603e+02 3.141592653589661222e+00
8.524611882043947597e-01 9.242409322008763866e+02 3.141592653589661222e+00
1.717289474713282527e+00 9.256224285960189491e+02 3.141592653589661222e+00
9.756677907846754705e-01 9.262571901308284623e+02 3.141592653589661222e+00
1.809151187248284387e+00 9.276697222509470748e+02 3.141592653589661222e+00
7.314231118113397878e-01 9.284834530425929415e+02 3.141592653589661222e+00
1.551346886206220965e+00 9.297735268614108008e+02 3.141592653589661222e+00
1.059792501582571989e+00 9.302983560299486498e+02 3.141592653589661222e+00
1.294758165728581156e+00 9.317766797929606355e+02 3.141592653589661222e+00
1.324087483128399967e+00 9.323499075453855767e+02 3.141592653589661222e+00
1.659161362707218590e+00 9.338795858315256737e+02 3.141592653589661222e+00
8.977522003313852528e-01 9.345509987134040557e+02 3.141592653589661222e+00
1.330287766099777835e+00 9.359744434347959441e+02 3.141592653589661222e+00
1.204669221347075547e+00 9.364784876866481227e+02 3.141592653589661222e+00
1.045928809536095461e+00 9.379453650471422179e+02 3.141592653589661222e+00
1.527105538460809209e+00 9.385565712326972516e+02 3.141592653589661222e+00
1.489446267886653352e+00 9.401026297616934926e+02 3.141592653589661222e+00
1.085130027850898626e+00 9.407040363570047248e+02 3.141592653589661222e+00
1.170497683513327392e+00 9.421759688949678093e+02 3.141592653589661222e+00
1.355451999718072287e+00 9.426843771364026452e+02 3.141592653589661222e+00
8.634387644000913742e-01 9.440934196303921908e+02 3.141592653589661222e+00
1.676040102627901929e+00 9.447812058779292101e+02 3.141592653589661222e+00
1.251125370033980611e+00 9.462944469623447503e+02 3.141592653589661222e+00
1.365473996303902871e+00 9.468675513685390115e+02 3.141592653589661222e+00
1.011058711639761576e+00 9.483374262020673768e+02 3.141592653589661222e+00
1.600394331268655490e+00 9.488793524678760605e+02 3.141592653589661222e+00
6.980687328734961339e-01 9.501186518585583372e+02 3.141592653589661222e+00
1.829161815940027580e+00 9.509806260627700567e+02 3.141592653589661222e+00
8.780998857901377574e-01 9.523293947210426040e+02 3.141592653589661222e+00
1.805314359748628528e+00 9.530192292150823050e+02 3.141592653589661222e+00
7.922427991157608984e-01 9.543402707354653103e+02 3.141592653589661222e+00
1.945238025447229901e+00 9.550527887615686495e+02 3.141592653589661222e+00
7.459216096493546111e-01 9.558328996720962323e+02 3.141592653589661222e+00
1.862584385306260470e+00 9.570952379218377928e+02 3.141592653589661222e+00
8.041746422467370703e-01 9.578501133759666573e+02 3.141592653589661222e+00
1.847392929205966761e+00 9.591294749517848004e+02 3.141592653589661222e+00
6.763454039928200601e-01 9.600460106408063439e+02 3.141592653589661222e+00
1.659133621226204447e+00 9.612275707605381285e+02 3.141592653589661222e+00
9.741591555479085507e-01 9.617851281445214227e+02 3.141592653589661222e+00
1.437182838562349740e+00 9.632453914654183791e+02 3.141592653589661222e+00
1.184871757906018175e+00 9.638221779918711718e+02 3.141592653589661222e+00
1.686103549425388648e+00 9.653175254041955213e+02 3.141592653589661222e+00
8.289740217292609348e-01 9.660255663001133826e+02 3.141592653589661222e+00
1.372860217229314728e+00 9.674172288032973483e+02 3.141592653589661222e+00
1.122373912231357185e+00 9.679353895565554922e+02 3.141592653589661222e+00
1.126460987500850663e+00 9.694119234928976994e+02 3.141592653589661222e+00
1.422353409600691121e+00 9.700016800176059633e+02 3.141592653589661222e+00
1.508056197438316204e+00 9.715347713899361679e+02 3.141592653589661222e+00
1.018484563551424138e+00 9.721503224718529736e+02 3.141592653589661222e+00
1.186803874041958640e+00 9.736132648950816701e+02 3.141592653589661222e+00
1.271611017168856606e+00 9.741287887742257681e+02 3.141592653589661222e+00
9.146931222641679904e-01 9.755647780153854001e+02 3.141592653589661222e+00
1.594189173387972724e+00 9.762187023631782949e+02 3.141592653589661222e+00
1.296265795076937621e+00 9.777367366000431730e+02 3.141592653589661222e+00
1.272684390968373380e+00 9.783111946127858118e+02 3.141592653589661222e+00
1.034488831851957613e+00 9.797864730754720313e+02 3.141592653589661222e+00
1.494701081972912293e+00 9.803228740283989282e+02 3.141592653589661222e+00
7.352036169862141701e-01 9.816328749962881375e+02 3.141592653589661222e+00
1.765088405453602238e+00 9.824265030153710541e+02 3.141592653589661222e+00
9.823093227733723509e-01 9.838436918803032540e+02 3.141592653589661222e+00
1.672838980397278741e+00 9.844715156773636409e+02 3.141592653589661222e+00
8.544819457321949363e-01 9.858619598971441746e+02 3.141592653589661222e+00
1.847370825831498697e+00 9.865011316126102656e+02 3.141592653589661222e+00
6.743636257764284991e-01 9.874418719249465539e+02 3.141592653589661222e+00
1.886499028601766659e+00 9.885698106417584086e+02 3.141592653589661222e+00
7.031038337041199959e-01 9.895195630557107052e+02 3.141592653589661222e+00
1.872076175163245759e+00 9.905992672385976903e+02 3.141592653589661222e+00
6.587798448508944693e-01 9.916474665092324585e+02 3.141592653589661222e+00
1.777764905142003471e+00 9.926819280524442775e+02 3.141592653589661222e+00
8.919887595576357908e-01 9.932887489175982410e+02 3.141592653589661222e+00
1.592035757424817399e+00 9.947097221380006431e+02 3.141592653589661222e+00
1.045328300307318381e+00 9.953135433845594662e+02 3.141592653589661222e+00
1.726669786481207058e+00 9.967604605382373393e+02 3.141592653589661222e+00
7.623957241772397753e-01 9.975211631444984732e+02 3.141592653589661222e+00
1.439444742300519664e+00 9.988640749171315747e+02 3.141592653589661222e+00
1.049991727296458732e+00 9.993979693728276743e+02 3.141592653589661222e+00
1.221795556854091913e+00 1.000875368043580238e+03 3.141592653589661222e+00
1.319093849753404601e+00 1.001452037043759788e+03 3.141592653589661222e+00
1.536312545390126072e+00 1.002969570683801976e+03 3.141592653589661222e+00
9.492276845230468441e-01 1.003605442636681801e+03 3.141592653589661222e+00
1.214929404189961870e+00 1.005054238762927753e+03 3.141592653589661222e+00
1.192470241251308183e+00 1.005577114825998251e+03 3.141592653589661222e+00
9.750385576724723835e-01 1.007033320490361120e+03 3.141592653589661222e+00
1.508419212542780441e+00 1.007658032282282420e+03 3.141592653589661222e+00
1.333256706656925861e+00 1.009175436121098301e+03 3.141592653589661222e+00
1.188285018426496142e+00 1.009755283440273956e+03 3.141592653589661222e+00
1.054830943850502134e+00 1.011231584424341577e+03 3.141592653589661222e+00
1.397423885419776024e+00 1.011766636281233559e+03 3.141592653589661222e+00
7.787567496181407867e-01 1.013129442256231641e+03 3.141592653589661222e+00
1.693161137338725863e+00 1.013868158575197867e+03 3.141592653589661222e+00
1.068279026430330347e+00 1.015324029389183920e+03 3.141592653589661222e+00
