7.396000000000000352e-01 0.000000000000000000e+00 0.000000000000000000e+00
1.256388561860479314e+00 1.298666668586223372e+00 6.284930636431253603e+00
1.807879020560755334e+00 1.700942159875803661e+00 6.284930636431253603e+00
9.987088826712903211e-01 3.102818874010311756e+00 6.284930636431253603e+00
1.408118375140489986e+00 4.482714786684134367e+00 6.284930636431253603e+00
1.722480155208371055e+00 4.877616282791882973e+00 6.284930636431253603e+00
7.497583738950396315e-01 6.160696843570909742e+00 6.284930636431253603e+00
9.181279950363548936e-01 7.401006445437977810e+00 6.284930636431253603e+00
2.308632767156193921e+00 7.911175505190891855e+00 6.284930636431253603e+00
9.336061827097814625e-01 9.278983884075072908e+00 6.284930636431253603e+00
1.020228980677679642e+00 1.057556125816952175e+01 6.284930636431253603e+00
2.464055242379182609e+00 1.108312019235317614e+01 6.284930636431253603e+00
7.652917597634157909e-01 1.228558123244111400e+01 6.284930636431253603e+00
7.115631797605219688e-01 1.330961881009914016e+01 6.284930636431253603e+00
2.945613230634038349e+00 1.412803735683963247e+01 6.284930636431253603e+00
7.423582957046086506e-01 1.522477826978349036e+01 6.284930636431253603e+00
7.282845049102746326e-01 1.634190808210465562e+01 6.284930636431253603e+00
3.061920849132501399e+00 1.730246307674632078e+01 6.284930636431253603e+00
7.114833212705884424e-01 1.821899913190602049e+01 6.284930636431253603e+00
7.732291355158726898e-01 1.916846614740389754e+01 6.284930636431253603e+00
2.674454507411881288e+00 2.034536307365558372e+01 6.284930636431253603e+00
9.641106310061504647e-01 2.089290196389541521e+01 6.284930636431253603e+00
9.253716979081278993e-01 2.216608043374010961e+01 6.284930636431253603e+00
2.493821990329882610e+00 2.352042639030287319e+01 6.284930636431253603e+00
8.688983104190670659e-01 2.407270255843183904e+01 6.284930636431253603e+00
7.743976926024505048e-01 2.527453024532178105e+01 6.284930636431253603e+00
1.840346426246169731e+00 2.655121983778017736e+01 6.284930636431253603e+00
1.382234092759443422e+00 2.694852790690754674e+01 6.284930636431253603e+00
1.021679517058728726e+00 2.832783401507387566e+01 6.284930636431253603e+00
1.969065263526508458e+00 2.973797943983555214e+01 6.284930636431253603e+00
1.173269618829766880e+00 3.015446884480420664e+01 6.284930636431253603e+00
7.564245611145817838e-01 3.144346982283196468e+01 6.284930636431253603e+00
1.356509051716251246e+00 3.274107222914003046e+01 6.284930636431253603e+00
1.752638569830754944e+00 3.313203643725049119e+01 6.284930636431253603e+00
1.027605493866794006e+00 3.453983204559240505e+01 6.284930636431253603e+00
1.554423810163363839e+00 3.593737097718020124e+01 6.284930636431253603e+00
1.576163691195453076e+00 3.632224627200042733e+01 6.284930636431253603e+00
7.581274778239938117e-01 3.761511219602653711e+01 6.284930636431253603e+00
1.007397488061103186e+00 3.887716188168316478e+01 6.284930636431253603e+00
2.193879092469296133e+00 3.934406301220330704e+01 6.284930636431253603e+00
9.795060275135235583e-01 4.073657030686292302e+01 6.284930636431253603e+00
1.157697052993339248e+00 4.207295463568591742e+01 6.284930636431253603e+00
2.213954314951885216e+00 4.252152815005013053e+01 6.284930636431253603e+00
7.745089886194059803e-01 4.376108598362931446e+01 6.284930636431253603e+00
7.489140655552247727e-01 4.485807108034115487e+01 6.284930636431253603e+00
2.804548909988552996e+00 4.556202797851980790e+01 6.284930636431253603e+00
8.040677541343063117e-01 4.679025218549011811e+01 6.284930636431253603e+00
7.703232460466419296e-01 4.795102999040383907e+01 6.284930636431253603e+00
3.094683207927510615e+00 4.873489884567205621e+01 6.284930636431253603e+00
7.329977946721950577e-01 4.976164257758430409e+01 6.284930636431253603e+00
7.669400171888622886e-01 5.064486147956552031e+01 6.284930636431253603e+00
2.913411920656428400e+00 5.177588615037534225e+01 6.284930636431253603e+00
8.862905087450395625e-01 5.239313235240571487e+01 6.284930636431253603e+00
8.940487973946665834e-01 5.362760058803940666e+01 6.284930636431253603e+00
2.672220785757827066e+00 5.495076735157772418e+01 6.284930636431253603e+00
8.213244082662130019e-01 5.555606882696340421e+01 6.284930636431253603e+00
7.944758233295224903e-01 5.671072449326614873e+01 6.284930636431253603e+00
1.970040683436415474e+00 5.797993923734468780e+01 6.284930636431253603e+00
1.347583458862580574e+00 5.838263349582533834e+01 6.284930636431253603e+00
1.040675489850380497e+00 5.975864520941106406e+01 6.284930636431253603e+00
2.144771963656745495e+00 6.117418420895370446e+01 6.284930636431253603e+00
1.101106962243332488e+00 6.161081941767446324e+01 6.284930636431253603e+00
7.811650153803147978e-01 6.288148591788500141e+01 6.284930636431253603e+00
1.451687293939198931e+00 6.417586775865521531e+01 6.284930636431253603e+00
1.731667419993858870e+00 6.455859103104636176e+01 6.284930636431253603e+00
1.066377779062365860e+00 6.597385763106926504e+01 6.284930636431253603e+00
1.734675696868064554e+00 6.738942481757412395e+01 6.284930636431253603e+00
1.443492211712414042e+00 6.777267932946197959e+01 6.284930636431253603e+00
7.766313401089655066e-01 6.906775431719124470e+01 6.284930636431253603e+00
1.106615637331943125e+00 7.034103996064114028e+01 6.284930636431253603e+00
2.115214009794199157e+00 7.077540812584233265e+01 6.284930636431253603e+00
1.030790117244527515e+00 7.218776216056465955e+01 6.284930636431253603e+00
1.331409853643085395e+00 7.356061574341194387e+01 6.284930636431253603e+00
1.967581776245902025e+00 7.396598333609455267e+01 6.284930636431253603e+00
7.854705390557800149e-01 7.523384179504712677e+01 6.284930636431253603e+00
8.203586125468786960e-01 7.639522964973657793e+01 6.284930636431253603e+00
2.642464667333330741e+00 7.699744083067110978e+01 6.284930636431253603e+00
8.889706134076981181e-01 7.831863091016155920e+01 6.284930636431253603e+00
8.821496476645360740e-01 7.955203336700887462e+01 6.284930636431253603e+00
2.899958830800200893e+00 8.017125399082078729e+01 6.284930636431253603e+00
7.642502419665297975e-01 8.130078267728637798e+01 6.284930636431253603e+00
7.316894641319129367e-01 8.218809281577188131e+01 6.284930636431253603e+00
3.099363953629354018e+00 8.321270616587256086e+01 6.284930636431253603e+00
7.697205096139443370e-01 8.400030695370804779e+01 6.284930636431253603e+00
8.039151757334590531e-01 8.515965642107013878e+01 6.284930636431253603e+00
2.825783617834832118e+00 8.638603847603147301e+01 6.284930636431253603e+00
7.493445622364169889e-01 8.709470472772053995e+01 6.284930636431253603e+00
7.815417831980882024e-01 8.818406773516537100e+01 6.284930636431253603e+00
2.223120882325807290e+00 8.942524772993810700e+01 6.284930636431253603e+00
1.166743435501074400e+00 8.987164692798582166e+01 6.284930636431253603e+00
9.869794168213222862e-01 9.121013383972142208e+01 6.284930636431253603e+00
2.221774658903731936e+00 9.260517245432077971e+01 6.284930636431253603e+00
1.002861072458861802e+00 9.307506284509244665e+01 6.284930636431253603e+00
7.626186358084310335e-01 9.433388994834525931e+01 6.284930636431253603e+00
1.585773728805176308e+00 9.562617041665649253e+01 6.284930636431253603e+00
1.551372528230968495e+00 9.601089764740507349e+01 6.284930636431253603e+00
1.027849878971512476e+00 9.740811171960781678e+01 6.284930636431253603e+00
1.757707077150627573e+00 9.881630051226939315e+01 6.284930636431253603e+00
1.347647963109430025e+00 9.920804564466480713e+01 6.284930636431253603e+00
7.524601925066222163e-01 1.005063340388678768e+02 6.284930636431253603e+00
1.179463725469152235e+00 1.017970050002243738e+02 6.284930636431253603e+00
1.940719691264231717e+00 1.022120169400223659e+02 6.284930636431253603e+00
1.010983409579998105e+00 1.036186729191283433e+02 6.284930636431253603e+00
1.364004700692414973e+00 1.049946071882009306e+02 6.284930636431253603e+00
1.837723165831283811e+00 1.053945033291606137e+02 6.284930636431253603e+00
7.647383544295710545e-01 1.066700756833548240e+02 6.284930636431253603e+00
8.671307148932535513e-01 1.078778485030832286e+02 6.284930636431253603e+00
2.460298526409538056e+00 1.084279825017986667e+02 6.284930636431253603e+00
9.158535362855848572e-01 1.097783412019398384e+02 6.284930636431253603e+00
9.532519464905759854e-01 1.110480884910384987e+02 6.284930636431253603e+00
2.665001545508336456e+00 1.116010860123312085e+02 6.284930636431253603e+00
7.671176591901784914e-01 1.127742245740619609e+02 6.284930636431253603e+00
7.094026879181394296e-01 1.137306963247598333e+02 6.284930636431253603e+00
3.054498633425189791e+00 1.146450424874058598e+02 6.284930636431253603e+00
7.284363525258771288e-01 1.156083316201521853e+02 6.284930636431253603e+00
7.420549176419345416e-01 1.167250638943507965e+02 6.284930636431253603e+00
2.959003861771746458e+00 1.178196108467010959e+02 6.284930636431253603e+00
7.134025029143833407e-01 1.186410913957604407e+02 6.284930636431253603e+00
7.721162011493128974e-01 1.196577681056781302e+02 6.284930636431253603e+00
2.472848816157703133e+00 1.208633391262746244e+02 6.284930636431253603e+00
1.031382255396881220e+00 1.213666218752444337e+02 6.284930636431253603e+00
9.428278913493899349e-01 1.226663008907610362e+02 6.284930636431253603e+00
2.340109262139214774e+00 1.240376214148540015e+02 6.284930636431253603e+00
9.176291606797150058e-01 1.245504039947318660e+02 6.284930636431253603e+00
7.572421264391365758e-01 1.257859926163160367e+02 6.284930636431253603e+00
1.729349006996921956e+00 1.270692533107766451e+02 6.284930636431253603e+00
1.417219779763307042e+00 1.274630025348911602e+02 6.284930636431253603e+00
1.004934770276688205e+00 1.288445724781421120e+02 6.284930636431253603e+00
1.825952747897373163e+00 1.302486246175901670e+02 6.284930636431253603e+00
1.248494321935845752e+00 1.306518616744991448e+02 6.284930636431253603e+00
7.400022512030283162e-01 1.319502819118432342e+02 6.284930636431253603e+00
1.267584129644844682e+00 1.332492267580596206e+02 6.284930636431253603e+00
1.796607896370099988e+00 1.336500626972737678e+02 6.284930636431253603e+00
9.998665074707412392e-01 1.350520577006768406e+02 6.284930636431253603e+00
1.419879562566561226e+00 1.364333724883960599e+02 6.284930636431253603e+00
1.706114052566861883e+00 1.368271272605352351e+02 6.284930636431253603e+00
7.493698140747324654e-01 1.381114434130686277e+02 6.284930636431253603e+00
9.267621325507513497e-01 1.393550667205603872e+02 6.284930636431253603e+00
2.292216866893353355e+00 1.398600175668862278e+02 6.284930636431253603e+00
9.374435248429819900e-01 1.412304569245175685e+02 6.284930636431253603e+00
1.032298879938148728e+00 1.425311402148608693e+02 6.284930636431253603e+00
2.436862063177261284e+00 1.430321102929169115e+02 6.284930636431253603e+00
7.657412825016122193e-01 1.442387260071145079e+02 6.284930636431253603e+00
7.137885822794041157e-01 1.452712904433882102e+02 6.284930636431253603e+00
2.930381397673024413e+00 1.460768531588522308e+02 6.284930636431253603e+00
7.470748279291715699e-01 1.471897964833069921e+02 6.284930636431253603e+00
7.296132470953751170e-01 1.483095591316345860e+02 6.284930636431253603e+00
3.072926646045679444e+00 1.492511335022292371e+02 6.284930636431253603e+00
7.128740121651591100e-01 1.501800188841139629e+02 6.284930636431253603e+00
7.735871538286267501e-01 1.511206371910967619e+02 6.284930636431253603e+00
2.700747694849317870e+00 1.522937419728405928e+02 6.284930636431253603e+00
9.570074274466587871e-01 1.528469663303477830e+02 6.284930636431253603e+00
9.236886044556962272e-01 1.541168642598892120e+02 6.284930636431253603e+00
2.515934431208909583e+00 1.554689932012082920e+02 6.284930636431253603e+00
8.639023582661213840e-01 1.560264770436564561e+02 6.284930636431253603e+00
7.776456215423293017e-01 1.572231533981456550e+02 6.284930636431253603e+00
1.853442386521445551e+00 1.584992407115570074e+02 6.284930636431253603e+00
1.381790914596846331e+00 1.588965627909923342e+02 6.284930636431253603e+00
1.025724132828983670e+00 1.602762152756871785e+02 6.284930636431253603e+00
1.992313347506365684e+00 1.616876245940783008e+02 6.284930636431253603e+00
1.164608903155353037e+00 1.621061522406547795e+02 6.284930636431253603e+00
7.601898382536862453e-01 1.633930856003304655e+02 6.284930636431253603e+00
1.367967193427535255e+00 1.646901876443328661e+02 6.284930636431253603e+00
1.752418851866014649e+00 1.650799628933796726e+02 6.284930636431253603e+00
1.033623345665205973e+00 1.664891333918993439e+02 6.284930636431253603e+00
1.578078532751706842e+00 1.678894190328997524e+02 6.284930636431253603e+00
1.558710046690948925e+00 1.682733917482504751e+02 6.284930636431253603e+00
7.608445434279302866e-01 1.695669970126287467e+02 6.284930636431253603e+00
1.019758815456250245e+00 1.708305853003991501e+02 6.284930636431253603e+00
2.184806463654592967e+00 1.712928594991939519e+02 6.284930636431253603e+00
9.868007662445810180e-01 1.726884716488607410e+02 6.284930636431253603e+00
1.179287922504728137e+00 1.740300714416558776e+02 6.284930636431253603e+00
2.182192781875835763e+00 1.744718051090369499e+02 6.284930636431253603e+00
7.763702646109597039e-01 1.757156856535273732e+02 6.284930636431253603e+00
7.563104184020739140e-01 1.768210561609985234e+02 6.284930636431253603e+00
2.786549644639997769e+00 1.775112774103235154e+02 6.284930636431253603e+00
8.143039208988566147e-01 1.787534593303536781e+02 6.284930636431253603e+00
7.806796089673271322e-01 1.799224208013656892e+02 6.284930636431253603e+00
3.084838734999608700e+00 1.806840471398465979e+02 6.284930636431253603e+00
7.368129914586656337e-01 1.817244101206758842e+02 6.284930636431253603e+00
7.640416684627457933e-01 1.826028179203985076e+02 6.284930636431253603e+00
2.943005339398899078e+00 1.837249792120920517e+02 6.284930636431253603e+00
8.731006483068002311e-01 1.843560345810261083e+02 6.284930636431253603e+00
8.862172563306395245e-01 1.855833299786449118e+02 6.284930636431253603e+00
2.690446496682291411e+00 1.868995545973990602e+02 6.284930636431253603e+00
8.138314146982974506e-01 1.875135788801992192e+02 6.284930636431253603e+00
7.945077193525836856e-01 1.886620549641355638e+02 6.284930636431253603e+00
1.991916237122201672e+00 1.899294564254527131e+02 6.284930636431253603e+00
1.333478621569045508e+00 1.903346699267910367e+02 6.284930636431253603e+00
1.038003303472111671e+00 1.917082517328262838e+02 6.284930636431253603e+00
2.157075408994808985e+00 1.931228180438972402e+02 6.284930636431253603e+00
1.091823392681970040e+00 1.935623131125838370e+02 6.284930636431253603e+00
7.810576118592748029e-01 1.948314171218511888e+02 6.284930636431253603e+00
1.463844211468024792e+00 1.961257661434486010e+02 6.284930636431253603e+00
1.719362764923606512e+00 1.965080047316826040e+02 6.284930636431253603e+00
1.065830099706724932e+00 1.979225579814374782e+02 6.284930636431253603e+00
1.744691907028999012e+00 1.993384841209173999e+02 6.284930636431253603e+00
1.431946468947947748e+00 1.997223653953371070e+02 6.284930636431253603e+00
7.761347799633779854e-01 2.010175209473034954e+02 6.284930636431253603e+00
1.115588770804904151e+00 2.022924035932004472e+02 6.284930636431253603e+00
2.101444520481769107e+00 2.027241511827857892e+02 6.284930636431253603e+00
1.032248840010769886e+00 2.041370766623669795e+02 6.284930636431253603e+00
1.342746953627196982e+00 2.055118154730787410e+02 6.284930636431253603e+00
1.947965833267683466e+00 2.059151697799296983e+02 6.284930636431253603e+00
7.848501242121457278e-01 2.071846142114098086e+02 6.284930636431253603e+00
8.273057842718701815e-01 2.083517855852562377e+02 6.284930636431253603e+00
2.623496950407429029e+00 2.089461612472667582e+02 6.284930636431253603e+00
8.952949346038272527e-01 2.102731053991000181e+02 6.284930636431253603e+00
8.938097407088526625e-01 2.115127292792470826e+02 6.284930636431253603e+00
2.870736869546697712e+00 2.121201602878644508e+02 6.284930636431253603e+00
7.662446122311666885e-01 2.132572814732538120e+02 6.284930636431253603e+00
7.280233945621827907e-01 2.141507765397160483e+02 6.284930636431253603e+00
3.104379647929334851e+00 2.151617581488476958e+02 6.284930636431253603e+00
7.607892199432821911e-01 2.159715560577161853e+02 6.284930636431253603e+00
7.942056203548998328e-01 2.171233593829084612e+02 6.284930636431253603e+00
2.843401173842789564e+00 2.183352094797107839e+02 6.284930636431253603e+00
7.428938546607058990e-01 2.190575891158709965e+02 6.284930636431253603e+00
7.800464904311991132e-01 2.201382442273990989e+02 6.284930636431253603e+00
2.254603825315579790e+00 2.213752815605698459e+02 6.284930636431253603e+00
1.147127417228385848e+00 2.218282809255165091e+02 6.284930636431253603e+00
9.806704837232282923e-01 2.231618670967816911e+02 6.284930636431253603e+00
2.233562125127359188e+00 2.245540449743295710e+02 6.284930636431253603e+00
9.912855973240652929e-01 2.250287522784154532e+02 6.284930636431253603e+00
7.609586400773378223e-01 2.262854742737901574e+02 6.284930636431253603e+00
1.603249296046675987e+00 2.275769075795688821e+02 6.284930636431253603e+00
1.531296524010775206e+00 2.279625214349910607e+02 6.284930636431253603e+00
1.023599495745673549e+00 2.293574788145898253e+02 6.284930636431253603e+00
1.762434059783134277e+00 2.307648167550006519e+02 6.284930636431253603e+00
1.335458363164477857e+00 2.311577944041305841e+02 6.284930636431253603e+00
7.498854143152277052e-01 2.324563847017298315e+02 6.284930636431253603e+00
1.189282303247292338e+00 2.337486381690562212e+02 6.284930636431253603e+00
1.920199337008205553e+00 2.341616511484214698e+02 6.284930636431253603e+00
1.008465387969747162e+00 2.355674730569849658e+02 6.284930636431253603e+00
1.368132477339382591e+00 2.369436982980605251e+02 6.284930636431253603e+00
1.822207108132056552e+00 2.373430390473486113e+02 6.284930636431253603e+00
7.621930762830355643e-01 2.386195467024390666e+02 6.284930636431253603e+00
8.733459364725115748e-01 2.398323436868839735e+02 6.284930636431253603e+00
2.438279535552919874e+00 2.403767444193488814e+02 6.284930636431253603e+00
9.182227560791648147e-01 2.417297201418595307e+02 6.284930636431253603e+00
9.617192828821737871e-01 2.430032486827622336e+02 6.284930636431253603e+00
2.636971127573575213e+00 2.435496646521453670e+02 6.284930636431253603e+00
7.668973073609413049e-01 2.447270927067700939e+02 6.284930636431253603e+00
7.084323266219310078e-01 2.456928751964534285e+02 6.284930636431253603e+00
3.041952543279496268e+00 2.465938526262739003e+02 6.284930636431253603e+00
7.280245339176785180e-01 2.475770654311724002e+02 6.284930636431253603e+00
7.378401675434154150e-01 2.486917274547058696e+02 6.284930636431253603e+00
2.975741162426196684e+00 2.497685148505254631e+02 6.284930636431253603e+00
7.117932670016650087e-01 2.506035675357004209e+02 6.284930636431253603e+00
7.722083723105584996e-01 2.516106504411551157e+02 6.284930636431253603e+00
2.501706311864270393e+00 2.528122511782075037e+02 6.284930636431253603e+00
1.020567950564010173e+00 2.533217352918753420e+02 6.284930636431253603e+00
9.400316744932457613e-01 2.546175856011689973e+02 6.284930636431253603e+00
2.360808572781372128e+00 2.559865785140295600e+02 6.284930636431253603e+00
9.096450622551237597e-01 2.565048654732615887e+02 6.284930636431253603e+00
7.590658923544750802e-01 2.577361845586644336e+02 6.284930636431253603e+00
1.745922323656302622e+00 2.590183811706840515e+02 6.284930636431253603e+00
1.409595217019644187e+00 2.594128340664946109e+02 6.284930636431253603e+00
1.006230297298477794e+00 2.607937231026489826e+02 6.284930636431253603e+00
1.843752354158409101e+00 2.621983948620391516e+02 6.284930636431253603e+00
1.236817714430622051e+00 2.626032878079903981e+02 6.284930636431253603e+00
7.413677300051919605e-01 2.639008909049715044e+02 6.284930636431253603e+00
1.280281366037561375e+00 2.651999095667132451e+02 6.284930636431253603e+00
1.786903670594479632e+00 2.655991711652030176e+02 6.284930636431253603e+00
1.002487220255402489e+00 2.670016745056509535e+02 6.284930636431253603e+00
1.435809141324040583e+00 2.683849934177065961e+02 6.284930636431253603e+00
1.687378616321525415e+00 2.687772825678866297e+02 6.284930636431253603e+00
7.497053012843389874e-01 2.700630399211962072e+02 6.284930636431253603e+00
9.372129284454009390e-01 2.713099910758878082e+02 6.284930636431253603e+00
2.275659466301431344e+00 2.718090883667144908e+02 6.284930636431253603e+00
9.426327465002281025e-01 2.731827326737550834e+02 6.284930636431253603e+00
1.047576211866286355e+00 2.744883774554097613e+02 6.284930636431253603e+00
2.405761662577140747e+00 2.749815549685905580e+02 6.284930636431253603e+00
7.666800546176499864e-01 2.761930533869498277e+02 6.284930636431253603e+00
7.169821207115215644e-01 2.772349819803526429e+02 6.284930636431253603e+00
2.913697137527788694e+00 2.780259483865445418e+02 6.284930636431253603e+00
7.532373708590996975e-01 2.791568612587942084e+02 6.284930636431253603e+00
7.321421786383314201e-01 2.802803158656369078e+02 6.284930636431253603e+00
3.084598415605710020e+00 2.812000423377408538e+02 6.284930636431253603e+00
7.149113280208683197e-01 2.821428839104627855e+02 6.284930636431253603e+00
7.740668268822653575e-01 2.830734533908549793e+02 6.284930636431253603e+00
2.730568443915016186e+00 2.842422646877519696e+02 6.284930636431253603e+00
9.494247623362556121e-01 2.848018545416926486e+02 6.284930636431253603e+00
9.219733422178565396e-01 2.860681064779940925e+02 6.284930636431253603e+00
2.541624942448413638e+00 2.874177442115337158e+02 6.284930636431253603e+00
8.586414287558148395e-01 2.879811017605873076e+02 6.284930636431253603e+00
7.816561835072703968e-01 2.891717287278832487e+02 6.284930636431253603e+00
1.867678976102986388e+00 2.904472341505808117e+02 6.284930636431253603e+00
1.382670524707948267e+00 2.908443848537768304e+02 6.284930636431253603e+00
1.030952477045577576e+00 2.922246639276647215e+02 6.284930636431253603e+00
2.020318696573679240e+00 2.936376733417961873e+02 6.284930636431253603e+00
1.155134506320890875e+00 2.940586083911201740e+02 6.284930636431253603e+00
7.650387675617733585e-01 2.953428910199204438e+02 6.284930636431253603e+00
1.380757749860056949e+00 2.966393376806536821e+02 6.284930636431253603e+00
1.754197054531224209e+00 2.970277636087126325e+02 6.284930636431253603e+00
1.041354476872505375e+00 2.984387357782205186e+02 6.284930636431253603e+00
1.607342599288974272e+00 2.998423789264799098e+02 6.284930636431253603e+00
1.538582654062419897e+00 3.002254497754075828e+02 6.284930636431253603e+00
7.645272925921903218e-01 3.015197067572232186e+02 6.284930636431253603e+00
1.034432855311747446e+00 3.027847815723451959e+02 6.284930636431253603e+00
2.175883556429310861e+00 3.032418778013206975e+02 6.284930636431253603e+00
9.958485315813112582e-01 3.046411473488207662e+02 6.284930636431253603e+00
1.206047251405798049e+00 3.059889264661244965e+02 6.284930636431253603e+00
2.144786723384865645e+00 3.064228622652657918e+02 6.284930636431253603e+00
7.787874236552285723e-01 3.076716795493740051e+02 6.284930636431253603e+00
7.657883461449060958e-01 3.087866169126685918e+02 6.284930636431253603e+00
2.765554711030826063e+00 3.094609618580336132e+02 6.284930636431253603e+00
8.269072203674110444e-01 3.107188451231540398e+02 6.284930636431253603e+00
7.944566251412172875e-01 3.118980163358539812e+02 6.284930636431253603e+00
3.068577391196624315e+00 3.126336949423642864e+02 6.284930636431253603e+00
7.415725682909953820e-01 3.136899958054596027e+02 6.284930636431253603e+00
7.600569819077168665e-01 3.145641154419545273e+02 6.284930636431253603e+00
2.977048878392603459e+00 3.156745876216307352e+02 6.284930636431253603e+00
8.567833549940877536e-01 3.163239656568455871e+02 6.284930636431253603e+00
8.758025347906716052e-01 3.175420284341802812e+02 6.284930636431253603e+00
2.711596790464164020e+00 3.188487951235662194e+02 6.284930636431253603e+00
8.044503866530172687e-01 3.194741316991503481e+02 6.284930636431253603e+00
7.938989045574017522e-01 3.206149414049990582e+02 6.284930636431253603e+00
2.020330904889509060e+00 3.218797907966225580e+02 6.284930636431253603e+00
1.313846097250379374e+00 3.222887387641109740e+02 6.284930636431253603e+00
1.033388949321120798e+00 3.236587657809604934e+02 6.284930636431253603e+00
2.169515454653098807e+00 3.250716794853548777e+02 6.284930636431253603e+00
1.080269207351287841e+00 3.255147802978651157e+02 6.284930636431253603e+00
7.800142805758907283e-01 3.267822251709962984e+02 6.284930636431253603e+00
1.479092019653060142e+00 3.280765708682768036e+02 6.284930636431253603e+00
1.701372150047082643e+00 3.284584239363763345e+02 6.284930636431253603e+00
1.063549947708972265e+00 3.298716070752421956e+02 6.284930636431253603e+00
1.753003872105833860e+00 3.312874404254158662e+02 6.284930636431253603e+00
1.419054779836657509e+00 3.316721916018233856e+02 6.284930636431253603e+00
7.746080798094520103e-01 3.329675375340424921e+02 6.284930636431253603e+00
1.125597362667987600e+00 3.342444833344337667e+02 6.284930636431253603e+00
2.083008237978379640e+00 3.346733477102568486e+02 6.284930636431253603e+00
1.032456712357945561e+00 3.360864477913069095e+02 6.284930636431253603e+00
1.352856063248387475e+00 3.374627377644624175e+02 6.284930636431253603e+00
1.927355341497930974e+00 3.378643754757516149e+02 6.284930636431253603e+00
7.834554662351320697e-01 3.391353339846817789e+02 6.284930636431253603e+00
8.347360382304399584e-01 3.403089838411991650e+02 6.284930636431253603e+00
2.600920031267027976e+00 3.408950892367899996e+02 6.284930636431253603e+00
9.014178306906922566e-01 3.422276945388026661e+02 6.284930636431253603e+00
9.061624960129216477e-01 3.434737468491894106e+02 6.284930636431253603e+00
2.837285587698427314e+00 3.440692385979248229e+02 6.284930636431253603e+00
7.679512307748940225e-01 3.452141012233972219e+02 6.284930636431253603e+00
7.241486209463549040e-01 3.461156299644217711e+02 6.284930636431253603e+00
3.106109804445657652e+00 3.471110465379439347e+02 6.284930636431253603e+00
7.520280901727424139e-01 3.479461571980347117e+02 6.284930636431253603e+00
7.837789593297428414e-01 3.490900479173695885e+02 6.284930636431253603e+00
2.863489931058695870e+00 3.502846742869261334e+02 6.284930636431253603e+00
7.362680405298799302e-01 3.510228563829144264e+02 6.284930636431253603e+00
7.785418133851762512e-01 3.520933617236954092e+02 6.284930636431253603e+00
2.290365991362248721e+00 3.533255932830558663e+02 6.284930636431253603e+00
1.125985789426450889e+00 3.537862517273430285e+02 6.284930636431253603e+00
9.739086294054998261e-01 3.551143203630381890e+02 6.284930636431253603e+00
2.248442450418845162e+00 3.565032538480906510e+02 6.284930636431253603e+00
9.784050212630360788e-01 3.569836543051338822e+02 6.284930636431253603e+00
7.595274572690492443e-01 3.582376580881776817e+02 6.284930636431253603e+00
1.623373417662335783e+00 3.595279994968874462e+02 6.284930636431253603e+00
1.509889827030373999e+00 3.599147068169938279e+02 6.284930636431253603e+00
1.019415809542899787e+00 3.613072448516230679e+02 6.284930636431253603e+00
1.769628092142428999e+00 3.627137887720998606e+02 6.284930636431253603e+00
1.321305600429836469e+00 3.631082314954718413e+02 6.284930636431253603e+00
7.474043785442227028e-01 3.644070658616633409e+02 6.284930636431253603e+00
1.201049380624687801e+00 3.657009025806435716e+02 6.284930636431253603e+00
1.897810433320467061e+00 3.661116882953714935e+02 6.284930636431253603e+00
1.006133500826379645e+00 3.675166924856497985e+02 6.284930636431253603e+00
1.374214490463418370e+00 3.688934558350112525e+02 6.284930636431253603e+00
1.803832824775669641e+00 3.692920132051035580e+02 6.284930636431253603e+00
7.595613033504949874e-01 3.705696898001774571e+02 6.284930636431253603e+00
8.810080881271700193e-01 3.717880697605483533e+02 6.284930636431253603e+00
2.413405312308691819e+00 3.723258451169575096e+02 6.284930636431253603e+00
9.211693779864587039e-01 3.736818506601505874e+02 6.284930636431253603e+00
9.721008359032728974e-01 3.749598253727727410e+02 6.284930636431253603e+00
2.604428904256254285e+00 3.754985813650487785e+02 6.284930636431253603e+00
7.667141124860437085e-01 3.766809670994094859e+02 6.284930636431253603e+00
7.078537134477423942e-01 3.776575460144449607e+02 6.284930636431253603e+00
3.026486160747982268e+00 3.785429772723230712e+02 6.284930636431253603e+00
7.286244003012184445e-01 3.795488448747273651e+02 6.284930636431253603e+00
7.338977514358991927e-01 3.806619671428377387e+02 6.284930636431253603e+00
2.995010578345004060e+00 3.817177062698875147e+02 6.284930636431253603e+00
7.105905127896761098e-01 3.825684070619275872e+02 6.284930636431253603e+00
7.725793650226678855e-01 3.835642113903318204e+02 6.284930636431253603e+00
2.534844663594974179e+00 3.847613424055015230e+02 6.284930636431253603e+00
1.009223175773434233e+00 3.852777487913742789e+02 6.284930636431253603e+00
9.373553967751687699e-01 3.865693889225142357e+02 6.284930636431253603e+00
2.386086541803733585e+00 3.879358297908770510e+02 6.284930636431253603e+00
9.010857619573566790e-01 3.884604842267479512e+02 6.284930636431253603e+00
7.617696221892232833e-01 3.896865121555969154e+02 6.284930636431253603e+00
1.764573613348681347e+00 3.909675756361372123e+02 6.284930636431253603e+00
1.403004303669046049e+00 3.913626405616218449e+02 6.284930636431253603e+00
1.008770275454120569e+00 3.927430848586695333e+02 6.284930636431253603e+00
1.866691907130477057e+00 3.941487556150163982e+02 6.284930636431253603e+00
1.223694958653263276e+00 3.945556581644967196e+02 6.284930636431253603e+00
7.437319703898855883e-01 3.958520145459100945e+02 6.284930636431253603e+00
1.295228362259327692e+00 3.971509219336388696e+02 6.284930636431253603e+00
1.778065865522796773e+00 3.975484021944444066e+02 6.284930636431253603e+00
1.006647484540466486e+00 3.989517945559330201e+02 6.284930636431253603e+00
1.456857979885445742e+00 4.003377736305919825e+02 6.284930636431253603e+00
1.665258164825597520e+00 4.007282988437475524e+02 6.284930636431253603e+00
7.507657187638950846e-01 4.020157184760956852e+02 6.284930636431253603e+00
9.501679254991410861e-01 4.032661736999950790e+02 6.284930636431253603e+00
2.257936543913680705e+00 4.037585193787032836e+02 6.284930636431253603e+00
9.494281826733639296e-01 4.051360461538299660e+02 6.284930636431253603e+00
1.067148047445969583e+00 4.064477457042157766e+02 6.284930636431253603e+00
2.368721946791843003e+00 4.069316421672318143e+02 6.284930636431253603e+00
7.681048659192886152e-01 4.081489422959595004e+02 6.284930636431253603e+00
7.215743771207798751e-01 4.092017280377629618e+02 6.284930636431253603e+00
2.893985132150040052e+00 4.099754749352441081e+02 6.284930636431253603e+00
7.614944849787431691e-01 4.111269950514763423e+02 6.284930636431253603e+00
7.364957272588099624e-01 4.122557748017056269e+02 6.284930636431253603e+00
3.095940062925188752e+00 4.131493254401690365e+02 6.284930636431253603e+00
7.177930200130179239e-01 4.141086005503274805e+02 6.284930636431253603e+00
7.743412023827671575e-01 4.150276870363886701e+02 6.284930636431253603e+00
2.765918469251479994e+00 4.161911006897846619e+02 6.284930636431253603e+00
9.401537997806677094e-01 4.167586912707976694e+02 6.284930636431253603e+00
9.194972544262363101e-01 4.180203886789035437e+02 6.284930636431253603e+00
2.571399853312707151e+00 4.193667752390689998e+02 6.284930636431253603e+00
8.525369363142802914e-01 4.199371852893785899e+02 6.284930636431253603e+00
7.862269313925683845e-01 4.211206002252433223e+02 6.284930636431253603e+00
1.884359583615416778e+00 4.223954185007084448e+02 6.284930636431253603e+00
1.383403232621706724e+00 4.227924193416410503e+02 6.284930636431253603e+00
1.036862653566645198e+00 4.241733557886587960e+02 6.284930636431253603e+00
2.053062595153597680e+00 4.255881378025298432e+02 6.284930636431253603e+00
1.144355604486581024e+00 4.260120173754930875e+02 6.284930636431253603e+00
7.707637369649368297e-01 4.272930086789408506e+02 6.284930636431253603e+00
1.395308058038458476e+00 4.285886879698854841e+02 6.284930636431253603e+00
1.756862711983784298e+00 4.289755978712328783e+02 6.284930636431253603e+00
1.050470906029796980e+00 4.303886698012251486e+02 6.284930636431253603e+00
1.642231556978758000e+00 4.317961780537005438e+02 6.284930636431253603e+00
1.515461187252666875e+00 4.321785151865004764e+02 6.284930636431253603e+00
7.690251587633298858e-01 4.334732391204527744e+02 6.284930636431253603e+00
1.051674245046677614e+00 4.347398398103137538e+02 6.284930636431253603e+00
2.166292409448523415e+00 4.351911852906710010e+02 6.284930636431253603e+00
1.006512201417605779e+00 4.365945681296570910e+02 6.284930636431253603e+00
1.238421738290515162e+00 4.379494370232692972e+02 6.284930636431253603e+00
2.101004740054111419e+00 4.383748224778183271e+02 6.284930636431253603e+00
7.816177337623883004e-01 4.396290929975080530e+02 6.284930636431253603e+00
7.778507937518167603e-01 4.407550316199645408e+02 6.284930636431253603e+00
2.740268458101149385e+00 4.414111697820287645e+02 6.284930636431253603e+00
8.422103434894340213e-01 4.426864233211081228e+02 6.284930636431253603e+00
8.127466387240082080e-01 4.438782389613404575e+02 6.284930636431253603e+00
3.042053323110211149e+00 4.445839862110654508e+02 6.284930636431253603e+00
7.473756766129316942e-01 4.456588019552983155e+02 6.284930636431253603e+00
7.544717629683931337e-01 4.465303164044430559e+02 6.284930636431253603e+00
3.015040759030544582e+00 4.476248908434238842e+02 6.284930636431253603e+00
8.364107584209006241e-01 4.482994207173282462e+02 6.284930636431253603e+00
8.616083723302573327e-01 4.495053492040394190e+02 6.284930636431253603e+00
2.736254530408301910e+00 4.507986818177384976e+02 6.284930636431253603e+00
7.924527872597694200e-01 4.514392259879869584e+02 6.284930636431253603e+00
7.921354072707837979e-01 4.525702714735271002e+02 6.284930636431253603e+00
2.058505530486279600e+00 4.538313286822441341e+02 6.284930636431253603e+00
1.285734730543239390e+00 4.542460851512527711e+02 6.284930636431253603e+00
1.025541211644388051e+00 4.556107276204672871e+02 6.284930636431253603e+00
2.181246475755675096e+00 4.570208339158640456e+02 6.284930636431253603e+00
1.065325407000985658e+00 4.574686635349698918e+02 6.284930636431253603e+00
7.772953342734254534e-01 4.587344215028214762e+02 6.284930636431253603e+00
1.498965319416204034e+00 4.600287604816994076e+02 6.284930636431253603e+00
1.674167488857950303e+00 4.604105032116459597e+02 6.284930636431253603e+00
1.058156958153235738e+00 4.618211710111507387e+02 6.284930636431253603e+00
1.757322612059259326e+00 4.632360650958835322e+02 6.284930636431253603e+00
1.404505447918243721e+00 4.636220358039199141e+02 6.284930636431253603e+00
7.712065762654126688e-01 4.649178142336086239e+02 6.284930636431253603e+00
1.136733085953827160e+00 4.661975509266994777e+02 6.284930636431253603e+00
2.057051313489005828e+00 4.666232445687732593e+02 6.284930636431253603e+00
1.030199198115876014e+00 4.680357482362039150e+02 6.284930636431253603e+00
1.359511309905041987e+00 4.694128304414630293e+02 6.284930636431253603e+00
1.906453109722363592e+00 4.698133788300493165e+02 6.284930636431253603e+00
7.806499113698223136e-01 4.710856360013764288e+02 6.284930636431253603e+00
8.422755901537134493e-01 4.722666450318255897e+02 6.284930636431253603e+00
2.573237578411383453e+00 4.728442413383357348e+02 6.284930636431253603e+00
9.065582760353370073e-01 4.741820083377137394e+02 6.284930636431253603e+00
9.183000221707696697e-01 4.754343012065164089e+02 6.284930636431253603e+00
2.799659878808074431e+00 4.760184082330466140e+02 6.284930636431253603e+00
7.689271079959525412e-01 4.771707502114335853e+02 6.284930636431253603e+00
7.200946087615470725e-01 4.780826764197457805e+02 6.284930636431253603e+00
3.102541286205910520e+00 4.790605668434431550e+02 6.284930636431253603e+00
7.438436832519111919e-01 4.799240899480308826e+02 6.284930636431253603e+00
7.728241109484078608e-01 4.810600347373706995e+02 6.284930636431253603e+00
2.885191334900127913e+00 4.822344172554725787e+02 6.284930636431253603e+00
7.296390789541623567e-01 4.829905406131592827e+02 6.284930636431253603e+00
7.768357289747817029e-01 4.840495770847663835e+02 6.284930636431253603e+00
2.330487035573433729e+00 4.852761946774566013e+02 6.284930636431253603e+00
1.103027187766563832e+00 4.857458353348329751e+02 6.284930636431253603e+00
9.663844300182033997e-01 4.870676143663558264e+02 6.284930636431253603e+00
2.265807885857253456e+00 4.884527611302137302e+02 6.284930636431253603e+00
9.642360459560818109e-01 4.889398005337475297e+02 6.284930636431253603e+00
7.581217970972476961e-01 4.901905050971641913e+02 6.284930636431253603e+00
1.646234877159281629e+00 4.914794725262144652e+02 6.284930636431253603e+00
1.486592726464863290e+00 4.918675930814115986e+02 6.284930636431253603e+00
1.014919859251750989e+00 4.932574181346289492e+02 6.284930636431253603e+00
1.778397029889588588e+00 4.946630907902521699e+02 6.284930636431253603e+00
1.305430270259925862e+00 4.950592652796122479e+02 6.284930636431253603e+00
7.447998048739885579e-01 4.963583088362665308e+02 6.284930636431253603e+00
1.214547010403406402e+00 4.976537306072859792e+02 6.284930636431253603e+00
1.873183999712323189e+00 4.980621584312672780e+02 6.284930636431253603e+00
1.003587606293899759e+00 4.994662279662470610e+02 6.284930636431253603e+00
1.381288705767600211e+00 5.008435944792315127e+02 6.284930636431253603e+00
1.783340710546739150e+00 5.012413024112341304e+02 6.284930636431253603e+00
7.566722181617788756e-01 5.025202916204818280e+02 6.284930636431253603e+00
8.898088490275608553e-01 5.037446880185349869e+02 6.284930636431253603e+00
2.385784370441662361e+00 5.042752429312678260e+02 6.284930636431253603e+00
9.242408421785204276e-01 5.056344011775688614e+02 6.284930636431253603e+00
9.837039348805086680e-01 5.069171675324429884e+02 6.284930636431253603e+00
2.568404472272742822e+00 5.074477471961537276e+02 6.284930636431253603e+00
7.663560134951094005e-01 5.086354177027460537e+02 6.284930636431253603e+00
7.078039063955707810e-01 5.096241509660400197e+02 6.284930636431253603e+00
3.007528705635765132e+00 5.104923551994725699e+02 6.284930636431253603e+00
7.304861369005838378e-01 5.115226604989131260e+02 6.284930636431253603e+00
7.306528163154842881e-01 5.126351808742813319e+02 6.284930636431253603e+00
3.014892298364077572e+00 5.136670966958274676e+02 6.284930636431253603e+00
7.099202742650722042e-01 5.145349706670435808e+02 6.284930636431253603e+00
7.729385691835132244e-01 5.155184568402358991e+02 6.284930636431253603e+00
2.571182150312360637e+00 5.167105799086649540e+02 6.284930636431253603e+00
9.971875744165865640e-01 5.172347209130203964e+02 6.284930636431253603e+00
9.344321858920713320e-01 5.185217064264210194e+02 6.284930636431253603e+00
2.414114052909575481e+00 5.198852475433512836e+02 6.284930636431253603e+00
8.921613408194301043e-01 5.204169623231326796e+02 6.284930636431253603e+00
7.649343469592115863e-01 5.216369574574941907e+02 6.284930636431253603e+00
1.784699657814508011e+00 5.229168277476669573e+02 6.284930636431253603e+00
1.396745935602639710e+00 5.233125089358331934e+02 6.284930636431253603e+00
1.011905213558966121e+00 5.246925799194123101e+02 6.284930636431253603e+00
1.892700552117381196e+00 5.260994086088428503e+02 6.284930636431253603e+00
1.209818979328375343e+00 5.265086370571725638e+02 6.284930636431253603e+00
7.466853044791467164e-01 5.278033891720290285e+02 6.284930636431253603e+00
1.311518709881570821e+00 5.291020630680211525e+02 6.284930636431253603e+00
1.769791320858073780e+00 5.294976967758482260e+02 6.284930636431253603e+00
1.011672039657663058e+00 5.309021601445037959e+02 6.284930636431253603e+00
1.481092012461518115e+00 5.322911303830665020e+02 6.284930636431253603e+00
1.641341549441294179e+00 5.326798799418388626e+02 6.284930636431253603e+00
7.522811420860548992e-01 5.339689818244847856e+02 6.284930636431253603e+00
9.647481238527200187e-01 5.352229260893701621e+02 6.284930636431253603e+00
2.239668285803761094e+00 5.357081636623669283e+02 6.284930636431253603e+00
9.570989912401912658e-01 5.370898239483755106e+02 6.284930636431253603e+00
1.089582960490738106e+00 5.384081168442780836e+02 6.284930636431253603e+00
2.328080368590499827e+00 5.388821723149645777e+02 6.284930636431253603e+00
7.697349569356195520e-01 5.401056371664315066e+02 6.284930636431253603e+00
7.274814589759821537e-01 5.411702209354925799e+02 6.284930636431253603e+00
2.871594670582978015e+00 5.419252838948784756e+02 6.284930636431253603e+00
7.715074425347429043e-01 5.430984072568428473e+02 6.284930636431253603e+00
7.428975700358416701e-01 5.442341464300534426e+02 6.284930636431253603e+00
3.103682387053896541e+00 5.450988519023604795e+02 6.284930636431253603e+00
7.213385422903535460e-01 5.460759967773695962e+02 6.284930636431253603e+00
7.738218472103259860e-01 5.469835741518614896e+02 6.284930636431253603e+00
2.804718496017944762e+00 5.481402439030767937e+02 6.284930636431253603e+00
9.285672976346470708e-01 5.487179575187144565e+02 6.284930636431253603e+00
9.153874512659873064e-01 5.499739405024174630e+02 6.284930636431253603e+00
2.601588563370843765e+00 5.513159484732261717e+02 6.284930636431253603e+00
8.454449529745394765e-01 5.518944572695763782e+02 6.284930636431253603e+00
7.902510258738925097e-01 5.530701514599634265e+02 6.284930636431253603e+00
1.903585047523658202e+00 5.543440256157946351e+02 6.284930636431253603e+00
1.380953551282776193e+00 5.547413529624448074e+02 6.284930636431253603e+00
1.041518134702567489e+00 5.561223724129573611e+02 6.284930636431253603e+00
2.084967620848672265e+00 5.575385072555367287e+02 6.284930636431253603e+00
1.132963928079819604e+00 5.579656643467046706e+02 6.284930636431253603e+00
7.759330087439874069e-01 5.592432632567774817e+02 6.284930636431253603e+00
1.410411811446684816e+00 5.605382730387623269e+02 6.284930636431253603e+00
1.757255933757575717e+00 5.609237257995382606e+02 6.284930636431253603e+00
1.058671164657242425e+00 5.623385636245049000e+02 6.284930636431253603e+00
1.676313084899337946e+00 5.637495984394012112e+02 6.284930636431253603e+00
1.492517656248157465e+00 5.641316393144655876e+02 6.284930636431253603e+00
7.731419505299325090e-01 5.654265620922349171e+02 6.284930636431253603e+00
1.069041912787300541e+00 5.666947409820625126e+02 6.284930636431253603e+00
2.155527784638270994e+00 5.671405577269193827e+02 6.284930636431253603e+00
1.016576025725203225e+00 5.685476807262268721e+02 6.284930636431253603e+00
1.270962373720020189e+00 5.699092685460592520e+02 6.284930636431253603e+00
2.057228530102974240e+00 5.703269287636020408e+02 6.284930636431253603e+00
7.840766932595102379e-01 5.715862112556898182e+02 6.284930636431253603e+00
7.908875158319111920e-01 5.727231987795562418e+02 6.284930636431253603e+00
2.712986674981343160e+00 5.733614700874129539e+02 6.284930636431253603e+00
8.578416512895109536e-01 5.746530022460924556e+02 6.284930636431253603e+00
8.333547079566937521e-01 5.758580843977312043e+02 6.284930636431253603e+00
3.006383739836512525e+00 5.765345117202606389e+02 6.284930636431253603e+00
7.532581578820886081e-01 5.776276481454723353e+02 6.284930636431253603e+00
7.478734254930535785e-01 5.784997988986269775e+02 6.284930636431253603e+00
3.049646113451703222e+00 5.795754991924590058e+02 6.284930636431253603e+00
8.148380608805596559e-01 5.802802107976663137e+02 6.284930636431253603e+00
8.450541436708417509e-01 5.814724147669273862e+02 6.284930636431253603e+00
2.761931600072313753e+00 5.827489508440197596e+02 6.284930636431253603e+00
7.792651321942369869e-01 5.834075519542145685e+02 6.284930636431253603e+00
7.893089187866472178e-01 5.845274728344659252e+02 6.284930636431253603e+00
2.103379080965808612e+00 5.857835987953731092e+02 6.284930636431253603e+00
1.251849782906339970e+00 5.862061213974001248e+02 6.284930636431253603e+00
1.015034563859637862e+00 5.875638727091824194e+02 6.284930636431253603e+00
2.191490054250520014e+00 5.889701357732649285e+02 6.284930636431253603e+00
1.048126986322450271e+00 5.894235728049937961e+02 6.284930636431253603e+00
7.731161569137602330e-01 5.906877054516611452e+02 6.284930636431253603e+00
1.522098208673300146e+00 5.919818793954157172e+02 6.284930636431253603e+00
1.639948724346149911e+00 5.923639757794409206e+02 6.284930636431253603e+00
1.049945328781848319e+00 5.937711026697699026e+02 6.284930636431253603e+00
1.757137615725541169e+00 5.951842353304060680e+02 6.284930636431253603e+00
1.389266952017963686e+00 5.955716894750061101e+02 6.284930636431253603e+00
7.661022175647096422e-01 5.968681453697981851e+02 6.284930636431253603e+00
1.148135542581927959e+00 5.981511307601628005e+02 6.284930636431253603e+00
2.025334589094716531e+00 5.985736739176913943e+02 6.284930636431253603e+00
1.025384299533786070e+00 5.999847676814025590e+02 6.284930636431253603e+00
1.361576055130402585e+00 6.013617254985874752e+02 6.284930636431253603e+00
1.887113851722568958e+00 6.017619416123418432e+02 6.284930636431253603e+00
7.765101587228233626e-01 6.030351635439515121e+02 6.284930636431253603e+00
8.491433797833584096e-01 6.042238022824152495e+02 6.284930636431253603e+00
2.542459086540758584e+00 6.047934364190530232e+02 6.284930636431253603e+00
9.099472577289495767e-01 6.061352958044876686e+02 6.284930636431253603e+00
9.286675621608473374e-01 6.073929243361785666e+02 6.284930636431253603e+00
2.761704431985739561e+00 6.079674215618045992e+02 6.284930636431253603e+00
7.689051689686916546e-01 6.091261827135679141e+02 6.284930636431253603e+00
7.163279633635336596e-01 6.100499475281869763e+02 6.284930636431253603e+00
3.093283736730348288e+00 6.110100701571318496e+02 6.284930636431253603e+00
7.372780611024100095e-01 6.119021642946943302e+02 6.284930636431253603e+00
7.626370279103115157e-01 6.130311798175677040e+02 6.284930636431253603e+00
2.905921829291012060e+00 6.141841488860130767e+02 6.284930636431253603e+00
7.237829759720086908e-01 6.149585695602628448e+02 6.284930636431253603e+00
7.750333609554883596e-01 6.160060317227913629e+02 6.284930636431253603e+00
2.370958659117944123e+00 6.172267138267109203e+02 6.284930636431253603e+00
1.080510814477334103e+00 6.177058882443903940e+02 6.284930636431253603e+00
9.587577113711396315e-01 6.190211742157274557e+02 6.284930636431253603e+00
2.283826679350283051e+00 6.204022977732505524e+02 6.284930636431253603e+00
9.502183697341354263e-01 6.208963133677661972e+02 6.284930636431253603e+00
7.568406509942799953e-01 6.221434441021011708e+02 6.284930636431253603e+00
1.669625643923436265e+00 6.234308705723839239e+02 6.284930636431253603e+00
1.463617559123498113e+00 6.238206330764201084e+02 6.284930636431253603e+00
1.010472675045996249e+00 6.252076834856370624e+02 6.284930636431253603e+00
1.787710255188085240e+00 6.266124579912877834e+02 6.284930636431253603e+00
1.289467202604462459e+00 6.270104814725434608e+02 6.284930636431253603e+00
7.422897307669575895e-01 6.283096750198717473e+02 6.284930636431253603e+00
1.228417141840987048e+00 6.296065111761331536e+02 6.284930636431253603e+00
1.848701898511974751e+00 6.300127221773705060e+02 6.284930636431253603e+00
1.000988776356098287e+00 6.314157984791673925e+02 6.284930636431253603e+00
1.388449585522139706e+00 6.327937300026720777e+02 6.284930636431253603e+00
1.762932382610899795e+00 6.331906472153088998e+02 6.284930636431253603e+00
7.537757092146096793e-01 6.344709425398239091e+02 6.284930636431253603e+00
8.988198398833989744e-01 6.357011472040973104e+02 6.284930636431253603e+00
2.358192579317785142e+00 6.362246844490041440e+02 6.284930636431253603e+00
9.270065687373471031e-01 6.375867297906529529e+02 6.284930636431253603e+00
9.951874233918380774e-01 6.388740693711105223e+02 6.284930636431253603e+00
2.532794443458510347e+00 6.393969146788673470e+02 6.284930636431253603e+00
7.657975370774307011e-01 6.405895864675034090e+02 6.284930636431253603e+00
7.083526033646767583e-01 6.415905523423415389e+02 6.284930636431253603e+00
2.986851268417730410e+00 6.424417263416390824e+02 6.284930636431253603e+00
7.334553308443985120e-01 6.434954609194896875e+02 6.284930636431253603e+00
7.286034471382081268e-01 6.446085226166211442e+02 6.284930636431253603e+00
3.032387551122389002e+00 6.456164142349833810e+02 6.284930636431253603e+00
7.098396040072053603e-01 6.465010963062443352e+02 6.284930636431253603e+00
7.730480036072818750e-01 6.474727788662181638e+02 6.284930636431253603e+00
2.606799087436409312e+00 6.486597487111594091e+02 6.284930636431253603e+00
9.853288738887263642e-01 6.491918546320606538e+02 6.284930636431253603e+00
9.312377179217874446e-01 6.504740890405987557e+02 6.284930636431253603e+00
2.441130834587620146e+00 6.518345399583134849e+02 6.284930636431253603e+00
8.836953885283347354e-01 6.523732861404216692e+02 6.284930636431253603e+00
7.679446891507313300e-01 6.535872600279236622e+02 6.284930636431253603e+00
1.804267529296296191e+00 6.548659658721429651e+02 6.284930636431253603e+00
1.390627732735614686e+00 6.552623101773748431e+02 6.284930636431253603e+00
1.014814318858606512e+00 6.566419603555602862e+02 6.284930636431253603e+00
1.917866748482234041e+00 6.580498304055817016e+02 6.284930636431253603e+00
1.196764250482389658e+00 6.584614487008178685e+02 6.284930636431253603e+00
7.495981261055293388e-01 6.597544832263869239e+02 6.284930636431253603e+00
1.327141737953056122e+00 6.610528867463995084e+02 6.284930636431253603e+00
1.762245900656492559e+00 6.614468484695340749e+02 6.284930636431253603e+00
1.016532949365885452e+00 6.628523070651499438e+02 6.284930636431253603e+00
1.504756193676640263e+00 6.642440906953868307e+02 6.284930636431253603e+00
1.618771961391920033e+00 6.646313703680327762e+02 6.284930636431253603e+00
7.538485364081928264e-01 6.659219200006441497e+02 6.284930636431253603e+00
9.789727465262567652e-01 6.671789739453121229e+02 6.284930636431253603e+00
2.222632636827996500e+00 6.676576856000591533e+02 6.284930636431253603e+00
9.643956065515314480e-01 6.690430971286414206e+02 6.284930636431253603e+00
1.111657196007887816e+00 6.703675550119186255e+02 6.284930636431253603e+00
2.289156042763850429e+00 6.708326548566584506e+02 6.284930636431253603e+00
7.712136884254874314e-01 6.720617594873126563e+02 6.284930636431253603e+00
7.339444339551919327e-01 6.731376282605699544e+02 6.284930636431253603e+00
2.848988643260975451e+00 6.738750067582726615e+02 6.284930636431253603e+00
7.818867716406083801e-01 6.750678287503363890e+02 6.284930636431253603e+00
7.506254188783704207e-01 6.762112586978262243e+02 6.284930636431253603e+00
3.105569144513339985e+00 6.770483047853983862e+02 6.284930636431253603e+00
7.250070040383739256e-01 6.780424634980380461e+02 6.284930636431253603e+00
7.722789138628897154e-01 6.789404234244765348e+02 6.284930636431253603e+00
2.841961618202059281e+00 6.800894755087424528e+02 6.284930636431253603e+00
9.155114842025779964e-01 6.806788146311110950e+02 6.284930636431253603e+00
9.095943953736410625e-01 6.819283260818300505e+02 6.284930636431253603e+00
2.627483336794207869e+00 6.832650070693421185e+02 6.284930636431253603e+00
8.378702057993718810e-01 6.838519081700789002e+02 6.284930636431253603e+00
7.927181422105059605e-01 6.850204397399437539e+02 6.284930636431253603e+00
1.924039039445985200e+00 6.862930687182657721e+02 6.284930636431253603e+00
1.373588119941122176e+00 6.866914978464377555e+02 6.284930636431253603e+00
1.043307203490664969e+00 6.880716229052268318e+02 6.284930636431253603e+00
2.109625275044573645e+00 6.894882158960904235e+02 6.284930636431253603e+00
1.122220677980138026e+00 6.899185309427425636e+02 6.284930636431253603e+00
7.791068949147836875e-01 6.911933779522779560e+02 6.284930636431253603e+00
1.424374511590615455e+00 6.924880039794257982e+02 6.284930636431253603e+00
1.752759886119423571e+00 6.928723175114041624e+02 6.284930636431253603e+00
1.063622855953149537e+00 6.942879952479034955e+02 6.284930636431253603e+00
1.701856977190774556e+00 6.957013700635546911e+02 6.284930636431253603e+00
1.473660489303225463e+00 6.960835703700518025e+02 6.284930636431253603e+00
7.755860272302671499e-01 6.973785426307123316e+02 6.284930636431253603e+00
1.083423186650497971e+00 6.986483268828394557e+02 6.284930636431253603e+00
2.143598609161929236e+00 6.990896919347701441e+02 6.284930636431253603e+00
1.023568146795229339e+00 7.004993697896832145e+02 6.284930636431253603e+00
1.296403218498347609e+00 7.018659144801149523e+02 6.284930636431253603e+00
2.021727603854786004e+00 7.022780859702090765e+02 6.284930636431253603e+00
7.853973527951053635e-01 7.035410462860937741e+02 6.284930636431253603e+00
8.021239606362022823e-01 7.046873026897611680e+02 6.284930636431253603e+00
2.688036635529365004e+00 7.053112456489013766e+02 6.284930636431253603e+00
8.704745747816338142e-01 7.066151471068573073e+02 6.284930636431253603e+00
8.516971129604297142e-01 7.078313328635916832e+02 6.284930636431253603e+00
2.969829149266431934e+00 7.084845597012337066e+02 6.284930636431253603e+00
7.578926384457348453e-01 7.095923501723800655e+02 6.284930636431253603e+00
7.417990833018863750e-01 7.104680123029203287e+02 6.284930636431253603e+00
3.073690839512446260e+00 7.115256807459936681e+02 6.284930636431253603e+00
7.967556687827496154e-01 7.122595043880902494e+02 6.284930636431253603e+00
8.297995561475768334e-01 7.134393494252456094e+02 6.284930636431253603e+00
2.784671069259976761e+00 7.146989675168161966e+02 6.284930636431253603e+00
7.677163048306111515e-01 7.153749978997337848e+02 6.284930636431253603e+00
7.863693744457841417e-01 7.164843710571160500e+02 6.284930636431253603e+00
2.145923189842981582e+00 7.177354236964202983e+02 6.284930636431253603e+00
1.220178447576397485e+00 7.181660358394407240e+02 6.284930636431253603e+00
1.004680497141948070e+00 7.195169601272773434e+02 6.284930636431253603e+00
2.200568162692716268e+00 7.209192838665119325e+02 6.284930636431253603e+00
1.031939311360920319e+00 7.213782573814435182e+02 6.284930636431253603e+00
7.689366434612410206e-01 7.226408367806712931e+02 6.284930636431253603e+00
1.544256779625411191e+00 7.239345982367141232e+02 6.284930636431253603e+00
1.607134473967388955e+00 7.243174104797569726e+02 6.284930636431253603e+00
1.041552258196369651e+00 7.257209330103789853e+02 6.284930636431253603e+00
1.755541310522499732e+00 7.271321643598276978e+02 6.284930636431253603e+00
1.375129884497451771e+00 7.275210805753642944e+02 6.284930636431253603e+00
7.609039748135901782e-01 7.288182423928096796e+02 6.284930636431253603e+00
1.158582177365732990e+00 7.301041858203453785e+02 6.284930636431253603e+00
1.994762198440474643e+00 7.305240087771893513e+02 6.284930636431253603e+00
1.019942906747088651e+00 7.319334604231389676e+02 6.284930636431253603e+00
1.361391372449264558e+00 7.333098976131924474e+02 6.284930636431253603e+00
1.870478152373765468e+00 7.337101423702916918e+02 6.284930636431253603e+00
7.722085248469960916e-01 7.349840909394168875e+02 6.284930636431253603e+00
8.550065087346643278e-01 7.361795666001654581e+02 6.284930636431253603e+00
2.513609299345644921e+00 7.367424212979511822e+02 6.284930636431253603e+00
9.119737478368331596e-01 7.380873081267594671e+02 6.284930636431253603e+00
9.369033165809989017e-01 7.393491548002250511e+02 6.284930636431253603e+00
2.728102191698384527e+00 7.399161132446879492e+02 6.284930636431253603e+00
7.683115160067672811e-01 7.410799565892789360e+02 6.284930636431253603e+00
7.133792726615207913e-01 7.420149657816402851e+02 6.284930636431253603e+00
3.081373519264850369e+00 7.429592601798863143e+02 6.284930636431253603e+00
7.328939127664529929e-01 7.438764460093809703e+02 6.284930636431253603e+00
7.544977421275962381e-01 7.450002984960678987e+02 6.284930636431253603e+00
2.923808610028622468e+00 7.461335302969592931e+02 6.284930636431253603e+00
7.193635145832620870e-01 7.469242801981544062e+02 6.284930636431253603e+00
7.735591186602708280e-01 7.479613805548516439e+02 6.284930636431253603e+00
2.406680516772027989e+00 7.491766802732788619e+02 6.284930636431253603e+00
1.061613508843849196e+00 7.496644986094869409e+02 6.284930636431253603e+00
9.523154950797187990e-01 7.509740537280839590e+02 6.284930636431253603e+00
2.301006007648255025e+00 7.523515625977613581e+02 6.284930636431253603e+00
9.381891071768863055e-01 7.528519815241018023e+02 6.284930636431253603e+00
7.561073228739834118e-01 7.540956107455352821e+02 6.284930636431253603e+00
1.690537863696704335e+00 7.553815752214334225e+02 6.284930636431253603e+00
1.444601270812764904e+00 7.557728757380533580e+02 6.284930636431253603e+00
1.007110317139120692e+00 7.571575960537242054e+02 6.284930636431253603e+00
1.797544954721824073e+00 7.585617132879461906e+02 6.284930636431253603e+00
1.275268507157264919e+00 7.589614649042465544e+02 6.284930636431253603e+00
7.404949545943956268e-01 7.602606639730515781e+02 6.284930636431253603e+00
1.241204515962024635e+00 7.615585347678418202e+02 6.284930636431253603e+00
1.828070508285914775e+00 7.619628707688814302e+02 6.284930636431253603e+00
9.991830594639927732e-01 7.633651808975748736e+02 6.284930636431253603e+00
1.396044886539719254e+00 7.647437815444658327e+02 6.284930636431253603e+00
1.744437432141714872e+00 7.651399050218191178e+02 6.284930636431253603e+00
7.514852532824786158e-01 7.664214257052439052e+02 6.284930636431253603e+00
9.073341580523079930e-01 7.676565591075967632e+02 6.284930636431253603e+00
2.334186681891830872e+00 7.681738961774103700e+02 6.284930636431253603e+00
9.296376575280196342e-01 7.695384914112928527e+02 6.284930636431253603e+00
1.005987313676979245e+00 7.708299458764744259e+02 6.284930636431253603e+00
2.501022689632881324e+00 7.713459115416042096e+02 6.284930636431253603e+00
7.653482634707914345e-01 7.725430138269204008e+02 6.284930636431253603e+00
7.094356937081881531e-01 7.735548466182281118e+02 6.284930636431253603e+00
2.967580694839036415e+00 7.743908488363244942e+02 6.284930636431253603e+00
7.370383001855628224e-01 7.754648296364176758e+02 6.284930636431253603e+00
7.278236420617919533e-01 7.765792950931592031e+02 6.284930636431253603e+00
3.046474295008025912e+00 7.775654380755130433e+02 6.284930636431253603e+00
7.102776722739981841e-01 7.784649508125033890e+02 6.284930636431253603e+00
7.730489374966981186e-01 7.794263471906224368e+02 6.284930636431253603e+00
2.638276136386762616e+00 7.806086157885895318e+02 6.284930636431253603e+00
9.750403174725880140e-01 7.811479671782899459e+02 6.284930636431253603e+00
9.283218230591454567e-01 7.824259226637491338e+02 6.284930636431253603e+00
2.465074917589246795e+00 7.837835049519094355e+02 6.284930636431253603e+00
8.765186208796441614e-01 7.843285430518438943e+02 6.284930636431253603e+00
7.706887413036558332e-01 7.855370366730355727e+02 6.284930636431253603e+00
1.821355312010110250e+00 7.868147435532075633e+02 6.284930636431253603e+00
1.385728582462151470e+00 7.872116527775743862e+02 6.284930636431253603e+00
1.017535167983018463e+00 7.885909804941607035e+02 6.284930636431253603e+00
1.940530430591036026e+00 7.899997827670509878e+02 6.284930636431253603e+00
1.185627841771294433e+00 7.904136067287579408e+02 6.284930636431253603e+00
7.523830735111687318e-01 7.917049486146835306e+02 6.284930636431253603e+00
1.340785319465169323e+00 7.930030521526048233e+02 6.284930636431253603e+00
1.756520804941409830e+00 7.933956144696743422e+02 6.284930636431253603e+00
1.021094558988546508e+00 7.948020030891309489e+02 6.284930636431253603e+00
1.526378160015608554e+00 7.961962952120321688e+02 6.284930636431253603e+00
1.599185800337577845e+00 7.965824330040104542e+02 6.284930636431253603e+00
7.554691175377250545e-01 7.978741221684681477e+02 6.284930636431253603e+00
9.917411433267995235e-01 7.991336677768426853e+02 6.284930636431253603e+00
2.208463797810817919e+00 7.996068637183800547e+02 6.284930636431253603e+00
9.709585081334340950e-01 8.009954791701511567e+02 6.284930636431253603e+00
1.131832533557866061e+00 8.023253101888461742e+02 6.284930636431253603e+00
2.254922690054399048e+00 8.027828199850450801e+02 6.284930636431253603e+00
7.725556297833869879e-01 8.040167241305977086e+02 6.284930636431253603e+00
7.403241325327409861e-01 8.051023940647863810e+02 6.284930636431253603e+00
2.828577957570002521e+00 8.058244169164323694e+02 6.284930636431253603e+00
7.916236784282120187e-01 8.070337764864032124e+02 6.284930636431253603e+00
7.587766606223008692e-01 8.081847253590124183e+02 6.284930636431253603e+00
3.102807175780653015e+00 8.089974962040810169e+02 6.284930636431253603e+00
7.284706093767306934e-01 8.100065430953862915e+02 6.284930636431253603e+00
7.701512680133933975e-01 8.108972112887729509e+02 6.284930636431253603e+00
2.874650991059232386e+00 8.120385640678672416e+02 6.284930636431253603e+00
9.026554599129785750e-01 8.126397830186534748e+02 6.284930636431253603e+00
9.030921295899676515e-01 8.138828024293929957e+02 6.284930636431253603e+00
2.648340787975948629e+00 8.152138260651963719e+02 6.284930636431253603e+00
8.305745515904803256e-01 8.158087405356533282e+02 6.284930636431253603e+00
7.938754406581715051e-01 8.169710343739782274e+02 6.284930636431253603e+00
1.943991670185509779e+00 8.182422597799818504e+02 6.284930636431253603e+00
1.363228875870412526e+00 8.186423267225549125e+02 6.284930636431253603e+00
1.042862342132890863e+00 8.200208931859543782e+02 6.284930636431253603e+00
2.127023453367069550e+00 8.214372531849344341e+02 6.284930636431253603e+00
1.112712004046041869e+00 8.218703878839304480e+02 6.284930636431253603e+00
7.805327750031262335e-01 8.231432108193354225e+02 6.284930636431253603e+00
1.436640669957633731e+00 8.244376773395192686e+02 6.284930636431253603e+00
1.744744484954218411e+00 8.248211840308084675e+02 6.284930636431253603e+00
1.065713715229828606e+00 8.262369308394177096e+02 6.284930636431253603e+00
1.718766097102599311e+00 8.276515855556119732e+02 6.284930636431253603e+00
1.459235451308581455e+00 8.280341773750529910e+02 6.284930636431253603e+00
7.765167866017546050e-01 8.293291857124171429e+02 6.284930636431253603e+00
1.094471496944830147e+00 8.306005122674616814e+02 6.284930636431253603e+00
2.131427740151728312e+00 8.310385094316217192e+02 6.284930636431253603e+00
1.027633305732203350e+00 8.324496813343864687e+02 6.284930636431253603e+00
1.314067455157135189e+00 8.338194915260861535e+02 6.284930636431253603e+00
1.995365695570384013e+00 8.342281207206250428e+02 6.284930636431253603e+00
7.857407594776356641e-01 8.354935654436213781e+02 6.284930636431253603e+00
8.108305609958513793e-01 8.366470395006704166e+02 6.284930636431253603e+00
2.667031484201632718e+00 8.372603836118751133e+02 6.284930636431253603e+00
8.796323302100028663e-01 8.385729493730957529e+02 6.284930636431253603e+00
8.661729251682169783e-01 8.397975011393934892e+02 6.284930636431253603e+00
2.937861586379725054e+00 8.404339324907032278e+02 6.284930636431253603e+00
7.611186514137638914e-01 8.415524260338038403e+02 6.284930636431253603e+00
7.369342949922992325e-01 8.424327842868416383e+02 6.284930636431253603e+00
3.088132364458202606e+00 8.434752003542622560e+02 6.284930636431253603e+00
7.833112494497178613e-01 8.442338035666516589e+02 6.284930636431253603e+00
8.174690650093863198e-01 8.454038230454027598e+02 6.284930636431253603e+00
2.803449172096684094e+00 8.466484577099510034e+02 6.284930636431253603e+00
7.587674593102367027e-01 8.473394310590641680e+02 6.284930636431253603e+00
7.839620771702382473e-01 8.484397440672837547e+02 6.284930636431253603e+00
2.181687258971667376e+00 8.496862962526662386e+02 6.284930636431253603e+00
1.194555920971977381e+00 8.501241110687642504e+02 6.284930636431253603e+00
9.961470821190643310e-01 8.514692250732982757e+02 6.284930636431253603e+00
2.209181139223633128e+00 8.528681470200009471e+02 6.284930636431253603e+00
1.018390023598522598e+00 8.533320206835580848e+02 6.284930636431253603e+00
7.656680074930333202e-01 8.545930809029050579e+02 6.284930636431253603e+00
1.563245219415920317e+00 8.558862728888537958e+02 6.284930636431253603e+00
1.580316000482909544e+00 8.562699052006645388e+02 6.284930636431253603e+00
1.034723903302996240e+00 8.576703997800108255e+02 6.284930636431253603e+00
1.755106987728896284e+00 8.590800818831578454e+02 6.284930636431253603e+00
1.362830319454093164e+00 8.594702775959780183e+02 6.284930636431253603e+00
7.566839821861531812e-01 8.607680130642337417e+02 6.284930636431253603e+00
1.167751259871369962e+00 8.620562800008075328e+02 6.284930636431253603e+00
1.969234448185117392e+00 8.624738860037821269e+02 6.284930636431253603e+00
1.015405831036661377e+00 8.638819407135839583e+02 6.284930636431253603e+00
1.361517917090764751e+00 8.652579690552798866e+02 6.284930636431253603e+00
1.856144777310790195e+00 8.656582042501643173e+02 6.284930636431253603e+00
7.685867823060867909e-01 8.669328026230675732e+02 6.284930636431253603e+00
8.601588985194391634e-01 8.681339569206447777e+02 6.284930636431253603e+00
2.489108248295051951e+00 8.686911284140982161e+02 6.284930636431253603e+00
9.135135651283515790e-01 8.700384190796426083e+02 6.284930636431253603e+00
9.438549936514691874e-01 8.713037299499164874e+02 6.284930636431253603e+00
2.699734684959518294e+00 8.718645354967339927e+02 6.284930636431253603e+00
7.676811282936121250e-01 8.730325101614928371e+02 6.284930636431253603e+00
7.112952715825449079e-01 8.739772272435519653e+02 6.284930636431253603e+00
3.069641113617909589e+00 8.749080899701632461e+02 6.284930636431253603e+00
7.302705724701711310e-01 8.758461984938887781e+02 6.284930636431253603e+00
7.484044067992154936e-01 8.769664310683108397e+02 6.284930636431253603e+00
2.939161088459236737e+00 8.780825062280958946e+02 6.284930636431253603e+00
7.162772078831100009e-01 8.788870830357888053e+02 6.284930636431253603e+00
7.726203146030635738e-01 8.799152117753425273e+02 6.284930636431253603e+00
2.436620051996297942e+00 8.811260168256409315e+02 6.284930636431253603e+00
1.046984312897156766e+00 8.816210196169608935e+02 6.284930636431253603e+00
9.474925637030884307e-01 8.829259253074656044e+02 6.284930636431253603e+00
2.317221999959523160e+00 8.843004958212471820e+02 6.284930636431253603e+00
9.285282082871595399e-01 8.848064450176456148e+02 6.284930636431253603e+00
7.561001605342374532e-01 8.860467388746997131e+02 6.284930636431253603e+00
1.708162355989938153e+00 8.873314526106314588e+02 6.284930636431253603e+00
1.430560001363978317e+00 8.877239822663766518e+02 6.284930636431253603e+00
1.005259392425269516e+00 8.891070165733096928e+02 6.284930636431253603e+00
1.808276902869432323e+00 8.905108533693712616e+02 6.284930636431253603e+00
1.263218559574498467e+00 8.909121322371355518e+02 6.284930636431253603e+00
7.396695177408590949e-01 8.922111487724090466e+02 6.284930636431253603e+00
1.252622079114091624e+00 8.935096647214703580e+02 6.284930636431253603e+00
1.812365593758261673e+00 8.939124378526553301e+02 6.284930636431253603e+00
9.986126062410489723e-01 8.953143599868866431e+02 6.284930636431253603e+00
1.404723467910842238e+00 8.966938688758668832e+02 6.284930636431253603e+00
1.727946542622795123e+00 8.970891098894032893e+02 6.284930636431253603e+00
7.500611126869632939e-01 8.983717901855227410e+02 6.284930636431253603e+00
9.153582462788510954e-01 8.996108901556235651e+02 6.284930636431253603e+00
2.314619781340102378e+00 9.001228251234813342e+02 6.284930636431253603e+00
9.324976903513361171e-01 9.014898015664374498e+02 6.284930636431253603e+00
1.016487666874041462e+00 9.027850651122952286e+02 6.284930636431253603e+00
2.473190642860915833e+00 9.032947607375194821e+02 6.284930636431253603e+00
7.652377338187406064e-01 9.044958664349998116e+02 6.284930636431253603e+00
7.109423763339909330e-01 9.055169509047158272e+02 6.284930636431253603e+00
2.950921365282821451e+00 9.063397049670760452e+02 6.284930636431253603e+00
7.409256817579572552e-01 9.074309005324653299e+02 6.284930636431253603e+00
7.280275084075620295e-01 9.085472723508460149e+02 6.284930636431253603e+00
3.058153040826942615e+00 9.095141751726202983e+02 6.284930636431253603e+00
7.111110900434975957e-01 9.104265294185685207e+02 6.284930636431253603e+00
7.731514143017703677e-01 9.113789548778401013e+02 6.284930636431253603e+00
2.665562114417589612e+00 9.125571566862128066e+02 6.284930636431253603e+00
9.666724478429441492e-01 9.131027199808880823e+02 6.284930636431253603e+00
9.260291995573991519e-01 9.143770451859381865e+02 6.284930636431253603e+00
2.486574817781618929e+00 9.157321676174622098e+02 6.284930636431253603e+00
8.706924870925702997e-01 9.162826705290383416e+02 6.284930636431253603e+00
7.734055450638253060e-01 9.174861824077395340e+02 6.284930636431253603e+00
1.835773574882025638e+00 9.187631028641567354e+02 6.284930636431253603e+00
1.382790980243757240e+00 9.191603516361828952e+02 6.284930636431253603e+00
1.020511836542943973e+00 9.205396112941817819e+02 6.284930636431253603e+00
1.961690967405107733e+00 9.219493850369183292e+02 6.284930636431253603e+00
1.176261749086706887e+00 9.223652047980906445e+02 6.284930636431253603e+00
7.553127592696426973e-01 9.236548327745854294e+02 6.284930636431253603e+00
1.352633116837946847e+00 9.249525785114778955e+02 6.284930636431253603e+00
1.753225167033531484e+00 9.253439389842603759e+02 6.284930636431253603e+00
1.025822433455232829e+00 9.267513387673566285e+02 6.284930636431253603e+00
1.547069914903542731e+00 9.281480242758464101e+02 6.284930636431253603e+00
1.581924421313475326e+00 9.285332099887979211e+02 6.284930636431253603e+00
7.573632218534626093e-01 9.298258007008886352e+02 6.284930636431253603e+00
1.003408376144645509e+00 9.310872753704460365e+02 6.284930636431253603e+00
2.197249549282045411e+00 9.315557315809044212e+02 6.284930636431253603e+00
9.772532116248831002e-01 9.329472429394631945e+02 6.284930636431253603e+00
1.150953399479308192e+00 9.342819524763775689e+02 6.284930636431253603e+00
2.224296919367899417e+00 9.347327738456666566e+02 6.284930636431253603e+00
7.739664746079635282e-01 9.359709103214651122e+02 6.284930636431253603e+00
7.466433685964928291e-01 9.370650931656309695e+02 6.284930636431253603e+00
2.810525061529881796e+00 9.377735749049460310e+02 6.284930636431253603e+00
8.008428035925805322e-01 9.389971292262439420e+02 6.284930636431253603e+00
7.672174067133491482e-01 9.401553455239164805e+02 6.284930636431253603e+00
3.097204176972253808e+00 9.409464910391010335e+02 6.284930636431253603e+00
7.318116018323320704e-01 9.419687810444977458e+02 6.284930636431253603e+00
7.678057189771282376e-01 9.428537556365035925e+02 6.284930636431253603e+00
2.903679121711463917e+00 9.439874976155120976e+02 6.284930636431253603e+00
8.904895587319761052e-01 9.446005207501938230e+02 6.284930636431253603e+00
8.964399890573481189e-01 9.458372187414287282e+02 6.284930636431253603e+00
2.666241573206082460e+00 9.471624770743743511e+02 6.284930636431253603e+00
8.237002236099681962e-01 9.477650726846803764e+02 6.284930636431253603e+00
7.943827007979242794e-01 9.489216871948891594e+02 6.284930636431253603e+00
1.963253590973064178e+00 9.501914412682485818e+02 6.284930636431253603e+00
1.351792941625575173e+00 9.505934110660605256e+02 6.284930636431253603e+00
1.041357410617787416e+00 9.519701260760160721e+02 6.284930636431253603e+00
2.140496409915204179e+00 9.533859166361071402e+02 6.284930636431253603e+00
1.104066845864438484e+00 9.538216507725409201e+02 6.284930636431253603e+00
7.810852576497046007e-01 9.550928464052874460e+02 6.284930636431253603e+00
1.447834170061985004e+00 9.563872443314082830e+02 6.284930636431253603e+00
1.735248499664642674e+00 9.567701493482911701e+02 6.284930636431253603e+00
1.066351086244819779e+00 9.581855819494240905e+02 6.284930636431253603e+00
1.730972973354432787e+00 9.596009657170476430e+02 6.284930636431253603e+00
1.447366943130499850e+00 9.599840369777558635e+02 6.284930636431253603e+00
7.766789608677377998e-01 9.612790928344655867e+02 6.284930636431253603e+00
1.103615503205457760e+00 9.625518753164553800e+02 6.284930636431253603e+00
2.119451892492759448e+00 9.629871309052221022e+02 6.284930636431253603e+00
1.030124670356825201e+00 9.643992332104310208e+02 6.284930636431253603e+00
1.327313598075948065e+00 9.657713834491439684e+02 6.284930636431253603e+00
1.974323832218561003e+00 9.661775016349039333e+02 6.284930636431253603e+00
7.855922252090772329e-01 9.674447914929447734e+02 6.284930636431253603e+00
8.180115537796106562e-01 9.686042345527517909e+02 6.284930636431253603e+00
2.648642355683002325e+00 9.692091421369092359e+02 6.284930636431253603e+00
8.867370124353795013e-01 9.705282880886674093e+02 6.284930636431253603e+00
8.782076717244976516e-01 9.717595437057395884e+02 6.284930636431253603e+00
2.909523175674729956e+00 9.723828899887371335e+02 6.284930636431253603e+00
7.635173621186236437e-01 9.735097685343317835e+02 6.284930636431253603e+00
7.329586114161495969e-01 9.743952071932764056e+02 6.284930636431253603e+00
3.097048626423448692e+00 9.754242959869861807e+02 6.284930636431253603e+00
7.729268516726607308e-01 9.762046057748730163e+02 6.284930636431253603e+00
8.072294371969297444e-01 9.773665528060158749e+02 6.284930636431253603e+00
2.820087640260942496e+00 9.785975997007554952e+02 6.284930636431253603e+00
7.516058173071057391e-01 9.793017935284806299e+02 6.284930636431253603e+00
7.820977531621783330e-01 9.803939563862123805e+02 6.284930636431253603e+00
2.212740023951486279e+00 9.816364917390121718e+02 6.284930636431253603e+00
1.173491496520081778e+00 9.820807282590529894e+02 6.284930636431253603e+00
9.891805154505535214e-01 9.834208560245150466e+02 6.284930636431253603e+00
2.218294331590753288e+00 9.848168540939966533e+02 6.284930636431253603e+00
1.006725083379537367e+00 9.852852014102269322e+02 6.284930636431253603e+00
7.632877783365185076e-01 9.865446460890485696e+02 6.284930636431253603e+00
1.580074858397200632e+00 9.878371785414572059e+02 6.284930636431253603e+00
1.558350573602568456e+00 9.882216228811189467e+02 6.284930636431253603e+00
1.029432143033897740e+00 9.896196251798313597e+02 6.284930636431253603e+00
1.756655003776385282e+00 9.910281468239230662e+02 6.284930636431253603e+00
1.351556088386501209e+00 9.914194964219099120e+02 6.284930636431253603e+00
7.534281012396136790e-01 9.927176623119619308e+02 6.284930636431253603e+00
1.176393974638292761e+00 9.940077651645557353e+02 6.284930636431253603e+00
1.947708381043183890e+00 9.944234328964099632e+02 6.284930636431253603e+00
1.011970794840713950e+00 9.958304063035076297e+02 6.284930636431253603e+00
1.363057375246649494e+00 9.972063110466177704e+02 6.284930636431253603e+00
1.842571003671037877e+00 9.976063367612275670e+02 6.284930636431253603e+00
7.656497175251288922e-01 9.988816358642194473e+02 6.284930636431253603e+00
8.652508474498952218e-01 1.000087746054368267e+03 6.284930636431253603e+00
2.467549944243211169e+00 1.000639704609806472e+03 6.284930636431253603e+00
9.151796410680915761e-01 1.001989249628776520e+03 6.284930636431253603e+00
9.507047017965252200e-01 1.003257822745351177e+03 6.284930636431253603e+00
2.673954979817709354e+00 1.003812877787624643e+03 6.284930636431253603e+00
7.672280621186932104e-01 1.004984664958621352e+03 6.284930636431253603e+00
7.098158232641377241e-01 1.005938133794213627e+03 6.284930636431253603e+00
3.058435462980331643e+00 1.006856743735682016e+03 6.284930636431253603e+00
7.287648312146661755e-01 1.007813592411657169e+03 6.284930636431253603e+00
7.435705186212004936e-01 1.008931128591329866e+03 6.284930636431253603e+00
2.953763756691463183e+00 1.010031276216731499e+03 6.284930636431253603e+00
7.140462972352940030e-01 1.010848406384072405e+03 6.284930636431253603e+00
7.721718826977498340e-01 1.011868088820688172e+03 6.284930636431253603e+00
2.463560537851902321e+00 1.013074972917448576e+03 6.284930636431253603e+00
1.035146931193946074e+00 1.013576189616222564e+03 6.284930636431253603e+00
9.438881296687224864e-01 1.014877159714649224e+03 6.284930636431253603e+00
