7.430440000000000378e-01 0.000000000000000000e+00 0.000000000000000000e+00
1.257301082832517070e+00 1.297924894635587911e+00 6.284930636431253603e+00
1.818054256630711629e+00 1.699981682918213943e+00 6.284930636431253603e+00
1.003985117738321886e+00 3.103459802287125591e+00 6.284930636431253603e+00
1.419003811343926724e+00 4.485220552379633574e+00 6.284930636431253603e+00
1.719000137611254475e+00 4.878874739227668123e+00 6.284930636431253603e+00
7.525877264592685245e-01 6.162528224384787201e+00 6.284930636431253603e+00
9.210768942610699783e-01 7.402134707244628409e+00 6.284930636431253603e+00
2.313973364993436643e+00 7.911250136140736799e+00 6.284930636431253603e+00
9.376774253357527122e-01 9.280839650704580279e+00 6.284930636431253603e+00
1.027020828078763159e+00 1.057953171100069412e+01 6.284930636431253603e+00
2.459598331417034878e+00 1.108388542580256164e+01 6.284930636431253603e+00
7.673305686831211059e-01 1.228819674209202972e+01 6.284930636431253603e+00
7.126575017873427731e-01 1.331187108524430229e+01 6.284930636431253603e+00
2.949620101580027409e+00 1.412829592198474415e+01 6.284930636431253603e+00
7.437232639179197635e-01 1.522776815928252248e+01 6.284930636431253603e+00
7.290016079704725316e-01 1.634513976216910791e+01 6.284930636431253603e+00
3.070190695662786240e+00 1.730273410775944853e+01 6.284930636431253603e+00
7.124887516075312233e-01 1.822109036471636756e+01 6.284930636431253603e+00
7.753552618443546596e-01 1.916719573031606672e+01 6.284930636431253603e+00
2.677946359377711971e+00 2.034512048872884549e+01 6.284930636431253603e+00
9.680430186081737665e-01 2.089062548260788432e+01 6.284930636431253603e+00
9.288246935196078358e-01 2.216506440127129096e+01 6.284930636431253603e+00
2.504943908484750015e+00 2.352074825784559309e+01 6.284930636431253603e+00
8.702838836850071980e-01 2.407311968721949569e+01 6.284930636431253603e+00
7.781218968740931663e-01 2.527295558907504258e+01 6.284930636431253603e+00
1.839079127348294707e+00 2.655022076172969747e+01 6.284930636431253603e+00
1.393416742272459929e+00 2.694597261789952469e+01 6.284930636431253603e+00
1.028258004361811917e+00 2.832740096978013966e+01 6.284930636431253603e+00
1.986411554420437042e+00 2.973954645724727186e+01 6.284930636431253603e+00
1.171978209513533375e+00 3.015650157611504767e+01 6.284930636431253603e+00
7.611729508558581214e-01 3.144385479736687117e+01 6.284930636431253603e+00
1.359823871488093028e+00 3.274071278886871994e+01 6.284930636431253603e+00
1.764015501395100660e+00 3.313102933097088254e+01 6.284930636431253603e+00
1.035161488007152020e+00 3.454095017036978987e+01 6.284930636431253603e+00
1.574255927293757074e+00 3.594122402886245027e+01 6.284930636431253603e+00
1.567279836210546229e+00 3.632505271162051486e+01 6.284930636431253603e+00
7.621359459030622174e-01 3.761826613547241038e+01 6.284930636431253603e+00
1.014475044529646874e+00 3.888000306916755733e+01 6.284930636431253603e+00
2.197256124451505865e+00 3.934461829264907351e+01 6.284930636431253603e+00
9.864870879303498930e-01 4.073980323249235624e+01 6.284930636431253603e+00
1.173799022360526800e+00 4.208009858703668726e+01 6.284930636431253603e+00
2.196726505564947196e+00 4.252371254724784677e+01 6.284930636431253603e+00
7.772447169400867883e-01 4.376624889646944894e+01 6.284930636431253603e+00
7.533760639746621690e-01 4.486640003494439810e+01 6.284930636431253603e+00
2.800633376817969644e+00 4.556318240302991995e+01 6.284930636431253603e+00
8.102837108623174300e-01 4.679918425565131912e+01 6.284930636431253603e+00
7.762396920190755001e-01 4.796427572755826674e+01 6.284930636431253603e+00
3.095186215825988185e+00 4.873605498933302016e+01 6.284930636431253603e+00
7.357002748186832752e-01 4.976996072247019498e+01 6.284930636431253603e+00
7.670635818338134015e-01 5.064850510517148763e+01 6.284930636431253603e+00
2.929444168266718496e+00 5.177667187126142778e+01 6.284930636431253603e+00
8.829853009716677192e-01 5.239794850342836696e+01 6.284930636431253603e+00
8.930048808640602687e-01 5.363028521274867444e+01 6.284930636431253603e+00
2.687013274558958109e+00 5.495165022511450559e+01 6.284930636431253603e+00
8.194410354780955474e-01 5.556027507181292435e+01 6.284930636431253603e+00
7.971829185205314694e-01 5.671105133781163232e+01 6.284930636431253603e+00
1.976542325008207479e+00 5.798017929892396438e+01 6.284930636431253603e+00
1.350548049689595853e+00 5.838241038014736262e+01 6.284930636431253603e+00
1.044597162342117747e+00 5.975917193393450333e+01 6.284930636431253603e+00
2.163218548255068985e+00 6.117581532716604897e+01 6.284930636431253603e+00
1.097205116865948016e+00 6.161403436281453594e+01 6.284930636431253603e+00
7.851010769362768427e-01 6.288241513139207228e+01 6.284930636431253603e+00
1.457362722866392568e+00 6.417629083040058902e+01 6.284930636431253603e+00
1.737912872214061544e+00 6.455829703015223231e+01 6.284930636431253603e+00
1.072677769468499909e+00 6.597510739321118933e+01 6.284930636431253603e+00
1.756698757488641904e+00 6.739296138582859896e+01 6.284930636431253603e+00
1.432624480603116313e+00 6.777635545926737848e+01 6.284930636431253603e+00
7.802863772685831867e-01 6.907094722077262361e+01 6.284930636431253603e+00
1.115701394111995759e+00 7.034423122300069053e+01 6.284930636431253603e+00
2.115108108303478840e+00 7.077629596219391317e+01 6.284930636431253603e+00
1.037661002556190759e+00 7.219085302234576318e+01 6.284930636431253603e+00
1.352461981677879566e+00 7.356749594739106612e+01 6.284930636431253603e+00
1.944972310127314419e+00 7.396924983613271820e+01 6.284930636431253603e+00
7.876891246032564631e-01 7.523943125524169773e+01 6.284930636431253603e+00
8.289371514902840188e-01 7.640540493179199188e+01 6.284930636431253603e+00
2.630567484704537495e+00 7.699922059957651754e+01 6.284930636431253603e+00
8.980169080294180262e-01 7.832752240122492537e+01 6.284930636431253603e+00
8.968779094467800306e-01 7.956834736721117451e+01 6.284930636431253603e+00
2.873043084492255872e+00 8.017351384988174345e+01 6.284930636431253603e+00
7.678034782517236811e-01 8.131181834665822805e+01 6.284930636431253603e+00
7.290021445991031745e-01 8.220284670202673283e+01 6.284930636431253603e+00
3.109683780127804109e+00 8.321473954519025540e+01 6.284930636431253603e+00
7.619618947131191478e-01 8.402266242479855407e+01 6.284930636431253603e+00
7.957113883475498417e-01 8.517500058536577967e+01 6.284930636431253603e+00
2.847916933485424629e+00 8.638823163537821870e+01 6.284930636431253603e+00
7.440117487691484399e-01 8.710969670830252198e+01 6.284930636431253603e+00
7.820138849759078470e-01 8.818960880518440604e+01 6.284930636431253603e+00
2.251632089736228970e+00 8.942772500480637632e+01 6.284930636431253603e+00
1.153568497493365985e+00 8.987874380573533983e+01 6.284930636431253603e+00
9.844223978847366219e-01 9.121393779713288552e+01 6.284930636431253603e+00
2.241156291655339139e+00 9.260742649440261687e+01 6.284930636431253603e+00
9.929140445526698500e-01 9.308191182022784460e+01 6.284930636431253603e+00
7.638178066155553170e-01 9.433756820288937206e+01 6.284930636431253603e+00
1.601999035779622993e+00 9.562907472312619461e+01 6.284930636431253603e+00
1.540755989934550207e+00 9.601396843596636188e+01 6.284930636431253603e+00
1.028533975571626069e+00 9.741047463864546785e+01 6.284930636431253603e+00
1.773862267951323402e+00 9.881933387147189762e+01 6.284930636431253603e+00
1.334003588318229738e+00 9.921222125862124130e+01 6.284930636431253603e+00
7.529945716742431072e-01 1.005102517738182257e+02 6.284930636431253603e+00
1.191876913818237238e+00 1.018017885737488939e+02 6.284930636431253603e+00
1.927323250962958090e+00 1.022143761057854476e+02 6.284930636431253603e+00
1.013249293000934026e+00 1.036216445532097765e+02 6.284930636431253603e+00
1.379257893081513364e+00 1.049998077280202722e+02 6.284930636431253603e+00
1.815800033499462840e+00 1.053976049583975367e+02 6.284930636431253603e+00
7.644854362062378783e-01 1.066749802221759325e+02 6.284930636431253603e+00
8.769912218597095688e-01 1.078879298930020667e+02 6.284930636431253603e+00
2.439780660752007169e+00 1.084302633011392487e+02 6.284930636431253603e+00
9.222757159739166655e-01 1.097854408953354977e+02 6.284930636431253603e+00
9.686246450175916012e-01 1.110615436934931637e+02 6.284930636431253603e+00
2.629442595265810034e+00 1.116036523103123557e+02 6.284930636431253603e+00
7.687497282617713479e-01 1.127836334644405554e+02 6.284930636431253603e+00
7.090127652797297841e-01 1.137500316152564608e+02 6.284930636431253603e+00
3.044687682235264425e+00 1.146474568682548636e+02 6.284930636431253603e+00
7.286024306530998196e-01 1.156358009600327534e+02 6.284930636431253603e+00
7.374749018234165732e-01 1.167499050782735850e+02 6.284930636431253603e+00
2.986182330337435520e+00 1.178221677043837872e+02 6.284930636431253603e+00
7.122190466307826151e-01 1.186607028876943275e+02 6.284930636431253603e+00
7.742140192510119645e-01 1.196635985222735741e+02 6.284930636431253603e+00
2.508597018312694438e+00 1.208654186921705076e+02 6.284930636431253603e+00
1.022820804089578983e+00 1.213742324949209888e+02 6.284930636431253603e+00
9.428157399480950884e-01 1.226706220789950237e+02 6.284930636431253603e+00
2.374050564173445288e+00 1.240404027844075330e+02 6.284930636431253603e+00
9.093494036735551012e-01 1.245598096763686584e+02 6.284930636431253603e+00
7.625165203161549110e-01 1.257887645598182189e+02 6.284930636431253603e+00
1.748634460632359389e+00 1.270711128823255223e+02 6.284930636431253603e+00
1.417277373682789277e+00 1.274645907126376017e+02 6.284930636431253603e+00
1.011823458891091265e+00 1.288470338811608258e+02 6.284930636431253603e+00
1.860551882041629801e+00 1.302534775340371880e+02 6.284930636431253603e+00
1.233274025067160107e+00 1.306588656528727768e+02 6.284930636431253603e+00
7.452403967940998131e-01 1.319553392653874369e+02 6.284930636431253603e+00
1.285980906539925472e+00 1.332537169957514607e+02 6.284930636431253603e+00
1.793086532692721446e+00 1.336521488199044825e+02 6.284930636431253603e+00
1.008661641449305479e+00 1.350563950509657332e+02 6.284930636431253603e+00
1.452913003298774264e+00 1.364422786499275162e+02 6.284930636431253603e+00
1.676767571461834860e+00 1.368329484902113506e+02 6.284930636431253603e+00
7.526342411480223538e-01 1.381197011051757499e+02 6.284930636431253603e+00
9.443123979057646000e-01 1.393672251413634342e+02 6.284930636431253603e+00
2.274474454123996736e+00 1.398631082112056276e+02 6.284930636431253603e+00
9.487152760742921798e-01 1.412396592396933954e+02 6.284930636431253603e+00
1.060781105910419519e+00 1.425493045022090541e+02 6.284930636431253603e+00
2.388503972417862276e+00 1.430364977053489213e+02 6.284930636431253603e+00
7.690167032476280529e-01 1.442516032347130022e+02 6.284930636431253603e+00
7.196481916826680258e-01 1.452971410881181953e+02 6.284930636431253603e+00
2.910147965977915696e+00 1.460802166991600188e+02 6.284930636431253603e+00
7.575476844399081644e-01 1.472209051568578673e+02 6.284930636431253603e+00
7.344446169626566157e-01 1.483465963667964047e+02 6.284930636431253603e+00
3.095784053602550490e+00 1.492542339400046671e+02 6.284930636431253603e+00
7.168786420518374891e-01 1.502045369260722794e+02 6.284930636431253603e+00
7.760248182884504908e-01 1.511279685607392764e+02 6.284930636431253603e+00
2.746308646951742372e+00 1.522958520049893139e+02 6.284930636431253603e+00
9.495290352455805216e-01 1.528563327754124543e+02 6.284930636431253603e+00
9.241502515524513406e-01 1.541221225420898975e+02 6.284930636431253603e+00
2.561932463564101869e+00 1.554718541804317340e+02 6.284930636431253603e+00
8.578165023901408448e-01 1.560376708532882617e+02 6.284930636431253603e+00
7.866519372495234252e-01 1.572239957682527631e+02 6.284930636431253603e+00
1.871756625712572397e+00 1.584998328641826504e+02 6.284930636431253603e+00
1.393437525964605239e+00 1.588954293059669851e+02 6.284930636431253603e+00
1.039125265487291117e+00 1.602779389014601747e+02 6.284930636431253603e+00
2.048101641753613755e+00 1.616934064346586695e+02 6.284930636431253603e+00
1.150329095971240889e+00 1.621158639583518948e+02 6.284930636431253603e+00
7.715751439332539929e-01 1.633973088929445794e+02 6.284930636431253603e+00
1.388363985508295873e+00 1.646928006148496877e+02 6.284930636431253603e+00
1.766528444098691475e+00 1.650801064796717128e+02 6.284930636431253603e+00
1.051807889077598368e+00 1.664938419814749579e+02 6.284930636431253603e+00
1.639055631077890984e+00 1.679013949544565207e+02 6.284930636431253603e+00
1.522184655027419176e+00 1.682834988841654251e+02 6.284930636431253603e+00
7.700553289423320846e-01 1.695779734429843870e+02 6.284930636431253603e+00
1.047190060515310606e+00 1.708431865955786293e+02 6.284930636431253603e+00
2.176316132076011822e+00 1.712962878162983884e+02 6.284930636431253603e+00
1.006369500605453604e+00 1.726994363467250935e+02 6.284930636431253603e+00
1.233839051534931341e+00 1.740533668816409829e+02 6.284930636431253603e+00
2.112344218457404388e+00 1.744800146179378544e+02 6.284930636431253603e+00
7.823739468728906354e-01 1.757333286884584140e+02 6.284930636431253603e+00
7.750059831438780300e-01 1.768552724038830206e+02 6.284930636431253603e+00
2.751936294527575377e+00 1.775163946246394175e+02 6.284930636431253603e+00
8.388604776507584404e-01 1.787873862593766034e+02 6.284930636431253603e+00
8.081762542523923676e-01 1.799758365055258764e+02 6.284930636431253603e+00
3.054086811044260497e+00 1.806892468003628665e+02 6.284930636431253603e+00
7.464056342816031142e-01 1.817591150487962182e+02 6.284930636431253603e+00
7.572457141381460088e-01 1.826293325171280912e+02 6.284930636431253603e+00
3.005980492413228955e+00 1.837298907988702013e+02 6.284930636431253603e+00
8.444899390650707494e-01 1.843946087500769693e+02 6.284930636431253603e+00
8.678631776963903199e-01 1.856051671894796016e+02 6.284930636431253603e+00
2.732871822703540232e+00 1.869039262611746040e+02 6.284930636431253603e+00
7.973478506984896796e-01 1.875389868958166630e+02 6.284930636431253603e+00
7.946128173983280085e-01 1.886724531402832952e+02 6.284930636431253603e+00
2.043589986279944259e+00 1.899353925137818635e+02 6.284930636431253603e+00
1.301313753679676166e+00 1.903469309356831900e+02 6.284930636431253603e+00
1.031727761991550141e+00 1.917146909084366655e+02 6.284930636431253603e+00
2.186268034213122213e+00 1.931268391553860511e+02 6.284930636431253603e+00
1.070696474871275061e+00 1.935732633019926823e+02 6.284930636431253603e+00
7.810167352961662202e-01 1.948384430723129128e+02 6.284930636431253603e+00
1.492322306910615737e+00 1.961325328094750375e+02 6.284930636431253603e+00
1.691630045175545272e+00 1.965138760843541093e+02 6.284930636431253603e+00
1.064648364147370962e+00 1.979267394967989731e+02 6.284930636431253603e+00
1.768325706671045827e+00 1.993434531005208896e+02 6.284930636431253603e+00
1.405730163773130537e+00 1.997289615525833995e+02 6.284930636431253603e+00
7.751795289222426222e-01 2.010241563492661783e+02 6.284930636431253603e+00
1.136526939798770730e+00 2.023024130678360279e+02 6.284930636431253603e+00
2.070496371660759838e+00 2.027284312438085010e+02 6.284930636431253603e+00
1.035483745754801177e+00 2.041425274593926531e+02 6.284930636431253603e+00
1.368926555301299475e+00 2.055214219211161719e+02 6.284930636431253603e+00
1.904008983459698934e+00 2.059205208164029841e+02 6.284930636431253603e+00
7.834674441318387750e-01 2.071934172601445709e+02 6.284930636431253603e+00
8.438119074584459200e-01 2.083731726568413762e+02 6.284930636431253603e+00
2.580552150672948297e+00 2.089503641240397656e+02 6.284930636431253603e+00
9.093062490113789087e-01 2.102894025888015506e+02 6.284930636431253603e+00
9.215027489633242919e-01 2.115428761003411751e+02 6.284930636431253603e+00
2.801627913062597397e+00 2.121248755979804059e+02 6.284930636431253603e+00
7.705153563077113965e-01 2.132783261638904548e+02 6.284930636431253603e+00
7.209701444861807973e-01 2.141878929143447010e+02 6.284930636431253603e+00
3.108117114456013130e+00 2.151666603646155806e+02 6.284930636431253603e+00
7.447286380521971338e-01 2.160284542534119794e+02 6.284930636431253603e+00
7.740760786995932730e-01 2.171647656382556306e+02 6.284930636431253603e+00
2.889297892289775849e+00 2.183405339672428624e+02 6.284930636431253603e+00
7.306115513111050008e-01 2.190957090464308408e+02 6.284930636431253603e+00
7.786242881004273864e-01 2.201540701878478217e+02 6.284930636431253603e+00
2.327695555345794531e+00 2.213818149945898597e+02 6.284930636431253603e+00
1.108754951465884098e+00 2.218494234475952851e+02 6.284930636431253603e+00
9.697887041284016796e-01 2.231727359185724424e+02 6.284930636431253603e+00
2.272210036875462080e+00 2.245591438816164782e+02 6.284930636431253603e+00
9.659880394590303343e-01 2.250458306770477179e+02 6.284930636431253603e+00
7.606890729068420676e-01 2.262956209848144056e+02 6.284930636431253603e+00
1.644662927384384910e+00 2.275847802842259284e+02 6.284930636431253603e+00
1.495354263337481893e+00 2.279721228311486527e+02 6.284930636431253603e+00
1.019420278714379346e+00 2.293634063890646644e+02 6.284930636431253603e+00
1.788385151742222012e+00 2.307704559616431936e+02 6.284930636431253603e+00
1.304732681636528779e+00 2.311665436141545626e+02 6.284930636431253603e+00
7.476727445367674640e-01 2.324650242592735765e+02 6.284930636431253603e+00
1.216553376893910743e+00 2.337597981808462464e+02 6.284930636431253603e+00
1.880263142939191168e+00 2.341678994261008313e+02 6.284930636431253603e+00
1.008003030852536952e+00 2.355732992655425733e+02 6.284930636431253603e+00
1.391281104391045798e+00 2.369523821942169945e+02 6.284930636431253603e+00
1.778344814595150813e+00 2.373487970511029914e+02 6.284930636431253603e+00
7.588713158547186755e-01 2.386284880002281454e+02 6.284930636431253603e+00
8.929949745536288619e-01 2.398527798326607012e+02 6.284930636431253603e+00
2.388072303461273638e+00 2.403817546706483483e+02 6.284930636431253603e+00
9.278890990544081951e-01 2.417427523517446559e+02 6.284930636431253603e+00
9.900009608464237498e-01 2.430277121339324253e+02 6.284930636431253603e+00
2.562246642896804261e+00 2.435547436244263508e+02 6.284930636431253603e+00
7.680559260782705566e-01 2.447445026493938371e+02 6.284930636431253603e+00
7.085627419390728710e-01 2.457336407398303209e+02 6.284930636431253603e+00
3.009938805897821812e+00 2.465989678738881992e+02 6.284930636431253603e+00
7.314390687776780586e-01 2.476333012502120425e+02 6.284930636431253603e+00
7.307622699509286335e-01 2.487457031607712565e+02 6.284930636431253603e+00
3.023721126311485818e+00 2.497737319236363192e+02 6.284930636431253603e+00
7.105854040052673737e-01 2.506443539290092417e+02 6.284930636431253603e+00
7.748140886303401809e-01 2.516242042275659401e+02 6.284930636431253603e+00
2.576571724893881310e+00 2.528167553880632283e+02 6.284930636431253603e+00
9.997952566426298038e-01 2.533398933453731274e+02 6.284930636431253603e+00
9.371903399381423805e-01 2.546275808788124664e+02 6.284930636431253603e+00
2.425759485653410152e+00 2.559919931779879789e+02 6.284930636431253603e+00
8.924739867176567643e-01 2.565244527681578575e+02 6.284930636431253603e+00
7.682346750656909862e-01 2.577423281804636872e+02 6.284930636431253603e+00
1.785957989850614824e+00 2.590224815748352967e+02 6.284930636431253603e+00
1.405044623917946378e+00 2.594170726967281553e+02 6.284930636431253603e+00
1.017421388567544493e+00 2.607987679575430775e+02 6.284930636431253603e+00
1.908512229065267407e+00 2.622073100206837353e+02 6.284930636431253603e+00
1.207330536396678422e+00 2.626170173007780022e+02 6.284930636431253603e+00
7.505822232959650231e-01 2.639105226623683507e+02 6.284930636431253603e+00
1.316073885925278963e+00 2.652085572510006841e+02 6.284930636431253603e+00
1.777279153251323685e+00 2.656035033533257774e+02 6.284930636431253603e+00
1.017856420099390258e+00 2.670097000305724464e+02 6.284930636431253603e+00
1.497865707343888353e+00 2.684010956566423829e+02 6.284930636431253603e+00
1.632144279714737412e+00 2.687885572240064675e+02 6.284930636431253603e+00
7.553595670386595851e-01 2.700783626360338303e+02 6.284930636431253603e+00
9.713836041238570473e-01 2.713325031809818029e+02 6.284930636431253603e+00
2.240106822081197713e+00 2.718151144421611320e+02 6.284930636431253603e+00
9.630087919012358944e-01 2.731993509748294287e+02 6.284930636431253603e+00
1.102781520625988110e+00 2.745212990170461467e+02 6.284930636431253603e+00
2.312085846339618556e+00 2.749902027565218532e+02 6.284930636431253603e+00
7.720124427913970244e-01 2.762167696960839862e+02 6.284930636431253603e+00
7.306143959392564780e-01 2.772845922230105771e+02 6.284930636431253603e+00
2.867954284850389168e+00 2.780325746939398073e+02 6.284930636431253603e+00
7.762882097288814620e-01 2.792139948537076748e+02 6.284930636431253603e+00
7.463071372403432546e-01 2.803526738061121932e+02 6.284930636431253603e+00
3.110441556780204397e+00 2.812060719037004901e+02 6.284930636431253603e+00
7.234609141400775156e-01 2.821899802173375633e+02 6.284930636431253603e+00
7.750085209069803582e-01 2.830917002254600447e+02 6.284930636431253603e+00
2.819374845356434012e+00 2.842469933782896305e+02 6.284930636431253603e+00
9.275294104662715755e-01 2.848263635068663575e+02 6.284930636431253603e+00
9.163707748904772465e-01 2.860814311598121549e+02 6.284930636431253603e+00
2.618307901458851283e+00 2.874230043266977646e+02 6.284930636431253603e+00
8.444728234058845873e-01 2.880039113876651413e+02 6.284930636431253603e+00
7.941665957250850783e-01 2.891758332937517366e+02 6.284930636431253603e+00
1.907430115993266284e+00 2.904499345944378206e+02 6.284930636431253603e+00
1.388891272322378301e+00 2.908460814351755630e+02 6.284930636431253603e+00
1.047872684764106666e+00 2.922287778719226026e+02 6.284930636431253603e+00
2.108121105693169017e+00 2.936467835088047309e+02 6.284930636431253603e+00
1.129026723426633794e+00 2.940754041377098247e+02 6.284930636431253603e+00
7.813622292963321447e-01 2.953504010744417769e+02 6.284930636431253603e+00
1.416277955891615870e+00 2.966446456866465269e+02 6.284930636431253603e+00
1.767845636192965086e+00 2.970292042403777941e+02 6.284930636431253603e+00
1.067391908538050549e+00 2.984463077983972994e+02 6.284930636431253603e+00
1.703845158445353114e+00 2.998605062162291688e+02 6.284930636431253603e+00
1.479037665704605375e+00 3.002422115934837166e+02 6.284930636431253603e+00
7.779659481715511804e-01 3.015368730609626482e+02 6.284930636431253603e+00
1.079828000050887749e+00 3.028049968747017715e+02 6.284930636431253603e+00
2.156648283393165055e+00 3.032477800171535023e+02 6.284930636431253603e+00
1.025533127408360334e+00 3.046579608587201164e+02 6.284930636431253603e+00
1.296086010785412856e+00 3.060245602273154759e+02 6.284930636431253603e+00
2.029401581249661746e+00 3.064368824618927647e+02 6.284930636431253603e+00
7.870771102896815252e-01 3.076994963808921852e+02 6.284930636431253603e+00
8.000451971267841245e-01 3.088422838387194247e+02 6.284930636431253603e+00
2.700179650296168798e+00 3.094697446823592486e+02 6.284930636431253603e+00
8.687074219230073169e-01 3.107712555475258114e+02 6.284930636431253603e+00
8.481854879107104672e-01 3.119850528857011227e+02 6.284930636431253603e+00
2.983508780255926585e+00 3.126431161318992054e+02 6.284930636431253603e+00
7.576398732816760351e-01 3.137476236720478937e+02 6.284930636431253603e+00
7.444844365956653220e-01 3.146200330170462962e+02 6.284930636431253603e+00
3.070606072488282212e+00 3.156839200820847395e+02 6.284930636431253603e+00
8.033050046519156773e-01 3.164073425830560495e+02 6.284930636431253603e+00
8.358154582656943665e-01 3.175914573232495286e+02 6.284930636431253603e+00
2.781939625460146726e+00 3.188573157337336852e+02 6.284930636431253603e+00
7.721198866841407771e-01 3.195274272024688571e+02 6.284930636431253603e+00
7.889991634001748411e-01 3.206393288776413328e+02 6.284930636431253603e+00
2.130601430299679855e+00 3.218926787076830465e+02 6.284930636431253603e+00
1.235519821112410321e+00 3.223193780224045781e+02 6.284930636431253603e+00
1.011132858585686689e+00 3.236736964048664049e+02 6.284930636431253603e+00
2.205281920080652380e+00 3.250782991364991403e+02 6.284930636431253603e+00
1.037748672690885110e+00 3.255355804154698944e+02 6.284930636431253603e+00
7.727630585602122126e-01 3.267976396013211797e+02 6.284930636431253603e+00
1.536990398101874211e+00 3.280914294841913943e+02 6.284930636431253603e+00
1.625131297455032486e+00 3.284735217247940113e+02 6.284930636431253603e+00
1.048440868018424066e+00 3.298794433404780193e+02 6.284930636431253603e+00
1.766827611877229476e+00 3.312926174754821318e+02 6.284930636431253603e+00
1.377055925731787811e+00 3.316810208717819251e+02 6.284930636431253603e+00
7.651569244526834623e-01 3.329775302401728254e+02 6.284930636431253603e+00
1.158199538671995210e+00 3.342619985081968252e+02 6.284930636431253603e+00
2.009347045983157276e+00 3.346821213361318428e+02 6.284930636431253603e+00
1.025783970597848649e+00 3.360933490967366879e+02 6.284930636431253603e+00
1.371719679955468285e+00 3.374717593089584398e+02 6.284930636431253603e+00
1.868286708503176463e+00 3.378704674428743147e+02 6.284930636431253603e+00
7.753786070011753351e-01 3.391450813143213736e+02 6.284930636431253603e+00
8.567111839799023132e-01 3.403391173242230821e+02 6.284930636431253603e+00
2.522057068015339354e+00 3.409016040226856035e+02 6.284930636431253603e+00
9.151924701784475147e-01 3.422479170110768223e+02 6.284930636431253603e+00
9.407836692665949574e-01 3.435111302660714614e+02 6.284930636431253603e+00
2.729985424360811486e+00 3.440757455264616169e+02 6.284930636431253603e+00
7.701843052633804421e-01 3.452408365918984714e+02 6.284930636431253603e+00
7.142858192480664448e-01 3.461732716640636909e+02 6.284930636431253603e+00
3.088082161669223336e+00 3.471184558097745594e+02 6.284930636431253603e+00
7.336402273862773216e-01 3.480339900608751691e+02 6.284930636431253603e+00
7.556453836376342270e-01 3.491580441725838000e+02 6.284930636431253603e+00
2.928550808731383626e+00 3.502927476665850008e+02 6.284930636431253603e+00
7.203281918304281772e-01 3.510824967019864289e+02 6.284930636431253603e+00
7.755127282172629144e-01 3.521187342556398221e+02 6.284930636431253603e+00
2.403898299833465035e+00 3.533353880877754136e+02 6.284930636431253603e+00
1.067576787633073065e+00 3.538207879994041036e+02 6.284930636431253603e+00
9.559899647679849233e-01 3.551320554400822971e+02 6.284930636431253603e+00
2.307656998252260561e+00 3.565110067701862704e+02 6.284930636431253603e+00
9.402573920648086281e-01 3.570109155495632649e+02 6.284930636431253603e+00
7.588838808945845837e-01 3.582535812023869539e+02 6.284930636431253603e+00
1.688499359891979745e+00 3.595398841496090085e+02 6.284930636431253603e+00
1.454215028176512714e+00 3.599301937973766599e+02 6.284930636431253603e+00
1.012039178472311063e+00 3.613165549706376396e+02 6.284930636431253603e+00
1.808177584220864498e+00 3.627221778168373589e+02 6.284930636431253603e+00
1.275010938564283158e+00 3.631218374457474738e+02 6.284930636431253603e+00
7.436805417263427920e-01 3.644203572605898671e+02 6.284930636431253603e+00
1.243116188753596862e+00 3.657175504083186297e+02 6.284930636431253603e+00
1.836288530895634485e+00 3.661215551284278718e+02 6.284930636431253603e+00
1.004098041556986010e+00 3.675253420832781330e+02 6.284930636431253603e+00
1.406990881874262911e+00 3.689057918958399114e+02 6.284930636431253603e+00
1.739620162585972629e+00 3.693006068454799333e+02 6.284930636431253603e+00
7.540061334228049805e-01 3.705828098311767462e+02 6.284930636431253603e+00
9.107692359976673480e-01 3.718176454253851375e+02 6.284930636431253603e+00
2.337437726765065005e+00 3.723334798958116494e+02 6.284930636431253603e+00
9.336728092358050901e-01 3.736999824744190164e+02 6.284930636431253603e+00
1.013078555669231884e+00 3.749937546219305204e+02 6.284930636431253603e+00
2.494634626810123823e+00 3.755060995856902082e+02 6.284930636431253603e+00
7.672483109698211567e-01 3.767053247259548243e+02 6.284930636431253603e+00
7.104953761412245994e-01 3.777175230293776167e+02 6.284930636431253603e+00
2.970142836512676077e+00 3.785505772218558604e+02 6.284930636431253603e+00
7.384712974027272114e-01 3.796285610326661413e+02 6.284930636431253603e+00
7.283557043948490906e-01 3.807432584628976429e+02 6.284930636431253603e+00
3.055481406843258085e+00 3.817251739782887512e+02 6.284930636431253603e+00
7.112212812950102769e-01 3.826274483503167403e+02 6.284930636431253603e+00
7.750928113652566509e-01 3.835849602192792531e+02 6.284930636431253603e+00
2.643737556549027090e+00 3.847678460851693103e+02 6.284930636431253603e+00
9.781240032930634820e-01 3.853058324189701693e+02 6.284930636431253603e+00
9.314222654928542289e-01 3.865846762233410345e+02 6.284930636431253603e+00
2.477423929051657314e+00 3.879433088356175290e+02 6.284930636431253603e+00
8.772630651396611245e-01 3.884889410982045774e+02 6.284930636431253603e+00
7.743964001691364674e-01 3.896951490378104950e+02 6.284930636431253603e+00
1.821699277171276110e+00 3.909732922309481751e+02 6.284930636431253603e+00
1.395753805631187561e+00 3.913688277239506874e+02 6.284930636431253603e+00
1.023879222008360568e+00 3.927500968225880342e+02 6.284930636431253603e+00
1.958312402500798965e+00 3.941608436803230120e+02 6.284930636431253603e+00
1.183489397092124307e+00 3.945752333576602950e+02 6.284930636431253603e+00
7.569638721946788662e-01 3.958649919296777284e+02 6.284930636431253603e+00
1.345136166598646099e+00 3.971623697822559507e+02 6.284930636431253603e+00
1.766333493259130361e+00 3.975542185267656237e+02 6.284930636431253603e+00
1.028372342018119445e+00 3.989626360019171898e+02 6.284930636431253603e+00
1.546021004584255065e+00 4.003596616086254016e+02 6.284930636431253603e+00
1.589423294527204877e+00 4.007446125051549757e+02 6.284930636431253603e+00
7.592256807385182604e-01 4.020368324882290949e+02 6.284930636431253603e+00
9.992072397718505528e-01 4.032963285768464630e+02 6.284930636431253603e+00
2.210261427615505703e+00 4.037669036552221655e+02 6.284930636431253603e+00
9.778278922822946084e-01 4.051582879405780204e+02 6.284930636431253603e+00
1.147695590126986520e+00 4.064921562776768269e+02 6.284930636431253603e+00
2.236801273276940449e+00 4.069443240156888351e+02 6.284930636431253603e+00
7.751878608040009278e-01 4.081814490350179199e+02 6.284930636431253603e+00
7.445726477447728309e-01 4.092706926259826901e+02 6.284930636431253603e+00
2.823957922508573137e+00 4.099849667804084561e+02 6.284930636431253603e+00
7.977416206441447777e-01 4.112029194894873854e+02 6.284930636431253603e+00
7.641040525428374197e-01 4.123580232945041644e+02 6.284930636431253603e+00
3.105574368145064490e+00 4.131580029852199800e+02 6.284930636431253603e+00
7.311144662969684127e-01 4.141746402515925638e+02 6.284930636431253603e+00
7.705861524931608697e-01 4.150598610247701572e+02 6.284930636431253603e+00
2.891509169287391767e+00 4.161986622947741239e+02 6.284930636431253603e+00
8.996869919465603216e-01 4.168033957882965410e+02 6.284930636431253603e+00
9.025707880736613120e-01 4.180445099639373439e+02 6.284930636431253603e+00
2.664564963974502376e+00 4.193740763545336563e+02 6.284930636431253603e+00
8.287916094770128028e-01 4.199722126839343446e+02 6.284930636431253603e+00
7.970912313014251183e-01 4.211304583400938668e+02 6.284930636431253603e+00
1.950044692244834676e+00 4.224016868480343874e+02 6.284930636431253603e+00
1.367799556209485123e+00 4.228010425579590787e+02 6.284930636431253603e+00
1.047730762895793699e+00 4.241806789956795001e+02 6.284930636431253603e+00
2.147993903679298544e+00 4.255984357704740546e+02 6.284930636431253603e+00
1.108521171313847642e+00 4.260332154880303506e+02 6.284930636431253603e+00
7.851453844234974611e-01 4.273035203534130915e+02 6.284930636431253603e+00
1.442677574451583622e+00 4.285973744469241637e+02 6.284930636431253603e+00
1.752654464587481531e+00 4.289800653847674425e+02 6.284930636431253603e+00
1.073116695306134405e+00 4.303976631830004749e+02 6.284930636431253603e+00
1.743854050314362913e+00 4.318150033946137683e+02 6.284930636431253603e+00
1.446856556085145629e+00 4.321976222273943335e+02 6.284930636431253603e+00
7.807435566921177017e-01 4.334921651823679554e+02 6.284930636431253603e+00
1.104630606458833153e+00 4.347634845211551919e+02 6.284930636431253603e+00
2.131641716504315553e+00 4.351988132222445529e+02 6.284930636431253603e+00
1.035563243011261791e+00 4.366125748622526430e+02 6.284930636431253603e+00
1.337761514698418752e+00 4.379867785649047960e+02 6.284930636431253603e+00
1.969615701318296885e+00 4.383910770134555150e+02 6.284930636431253603e+00
7.883169261129979732e-01 4.396592773808689572e+02 6.284930636431253603e+00
8.201805522329229658e-01 4.408180487046196845e+02 6.284930636431253603e+00
2.653914074627874875e+00 4.414216949037165705e+02 6.284930636431253603e+00
8.898800154272672458e-01 4.427426926913781244e+02 6.284930636431253603e+00
8.820106008142183374e-01 4.439756188670425558e+02 6.284930636431253603e+00
2.909814407299019301e+00 4.445957155684678810e+02 6.284930636431253603e+00
7.651861999711692119e-01 4.457244021843969222e+02 6.284930636431253603e+00
7.336779517904552517e-01 4.466078024343626680e+02 6.284930636431253603e+00
3.102616839414908512e+00 4.476367697839173161e+02 6.284930636431253603e+00
7.734897932584153812e-01 4.484168676030238316e+02 6.284930636431253603e+00
8.080677260371668114e-01 4.495788170770036345e+02 6.284930636431253603e+00
2.826096888311970368e+00 4.508101339150894091e+02 6.284930636431253603e+00
7.522460317708103972e-01 4.515144951437410441e+02 6.284930636431253603e+00
7.839999166091803362e-01 4.526052344605547546e+02 6.284930636431253603e+00
2.212149251964809604e+00 4.538484844451108984e+02 6.284930636431253603e+00
1.178637633206093493e+00 4.542913095355933706e+02 6.284930636431253603e+00
9.925455507826412838e-01 4.556326748705403702e+02 6.284930636431253603e+00
2.227241636617498521e+00 4.570297676721790481e+02 6.284930636431253603e+00
1.007325882126672623e+00 4.574983257916550770e+02 6.284930636431253603e+00
7.661012713032641086e-01 4.587565006650847295e+02 6.284930636431253603e+00
1.580346742359290957e+00 4.600489783722894117e+02 6.284930636431253603e+00
1.566394292238566521e+00 4.604328106481758596e+02 6.284930636431253603e+00
1.034150500441009646e+00 4.618322010803625517e+02 6.284930636431253603e+00
1.768948128472443093e+00 4.632422217673178579e+02 6.284930636431253603e+00
1.348752062678231667e+00 4.636335723239974413e+02 6.284930636431253603e+00
7.563845030943173731e-01 4.649312170305823884e+02 6.284930636431253603e+00
1.179983457378575462e+00 4.662207200047495803e+02 6.284930636431253603e+00
1.953070686775604248e+00 4.666357507878219621e+02 6.284930636431253603e+00
1.016648122844668656e+00 4.680441377172776924e+02 6.284930636431253603e+00
1.374867617860792146e+00 4.694220811437650127e+02 6.284930636431253603e+00
1.834292681943650027e+00 4.698204195784628610e+02 6.284930636431253603e+00
7.677373038720205489e-01 4.710967260830466330e+02 6.284930636431253603e+00
8.695326499830616784e-01 4.723035454984278658e+02 6.284930636431253603e+00
2.466832440593850428e+00 4.728527471062511154e+02 6.284930636431253603e+00
9.195696611001297205e-01 4.742048734353538180e+02 6.284930636431253603e+00
9.584568437671888708e-01 4.754764845935615654e+02 6.284930636431253603e+00
2.663613886633570793e+00 4.760263592232440715e+02 6.284930636431253603e+00
7.691163353303067662e-01 4.772012596888768599e+02 6.284930636431253603e+00
7.101613128828331289e-01 4.781561593023283763e+02 6.284930636431253603e+00
3.060474164856223478e+00 4.790698710336121735e+02 6.284930636431253603e+00
7.289671977590175267e-01 4.800339541470182780e+02 6.284930636431253603e+00
7.425369208783278996e-01 4.811504579969839028e+02 6.284930636431253603e+00
2.966119792829692070e+00 4.822444764041895269e+02 6.284930636431253603e+00
7.141189878351966724e-01 4.830664968312885890e+02 6.284930636431253603e+00
7.741643820067936055e-01 4.840810561303527493e+02 6.284930636431253603e+00
2.473449457878555524e+00 4.852877015463085399e+02 6.284930636431253603e+00
1.036115751372467253e+00 4.857889787777051538e+02 6.284930636431253603e+00
9.463119988346583300e-01 4.870900476599697981e+02 6.284930636431253603e+00
2.349144150223542837e+00 4.884626782403253173e+02 6.284930636431253603e+00
9.189727024894133178e-01 4.889754308938174177e+02 6.284930636431253603e+00
7.603360499116488258e-01 4.902095671414073763e+02 6.284930636431253603e+00
1.728730901585878055e+00 4.914931684014932216e+02 6.284930636431253603e+00
1.426500868747189621e+00 4.918858289615544095e+02 6.284930636431253603e+00
1.010275849873729870e+00 4.932690909833791011e+02 6.284930636431253603e+00
1.839010515475518082e+00 4.946747999862049596e+02 6.284930636431253603e+00
1.247238617565712193e+00 4.950781412793808158e+02 6.284930636431253603e+00
7.435537105237867150e-01 4.963756781364166955e+02 6.284930636431253603e+00
1.270757743114882654e+00 4.976739593502117032e+02 6.284930636431253603e+00
1.804568116934783362e+00 4.980742729669073583e+02 6.284930636431253603e+00
1.005438063712142505e+00 4.994779033131991355e+02 6.284930636431253603e+00
1.433411187334826309e+00 5.008613789724245748e+02 6.284930636431253603e+00
1.699278146132412237e+00 5.012537089675335551e+02 6.284930636431253603e+00
7.521653704739932333e-01 5.025388061353900753e+02 6.284930636431253603e+00
9.315862988233208908e-01 5.037823854240887158e+02 6.284930636431253603e+00
2.294260084646279285e+00 5.042852372244338426e+02 6.284930636431253603e+00
9.423914203204853957e-01 5.056579856875407017e+02 6.284930636431253603e+00
1.041920656661636357e+00 5.069616561393416418e+02 6.284930636431253603e+00
2.426413279250322130e+00 5.074581029452495500e+02 6.284930636431253603e+00
7.678905830299205260e-01 5.086674032903567877e+02 6.284930636431253603e+00
7.154982764777635396e-01 5.097014968310264180e+02 6.284930636431253603e+00
2.930893915931632954e+00 5.105022789239687313e+02 6.284930636431253603e+00
7.496770878017595674e-01 5.116213872967196039e+02 6.284930636431253603e+00
7.308571585897876144e-01 5.127421714014946019e+02 6.284930636431253603e+00
3.083061496696701820e+00 5.136765338166806032e+02 6.284930636431253603e+00
7.142653117172547139e-01 5.146099088539682498e+02 6.284930636431253603e+00
7.757091496100894101e-01 5.155452919080260017e+02 6.284930636431253603e+00
2.709990761280357763e+00 5.167185786629173663e+02 6.284930636431253603e+00
9.592485969950061975e-01 5.172710280309537438e+02 6.284930636431253603e+00
9.266620124901808753e-01 5.185414387015042621e+02 6.284930636431253603e+00
2.531582993687357064e+00 5.198943923266755291e+02 6.284930636431253603e+00
8.642592199656942142e-01 5.204530562360863541e+02 6.284930636431253603e+00
7.820407148768483419e-01 5.216466452529286926e+02 6.284930636431253603e+00
1.854664977060747288e+00 5.229232047171369686e+02 6.284930636431253603e+00
1.392984920141543181e+00 5.233189383710356424e+02 6.284930636431253603e+00
1.033180564538141333e+00 5.247008073275910647e+02 6.284930636431253603e+00
2.014821892030825623e+00 5.261144771080969349e+02 6.284930636431253603e+00
1.161599658189966799e+00 5.265339553869285965e+02 6.284930636431253603e+00
7.658388111017335742e-01 5.278186858862067083e+02 6.284930636431253603e+00
1.373420446477659596e+00 5.291149358938366731e+02 6.284930636431253603e+00
1.764308565974252341e+00 5.295038213631313511e+02 6.284930636431253603e+00
1.042638792973202833e+00 5.309154483449981399e+02 6.284930636431253603e+00
1.603673617823784259e+00 5.323190705948610457e+02 6.284930636431253603e+00
1.546096292426462515e+00 5.327019686746807565e+02 6.284930636431253603e+00
7.655923993386472004e-01 5.339959139982157694e+02 6.284930636431253603e+00
1.029606985563694899e+00 5.352594319637131548e+02 6.284930636431253603e+00
2.186695481558754928e+00 5.357185348488943646e+02 6.284930636431253603e+00
9.955328709199853243e-01 5.371174523973726309e+02 6.284930636431253603e+00
1.200941108245563882e+00 5.384640962200273862e+02 6.284930636431253603e+00
2.157543268776478840e+00 5.388996098636167744e+02 6.284930636431253603e+00
7.795418248041794396e-01 5.401472793371380021e+02 6.284930636431253603e+00
7.629133796138788393e-01 5.412577127651545652e+02 6.284930636431253603e+00
2.778100896473012060e+00 5.419377393448486373e+02 6.284930636431253603e+00
8.232314910737221769e-01 5.431904891798902781e+02 6.284930636431253603e+00
7.899799597704868503e-01 5.443660666412174578e+02 6.284930636431253603e+00
3.079563399936349199e+00 5.451105403212019382e+02 6.284930636431253603e+00
7.405189038839151694e-01 5.461612157434545907e+02 6.284930636431253603e+00
7.629172660330481026e-01 5.470348118453659936e+02 6.284930636431253603e+00
2.965759262072155344e+00 5.481511510103947558e+02 6.284930636431253603e+00
8.656578486975509135e-01 5.487909512790187136e+02 6.284930636431253603e+00
8.822229968244122977e-01 5.500137744922252523e+02 6.284930636431253603e+00
2.708345022412597114e+00 5.513256829280674083e+02 6.284930636431253603e+00
8.096237872957949833e-01 5.519457152511139384e+02 6.284930636431253603e+00
7.964516372420387125e-01 5.530888082663826708e+02 6.284930636431253603e+00
2.005498344577149261e+00 5.543554121991767261e+02 6.284930636431253603e+00
1.329953063356350773e+00 5.547613385157095536e+02 6.284930636431253603e+00
1.039703743478893827e+00 5.561344583193281323e+02 6.284930636431253603e+00
2.175217105339346091e+00 5.575493975519128753e+02 6.284930636431253603e+00
1.085498684862276964e+00 5.579912100659956877e+02 6.284930636431253603e+00
7.838721793609148003e-01 5.592579861810579587e+02 6.284930636431253603e+00
1.472708765436070433e+00 5.605519568814538616e+02 6.284930636431253603e+00
1.719146935301239631e+00 5.609335079790103009e+02 6.284930636431253603e+00
1.070163920232182653e+00 5.623488892083412338e+02 6.284930636431253603e+00
1.764568146615418387e+00 5.637665845439612440e+02 6.284930636431253603e+00
1.419836540996223473e+00 5.641508776912748999e+02 6.284930636431253603e+00
7.786352639325314628e-01 5.654456511328074839e+02 6.284930636431253603e+00
1.125653223244375445e+00 5.667210807248853826e+02 6.284930636431253603e+00
2.096305619534118314e+00 5.671502393959252686e+02 6.284930636431253603e+00
1.037772412230496100e+00 5.685649403366944625e+02 6.284930636431253603e+00
1.362482986951520925e+00 5.699430923962162296e+02 6.284930636431253603e+00
1.924402258472641458e+00 5.703432019972219678e+02 6.284930636431253603e+00
7.862469767113074992e-01 5.716148566035351450e+02 6.284930636431253603e+00
8.363931308981643609e-01 5.727873620497239244e+02 6.284930636431253603e+00
2.607798374073500458e+00 5.733728980065667429e+02 6.284930636431253603e+00
9.041959783634029302e-01 5.747068651286429031e+02 6.284930636431253603e+00
9.094121329557633970e-01 5.759541703918965823e+02 6.284930636431253603e+00
2.838999651747029951e+00 5.765473652197687215e+02 6.284930636431253603e+00
7.695276905056253058e-01 5.776934483389650268e+02 6.284930636431253603e+00
7.250240363615209072e-01 5.785926841527955276e+02 6.284930636431253603e+00
3.111494860034992538e+00 5.795888065071894744e+02 6.284930636431253603e+00
7.529535537644214127e-01 5.804224165555003765e+02 6.284930636431253603e+00
7.850311835307335340e-01 5.815666710970373288e+02 6.284930636431253603e+00
2.867969783771554759e+00 5.827624668255791676e+02 6.284930636431253603e+00
7.372329678606716064e-01 5.834999056786506344e+02 6.284930636431253603e+00
7.803818828561303045e-01 5.845695969038840758e+02 6.284930636431253603e+00
2.287914430867103999e+00 5.858028635182448625e+02 6.284930636431253603e+00
1.131770322321574707e+00 5.862616273112223553e+02 6.284930636431253603e+00
9.773714744036927637e-01 5.875911863221609792e+02 6.284930636431253603e+00
2.255535478896812940e+00 5.889813528114417522e+02 6.284930636431253603e+00
9.799378061118572125e-01 5.894615367096024556e+02 6.284930636431253603e+00
7.621964322939996928e-01 5.907145276884832583e+02 6.284930636431253603e+00
1.622209198438335775e+00 5.920049865680201719e+02 6.284930636431253603e+00
1.518665414493255206e+00 5.923909680412746184e+02 6.284930636431253603e+00
1.024036119773905407e+00 5.937849656327290404e+02 6.284930636431253603e+00
1.780305469484895653e+00 5.951929334763907491e+02 6.284930636431253603e+00
1.320085972963212839e+00 5.955873065999682012e+02 6.284930636431253603e+00
7.503367419548533368e-01 5.968855881267089671e+02 6.284930636431253603e+00
1.203462185337894841e+00 5.981787643439611202e+02 6.284930636431253603e+00
1.904588792065790237e+00 5.985891561933982530e+02 6.284930636431253603e+00
1.010656721447339867e+00 5.999955237747105912e+02 6.284930636431253603e+00
1.384727349142818698e+00 6.013740998181724535e+02 6.284930636431253603e+00
1.797992715176599310e+00 6.017712460991635908e+02 6.284930636431253603e+00
7.617534258663704039e-01 6.030497122969654811e+02 6.284930636431253603e+00
8.844758605578738608e-01 6.042681733100600923e+02 6.284930636431253603e+00
2.415005139711908111e+00 6.048040754573312370e+02 6.284930636431253603e+00
9.250056768913620386e-01 6.061621073467053975e+02 6.284930636431253603e+00
9.787443889283257148e-01 6.074424858909909517e+02 6.284930636431253603e+00
2.597298043418851066e+00 6.079772802583004250e+02 6.284930636431253603e+00
7.684658003615690847e-01 6.091620107635459362e+02 6.284930636431253603e+00
7.085182529475482216e-01 6.101392207023086485e+02 6.284930636431253603e+00
3.028818884500336761e+00 6.110212988594881836e+02 6.284930636431253603e+00
7.294123091862186881e-01 6.120319408052822610e+02 6.284930636431253603e+00
7.337422018595364248e-01 6.131447275455758472e+02 6.284930636431253603e+00
3.004767723075117747e+00 6.141960627641182100e+02 6.284930636431253603e+00
7.111339154246930638e-01 6.150500157165416795e+02 6.284930636431253603e+00
7.745130712711340015e-01 6.160418195297984312e+02 6.284930636431253603e+00
2.541270933878255978e+00 6.172392270283255584e+02 6.284930636431253603e+00
1.011541125813172570e+00 6.177548725103183642e+02 6.284930636431253603e+00
9.400866399814679086e-01 6.190470882153965704e+02 6.284930636431253603e+00
2.398717556692774533e+00 6.204143266577007125e+02 6.284930636431253603e+00
9.010219032242086090e-01 6.209399745940835373e+02 6.284930636431253603e+00
7.651566610003707192e-01 6.221637149626519658e+02 6.284930636431253603e+00
1.766735469368438283e+00 6.234449838916282260e+02 6.284930636431253603e+00
1.410900631973863728e+00 6.238390290863110295e+02 6.284930636431253603e+00
1.014323095531892260e+00 6.252210499889221182e+02 6.284930636431253603e+00
1.883134399280138149e+00 6.266284638039223864e+02 6.284930636431253603e+00
1.220579856623224213e+00 6.270358726055526404e+02 6.284930636431253603e+00
7.476210951952421135e-01 6.283310336913403944e+02 6.284930636431253603e+00
1.300482990549765905e+00 6.296293002195623103e+02 6.284930636431253603e+00
1.784785548648356146e+00 6.300260129546398957e+02 6.284930636431253603e+00
1.012832650271580093e+00 6.314311411956557549e+02 6.284930636431253603e+00
1.473896002122607296e+00 6.328196260725724187e+02 6.284930636431253603e+00
1.655212074204885253e+00 6.332086883104143453e+02 6.284930636431253603e+00
7.537630793364147319e-01 6.344969712347512996e+02 6.284930636431253603e+00
9.571259584787833452e-01 6.357478352147971918e+02 6.284930636431253603e+00
2.257403525593845384e+00 6.362372188668317676e+02 6.284930636431253603e+00
9.554491602010414253e-01 6.376175029716796416e+02 6.284930636431253603e+00
1.080445472976112820e+00 6.389330624518340755e+02 6.284930636431253603e+00
2.351855739685815738e+00 6.394113392512864493e+02 6.284930636431253603e+00
7.704103023423601870e-01 6.406320265898056050e+02 6.284930636431253603e+00
7.245018891270098571e-01 6.416883208933157903e+02 6.284930636431253603e+00
2.890207512749650487e+00 6.424544651724736468e+02 6.284930636431253603e+00
7.661084118683312294e-01 6.436151505619914133e+02 6.284930636431253603e+00
7.393706622355871172e-01 6.447465701196607597e+02 6.284930636431253603e+00
3.105041891458257375e+00 6.456282355573075620e+02 6.284930636431253603e+00
7.198634817504842021e-01 6.465947192606748786e+02 6.284930636431253603e+00
7.759288176807433990e-01 6.475072119087745932e+02 6.284930636431253603e+00
2.781311913846125528e+00 6.486694695392938002e+02 6.284930636431253603e+00
9.396673952800108642e-01 6.492383332496710864e+02 6.284930636431253603e+00
9.210956496001233562e-01 6.504993371965701954e+02 6.284930636431253603e+00
2.590130751539988729e+00 6.518455586937930093e+02 6.284930636431253603e+00
8.516369255582360021e-01 6.524184152530834808e+02 6.284930636431253603e+00
7.907454546497723058e-01 6.535977461200501466e+02 6.284930636431253603e+00
1.888287759528793242e+00 6.548728508175634033e+02 6.284930636431253603e+00
1.392941588476282799e+00 6.552684588477600300e+02 6.284930636431253603e+00
1.044243064992664394e+00 6.566513846178811491e+02 6.284930636431253603e+00
2.078947193159555784e+00 6.580683631562891378e+02 6.284930636431253603e+00
1.139934568228044620e+00 6.584937654800493192e+02 6.284930636431253603e+00
7.768523776496317756e-01 6.597719788098426079e+02 6.284930636431253603e+00
1.402086101268075202e+00 6.610667824508172998e+02 6.284930636431253603e+00
1.768595394191172510e+00 6.614526744419051738e+02 6.284930636431253603e+00
1.060229848503069006e+00 6.628683040611814477e+02 6.284930636431253603e+00
1.672414837097517371e+00 6.642794046460282971e+02 6.284930636431253603e+00
1.500277962982497826e+00 6.646611082802834289e+02 6.284930636431253603e+00
7.742997527721535711e-01 6.659557844852179187e+02 6.284930636431253603e+00
1.063649446108282159e+00 6.672224165183893092e+02 6.284930636431253603e+00
2.167125926221454613e+00 6.676702094030913486e+02 6.284930636431253603e+00
1.016424372072970206e+00 6.690771044345573273e+02 6.284930636431253603e+00
1.265422279347714341e+00 6.704376427268614407e+02 6.284930636431253603e+00
2.070266624980109604e+00 6.708566498256451496e+02 6.284930636431253603e+00
7.849575813817737391e-01 6.721148775774466912e+02 6.284930636431253603e+00
7.872649159429415677e-01 6.732473588786147047e+02 6.284930636431253603e+00
2.726679767034501545e+00 6.738912614449939156e+02 6.284930636431253603e+00
8.538981604034994177e-01 6.751782155500346789e+02 6.284930636431253603e+00
8.274070319061206380e-01 6.763792860566395575e+02 6.284930636431253603e+00
3.022434364770117732e+00 6.770643076833281384e+02 6.284930636431253603e+00
7.520925057423292204e-01 6.781518628243350122e+02 6.284930636431253603e+00
7.511347291418762895e-01 6.790216355121567631e+02 6.284930636431253603e+00
3.040758656120688297e+00 6.801050159502949555e+02 6.284930636431253603e+00
8.238585814214579583e-01 6.807971032694393898e+02 6.284930636431253603e+00
8.525475442758129185e-01 6.819949014638550580e+02 6.284930636431253603e+00
2.756660745459961426e+00 6.832786629049534213e+02 6.284930636431253603e+00
7.849699247454323681e-01 6.839300632585303674e+02 6.284930636431253603e+00
7.920633182391413341e-01 6.850534101643634131e+02 6.284930636431253603e+00
2.084563171005460180e+00 6.863120219130984196e+02 6.284930636431253603e+00
1.270000448575635765e+00 6.867303588224107216e+02 6.284930636431253603e+00
1.022168408569527953e+00 6.880919146896425218e+02 6.284930636431253603e+00
2.195398888725217823e+00 6.895006365448512042e+02 6.284930636431253603e+00
1.055111301331881135e+00 6.899520638962211478e+02 6.284930636431253603e+00
7.771931779339529278e-01 6.912157981964061264e+02 6.284930636431253603e+00
1.513243852355953711e+00 6.925098763526616494e+02 6.284930636431253603e+00
1.660366605277852070e+00 6.928913922486639194e+02 6.284930636431253603e+00
1.057249638520395774e+00 6.943010887142671663e+02 6.284930636431253603e+00
1.768168094252013933e+00 6.957162285593776687e+02 6.284930636431253603e+00
1.392097903750794563e+00 6.961030754750545384e+02 6.284930636431253603e+00
7.705961149289586309e-01 6.973988637785110996e+02 6.284930636431253603e+00
1.146872106290589111e+00 6.986801155794553324e+02 6.284930636431253603e+00
2.041860900756065966e+00 6.991032321796670885e+02 6.284930636431253603e+00
1.031290395737308740e+00 7.005161103271697129e+02 6.284930636431253603e+00
1.371172185140647315e+00 7.018949516978957490e+02 6.284930636431253603e+00
1.886412576688581755e+00 7.022937185640083726e+02 6.284930636431253603e+00
7.798152093162269427e-01 7.035675038957765537e+02 6.284930636431253603e+00
8.501631284822469548e-01 7.047541824755149946e+02 6.284930636431253603e+00
2.552812622266565690e+00 7.053240914891578086e+02 6.284930636431253603e+00
9.126189543084841649e-01 7.066669525078110610e+02 6.284930636431253603e+00
9.312926974059505536e-01 7.079254010814287312e+02 6.284930636431253603e+00
2.766767114666408567e+00 7.084984833183494857e+02 6.284930636431253603e+00
7.706208194762742547e-01 7.096578857619410883e+02 6.284930636431253603e+00
7.174965213524621133e-01 7.105782094346495796e+02 6.284930636431253603e+00
3.100222346953265262e+00 7.115406931630989220e+02 6.284930636431253603e+00
7.385576262611291964e-01 7.124287317888916959e+02 6.284930636431253603e+00
7.646289138694174481e-01 7.135585685455238263e+02 6.284930636431253603e+00
2.908478886223790916e+00 7.147147738366134035e+02 6.284930636431253603e+00
7.251841849297886444e-01 7.154866944582792030e+02 6.284930636431253603e+00
7.769966743515540619e-01 7.165343986458409518e+02 6.284930636431253603e+00
2.364830990833648006e+00 7.177567887160367945e+02 6.284930636431253603e+00
1.088045919759922153e+00 7.182329944087937292e+02 6.284930636431253603e+00
9.628244210317831175e-01 7.195504021663813319e+02 6.284930636431253603e+00
2.288592173315337597e+00 7.209331771553820545e+02 6.284930636431253603e+00
9.532381643637926061e-01 7.214261794777336263e+02 6.284930636431253603e+00
7.595243787740946217e-01 7.226727140619501597e+02 6.284930636431253603e+00
1.665904525487652332e+00 7.239605292666599325e+02 6.284930636431253603e+00
1.474410032774961854e+00 7.243492956586984519e+02 6.284930636431253603e+00
1.015396616457750589e+00 7.257380766656984861e+02 6.284930636431253603e+00
1.796859581136733164e+00 7.271443188892939133e+02 6.284930636431253603e+00
1.290346973496234506e+00 7.275420951018121514e+02 6.284930636431253603e+00
7.454203615759054102e-01 7.288406821400261606e+02 6.284930636431253603e+00
1.229135592040273117e+00 7.301367632330235438e+02 6.284930636431253603e+00
1.858130268040953936e+00 7.305428391485895645e+02 6.284930636431253603e+00
1.005709000388252061e+00 7.319473552404642760e+02 6.284930636431253603e+00
1.397937298820548069e+00 7.333269615512415385e+02 6.284930636431253603e+00
1.759906505799939236e+00 7.337226828237103291e+02 6.284930636431253603e+00
7.562945495425221765e-01 7.350035405349394750e+02 6.284930636431253603e+00
9.012462286592626270e-01 7.362330705300651061e+02 6.284930636431253603e+00
2.363177926164355735e+00 7.367557010340065062e+02 6.284930636431253603e+00
9.304866636717220585e-01 7.381193211066010917e+02 6.284930636431253603e+00
1.000665891433431209e+00 7.394084592078309015e+02 6.284930636431253603e+00
2.529740164927396506e+00 7.399284774853850877e+02 6.284930636431253603e+00
7.675872071636795635e-01 7.411227718862769507e+02 6.284930636431253603e+00
7.091544310249043859e-01 7.421230729379179820e+02 6.284930636431253603e+00
2.991059568019019732e+00 7.429728668198174546e+02 6.284930636431253603e+00
7.343089628732633045e-01 7.440285393430608565e+02 6.284930636431253603e+00
7.290282883474870079e-01 7.451415580187256182e+02 6.284930636431253603e+00
3.039660288159306223e+00 7.461475761620931735e+02 6.284930636431253603e+00
7.106024607257486192e-01 7.470335093606599912e+02 6.284930636431253603e+00
7.749528701809672571e-01 7.480025319443183207e+02 6.284930636431253603e+00
2.609038852566780253e+00 7.491904542362341317e+02 6.284930636431253603e+00
9.891067145116879678e-01 7.497207244727395619e+02 6.284930636431253603e+00
9.343676974120862511e-01 7.510041406994968156e+02 6.284930636431253603e+00
2.450514187151921597e+00 7.523657944350883326e+02 6.284930636431253603e+00
8.849133874419889967e-01 7.529045959182174101e+02 6.284930636431253603e+00
7.710936068181963865e-01 7.541169438724339216e+02 6.284930636431253603e+00
1.803421252267227715e+00 7.553960944750356248e+02 6.284930636431253603e+00
1.400023730659643917e+00 7.557911899593714224e+02 6.284930636431253603e+00
1.020323828616564343e+00 7.571726044958348893e+02 6.284930636431253603e+00
1.932026706476768441e+00 7.585821636667697021e+02 6.284930636431253603e+00
1.195597454966431661e+00 7.589940806375758484e+02 6.284930636431253603e+00
7.534550184204936718e-01 7.602859006416824741e+02 6.284930636431253603e+00
1.330178855776322555e+00 7.615836654095194262e+02 6.284930636431253603e+00
1.771210713644266743e+00 7.619770853454847384e+02 6.284930636431253603e+00
1.022637290055435910e+00 7.633842819363263743e+02 6.284930636431253603e+00
1.520360259061004360e+00 7.647783311957173282e+02 6.284930636431253603e+00
1.611459437054940880e+00 7.651645144697948808e+02 6.284930636431253603e+00
7.570144152024329554e-01 7.664555599247302098e+02 6.284930636431253603e+00
9.846030886257235437e-01 7.677124371976527755e+02 6.284930636431253603e+00
2.225090871784761060e+00 7.681891358813307988e+02 6.284930636431253603e+00
9.699649358871285099e-01 7.695768318130836860e+02 6.284930636431253603e+00
1.123804577122458959e+00 7.709045054904007657e+02 6.284930636431253603e+00
2.275918566161037937e+00 7.713652387556420535e+02 6.284930636431253603e+00
7.734682539401483981e-01 7.725969525940590756e+02 6.284930636431253603e+00
7.369130602835808341e-01 7.736751773878680751e+02 6.284930636431253603e+00
2.846949941428116304e+00 7.744068431491656384e+02 6.284930636431253603e+00
7.862455533522595408e-01 7.756062512559872175e+02 6.284930636431253603e+00
7.540690234095285271e-01 7.767524110312115226e+02 6.284930636431253603e+00
3.110527835832553212e+00 7.775801022881906874e+02 6.284930636431253603e+00
7.269905718777023296e-01 7.785797764994490535e+02 6.284930636431253603e+00
7.732846016843277770e-01 7.794729304443434330e+02 6.284930636431253603e+00
2.854078705300067575e+00 7.806208556637329821e+02 6.284930636431253603e+00
9.148462479366726852e-01 7.812114968796463472e+02 6.284930636431253603e+00
9.104818145399772300e-01 7.824602924803494943e+02 6.284930636431253603e+00
2.641457213644316404e+00 7.837966346218815943e+02 6.284930636431253603e+00
8.372723483116601972e-01 7.843854553009038000e+02 6.284930636431253603e+00
7.960933623264175862e-01 7.855508028173450157e+02 6.284930636431253603e+00
1.926781652877899598e+00 7.868236914004163509e+02 6.284930636431253603e+00
1.380810781916621766e+00 7.872210201775702672e+02 6.284930636431253603e+00
1.048861335025474073e+00 7.886026567075524554e+02 6.284930636431253603e+00
2.129506727572842539e+00 7.900208755536631315e+02 6.284930636431253603e+00
1.119224377082804978e+00 7.904524298585273527e+02 6.284930636431253603e+00
7.838999121117737889e-01 7.917249606909226713e+02 6.284930636431253603e+00
1.428895132204874407e+00 7.930189244582655874e+02 6.284930636431253603e+00
1.762748439940107881e+00 7.934024850985513240e+02 6.284930636431253603e+00
1.071342673383805177e+00 7.948201811371095573e+02 6.284930636431253603e+00
1.726043315796585764e+00 7.962362960435017385e+02 6.284930636431253603e+00
1.462449442143360478e+00 7.966183281559185616e+02 6.284930636431253603e+00
7.799548465460928171e-01 7.979129146082648276e+02 6.284930636431253603e+00
1.092569821269991026e+00 7.991824979339934316e+02 6.284930636431253603e+00
2.145580140460117580e+00 7.996214253048250384e+02 6.284930636431253603e+00
1.031464104559894457e+00 8.010337170082311786e+02 6.284930636431253603e+00
1.318683559545516859e+00 8.024045426670711549e+02 6.284930636431253603e+00
1.998064208897958771e+00 8.028123662269675833e+02 6.284930636431253603e+00
7.881044733678825853e-01 8.040780390901745704e+02 6.284930636431253603e+00
8.103933898918281864e-01 8.052290069214742516e+02 6.284930636431253603e+00
2.677387795062391884e+00 8.058439712638088395e+02 6.284930636431253603e+00
8.799610980942785821e-01 8.071559819603871802e+02 6.284930636431253603e+00
8.654495163399977820e-01 8.083797628370675739e+02 6.284930636431253603e+00
2.947505009718554891e+00 8.090176667218322564e+02 6.284930636431253603e+00
7.617386855870642570e-01 8.101349663760628346e+02 6.284930636431253603e+00
7.389468342648051191e-01 8.110119417643638826e+02 6.284930636431253603e+00
3.089559148188917526e+00 8.120585807930448254e+02 6.284930636431253603e+00
7.874941938582490364e-01 8.128099332263111592e+02 6.284930636431253603e+00
8.217158874282712855e-01 8.139827012925321696e+02 6.284930636431253603e+00
2.803728403350142617e+00 8.152319021735966089e+02 6.284930636431253603e+00
7.617944252951182049e-01 8.159188039485654826e+02 6.284930636431253603e+00
7.863915818814057879e-01 8.170204046502537949e+02 6.284930636431253603e+00
2.171019915151331414e+00 8.182688495653318341e+02 6.284930636431253603e+00
1.206509268824043524e+00 8.187033783044354323e+02 6.284930636431253603e+00
1.001655525405995339e+00 8.200512589731200706e+02 6.284930636431253603e+00
2.215125582768338042e+00 8.214521409985643459e+02 6.284930636431253603e+00
1.022594570838216255e+00 8.219148509562287472e+02 6.284930636431253603e+00
7.691719333883020315e-01 8.231751838957476366e+02 6.284930636431253603e+00
1.558244123451696383e+00 8.244684500527959017e+02 6.284930636431253603e+00
1.595161149145762014e+00 8.248513127299230518e+02 6.284930636431253603e+00
1.040976043603271561e+00 8.262539230081604273e+02 6.284930636431253603e+00
1.766692611909381982e+00 8.276654276206852501e+02 6.284930636431253603e+00
1.363398912790894313e+00 8.280552571798702957e+02 6.284930636431253603e+00
7.605607593137535538e-01 8.293523732088625593e+02 6.284930636431253603e+00
1.168573236316583941e+00 8.306394652313294955e+02 6.284930636431253603e+00
1.981055285955306777e+00 8.310570542032136245e+02 6.284930636431253603e+00
1.020978306336231212e+00 8.324668072719590555e+02 6.284930636431253603e+00
1.372466911291410963e+00 8.338448600437200184e+02 6.284930636431253603e+00
1.852073221773268275e+00 8.342434916447735986e+02 6.284930636431253603e+00
7.714774184639960897e-01 8.355188691488785935e+02 6.284930636431253603e+00
8.626969668527609825e-01 8.367192509193534988e+02 6.284930636431253603e+00
2.494849716849528498e+00 8.372752850366571238e+02 6.284930636431253603e+00
9.172202035549638088e-01 8.386244243608060742e+02 6.284930636431253603e+00
9.491016749563002675e-01 8.398916866712714864e+02 6.284930636431253603e+00
2.697698554402711668e+00 8.404491617846912277e+02 6.284930636431253603e+00
7.696305833584398126e-01 8.416190313027854017e+02 6.284930636431253603e+00
7.119776604006256004e-01 8.425623868882364604e+02 6.284930636431253603e+00
3.075272074005547918e+00 8.434922951941921383e+02 6.284930636431253603e+00
7.306939424230466384e-01 8.444316567720659350e+02 6.284930636431253603e+00
7.487369210302553535e-01 8.455515663153787500e+02 6.284930636431253603e+00
2.946518076676016396e+00 8.466667540914392021e+02 6.284930636431253603e+00
7.168821349657550357e-01 8.474722126039388286e+02 6.284930636431253603e+00
7.746023315199030979e-01 8.484980852042484685e+02 6.284930636431253603e+00
2.437928180698291314e+00 8.497097739197566852e+02 6.284930636431253603e+00
1.051291170275566067e+00 8.502030867993507854e+02 6.284930636431253603e+00
9.507799892190146318e-01 8.515092092821969345e+02 6.284930636431253603e+00
2.326588296954495316e+00 8.528849559688619593e+02 6.284930636431253603e+00
9.294924207130245142e-01 8.533910774826166517e+02 6.284930636431253603e+00
7.591098339116643112e-01 8.546298631412479381e+02 6.284930636431253603e+00
1.708254786459233232e+00 8.559148230447494825e+02 6.284930636431253603e+00
1.439093943555070698e+00 8.563063876645767323e+02 6.284930636431253603e+00
1.010371703007831634e+00 8.576909923334225141e+02 6.284930636431253603e+00
1.821269766375767318e+00 8.590964279609574987e+02 6.284930636431253603e+00
1.261464385256789944e+00 8.594978315434213982e+02 6.284930636431253603e+00
7.430498930032100047e-01 8.607960414090501899e+02 6.284930636431253603e+00
1.256169218212215943e+00 8.620939221052962012e+02 6.284930636431253603e+00
1.819354931792777519e+00 8.624961296779994200e+02 6.284930636431253603e+00
1.003931795383982362e+00 8.638996146306155879e+02 6.284930636431253603e+00
1.417926653685648519e+00 8.652812519215649445e+02 6.284930636431253603e+00
1.720650822051876139e+00 8.656750081977062337e+02 6.284930636431253603e+00
7.526640641567454715e-01 8.669585428192618792e+02 6.284930636431253603e+00
9.202262785350725505e-01 8.681977912984126533e+02 6.284930636431253603e+00
2.315742326076354995e+00 8.687074379970970313e+02 6.284930636431253603e+00
9.373225691680858729e-01 8.700767723879315554e+02 6.284930636431253603e+00
1.025845379950050651e+00 8.713750602165403052e+02 6.284930636431253603e+00
2.462385495079838726e+00 8.718800639505648178e+02 6.284930636431253603e+00
7.673050804705039418e-01 8.730839633727654245e+02 6.284930636431253603e+00
7.124540396195656600e-01 8.741067425380697387e+02 6.284930636431253603e+00
2.951226087486461314e+00 8.749244864458455595e+02 6.284930636431253603e+00
7.432658523199026090e-01 8.760222777759761357e+02 6.284930636431253603e+00
7.289009749913543112e-01 8.771394012279065464e+02 6.284930636431253603e+00
3.069058328573885497e+00 8.780989386916731974e+02 6.284930636431253603e+00
7.123643282388530951e-01 8.790160241899471885e+02 6.284930636431253603e+00
7.753289786201296163e-01 8.799630348003923928e+02 6.284930636431253603e+00
2.675240166248128659e+00 8.811413509064219625e+02 6.284930636431253603e+00
9.688114786531715206e-01 8.816862663081927849e+02 6.284930636431253603e+00
9.290172525156589201e-01 8.829610489127597930e+02 6.284930636431253603e+00
2.502727378074210307e+00 8.843169639550905003e+02 6.284930636431253603e+00
8.708143521031160850e-01 8.848688030405230620e+02 6.284930636431253603e+00
7.778082446406607842e-01 8.860691550456532468e+02 6.284930636431253603e+00
1.837732067366240507e+00 8.873464848067056892e+02 6.284930636431253603e+00
1.393525934562363622e+00 8.877422289195353642e+02 6.284930636431253603e+00
1.027875834303836777e+00 8.891236321051754885e+02 6.284930636431253603e+00
1.984098780275893814e+00 8.905356574779614220e+02 6.284930636431253603e+00
1.172872962392771168e+00 8.909524047871647099e+02 6.284930636431253603e+00
7.608093225776428881e-01 8.922399634051934072e+02 6.284930636431253603e+00
1.358665826644083641e+00 8.935368677878249173e+02 6.284930636431253603e+00
1.764096966229434127e+00 8.939273054854998009e+02 6.284930636431253603e+00
1.034577235802556228e+00 8.953370947851896062e+02 6.284930636431253603e+00
1.571898784780980662e+00 8.967370984466430173e+02 6.284930636431253603e+00
1.569051923403808502e+00 8.971210121139019975e+02 6.284930636431253603e+00
7.618754868222550325e-01 8.984141540328686233e+02 6.284930636431253603e+00
1.013231553349041025e+00 8.996757265793646638e+02 6.284930636431253603e+00
2.198219901078047656e+00 9.001408113776983555e+02 6.284930636431253603e+00
9.857629995057650696e-01 9.015356878531678149e+02 6.284930636431253603e+00
1.171624657608089315e+00 9.028754604230498444e+02 6.284930636431253603e+00
2.199965789665015325e+00 9.033197569951586274e+02 6.284930636431253603e+00
7.770664463480203565e-01 9.045618612668984042e+02 6.284930636431253603e+00
7.526283685498679210e-01 9.056611461107055447e+02 6.284930636431253603e+00
2.802505530896572061e+00 9.063593292276724469e+02 6.284930636431253603e+00
8.092423788485230141e-01 9.075939070707631799e+02 6.284930636431253603e+00
7.751873518686354103e-01 9.087581623954989709e+02 6.284930636431253603e+00
3.096229620231951252e+00 9.095322119579535638e+02 6.284930636431253603e+00
7.353161344721473869e-01 9.105647262033595553e+02 6.284930636431253603e+00
7.673752110830207585e-01 9.114437528137860909e+02 6.284930636431253603e+00
2.926401700053088195e+00 9.125728308161217228e+02 6.284930636431253603e+00
8.843743244453942109e-01 9.131926856995611388e+02 6.284930636431253603e+00
8.938317411077885133e-01 9.144257664125789233e+02 6.284930636431253603e+00
2.685229121534566499e+00 9.157478456271960567e+02 6.284930636431253603e+00
8.202216727957065689e-01 9.163555823614422025e+02 6.284930636431253603e+00
7.972073642893252599e-01 9.175069743066524097e+02 6.284930636431253603e+00
1.974291746919036195e+00 9.187762886109381952e+02 6.284930636431253603e+00
1.352083534632725348e+00 9.191782555371040644e+02 6.284930636431253603e+00
1.044920317644338681e+00 9.205552802848870897e+02 6.284930636431253603e+00
2.162106063174660697e+00 9.219720368461921680e+02 6.284930636431253603e+00
1.098139766913385440e+00 9.224099705696609135e+02 6.284930636431253603e+00
7.851504777462308127e-01 9.236784955309245788e+02 6.284930636431253603e+00
1.456144263373548853e+00 9.249723659305439014e+02 6.284930636431253603e+00
1.739267010632279842e+00 9.253544196415419947e+02 6.284930636431253603e+00
1.072793011589177503e+00 9.267713185156312647e+02 6.284930636431253603e+00
1.755844610485920221e+00 9.281891565970570355e+02 6.284930636431253603e+00
1.433724608579815429e+00 9.285724824311371322e+02 6.284930636431253603e+00
7.803689262576580798e-01 9.298670657011780349e+02 6.284930636431253603e+00
1.114844390964313314e+00 9.311401830630732093e+02 6.284930636431253603e+00
2.116537530876478446e+00 9.315724992236770277e+02 6.284930636431253603e+00
1.037565759873536830e+00 9.329870165440099754e+02 6.284930636431253603e+00
1.351442655363349399e+00 9.343634968050140515e+02 6.284930636431253603e+00
1.946819543181651513e+00 9.347654221829291146e+02 6.284930636431253603e+00
7.877708489962642613e-01 9.360354625491690967e+02 6.284930636431253603e+00
8.282729466285175812e-01 9.372008769852957357e+02 6.284930636431253603e+00
2.632443108111612862e+00 9.377954318096279849e+02 6.284930636431253603e+00
8.974289322306233663e-01 9.391232037875678316e+02 6.284930636431253603e+00
8.957526792584418196e-01 9.403634399347781709e+02 6.284930636431253603e+00
2.875942110955735487e+00 9.409697060839486085e+02 6.284930636431253603e+00
7.676242129300171468e-01 9.421072995427495016e+02 6.284930636431253603e+00
7.293555249037966259e-01 9.429976801975702756e+02 6.284930636431253603e+00
3.109319322614967351e+00 9.440109164531563692e+02 6.284930636431253603e+00
7.628003548610861051e-01 9.448166498428729483e+02 6.284930636431253603e+00
7.966534896111369113e-01 9.459697126778041820e+02 6.284930636431253603e+00
2.846197432224769841e+00 9.471843960742714899e+02 6.284930636431253603e+00
7.446250238494661611e-01 9.479045077827049681e+02 6.284930636431253603e+00
7.821598529765385610e-01 9.489852824611688220e+02 6.284930636431253603e+00
2.248533941492356192e+00 9.502238064332237855e+02 6.284930636431253603e+00
1.155479515645659205e+00 9.506741744523894795e+02 6.284930636431253603e+00
9.850395255297712538e-01 9.520098501225342034e+02 6.284930636431253603e+00
2.239989599962695976e+00 9.534036209669210393e+02 6.284930636431253603e+00
9.940342517068169181e-01 9.538776305138594580e+02 6.284930636431253603e+00
7.639747049736621554e-01 9.551335000515829279e+02 6.284930636431253603e+00
1.600286218900988100e+00 9.564250895214823913e+02 6.284930636431253603e+00
1.542700262035416214e+00 9.568098956764695231e+02 6.284930636431253603e+00
1.028943147114064427e+00 9.582066211768366202e+02 6.284930636431253603e+00
1.773385496932334604e+00 9.596155628925042720e+02 6.284930636431253603e+00
1.335180027750382692e+00 9.600083267533937033e+02 6.284930636431253603e+00
7.532392461409881390e-01 9.613063315489085880e+02 6.284930636431253603e+00
1.190912878762703686e+00 9.625977186829255743e+02 6.284930636431253603e+00
1.929302142277684817e+00 9.630104966901881198e+02 6.284930636431253603e+00
1.013490168985547335e+00 9.644178464502101633e+02 6.284930636431253603e+00
1.378843660852419273e+00 9.657959817911779510e+02 6.284930636431253603e+00
1.817293843971170109e+00 9.661938295386945583e+02 6.284930636431253603e+00
7.647284976949515478e-01 9.674711154064297034e+02 6.284930636431253603e+00
8.763759719901514922e-01 9.686835878078478572e+02 6.284930636431253603e+00
2.441902805222206485e+00 9.692264682448509348e+02 6.284930636431253603e+00
9.220492983270441867e-01 9.705814017501004400e+02 6.284930636431253603e+00
9.677876320681479960e-01 9.718571429105396646e+02 6.284930636431253603e+00
2.632166288717349367e+00 9.723998735846935233e+02 6.284930636431253603e+00
7.687746463569655742e-01 9.735794495593769398e+02 6.284930636431253603e+00
7.090800539595918384e-01 9.745449330318913326e+02 6.284930636431253603e+00
3.045982125721633516e+00 9.754436577094985523e+02 6.284930636431253603e+00
7.285836191704490039e-01 9.764300885498760181e+02 6.284930636431253603e+00
7.378364515768386367e-01 9.775443463574003999e+02 6.284930636431253603e+00
2.984583043649240430e+00 9.786183618895920517e+02 6.284930636431253603e+00
7.123406201579634001e-01 9.794555851333909686e+02 6.284930636431253603e+00
7.741963860279360565e-01 9.804594183938703509e+02 6.284930636431253603e+00
2.505812126830525344e+00 9.816616162018154910e+02 6.284930636431253603e+00
1.023821782850344864e+00 9.821698430240579683e+02 6.284930636431253603e+00
9.430657023331071587e-01 9.834665939170400861e+02 6.284930636431253603e+00
2.372000859597603650e+00 9.848365939609180941e+02 6.284930636431253603e+00
9.100845830140616988e-01 9.853554712068284971e+02 6.284930636431253603e+00
7.623138851632063062e-01 9.865848551180722552e+02 6.284930636431253603e+00
1.747073712771497034e+00 9.878672989789292842e+02 6.284930636431253603e+00
1.417904316758779926e+00 9.882607212041793900e+02 6.284930636431253603e+00
1.011649430682734829e+00 9.896432129601206498e+02 6.284930636431253603e+00
1.858721186401978809e+00 9.910495841616128700e+02 6.284930636431253603e+00
1.234371268649316900e+00 9.914548052543661925e+02 6.284930636431253603e+00
7.450684464165080456e-01 9.927513772818746247e+02 6.284930636431253603e+00
1.284754569886047859e+00 9.940497567691046470e+02 6.284930636431253603e+00
1.793888896231639496e+00 9.944483371510333427e+02 6.284930636431253603e+00
1.008350457893476104e+00 9.958525196337054695e+02 6.284930636431253603e+00
1.451232886932672272e+00 9.972381944327454448e+02 6.284930636431253603e+00
1.678587363719620473e+00 9.976290010911862964e+02 6.284930636431253603e+00
7.525650857710104447e-01 9.989156212065610134e+02 6.284930636431253603e+00
9.432570363200633023e-01 1.000162845966740974e+03 6.284930636431253603e+00
2.275986460357024566e+00 1.000659285449809659e+03 6.284930636431253603e+00
9.481726641837343594e-01 1.002035523697918393e+03 6.284930636431253603e+00
1.059188026194382459e+00 1.003344676562662585e+03 6.284930636431253603e+00
2.391578864493149492e+00 1.003832622872035017e+03 6.284930636431253603e+00
7.689103594862158886e-01 1.005047256730686854e+03 6.284930636431253603e+00
7.192774061716620260e-01 1.006091880844156435e+03 6.284930636431253603e+00
2.911817221582602144e+00 1.006876385545936273e+03 6.284930636431253603e+00
7.568699333767512361e-01 1.008015357480310627e+03 6.284930636431253603e+00
7.340960278481725165e-01 1.009140611497754321e+03 6.284930636431253603e+00
3.094855534803604424e+00 1.010050422901998331e+03 6.284930636431253603e+00
7.166467268776846034e-01 1.010999360859083595e+03 6.284930636431253603e+00
7.760102065473231114e-01 1.011923742743056323e+03 6.284930636431253603e+00
2.743369794337620071e+00 1.013092075436453797e+03 6.284930636431253603e+00
9.503236903431655502e-01 1.013651888919011640e+03 6.284930636431253603e+00
9.243695607721635898e-01 1.014918061268830115e+03 6.284930636431253603e+00
