1.128379570192657777e+00 1.190031215357829214e-01 2.356194490192261792e+00
1.142422279550713959e+00 1.704261116979046475e+00 2.356194490192261792e+00
1.827677388855042162e+00 2.135173710042451045e+00 2.356194490192261792e+00
1.156285506105816374e+00 3.644190618222080680e+00 2.356194490192261792e+00
9.997775000444175664e-01 4.453188047789541137e+00 2.356194490192261792e+00
1.041142123569236189e+00 5.680908380181409534e+00 2.356194490192261792e+00
1.337231887118663032e+00 6.317071227007825307e+00 2.356194490192261792e+00
7.937418945027903128e-01 7.803085814416785837e+00 2.356194490192261792e+00
2.201469305432362411e+00 8.348750182137559150e+00 2.356194490192261792e+00
9.735878829053711270e-01 9.794365077776680195e+00 2.356194490192261792e+00
1.158922936167920748e+00 1.056584635108399972e+01 2.356194490192261792e+00
9.969298986785819494e-01 1.178958839162193151e+01 2.356194490192261792e+00
1.627240713816971329e+00 1.251306050454714125e+01 2.356194490192261792e+00
5.571524382580240742e-01 1.362614927312161761e+01 2.356194490192261792e+00
2.629789298809466214e+00 1.454598626767348080e+01 2.356194490192261792e+00
7.012161297403848303e-01 1.564399873801001561e+01 2.356194490192261792e+00
1.331304786632089732e+00 1.661039647550111198e+01 2.356194490192261792e+00
9.080384244200452315e-01 1.775596340212646496e+01 2.356194490192261792e+00
1.660664058059691861e+00 1.868505333981384453e+01 2.356194490192261792e+00
7.545197188599650495e-01 1.929924813778387716e+01 2.356194490192261792e+00
2.406827398191088818e+00 2.074289085025063883e+01 2.356194490192261792e+00
1.024603049393465248e+00 2.127653567455438122e+01 2.356194490192261792e+00
1.388681606028262294e+00 2.268128010308225839e+01 2.356194490192261792e+00
8.634499526653528489e-01 2.370393720004687310e+01 2.356194490192261792e+00
1.350820690454979767e+00 2.482023903090899353e+01 2.356194490192261792e+00
9.685149060126438947e-01 2.537098596427857444e+01 2.356194490192261792e+00
1.695466298749227274e+00 2.695240253387334661e+01 2.356194490192261792e+00
1.467883432610100902e+00 2.736499192799636759e+01 2.356194490192261792e+00
1.333176474412227419e+00 2.887671341731417129e+01 2.356194490192261792e+00
9.009066779646289769e-01 2.979502347023252184e+01 2.356194490192261792e+00
1.179952409036506333e+00 3.098317200885267653e+01 2.356194490192261792e+00
1.115657852332366362e+00 3.155493025713358790e+01 2.356194490192261792e+00
1.250848651950629886e+00 3.314766634508827536e+01 2.356194490192261792e+00
1.790864713064800773e+00 3.356554030453856541e+01 2.356194490192261792e+00
1.230711467355098732e+00 3.509122802691604903e+01 2.356194490192261792e+00
9.719511387668307023e-01 3.592869556090492011e+01 2.356194490192261792e+00
1.082811335611296499e+00 3.714995142048328347e+01 2.356194490192261792e+00
1.287817403024960061e+00 3.775949468530145481e+01 2.356194490192261792e+00
9.059777859795840049e-01 3.929175562406482669e+01 2.356194490192261792e+00
2.115173459610615314e+00 3.978529212738039433e+01 2.356194490192261792e+00
1.071719673349620150e+00 4.127470842219260305e+01 2.356194490192261792e+00
1.099446670155747707e+00 4.205236344882965227e+01 2.356194490192261792e+00
1.024573177012946701e+00 4.328374827993390994e+01 2.356194490192261792e+00
1.544436263923124386e+00 4.396091152258895818e+01 2.356194490192261792e+00
6.106692019746083888e-01 4.524714251686270927e+01 2.356194490192261792e+00
2.522889090693922753e+00 4.599309733733568351e+01 2.356194490192261792e+00
7.864760987934826808e-01 4.727693673655868878e+01 2.356194490192261792e+00
1.300124676703281246e+00 4.811789607785161138e+01 2.356194490192261792e+00
9.554537661766335788e-01 4.929268932423763516e+01 2.356194490192261792e+00
1.750981878652588808e+00 5.014127776189119601e+01 2.356194490192261792e+00
6.813627706629240555e-01 5.082578502352483696e+01 2.356194490192261792e+00
2.619931558127807758e+00 5.217622483445790493e+01 2.356194490192261792e+00
8.995336299070522124e-01 5.279443777237634805e+01 2.356194490192261792e+00
1.397908032086674357e+00 5.413299464362415137e+01 2.356194490192261792e+00
8.673782789797976900e-01 5.518892910532439089e+01 2.356194490192261792e+00
1.428973395475445551e+00 5.627231958696313541e+01 2.356194490192261792e+00
9.439107410497591388e-01 5.681573500008613564e+01 2.356194490192261792e+00
1.842318917337653517e+00 5.838507048106377084e+01 2.356194490192261792e+00
1.401079973273758217e+00 5.880598055103072852e+01 2.356194490192261792e+00
1.375934968402362957e+00 6.031233302432615062e+01 2.356194490192261792e+00
8.954585061286505221e-01 6.126088840444059969e+01 2.356194490192261792e+00
1.235517595244233879e+00 6.243390082472880920e+01 2.356194490192261792e+00
1.102659841233895488e+00 6.298918792394477606e+01 2.356194490192261792e+00
1.354025726293061505e+00 6.458565003499040813e+01 2.356194490192261792e+00
1.752513403317362828e+00 6.499517578170463139e+01 2.356194490192261792e+00
1.294407959916972217e+00 6.653179781339035515e+01 2.356194490192261792e+00
9.519213915414744820e-01 6.739917899530885848e+01 2.356194490192261792e+00
1.127622751381854416e+00 6.861140994518436287e+01 2.356194490192261792e+00
1.251109438012885100e+00 6.919854157996837785e+01 2.356194490192261792e+00
1.014280897367868750e+00 7.075874159719936074e+01 2.356194490192261792e+00
2.045655268472358124e+00 7.121874411577563535e+01 2.356194490192261792e+00
1.158272011186398220e+00 7.273684474591604499e+01 2.356194490192261792e+00
1.049940109328415971e+00 7.353431538835097570e+01 2.356194490192261792e+00
1.054468747916090132e+00 7.476573366401834164e+01 2.356194490192261792e+00
1.461614661170852036e+00 7.540687488851521891e+01 2.356194490192261792e+00
7.032468135073279836e-01 7.681382520537522396e+01 2.356194490192261792e+00
2.399951431566352156e+00 7.743696258389752529e+01 2.356194490192261792e+00
9.073782948465429765e-01 7.883781028790725998e+01 2.356194490192261792e+00
1.235866237402287515e+00 7.962066953712306372e+01 2.356194490192261792e+00
9.922326295821327635e-01 8.082744847618799611e+01 2.356194490192261792e+00
1.740378784856361438e+00 8.159646533457666351e+01 2.356194490192261792e+00
5.818155470320247602e-01 8.247297979480856611e+01 2.356194490192261792e+00
2.730735257894929546e+00 8.362319428563138501e+01 2.356194490192261792e+00
7.320322509477675821e-01 8.445301195257624727e+01 2.356194490192261792e+00
1.361901791405797146e+00 8.562359221904729623e+01 2.356194490192261792e+00
8.688620300718523648e-01 8.672673829150872393e+01 2.356194490192261792e+00
1.524747439627340162e+00 8.774408873636851069e+01 2.356194490192261792e+00
8.336177107409860065e-01 8.831823222707122056e+01 2.356194490192261792e+00
2.118931805477859864e+00 8.983475874162461139e+01 2.356194490192261792e+00
1.178660667131496087e+00 9.030236166777480378e+01 2.356194490192261792e+00
1.360251893443813032e+00 9.175886440736934446e+01 2.356194490192261792e+00
8.654694389981768543e-01 9.273717023252275737e+01 2.356194490192261792e+00
1.261032162700756576e+00 9.388752911358092490e+01 2.356194490192261792e+00
1.000135723655567688e+00 9.445100433194561163e+01 2.356194490192261792e+00
1.517348697759530518e+00 9.604223699767449318e+01 2.356194490192261792e+00
1.553125062710551951e+00 9.645068199110080798e+01 2.356194490192261792e+00
1.273187439331485260e+00 9.796412235921249589e+01 2.356194490192261792e+00
9.171284350361005311e-01 9.884319747364666853e+01 2.356194490192261792e+00
1.117567715986695021e+00 1.000480888765943490e+02 2.356194490192261792e+00
1.153063255349372263e+00 1.006406238760392995e+02 2.356194490192261792e+00
1.106864044552193560e+00 1.022213515059982853e+02 2.356194490192261792e+00
1.873257364435876982e+00 1.026583511532268886e+02 2.356194490192261792e+00
1.151172971185357552e+00 1.041680290360081500e+02 2.356194490192261792e+00
1.012160685815598260e+00 1.049726994419501693e+02 2.356194490192261792e+00
1.040967949018431815e+00 1.062016212214532942e+02 2.356194490192261792e+00
1.365987372687824886e+00 1.068407510803961316e+02 2.356194490192261792e+00
7.669333560293506435e-01 1.083086214841529227e+02 2.356194490192261792e+00
2.248472413688267668e+00 1.088727646607763262e+02 2.356194490192261792e+00
9.554457023346842881e-01 1.103078756562361633e+02 2.356194490192261792e+00
1.178120228982203255e+00 1.110806937261770031e+02 2.356194490192261792e+00
9.950339409025904525e-01 1.123011415766740697e+02 2.356194490192261792e+00
1.656982023413524407e+00 1.130357662418434188e+02 2.356194490192261792e+00
5.543567518695935448e-01 1.140910945550121625e+02 2.356194490192261792e+00
2.663661278085724060e+00 1.150674050483514463e+02 2.356194490192261792e+00
6.935853306498284132e-01 1.161013996711702418e+02 2.356194490192261792e+00
1.338130810173275842e+00 1.171151305331309800e+02 2.356194490192261792e+00
8.954326494918404267e-01 1.182517077161146517e+02 2.356194490192261792e+00
1.626644566690082394e+00 1.192032848261955706e+02 2.356194490192261792e+00
7.710931237722621345e-01 1.198067453173628820e+02 2.356194490192261792e+00
2.339553707938112126e+00 1.212692258532683240e+02 2.356194490192261792e+00
1.055531023917718692e+00 1.217860723615176255e+02 2.356194490192261792e+00
1.379531234800259298e+00 1.232033323120119093e+02 2.356194490192261792e+00
8.611800750626582568e-01 1.242154387116685967e+02 2.356194490192261792e+00
1.325243202418152189e+00 1.253402665982908957e+02 2.356194490192261792e+00
9.687052182200167616e-01 1.258961050813082778e+02 2.356194490192261792e+00
1.656060638962358222e+00 1.274792788410539686e+02 2.356194490192261792e+00
1.475448078898123461e+00 1.278911795697946729e+02 2.356194490192261792e+00
1.312151189836185949e+00 1.294010364767686667e+02 2.356194490192261792e+00
9.016038803922117317e-01 1.303081749191188408e+02 2.356194490192261792e+00
1.158259748429034452e+00 1.315010272516799716e+02 2.356194490192261792e+00
1.115395424426143034e+00 1.320802268445265213e+02 2.356194490192261792e+00
1.216070883956151816e+00 1.336710921513211758e+02 2.356194490192261792e+00
1.795696479829323566e+00 1.340925995004889444e+02 2.356194490192261792e+00
1.202639313697851042e+00 1.356118924927923217e+02 2.356194490192261792e+00
9.798259276888617864e-01 1.364385183058257667e+02 2.356194490192261792e+00
1.065662341054002482e+00 1.376624014551564699e+02 2.356194490192261792e+00
1.300504632551096718e+00 1.382816815404412409e+02 2.356194490192261792e+00
8.666693735705111035e-01 1.398007478490249866e+02 2.356194490192261792e+00
2.138442733047805522e+00 1.403097186320378853e+02 2.356194490192261792e+00
1.036401987460356500e+00 1.417849758225042933e+02 2.356194490192261792e+00
1.118931559110303064e+00 1.425583503344228404e+02 2.356194490192261792e+00
1.013574531321868699e+00 1.437880258083414162e+02 2.356194490192261792e+00
1.572465795557003831e+00 1.444807894820348508e+02 2.356194490192261792e+00
5.858767208527017045e-01 1.457126273449681833e+02 2.356194490192261792e+00
2.561345863419147495e+00 1.465135710815494292e+02 2.356194490192261792e+00
7.493016197952399038e-01 1.477406027315443282e+02 2.356194490192261792e+00
1.314653869801501340e+00 1.486172900442514901e+02 2.356194490192261792e+00
9.399796068080846778e-01 1.497813318242122307e+02 2.356194490192261792e+00
1.729722880265466500e+00 1.506584657929069522e+02 2.356194490192261792e+00
7.147381380828001785e-01 1.513062647669843273e+02 2.356194490192261792e+00
2.549774160247253452e+00 1.526996976292245165e+02 2.356194490192261792e+00
9.552391350390508906e-01 1.532776660981957662e+02 2.356194490192261792e+00
1.403960631436656392e+00 1.546487603292015081e+02 2.356194490192261792e+00
8.696068904304143921e-01 1.556928717958018638e+02 2.356194490192261792e+00
1.406977692629437282e+00 1.567896844513722385e+02 2.356194490192261792e+00
9.691504037980092079e-01 1.573295790901243834e+02 2.356194490192261792e+00
1.778244431193069186e+00 1.589070324281254898e+02 2.356194490192261792e+00
1.453989145406350048e+00 1.593214975169151444e+02 2.356194490192261792e+00
1.377929567658938703e+00 1.608368852028139884e+02 2.356194490192261792e+00
9.025132909405317871e-01 1.617788611493088240e+02 2.356194490192261792e+00
1.229843242123098923e+00 1.629563450575902834e+02 2.356194490192261792e+00
1.125390037266710275e+00 1.635109364300479911e+02 2.356194490192261792e+00
1.317884765999966401e+00 1.651064744207816943e+02 2.356194490192261792e+00
1.796349507357767328e+00 1.655182606282418760e+02 2.356194490192261792e+00
1.295659099304570239e+00 1.670586302939624375e+02 2.356194490192261792e+00
9.596606223355105270e-01 1.679224516705785959e+02 2.356194490192261792e+00
1.127639789362990586e+00 1.691364330988974416e+02 2.356194490192261792e+00
1.272427427524422505e+00 1.697236787849091684e+02 2.356194490192261792e+00
9.910231236958173540e-01 1.712772983507929325e+02 2.356194490192261792e+00
2.082869792488815097e+00 1.717444279606078794e+02 2.356194490192261792e+00
1.152939276722639628e+00 1.732619068043727850e+02 2.356194490192261792e+00
1.060400317866517561e+00 1.740563196804909012e+02 2.356194490192261792e+00
1.054471978947096433e+00 1.752882532565029692e+02 2.356194490192261792e+00
1.485470315807770225e+00 1.759324580152004387e+02 2.356194490192261792e+00
6.844850930156568536e-01 1.773183466071054113e+02 2.356194490192261792e+00
2.436620717439629491e+00 1.779621767019976346e+02 2.356194490192261792e+00
8.867433548036726121e-01 1.793466582025222067e+02 2.356194490192261792e+00
1.252508640319695443e+00 1.801359159963887180e+02 2.356194490192261792e+00
9.880909311468961675e-01 1.813367723533882838e+02 2.356194490192261792e+00
1.756377745750174801e+00 1.821197309087552583e+02 2.356194490192261792e+00
6.000686412240813228e-01 1.829443673177817118e+02 2.356194490192261792e+00
2.728796299483456256e+00 1.841461424547463253e+02 2.356194490192261792e+00
7.625364868158049925e-01 1.849172740295883273e+02 2.356194490192261792e+00
1.371020257571945011e+00 1.861339838696618187e+02 2.356194490192261792e+00
8.658529358340403270e-01 1.872256185400630102e+02 2.356194490192261792e+00
1.498466936297000895e+00 1.882611526562465087e+02 2.356194490192261792e+00
8.593126257719202465e-01 1.888260927138940133e+02 2.356194490192261792e+00
2.049305029227832087e+00 1.903582084077285401e+02 2.356194490192261792e+00
1.229739998551302671e+00 1.908116062413880343e+02 2.356194490192261792e+00
1.361651214392991749e+00 1.922813506652670696e+02 2.356194490192261792e+00
8.716352153032742578e-01 1.932508507905314730e+02 2.356194490192261792e+00
1.250657487548652247e+00 1.944079094111698396e+02 2.356194490192261792e+00
1.022661146743282679e+00 1.949700441628032763e+02 2.356194490192261792e+00
1.473920304160127648e+00 1.965638286337632223e+02 2.356194490192261792e+00
1.598416908399424186e+00 1.969714120529326351e+02 2.356194490192261792e+00
1.274831850902619745e+00 1.984900303165634341e+02 2.356194490192261792e+00
9.256785660120432357e-01 1.993646420264093706e+02 2.356194490192261792e+00
1.116944466035097561e+00 2.005719226325397244e+02 2.356194490192261792e+00
1.176258771777312750e+00 2.011641950850165301e+02 2.356194490192261792e+00
1.080042080174560271e+00 2.027404643635601929e+02 2.356194490192261792e+00
1.914975254785754810e+00 2.031829356772116455e+02 2.356194490192261792e+00
1.150413483369145728e+00 2.046941134296237692e+02 2.356194490192261792e+00
1.022304071419638305e+00 2.054961765015167998e+02 2.356194490192261792e+00
1.042984784200176041e+00 2.067259038933454747e+02 2.356194490192261792e+00
1.390578699667689877e+00 2.073663980390513473e+02 2.356194490192261792e+00
7.478059880028088413e-01 2.088189403919903100e+02 2.356194490192261792e+00
2.288089796776858087e+00 2.093982849570487303e+02 2.356194490192261792e+00
9.422976677823174940e-01 2.108249814280613066e+02 2.356194490192261792e+00
1.193506841525526552e+00 2.115995669223536026e+02 2.356194490192261792e+00
9.941803507174939991e-01 2.128169859400445603e+02 2.356194490192261792e+00
1.680467021252326276e+00 2.135603927648675722e+02 2.356194490192261792e+00
5.563423347483986703e-01 2.145686119634148099e+02 2.356194490192261792e+00
2.687677056785486407e+00 2.155907800692197611e+02 2.356194490192261792e+00
6.942738162034644001e-01 2.165714877546289756e+02 2.356194490192261792e+00
1.343359100614001100e+00 2.176254288159241526e+02 2.356194490192261792e+00
8.861620777730395693e-01 2.187541732620197195e+02 2.356194490192261792e+00
1.598249640569513907e+00 2.197235267694325387e+02 2.356194490192261792e+00
7.841604755796671711e-01 2.203197795578498415e+02 2.356194490192261792e+00
2.283960548567526505e+00 2.217962575156263085e+02 2.356194490192261792e+00
1.080990899787797499e+00 2.223005264056727697e+02 2.356194490192261792e+00
1.371397190184894477e+00 2.237270920655300586e+02 2.356194490192261792e+00
8.598083888030340072e-01 2.247302183720136384e+02 2.356194490192261792e+00
1.304638130077036884e+00 2.258618994912213225e+02 2.356194490192261792e+00
9.698996186995327839e-01 2.264217402586958769e+02 2.356194490192261792e+00
1.622555851005014649e+00 2.280064293159337296e+02 2.356194490192261792e+00
1.483620725990634437e+00 2.284177801356174768e+02 2.356194490192261792e+00
1.295353979669262134e+00 2.299262834240990401e+02 2.356194490192261792e+00
9.031000824504764601e-01 2.308243268698441284e+02 2.356194490192261792e+00
1.141597218365925981e+00 2.320208863649891953e+02 2.356194490192261792e+00
1.117731333343128464e+00 2.326058303707844175e+02 2.356194490192261792e+00
1.186130079688765493e+00 2.341947566098497475e+02 2.356194490192261792e+00
1.803939353172045346e+00 2.346197522012495256e+02 2.356194490192261792e+00
1.181027793774811485e+00 2.361340982509181856e+02 2.356194490192261792e+00
9.873303434861409045e-01 2.369526149288862769e+02 2.356194490192261792e+00
1.053471237162861618e+00 2.381783109999189492e+02 2.356194490192261792e+00
1.313482696235413139e+00 2.388052448888368247e+02 2.356194490192261792e+00
8.351449622760089841e-01 2.403117157975143527e+02 2.356194490192261792e+00
2.161266762298569954e+00 2.408349984790369263e+02 2.356194490192261792e+00
1.008596489155360487e+00 2.422979651998383588e+02 2.356194490192261792e+00
1.135375214700320878e+00 2.430695106220602213e+02 2.356194490192261792e+00
1.005630974656188226e+00 2.442970937907392681e+02 2.356194490192261792e+00
1.595180005949259350e+00 2.450028494795687095e+02 2.356194490192261792e+00
5.704840219047631056e-01 2.461867461519769336e+02 2.356194490192261792e+00
2.590926956968152783e+00 2.470358995138473972e+02 2.356194490192261792e+00
7.246845824426744187e-01 2.482115680881100559e+02 2.356194490192261792e+00
1.323121801487022298e+00 2.491228606808346342e+02 2.356194490192261792e+00
9.267463052599612672e-01 2.502789872927975807e+02 2.356194490192261792e+00
1.704320724851544622e+00 2.511783974744368493e+02 2.356194490192261792e+00
7.350596163162540497e-01 2.518075315857217049e+02 2.356194490192261792e+00
2.490234640921346720e+00 2.532259594211881222e+02 2.356194490192261792e+00
9.897312324488333202e-01 2.537815278382794588e+02 2.356194490192261792e+00
1.401529584925210514e+00 2.551702238540846395e+02 2.356194490192261792e+00
8.685345075617900701e-01 2.562055455106212207e+02 2.356194490192261792e+00
1.385949884193932391e+00 2.573110689297966474e+02 2.356194490192261792e+00
9.751781581068342808e-01 2.578532803606072434e+02 2.356194490192261792e+00
1.739753063773882502e+00 2.594336075043214009e+02 2.356194490192261792e+00
1.470857440746866862e+00 2.598461967065909448e+02 2.356194490192261792e+00
1.365884555694012015e+00 2.613626863072271931e+02 2.356194490192261792e+00
9.035036796489208655e-01 2.622964935055717888e+02 2.356194490192261792e+00
1.214158251135027067e+00 2.634780755830447561e+02 2.356194490192261792e+00
1.127126471449258371e+00 2.640375331411008233e+02 2.356194490192261792e+00
1.291473819148121871e+00 2.656320303453106817e+02 2.356194490192261792e+00
1.803526951486886354e+00 2.660460410820208494e+02 2.356194490192261792e+00
1.276883050849043411e+00 2.675829615659500291e+02 2.356194490192261792e+00
9.644944638010007898e-01 2.684380506566419058e+02 2.356194490192261792e+00
1.113869388499541424e+00 2.696547296403253426e+02 2.356194490192261792e+00
1.280433824860826908e+00 2.702485903122081936e+02 2.356194490192261792e+00
9.613948956799259760e-01 2.717951639100024295e+02 2.356194490192261792e+00
2.098672787033458054e+00 2.722709032605984589e+02 2.356194490192261792e+00
1.127436377082098762e+00 2.737803065124107889e+02 2.356194490192261792e+00
1.073829954899526040e+00 2.745682034099511952e+02 2.356194490192261792e+00
1.044934897351522007e+00 2.758004757694710634e+02 2.356194490192261792e+00
1.507906199167754480e+00 2.764549391373167850e+02 2.356194490192261792e+00
6.564750589666225045e-01 2.778088329371842633e+02 2.356194490192261792e+00
2.470326037402112540e+00 2.784853999383018959e+02 2.356194490192261792e+00
8.505037674697850658e-01 2.798389063956315113e+02 2.356194490192261792e+00
1.272196341389824958e+00 2.806419459113245694e+02 2.356194490192261792e+00
9.775100662208556779e-01 2.818335736389162207e+02 2.356194490192261792e+00
1.763147938564422867e+00 2.826394282491635863e+02 2.356194490192261792e+00
6.281111870508973016e-01 2.834037981234740187e+02 2.356194490192261792e+00
2.702516927839565319e+00 2.846677050257589485e+02 2.356194490192261792e+00
8.101719888489073984e-01 2.853721421416899489e+02 2.356194490192261792e+00
1.381665817658855433e+00 2.866415949504534524e+02 2.356194490192261792e+00
8.643939989538271806e-01 2.877187715626770341e+02 2.356194490192261792e+00
1.467811113881149820e+00 2.887750186580292393e+02 2.356194490192261792e+00
8.915122212715103078e-01 2.893305768102037518e+02 2.356194490192261792e+00
1.964793334239588019e+00 2.908793305848312230e+02 2.356194490192261792e+00
1.294849045582255664e+00 2.913178837491420836e+02 2.356194490192261792e+00
1.364687210429029296e+00 2.928026648787767954e+02 2.356194490192261792e+00
8.801596981883873516e-01 2.937623776790417196e+02 2.356194490192261792e+00
1.240823665789199115e+00 2.949267319802467000e+02 2.356194490192261792e+00
1.052049979141662428e+00 2.954869729371458789e+02 2.356194490192261792e+00
1.423147775271199178e+00 2.970827529765163035e+02 2.356194490192261792e+00
1.656344679709390810e+00 2.974903422684652128e+02 2.356194490192261792e+00
1.278932713153622114e+00 2.990154500612579795e+02 2.356194490192261792e+00
9.362564104361492667e-01 2.998856167011064144e+02 2.356194490192261792e+00
1.118194422838185043e+00 3.010953992397692787e+02 2.356194490192261792e+00
1.205381585537724787e+00 3.016867853316691139e+02 2.356194490192261792e+00
1.049809895167404195e+00 3.032568579343416673e+02 2.356194490192261792e+00
1.966605222412042941e+00 3.037064855901271017e+02 2.356194490192261792e+00
1.150536915981390962e+00 3.052196173106982542e+02 2.356194490192261792e+00
1.034414146757232977e+00 3.060189514828703068e+02 2.356194490192261792e+00
1.046129714751288020e+00 3.072495113894423753e+02 2.356194490192261792e+00
1.420358654534260801e+00 3.078913496614832752e+02 2.356194490192261792e+00
7.263699631725688555e-01 3.093243695545319270e+02 2.356194490192261792e+00
2.335457633428509538e+00 3.099228235757053653e+02 2.356194490192261792e+00
9.258887018291571680e-01 3.113381878956188302e+02 2.356194490192261792e+00
1.212065670932306549e+00 3.121158948204092667e+02 2.356194490192261792e+00
9.928390840037147891e-01 3.133290055315818563e+02 2.356194490192261792e+00
1.707007117300331389e+00 3.140837207055125759e+02 2.356194490192261792e+00
5.636855241353092572e-01 3.150342589408248273e+02 2.356194490192261792e+00
2.710290105010028316e+00 3.161126417849242785e+02 2.356194490192261792e+00
7.038714598282304058e-01 3.170272054063322003e+02 2.356194490192261792e+00
1.349866566615254504e+00 3.181317848177315568e+02 2.356194490192261792e+00
8.763562805785759524e-01 3.192500108611899918e+02 2.356194490192261792e+00
1.563453310024827569e+00 3.202407180722553903e+02 2.356194490192261792e+00
8.013112350374722581e-01 3.208288229172943602e+02 2.356194490192261792e+00
2.213901231999964025e+00 3.223218571960626377e+02 2.356194490192261792e+00
1.115357918001374182e+00 3.228111009098070667e+02 2.356194490192261792e+00
1.362044591327718823e+00 3.242490074775178073e+02 2.356194490192261792e+00
8.595115332298698396e-01 3.252407368133150953e+02 2.356194490192261792e+00
1.280808113070161847e+00 3.263807984653517451e+02 2.356194490192261792e+00
9.751409116477062211e-01 3.269446377882921411e+02 2.356194490192261792e+00
1.578668704918101184e+00 3.285315613715444556e+02 2.356194490192261792e+00
1.500419313956798062e+00 3.289420588017363798e+02 2.356194490192261792e+00
1.277508791177224712e+00 3.304499714241679840e+02 2.356194490192261792e+00
9.067819365685014787e-01 3.313374793832121554e+02 2.356194490192261792e+00
1.124222499906530448e+00 3.325383018442968819e+02 2.356194490192261792e+00
1.125735775545840367e+00 3.331292193875589760e+02 2.356194490192261792e+00
1.148413232534209349e+00 3.347150782217039477e+02 2.356194490192261792e+00
1.822480945101915717e+00 3.351450963350404777e+02 2.356194490192261792e+00
1.158528320259208266e+00 3.366544703858373850e+02 2.356194490192261792e+00
9.978978970593664899e-01 3.374644895553415722e+02 2.356194490192261792e+00
1.042057855077260564e+00 3.386919767459590389e+02 2.356194490192261792e+00
1.333275120975893291e+00 3.393272203896695487e+02 2.356194490192261792e+00
7.988386982740925957e-01 3.408161481666620602e+02 2.356194490192261792e+00
2.194898712853029732e+00 3.413587262812117160e+02 2.356194490192261792e+00
9.775185479896358887e-01 3.428064339477342628e+02 2.356194490192261792e+00
1.155738462950971934e+00 3.435777786332167238e+02 2.356194490192261792e+00
9.976990219345593935e-01 3.448020624119141644e+02 2.356194490192261792e+00
1.622660844386175860e+00 3.455233831480564390e+02 2.356194490192261792e+00
5.582958380125551123e-01 3.466460649230710942e+02 2.356194490192261792e+00
2.624392788428302481e+00 3.475564121981702783e+02 2.356194490192261792e+00
7.034678805328168361e-01 3.486649938946945895e+02 2.356194490192261792e+00
1.330256133157358800e+00 3.496237249881917251e+02 2.356194490192261792e+00
9.103905049071920885e-01 3.507707270355880951e+02 2.356194490192261792e+00
1.666549679638783532e+00 3.516959628418135821e+02 2.356194490192261792e+00
7.520131554936304585e-01 3.523119169058450666e+02 2.356194490192261792e+00
2.417968711267576953e+00 3.537524139814190107e+02 2.356194490192261792e+00
1.019989034750522494e+00 3.542888142133862743e+02 2.356194490192261792e+00
1.390483173342761170e+00 3.556915576503586749e+02 2.356194490192261792e+00
8.640753083935686085e-01 3.567159509537734152e+02 2.356194490192261792e+00
1.355457260156091692e+00 3.578308313394263678e+02 2.356194490192261792e+00
9.692637895104250223e-01 3.583804768664102767e+02 2.356194490192261792e+00
1.701566364024398093e+00 3.599617234824425509e+02 2.356194490192261792e+00
1.468005779641066599e+00 3.603743293837078454e+02 2.356194490192261792e+00
1.337442020139419485e+00 3.618866469447216332e+02 2.356194490192261792e+00
9.011200955631816223e-01 3.628070101104991636e+02 2.356194490192261792e+00
1.184314123159827314e+00 3.639943062791883790e+02 2.356194490192261792e+00
1.116743851991608860e+00 3.645645137321442917e+02 2.356194490192261792e+00
1.256572539693951551e+00 3.661575177349273531e+02 2.356194490192261792e+00
1.791783274680629479e+00 3.665748281162411786e+02 2.356194490192261792e+00
1.236532655439583905e+00 3.681019231301365835e+02 2.356194490192261792e+00
9.708002672199979033e-01 3.689415769696686311e+02 2.356194490192261792e+00
1.086554726554370909e+00 3.701622934165954462e+02 2.356194490192261792e+00
1.286365682327935245e+00 3.707698559745169860e+02 2.356194490192261792e+00
9.132485301755208784e-01 3.723042258494213570e+02 2.356194490192261792e+00
2.112271682083561419e+00 3.727952047152484738e+02 2.356194490192261792e+00
1.078745523380277849e+00 3.742872846965603912e+02 2.356194490192261792e+00
1.096007059892734947e+00 3.750660017355926925e+02 2.356194490192261792e+00
1.026978683242437240e+00 3.762976096718438157e+02 2.356194490192261792e+00
1.539595170961697068e+00 3.769718129077264166e+02 2.356194490192261792e+00
6.159528432889268545e-01 3.782674378942093085e+02 2.356194490192261792e+00
2.516087401230417520e+00 3.790038151479679982e+02 2.356194490192261792e+00
7.941209852951314208e-01 3.802974143401463039e+02 2.356194490192261792e+00
1.297044033932956753e+00 3.811326051359059761e+02 2.356194490192261792e+00
9.583240154797565413e-01 3.823094837966576733e+02 2.356194490192261792e+00
1.753893213604100998e+00 3.831526689125656731e+02 2.356194490192261792e+00
6.747254557209346748e-01 3.838454936091386571e+02 2.356194490192261792e+00
2.632096579190089436e+00 3.851865876505877395e+02 2.356194490192261792e+00
8.884672002098302768e-01 3.858137629773544290e+02 2.356194490192261792e+00
1.396221108724373661e+00 3.871450853438042827e+02 2.356194490192261792e+00
8.668630164999482357e-01 3.882034149928553006e+02 2.356194490192261792e+00
1.433217453497423799e+00 3.892839275615420433e+02 2.356194490192261792e+00
9.380570478814189705e-01 3.898284680685480907e+02 2.356194490192261792e+00
1.855907807904692008e+00 3.913958030650590558e+02 2.356194490192261792e+00
1.389102371761284704e+00 3.918183687008137781e+02 2.356194490192261792e+00
1.374711238244318734e+00 3.933224739394677840e+02 2.356194490192261792e+00
8.937544115741770101e-01 3.942722075551677676e+02 2.356194490192261792e+00
1.236016430645903386e+00 3.954443246172899080e+02 2.356194490192261792e+00
1.097069755221563803e+00 3.960001095238323501e+02 2.356194490192261792e+00
1.361531438536716987e+00 3.975966517405065019e+02 2.356194490192261792e+00
1.741939230398531713e+00 3.980058236562497314e+02 2.356194490192261792e+00
1.292840255880166822e+00 3.995412519841715380e+02 2.356194490192261792e+00
9.502376564367286393e-01 4.004089588513097056e+02 2.356194490192261792e+00
1.126674319925276224e+00 4.016209253210081442e+02 2.356194490192261792e+00
1.246160667758158924e+00 4.022084738671367745e+02 2.356194490192261792e+00
1.018244181629293532e+00 4.037698587547985767e+02 2.356194490192261792e+00
2.037127082803441347e+00 4.042286309684362209e+02 2.356194490192261792e+00
1.157782963144080579e+00 4.057463166526000578e+02 2.356194490192261792e+00
1.048173472139434681e+00 4.065440661874396824e+02 2.356194490192261792e+00
1.053729905979444492e+00 4.077753919301932797e+02 2.356194490192261792e+00
1.457037724620131813e+00 4.084164797008328378e+02 2.356194490192261792e+00
7.059940673050408844e-01 4.098266190903549955e+02 2.356194490192261792e+00
2.392856727420513252e+00 4.104467153731318945e+02 2.356194490192261792e+00
9.099273444422156798e-01 4.118495838891699350e+02 2.356194490192261792e+00
1.233087499005491638e+00 4.126316875635308747e+02 2.356194490192261792e+00
9.924951189449777722e-01 4.138393035782585230e+02 2.356194490192261792e+00
1.736891885364906685e+00 4.146064367465083365e+02 2.356194490192261792e+00
5.792141267553170270e-01 4.154916184234807019e+02 2.356194490192261792e+00
2.729424842613381141e+00 4.166333634960795393e+02 2.356194490192261792e+00
7.278054982867004918e-01 4.174730660488742728e+02 2.356194490192261792e+00
1.360367824747427790e+00 4.186359014817940647e+02 2.356194490192261792e+00
8.695042474750263040e-01 4.197408934294691676e+02 2.356194490192261792e+00
1.529102218892739673e+00 4.207551692755804424e+02 2.356194490192261792e+00
8.294378847013598177e-01 4.213309808271928887e+02 2.356194490192261792e+00
2.130332582269968800e+00 4.228447700836177319e+02 2.356194490192261792e+00
1.170452166550586481e+00 4.233148885355866469e+02 2.356194490192261792e+00
1.360078435119786766e+00 4.247691222189693008e+02 2.356194490192261792e+00
8.645257930144260028e-01 4.257489255900379703e+02 2.356194490192261792e+00
1.262902203393664546e+00 4.268981261321897023e+02 2.356194490192261792e+00
9.965505967208841964e-01 4.274618180577414250e+02 2.356194490192261792e+00
1.524607974116005460e+00 4.290525540410087046e+02 2.356194490192261792e+00
1.545849446108109149e+00 4.294612171741198381e+02 2.356194490192261792e+00
1.273025113001632347e+00 4.309738074683445461e+02 2.356194490192261792e+00
9.157411480918862257e-01 4.318536716407931522e+02 2.356194490192261792e+00
1.117786700720976745e+00 4.330581446201485392e+02 2.356194490192261792e+00
1.149313970267834772e+00 4.336506971977964326e+02 2.356194490192261792e+00
1.111404273141683774e+00 4.352320959438859518e+02 2.356194490192261792e+00
1.866465958058226571e+00 4.356682420935722462e+02 2.356194490192261792e+00
1.151335567419301764e+00 4.371776705738364512e+02 2.356194490192261792e+00
1.010492090923340358e+00 4.379827920357500943e+02 2.356194490192261792e+00
1.040671124548736115e+00 4.392115716615980432e+02 2.356194490192261792e+00
1.361957902028637202e+00 4.398504688405687943e+02 2.356194490192261792e+00
7.701670781343609162e-01 4.413207673514227167e+02 2.356194490192261792e+00
2.241938606356150387e+00 4.418824869724935525e+02 2.356194490192261792e+00
9.575296849837525714e-01 4.433188809282110583e+02 2.356194490192261792e+00
1.175608753165286346e+00 4.440914776633114229e+02 2.356194490192261792e+00
9.951407368665303732e-01 4.453123738697853469e+02 2.356194490192261792e+00
1.653014244123255150e+00 4.460456223134673905e+02 2.356194490192261792e+00
5.543681680534373601e-01 4.471085465491838136e+02 2.356194490192261792e+00
2.659309853547576541e+00 4.480774680603728370e+02 2.356194490192261792e+00
6.940425878197719056e-01 4.491199531613978024e+02 2.356194490192261792e+00
1.337228541506426005e+00 4.501273337320517953e+02 2.356194490192261792e+00
8.969844175276727727e-01 4.512651277745131893e+02 2.356194490192261792e+00
1.631098207577276415e+00 4.522138016051058003e+02 2.356194490192261792e+00
7.688804566518440131e-01 4.528185999517800155e+02 2.356194490192261792e+00
2.348442110366123714e+00 4.542786778456809884e+02 2.356194490192261792e+00
1.051337038138171032e+00 4.547976813854510283e+02 2.356194490192261792e+00
1.380702242572885652e+00 4.562133252621193833e+02 2.356194490192261792e+00
8.614012344191644965e-01 4.572268371495521819e+02 2.356194490192261792e+00
1.328504820435713496e+00 4.583505523422638817e+02 2.356194490192261792e+00
9.684660608885087285e-01 4.589057827644563190e+02 2.356194490192261792e+00
1.661386321344005657e+00 4.604886975864486658e+02 2.356194490192261792e+00
1.474069637546727263e+00 4.609007073719915866e+02 2.356194490192261792e+00
1.314732258276019250e+00 4.624107414024034597e+02 2.356194490192261792e+00
9.014000983722425531e-01 4.633193045734535644e+02 2.356194490192261792e+00
1.160901774421202681e+00 4.645115598993965591e+02 2.356194490192261792e+00
1.115095807921948401e+00 4.650898625855460864e+02 2.356194490192261792e+00
1.220715386733111973e+00 4.666810020070046789e+02 2.356194490192261792e+00
1.794507221134333808e+00 4.671019994982338517e+02 2.356194490192261792e+00
1.206026666489382171e+00 4.686220479058744672e+02 2.356194490192261792e+00
9.787090807018984373e-01 4.694499860579854840e+02 2.356194490192261792e+00
1.067648209724452180e+00 4.706735595461489652e+02 2.356194490192261792e+00
1.298581130975505982e+00 4.712916492378251405e+02 2.356194490192261792e+00
8.716549743453929633e-01 4.728125490676081881e+02 2.356194490192261792e+00
2.135009361610390233e+00 4.733194134588942461e+02 2.356194490192261792e+00
1.040759704029989186e+00 4.747964985237244946e+02 2.356194490192261792e+00
1.116384636746396541e+00 4.755702917635745166e+02 2.356194490192261792e+00
1.014853582320606185e+00 4.768002349892425400e+02 2.356194490192261792e+00
1.568817476483086226e+00 4.774910127127125747e+02 2.356194490192261792e+00
5.886810421365121782e-01 4.787300966790672874e+02 2.356194490192261792e+00
2.556443552884795967e+00 4.795237446026387715e+02 2.356194490192261792e+00
7.536401470603516506e-01 4.807584139023832108e+02 2.356194490192261792e+00
1.313031903759641850e+00 4.816301172104033412e+02 2.356194490192261792e+00
9.419800198642543920e-01 4.827954702969096843e+02 2.356194490192261792e+00
1.733014223287073330e+00 4.836690310949285276e+02 2.356194490192261792e+00
7.108784149155731313e-01 4.843206819485182564e+02 2.356194490192261792e+00
2.559014808892773551e+00 4.857093797351063245e+02 2.356194490192261792e+00
9.487707141890113771e-01 4.862916898372516243e+02 2.356194490192261792e+00
1.403629462486683632e+00 4.876592913517117722e+02 2.356194490192261792e+00
8.694722380861138467e-01 4.887048221617512240e+02 2.356194490192261792e+00
1.409875008868702650e+00 4.898001100861370105e+02 2.356194490192261792e+00
9.668347787385467296e-01 4.903401197069758837e+02 2.356194490192261792e+00
1.785411937965682982e+00 4.919168169137282121e+02 2.356194490192261792e+00
1.448886583032061637e+00 4.923318490846594386e+02 2.356194490192261792e+00
1.378464331572778478e+00 4.938464886683736381e+02 2.356194490192261792e+00
9.019191223434986915e-01 4.947894327104312424e+02 2.356194490192261792e+00
1.231181099347002927e+00 4.959663416062712145e+02 2.356194490192261792e+00
1.123563625015649547e+00 4.965206968429384347e+02 2.356194490192261792e+00
1.322146361561678640e+00 4.981163851635958508e+02 2.356194490192261792e+00
1.792611009811447387e+00 4.985278539604946673e+02 2.356194490192261792e+00
1.296684706865065762e+00 5.000681482730455514e+02 2.356194490192261792e+00
9.588073917721933181e-01 5.009327628696588590e+02 2.356194490192261792e+00
1.128480200146449564e+00 5.021464472606145364e+02 2.356194490192261792e+00
1.270383523993699360e+00 5.027332869505578401e+02 2.356194490192261792e+00
9.945278155170723666e-01 5.042878130892793251e+02 2.356194490192261792e+00
2.079190256766656031e+00 5.047539046503814575e+02 2.356194490192261792e+00
1.154905732363982418e+00 5.062719146154497594e+02 2.356194490192261792e+00
1.058819753077537618e+00 5.070669801543332369e+02 2.356194490192261792e+00
1.055082221933095532e+00 5.082988428292223944e+02 2.356194490192261792e+00
1.482343481928809714e+00 5.089421966113149551e+02 2.356194490192261792e+00
6.876496893377831432e-01 5.103315447792285795e+02 2.356194490192261792e+00
2.431851673430973193e+00 5.109718951394857527e+02 2.356194490192261792e+00
8.905625436241888515e-01 5.123594278068526364e+02 2.356194490192261792e+00
1.250009019508898200e+00 5.131474531173294054e+02 2.356194490192261792e+00
9.890561486557389870e-01 5.143493161381434220e+02 2.356194490192261792e+00
1.754632807342988210e+00 5.151298228208443106e+02 2.356194490192261792e+00
5.970316560891067992e-01 5.159622326877434944e+02 2.356194490192261792e+00
2.730333752755736754e+00 5.171561609889549800e+02 2.356194490192261792e+00
7.573934970615615603e-01 5.179360234660102833e+02 2.356194490192261792e+00
1.369701661102558754e+00 5.191458593014417602e+02 2.356194490192261792e+00
8.662371826979968770e-01 5.202392746585235273e+02 2.356194490192261792e+00
1.502491324813863827e+00 5.212721035304908810e+02 2.356194490192261792e+00
8.554652919283336487e-01 5.218382960380924942e+02 2.356194490192261792e+00
2.059884696558057726e+00 5.233681889340613225e+02 2.356194490192261792e+00
1.221998877763613267e+00 5.238235953961323048e+02 2.356194490192261792e+00
1.361499790517417097e+00 5.252914304260912104e+02 2.356194490192261792e+00
8.706950234379490228e-01 5.262622547834342868e+02 2.356194490192261792e+00
1.252217577434670881e+00 5.274183281290163450e+02 2.356194490192261792e+00
1.019292208854974291e+00 5.279806235458163428e+02 2.356194490192261792e+00
1.480429381553798773e+00 5.295740831192133555e+02 2.356194490192261792e+00
1.591643959456023438e+00 5.299817366782365298e+02 2.356194490192261792e+00
1.274672787638325033e+00 5.314996196215233795e+02 2.356194490192261792e+00
9.243955942096576672e-01 5.323749209125951438e+02 2.356194490192261792e+00
1.117087538228219268e+00 5.335818434885451325e+02 2.356194490192261792e+00
1.172793474070151776e+00 5.341741203368680999e+02 2.356194490192261792e+00
1.084122575175020975e+00 5.357511123927981771e+02 2.356194490192261792e+00
1.908749502534679898e+00 5.361927095497477467e+02 2.356194490192261792e+00
1.150691181845320266e+00 5.377037222579097033e+02 2.356194490192261792e+00
1.020741560685486826e+00 5.385062103998502607e+02 2.356194490192261792e+00
1.042755805407478364e+00 5.397358177627512532e+02 2.356194490192261792e+00
1.386840383179383407e+00 5.403760464095333873e+02 2.356194490192261792e+00
7.507886712354234771e-01 5.418310515617123428e+02 2.356194490192261792e+00
2.282092690667362422e+00 5.424079506802485184e+02 2.356194490192261792e+00
9.445238824236141806e-01 5.438360966958365452e+02 2.356194490192261792e+00
1.191098430277464093e+00 5.446103456440946502e+02 2.356194490192261792e+00
9.943974370417950626e-01 5.458282814984116840e+02 2.356194490192261792e+00
1.676964805814306070e+00 5.465702229336368418e+02 2.356194490192261792e+00
5.558076013985474573e-01 5.475858929359845888e+02 2.356194490192261792e+00
2.684342027037835532e+00 5.486007878996132376e+02 2.356194490192261792e+00
6.937655088882488386e-01 5.495899963125950762e+02 2.356194490192261792e+00
1.342597651611595833e+00 5.506374887901381499e+02 2.356194490192261792e+00
8.876058132978276172e-01 5.517675085677783500e+02 2.356194490192261792e+00
1.602874106398584741e+00 5.527340713094708917e+02 2.356194490192261792e+00
7.822162799395439015e-01 5.533313109463969113e+02 2.356194490192261792e+00
2.292812876268748301e+00 5.548056967847493297e+02 2.356194490192261792e+00
1.077103096269264260e+00 5.553118434956742249e+02 2.356194490192261792e+00
1.372842057463884213e+00 5.567370445335966451e+02 2.356194490192261792e+00
8.600515051756530971e-01 5.577416316244800782e+02 2.356194490192261792e+00
1.307997001934961601e+00 5.588722320564670554e+02 2.356194490192261792e+00
9.698254566832639201e-01 5.594313826945958681e+02 2.356194490192261792e+00
1.627900975610829581e+00 5.610158536691554900e+02 2.356194490192261792e+00
1.482508260662872779e+00 5.614272668082395512e+02 2.356194490192261792e+00
1.298200718852995150e+00 5.629360469722896596e+02 2.356194490192261792e+00
9.028584900248765033e-01 5.638355865848830035e+02 2.356194490192261792e+00
1.144343872461452083e+00 5.650315522109583526e+02 2.356194490192261792e+00
1.117380127765193354e+00 5.656155330346116443e+02 2.356194490192261792e+00
1.191042976294218958e+00 5.672047966906425245e+02 2.356194490192261792e+00
1.802651740894785970e+00 5.676291959792609987e+02 2.356194490192261792e+00
1.184636475389269084e+00 5.691443936617024519e+02 2.356194490192261792e+00
9.860707104357443464e-01 5.699642194589692963e+02 2.356194490192261792e+00
1.055456336251463512e+00 5.711896371658085627e+02 2.356194490192261792e+00
1.311329636799090093e+00 5.718152887871272014e+02 2.356194490192261792e+00
8.402855330611023188e-01 5.733239278971125259e+02 2.356194490192261792e+00
2.157510413973893648e+00 5.738447600462550326e+02 2.356194490192261792e+00
1.013202739799216268e+00 5.753098407148524984e+02 2.356194490192261792e+00
1.132666200667924450e+00 5.760815846034967080e+02 2.356194490192261792e+00
1.006936696393455843e+00 5.773095590590859274e+02 2.356194490192261792e+00
1.591572358493638983e+00 5.780131293984870808e+02 2.356194490192261792e+00
5.727112405435443865e-01 5.792050677937477303e+02 2.356194490192261792e+00
2.586355648555337616e+00 5.800461340789061069e+02 2.356194490192261792e+00
7.283401778050966335e-01 5.812305264808023821e+02 2.356194490192261792e+00
1.321966417635879854e+00 5.821358244050069288e+02 2.356194490192261792e+00
9.289836426356781196e-01 5.832931987900352624e+02 2.356194490192261792e+00
1.709015774456048131e+00 5.841890185927999255e+02 2.356194490192261792e+00
7.322945349291655193e-01 5.848205243761954080e+02 2.356194490192261792e+00
2.500008020250927832e+00 5.862354545800068308e+02 2.356194490192261792e+00
9.849635432707867233e-01 5.867940936738588107e+02 2.356194490192261792e+00
1.402523618469341260e+00 5.881804501870833519e+02 2.356194490192261792e+00
8.689704293984414907e-01 5.892172039591678185e+02 2.356194490192261792e+00
1.389778440589747976e+00 5.903214016490342146e+02 2.356194490192261792e+00
9.752909822912315674e-01 5.908628525373021603e+02 2.356194490192261792e+00
1.745256402107456140e+00 5.924429306407591866e+02 2.356194490192261792e+00
1.470052818619765445e+00 5.928556303138699377e+02 2.356194490192261792e+00
1.368979530380632914e+00 5.943723945137182909e+02 2.356194490192261792e+00
9.036813888628878466e-01 5.953078163652372723e+02 2.356194490192261792e+00
1.217656745727794476e+00 5.964886623169829818e+02 2.356194490192261792e+00
1.128037765803726833e+00 5.970468991175798692e+02 2.356194490192261792e+00
1.295835048189616590e+00 5.986415737433741242e+02 2.356194490192261792e+00
1.804340207251871719e+00 5.990551920310651894e+02 2.356194490192261792e+00
1.281499106240136854e+00 6.005931670360246244e+02 2.356194490192261792e+00
9.637433939734123545e-01 6.014501451459992722e+02 2.356194490192261792e+00
1.117153386929537584e+00 6.026662870172217481e+02 2.356194490192261792e+00
1.279658023693412972e+00 6.032585608054829436e+02 2.356194490192261792e+00
9.672351417253244321e-01 6.048064868184151237e+02 2.356194490192261792e+00
2.096887714571395556e+00 6.052805225826903097e+02 2.356194490192261792e+00
1.133220936264437873e+00 6.067918498021924734e+02 2.356194490192261792e+00
1.071176718611578371e+00 6.075810672892355342e+02 2.356194490192261792e+00
1.047163308325079978e+00 6.088133169272579153e+02 2.356194490192261792e+00
1.503870737306159056e+00 6.094654865321051602e+02 2.356194490192261792e+00
6.619710721109133278e-01 6.108259874208365545e+02 2.356194490192261792e+00
2.464339969479415693e+00 6.114957536408700207e+02 2.356194490192261792e+00
8.578504711867821486e-01 6.128558975086564260e+02 2.356194490192261792e+00
1.268576875861118003e+00 6.136557950425450372e+02 2.356194490192261792e+00
9.797942847307898884e-01 6.148492856022068054e+02 2.356194490192261792e+00
1.762793388935268490e+00 6.156504871172619460e+02 2.356194490192261792e+00
6.223822815614250548e-01 6.164257674951783201e+02 2.356194490192261792e+00
2.709211355593535764e+00 6.176782565429060696e+02 2.356194490192261792e+00
8.004569783803812122e-01 6.183946343980744587e+02 2.356194490192261792e+00
1.379638450849539177e+00 6.196546071801175231e+02 2.356194490192261792e+00
8.644274070737181237e-01 6.207344856159543269e+02 2.356194490192261792e+00
1.473231526945390835e+00 6.217870162813145498e+02 2.356194490192261792e+00
8.852621099595799903e-01 6.223442711264651734e+02 2.356194490192261792e+00
1.980473528501631941e+00 6.238900698484111444e+02 2.356194490192261792e+00
1.282203920869208424e+00 6.243312320861614353e+02 2.356194490192261792e+00
1.363782162215342542e+00 6.258132161420626289e+02 2.356194490192261792e+00
8.784160366808723142e-01 6.267746095245242941e+02 2.356194490192261792e+00
1.242208027773548773e+00 6.279376959067236612e+02 2.356194490192261792e+00
1.046168933278092794e+00 6.284984083626030724e+02 2.356194490192261792e+00
1.432381386963280212e+00 6.300938990854762096e+02 2.356194490192261792e+00
1.644929418983078762e+00 6.305014138834523010e+02 2.356194490192261792e+00
1.277657284790287173e+00 6.320251944000746107e+02 2.356194490192261792e+00
9.342467700413186193e-01 6.328959988338845051e+02 2.356194490192261792e+00
1.117545737975361497e+00 6.341053759690937568e+02 2.356194490192261792e+00
1.199739679853892405e+00 6.346970857079675170e+02 2.356194490192261792e+00
1.055003746129983266e+00 6.362683522581825173e+02 2.356194490192261792e+00
1.956707656426107889e+00 6.367166504038382300e+02 2.356194490192261792e+00
1.150058053532007740e+00 6.382292870022863553e+02 2.356194490192261792e+00
1.032255863572528298e+00 6.390290057653712665e+02 2.356194490192261792e+00
1.045305207978621587e+00 6.402594301668627850e+02 2.356194490192261792e+00
1.414883556387332542e+00 6.409011749888410350e+02 2.356194490192261792e+00
7.299109298407935320e-01 6.423377023980735885e+02 2.356194490192261792e+00
2.326803297643799340e+00 6.429327704397884418e+02 2.356194490192261792e+00
9.285986996146922134e-01 6.443501039782327098e+02 2.356194490192261792e+00
1.208781366602693197e+00 6.451272050035194070e+02 2.356194490192261792e+00
9.929873739834402802e-01 6.463411120382241961e+02 2.356194490192261792e+00
1.702302533475790858e+00 6.470938636942828452e+02 2.356194490192261792e+00
5.619560871609652342e-01 6.480546188291143608e+02 2.356194490192261792e+00
2.706615988130064210e+00 6.491230689913747938e+02 2.356194490192261792e+00
7.014115060677951208e-01 6.500493665703053239e+02 2.356194490192261792e+00
1.348566101951881535e+00 6.511449030484549212e+02 2.356194490192261792e+00
8.778656882836430864e-01 6.522650780783691289e+02 2.356194490192261792e+00
1.569369596457340643e+00 6.532520365200092556e+02 2.356194490192261792e+00
7.978383855538158098e-01 6.538417432516064309e+02 2.356194490192261792e+00
2.226541549977294920e+00 6.553317319625142545e+02 2.356194490192261792e+00
1.108448163434271549e+00 6.558237631717356635e+02 2.356194490192261792e+00
1.363287294583595877e+00 6.572594781040317002e+02 2.356194490192261792e+00
8.592777072708730479e-01 6.582532052663478908e+02 2.356194490192261792e+00
1.284585311522937534e+00 6.593917870865706163e+02 2.356194490192261792e+00
9.733698285746738010e-01 6.599551720754984672e+02 2.356194490192261792e+00
1.586781067667401013e+00 6.615416083029614356e+02 2.356194490192261792e+00
1.495987434282330941e+00 6.619523216658130877e+02 2.356194490192261792e+00
1.279854019630291662e+00 6.634600482299332498e+02 2.356194490192261792e+00
9.058387999983678052e-01 6.643492096598635044e+02 2.356194490192261792e+00
1.126589052015019909e+00 6.655493377702752014e+02 2.356194490192261792e+00
1.123456094804720529e+00 6.661394721189678876e+02 2.356194490192261792e+00
1.154893574980313087e+00 6.677259351775999221e+02 2.356194490192261792e+00
1.817814237204747885e+00 6.681550225517495392e+02 2.356194490192261792e+00
1.161516670848796728e+00 6.696649716964017216e+02 2.356194490192261792e+00
9.959429671203680057e-01 6.704762223288327050e+02 2.356194490192261792e+00
1.043412623448468857e+00 6.717034421416627765e+02 2.356194490192261792e+00
1.329332359088592375e+00 6.723375201686512810e+02 2.356194490192261792e+00
8.046099492287599464e-01 6.738295674867490561e+02 2.356194490192261792e+00
2.188307292651288982e+00 6.743687947745971769e+02 2.356194490192261792e+00
9.821805789620092764e-01 6.758189232981382020e+02 2.356194490192261792e+00
1.152282510171757979e+00 6.765901598777890058e+02 2.356194490192261792e+00
9.987313460824557287e-01 6.778150331089143492e+02 2.356194490192261792e+00
1.617846050861492468e+00 6.785338877157896604e+02 2.356194490192261792e+00
5.597819967401246322e-01 6.796670018684898196e+02 2.356194490192261792e+00
2.618682152388939421e+00 6.805669849836905314e+02 2.356194490192261792e+00
7.062552034752587193e-01 6.816870585596767569e+02 2.356194490192261792e+00
1.329145941776033624e+00 6.826375107648859739e+02 2.356194490192261792e+00
9.130448818613926543e-01 6.837860586484575833e+02 2.356194490192261792e+00
1.673056475358169815e+00 6.847070516461603802e+02 2.356194490192261792e+00
7.493737942553635456e-01 6.853249013666684277e+02 2.356194490192261792e+00
2.430105038585073096e+00 6.867619763022237294e+02 2.356194490192261792e+00
1.015150939714033029e+00 6.873013527412905432e+02 2.356194490192261792e+00
1.392552628902199219e+00 6.887019538177667073e+02 2.356194490192261792e+00
8.648467482478999768e-01 6.897282295877191700e+02 2.356194490192261792e+00
1.360649019077083466e+00 6.908415634956045324e+02 2.356194490192261792e+00
9.703807342150743143e-01 6.913899083340500056e+02 2.356194490192261792e+00
1.708018611334126469e+00 6.929710211424530826e+02 2.356194490192261792e+00
1.468675014628023412e+00 6.933836022858724846e+02 2.356194490192261792e+00
1.342391150561939916e+00 6.948966833577438820e+02 2.356194490192261792e+00
9.014801559001172082e-01 6.958193593631948488e+02 2.356194490192261792e+00
1.189364212946109722e+00 6.970056994398042889e+02 2.356194490192261792e+00
1.118347424043436344e+00 6.975740889830337892e+02 2.356194490192261792e+00
1.262759504694651147e+00 6.991673720983052362e+02 2.356194490192261792e+00
1.793484579063150175e+00 6.995840806674226542e+02 2.356194490192261792e+00
1.243346239921437002e+00 7.011128503588352032e+02 2.356194490192261792e+00
9.696087818521280655e-01 7.019550467508271367e+02 2.356194490192261792e+00
1.091003560491857538e+00 7.031751306940728909e+02 2.356194490192261792e+00
1.285055449375261061e+00 7.037803840748839548e+02 2.356194490192261792e+00
9.214617567653180519e-01 7.053170253749632366e+02 2.356194490192261792e+00
2.109511972270498692e+00 7.058052146605900816e+02 2.356194490192261792e+00
1.086893769467307314e+00 7.073003310147475986e+02 2.356194490192261792e+00
1.092168548776389247e+00 7.080803585550530670e+02 2.356194490192261792e+00
1.029849434428561583e+00 7.093121830750990284e+02 2.356194490192261792e+00
1.534234378764230744e+00 7.099830025674147009e+02 2.356194490192261792e+00
6.221960378452066065e-01 7.112890310900831992e+02 2.356194490192261792e+00
2.508501901597695927e+00 7.120147708480141091e+02 2.356194490192261792e+00
8.030607022044568000e-01 7.133191728750713310e+02 2.356194490192261792e+00
1.293392989830693951e+00 7.141481320025815194e+02 2.356194490192261792e+00
9.615907376957905095e-01 7.153274100284005499e+02 2.356194490192261792e+00
1.756797463139639692e+00 7.161644182102739933e+02 2.356194490192261792e+00
6.670931073586370275e-01 7.168672937754557779e+02 2.356194490192261792e+00
2.645484957455853881e+00 7.181972197205735711e+02 2.356194490192261792e+00
8.757264451731339161e-01 7.188352065114931975e+02 2.356194490192261792e+00
1.394157715524901642e+00 7.201578184656369785e+02 2.356194490192261792e+00
8.662953225042934191e-01 7.212189664906015878e+02 2.356194490192261792e+00
1.438223875649401462e+00 7.222960333996131794e+02 2.356194490192261792e+00
9.310906375542109537e-01 7.228419968614853133e+02 2.356194490192261792e+00
1.872002641704844761e+00 7.244068635496669231e+02 2.356194490192261792e+00
1.374898068180462785e+00 7.248314946992749128e+02 2.356194490192261792e+00
1.373181902921863706e+00 7.263328714110903093e+02 2.356194490192261792e+00
8.917159253613655689e-01 7.272839961939694149e+02 2.356194490192261792e+00
1.236563081593398561e+00 7.284550414137846701e+02 2.356194490192261792e+00
1.090367930340786273e+00 7.290114615732035190e+02 2.356194490192261792e+00
1.370448058800901592e+00 7.306080473876512542e+02 2.356194490192261792e+00
1.729266420843790009e+00 7.310168474865462258e+02 2.356194490192261792e+00
1.290819102092575443e+00 7.325508023998946783e+02 2.356194490192261792e+00
9.482229971649629441e-01 7.334188490795147572e+02 2.356194490192261792e+00
1.125432656931499409e+00 7.346305110987270837e+02 2.356194490192261792e+00
1.240221824869965239e+00 7.352186098439456146e+02 2.356194490192261792e+00
1.022838916961226197e+00 7.367813574838839941e+02 2.356194490192261792e+00
2.026896201038626888e+00 7.372387173676986549e+02 2.356194490192261792e+00
1.156951362319318610e+00 7.387558241975049214e+02 2.356194490192261792e+00
1.046133936992379443e+00 7.395538485076638153e+02 2.356194490192261792e+00
1.052733319528319944e+00 7.407850662735054357e+02 2.356194490192261792e+00
1.451659216916766804e+00 7.414261817129849987e+02 2.356194490192261792e+00
7.090788400047812745e-01 7.428399066316158041e+02 2.356194490192261792e+00
2.384499444184632555e+00 7.434566015744792367e+02 2.356194490192261792e+00
9.126440669044389997e-01 7.448616255938107997e+02 2.356194490192261792e+00
1.229904606264388800e+00 7.456429328629230895e+02 2.356194490192261792e+00
9.926972597626189110e-01 7.468514676629641826e+02 2.356194490192261792e+00
1.732705837837291485e+00 7.476165466916279456e+02 2.356194490192261792e+00
5.763911523293350214e-01 7.485116503544644502e+02 2.356194490192261792e+00
2.727485058852299638e+00 7.496437311257669762e+02 2.356194490192261792e+00
7.232715214120523095e-01 7.504947692121349974e+02 2.356194490192261792e+00
1.358638023241499182e+00 7.516487359184613979e+02 2.356194490192261792e+00
8.703070351772626001e-01 7.527558156922292483e+02 2.356194490192261792e+00
1.534121619693770810e+00 7.537665569861538870e+02 2.356194490192261792e+00
8.247522101226958391e-01 7.543442891579701381e+02 2.356194490192261792e+00
2.143295756222968418e+00 7.558549226511391907e+02 2.356194490192261792e+00
1.161266679370656085e+00 7.563279457391397500e+02 2.356194490192261792e+00
1.359972165026328783e+00 7.577795929919846003e+02 2.356194490192261792e+00
8.635079253590184356e-01 7.587611329174469574e+02 2.356194490192261792e+00
1.265158629693605485e+00 7.599089907477583665e+02 2.356194490192261792e+00
9.926063971522270934e-01 7.604728934425822899e+02 2.356194490192261792e+00
1.532910995253746300e+00 7.620630476935797333e+02 2.356194490192261792e+00
1.537786388903634283e+00 7.624719766070369360e+02 2.356194490192261792e+00
1.272997975662524039e+00 7.639836381215684469e+02 2.356194490192261792e+00
9.141916062455884839e-01 7.648644553332904934e+02 2.356194490192261792e+00
1.118171474785293329e+00 7.660684339234890103e+02 2.356194490192261792e+00
1.145146540012836445e+00 7.666609587518717035e+02 2.356194490192261792e+00
1.116687390208238595e+00 7.682431027229549727e+02 2.356194490192261792e+00
1.858879411132650095e+00 7.686782850563489546e+02 2.356194490192261792e+00
1.151674850790331162e+00 7.701874738068770512e+02 2.356194490192261792e+00
1.008579149750424619e+00 7.709931504746759856e+02 2.356194490192261792e+00
1.040423595008215463e+00 7.722217612729780285e+02 2.356194490192261792e+00
1.357386070559780666e+00 7.728603433066120942e+02 2.356194490192261792e+00
7.739839813243412081e-01 7.743334218788108956e+02 2.356194490192261792e+00
2.234507459702934185e+00 7.748923510796563505e+02 2.356194490192261792e+00
9.600092029798004134e-01 7.763302442278570652e+02 2.356194490192261792e+00
1.172713022733414379e+00 7.771026023935812646e+02 2.356194490192261792e+00
9.953007566100826597e-01 7.783240071730008367e+02 2.356194490192261792e+00
1.648451973958876104e+00 7.790556497148063499e+02 2.356194490192261792e+00
5.545085724213338896e-01 7.801273126568893304e+02 2.356194490192261792e+00
2.654234689655925461e+00 7.810877229901191185e+02 2.356194490192261792e+00
6.947704163115329123e-01 7.821399462749172926e+02 2.356194490192261792e+00
1.336190154221528426e+00 7.831400678212291950e+02 2.356194490192261792e+00
8.988056780746412899e-01 7.842792472551633409e+02 2.356194490192261792e+00
1.636220726281975679e+00 7.852245639876852010e+02 2.356194490192261792e+00
7.663434685518725198e-01 7.858309317654723145e+02 2.356194490192261792e+00
2.358644874253275958e+00 7.872882167861267817e+02 2.356194490192261792e+00
1.046553923501861938e+00 7.878097232319300929e+02 2.356194490192261792e+00
1.382054114871930084e+00 7.892234944142660424e+02 2.356194490192261792e+00
8.616810548700777339e-01 7.902386154067311281e+02 2.356194490192261792e+00
1.332286591954899402e+00 7.913610476847051132e+02 2.356194490192261792e+00
9.682581818151343445e-01 7.919155610233366360e+02 2.356194490192261792e+00
1.667463414307246428e+00 7.934981857236409724e+02 2.356194490192261792e+00
1.472605236058044165e+00 7.939103166189395324e+02 2.356194490192261792e+00
1.317753719864326323e+00 7.954205740599144292e+02 2.356194490192261792e+00
9.012030117569289622e-01 7.963307881943816255e+02 2.356194490192261792e+00
1.164004826556956473e+00 7.975223501438398443e+02 2.356194490192261792e+00
1.114859023313574449e+00 7.980995974198073100e+02 2.356194490192261792e+00
1.226029675201971703e+00 7.996910407580903666e+02 2.356194490192261792e+00
1.793317947431600556e+00 8.001114649432948909e+02 2.356194490192261792e+00
1.210011978968251967e+00 8.016324065510680157e+02 2.356194490192261792e+00
9.774541824178032412e-01 8.024618887199707160e+02 2.356194490192261792e+00
1.070015381794988230e+00 8.036850946131285127e+02 2.356194490192261792e+00
1.296455194472243555e+00 8.043017898123650866e+02 2.356194490192261792e+00
8.774418789632926208e-01 8.058247576711378315e+02 2.356194490192261792e+00
2.131186590255350843e+00 8.063292334087417430e+02 2.356194490192261792e+00
1.045851040508339436e+00 8.078084229541228751e+02 2.356194490192261792e+00
1.113456682861600155e+00 8.085827466804121286e+02 2.356194490192261792e+00
1.016374122263739244e+00 8.098129814887075781e+02 2.356194490192261792e+00
1.564611991870162200e+00 8.105014612962692127e+02 2.356194490192261792e+00
5.920605579233646498e-01 8.117488247897312021e+02 2.356194490192261792e+00
2.550751752641419401e+00 8.125341268683164344e+02 2.356194490192261792e+00
7.588165802721938968e-01 8.137774933787870850e+02 2.356194490192261792e+00
1.311068895354831731e+00 8.146435825383931615e+02 2.356194490192261792e+00
9.442825217645000047e-01 8.158104757515549181e+02 2.356194490192261792e+00
1.736611719698495593e+00 8.166798752814009958e+02 2.356194490192261792e+00
7.062420768553833161e-01 8.173362824193731058e+02 2.356194490192261792e+00
2.569633725317775230e+00 8.187192327413675912e+02 2.356194490192261792e+00
9.410165927814768683e-01 8.193068446407872898e+02 2.356194490192261792e+00
1.403062969946573091e+00 8.206701689760523095e+02 2.356194490192261792e+00
8.692467318811728516e-01 8.217173677674940109e+02 2.356194490192261792e+00
1.413160554993146523e+00 8.228108299264939660e+02 2.356194490192261792e+00
9.637871736839368486e-01 8.233511045745872252e+02 2.356194490192261792e+00
1.794072326430703690e+00 8.249268276458841456e+02 2.356194490192261792e+00
1.442315144557026807e+00 8.253426057583814099e+02 2.356194490192261792e+00
1.378742342349405625e+00 8.268562196904290431e+02 2.356194490192261792e+00
9.011092765323549525e-01 8.278002170028642013e+02 2.356194490192261792e+00
1.232453942136308989e+00 8.289764702090727724e+02 2.356194490192261792e+00
1.121016743697653029e+00 8.295306897833773974e+02 2.356194490192261792e+00
1.327176504183364081e+00 8.311265439674064055e+02 2.356194490192261792e+00
1.787544346260466988e+00 8.315376549656732550e+02 2.356194490192261792e+00
1.297369351112778846e+00 8.330776962436564190e+02 2.356194490192261792e+00
9.577773604727680690e-01 8.339430801225586265e+02 2.356194490192261792e+00
1.129098184996223608e+00 8.351564540061253865e+02 2.356194490192261792e+00
1.267765653355380717e+00 8.357429900687146755e+02 2.356194490192261792e+00
9.983241668071958230e-01 8.372985281988030692e+02 2.356194490192261792e+00
2.074538691435404925e+00 8.377634833717564788e+02 2.356194490192261792e+00
1.156639655762155217e+00 8.392819172097126739e+02 2.356194490192261792e+00
1.057110888931922066e+00 8.400776288118071307e+02 2.356194490192261792e+00
1.055538946128262268e+00 8.413094103242004849e+02 2.356194490192261792e+00
1.478794854443832962e+00 8.419519759690971341e+02 2.356194490192261792e+00
6.909764076406326172e-01 8.433449673248741192e+02 2.356194490192261792e+00
2.426423148204229552e+00 8.439816783381394316e+02 2.356194490192261792e+00
8.944741332998689121e-01 8.453723096853569814e+02 2.356194490192261792e+00
1.247284949051484126e+00 8.461591056815121874e+02 2.356194490192261792e+00
9.899886160065120011e-01 8.473620210077255024e+02 2.356194490192261792e+00
1.752486322099019445e+00 8.481399861715418638e+02 2.356194490192261792e+00
5.938469162150564751e-01 8.489808842816501055e+02 2.356194490192261792e+00
2.731532199767995550e+00 8.501662894085287689e+02 2.356194490192261792e+00
7.520175257506550581e-01 8.509557154836903692e+02 2.356194490192261792e+00
1.368257901603290305e+00 8.521580275938146087e+02 2.356194490192261792e+00
8.666948760116104378e-01 8.532533649926064072e+02 2.356194490192261792e+00
1.506877148476169825e+00 8.542832313131182218e+02 2.356194490192261792e+00
8.512996556003581405e-01 8.548508222853507732e+02 2.356194490192261792e+00
2.071370095938736444e+00 8.563782561846626322e+02 2.356194490192261792e+00
1.213641924116335646e+00 8.568358910036374709e+02 2.356194490192261792e+00
1.361350734976853438e+00 8.583016293265478680e+02 2.356194490192261792e+00
8.696922144203146354e-01 8.592739051740715013e+02 2.356194490192261792e+00
1.253955300408346130e+00 8.604288937675079296e+02 2.356194490192261792e+00
1.015665349519140337e+00 8.609913622668169637e+02 2.356194490192261792e+00
1.487529551448349086e+00 8.625844483047260383e+02 2.356194490192261792e+00
1.584333912602561512e+00 8.629921983401070520e+02 2.356194490192261792e+00
1.274526907986447632e+00 8.645092829361503846e+02 2.356194490192261792e+00
9.230073349994666332e-01 8.653853468931707766e+02 2.356194490192261792e+00
1.117272243203777826e+00 8.665918742226012910e+02 2.356194490192261792e+00
1.169047541193647621e+00 8.671841495226545931e+02 2.356194490192261792e+00
1.088586058297856596e+00 8.687619093362420699e+02 2.356194490192261792e+00
1.902006710051446170e+00 8.692025702277093160e+02 2.356194490192261792e+00
1.150998793801087050e+00 8.707134015560886837e+02 2.356194490192261792e+00
1.019046487589929662e+00 8.715163564960515714e+02 2.356194490192261792e+00
1.042515015406513701e+00 8.727458308524919630e+02 2.356194490192261792e+00
1.382787058031392791e+00 8.733857705795621769e+02 2.356194490192261792e+00
7.540491205017165743e-01 8.748434199921493928e+02 2.356194490192261792e+00
2.275578182013357598e+00 8.754176894004928045e+02 2.356194490192261792e+00
9.469163491157599477e-01 8.768473761703814944e+02 2.356194490192261792e+00
1.188489520814576927e+00 8.776212828224030318e+02 2.356194490192261792e+00
9.946225986901194860e-01 8.788397642298730261e+02 2.356194490192261792e+00
1.673128254926443903e+00 8.795801363575875484e+02 2.356194490192261792e+00
5.553299680114499592e-01 8.806038569787853021e+02 2.356194490192261792e+00
2.680592892148204065e+00 8.816108956755680310e+02 2.356194490192261792e+00
6.933936395342574777e-01 8.826092676220605426e+02 2.356194490192261792e+00
1.341768931701087464e+00 8.836498239283314433e+02 2.356194490192261792e+00
8.891917348617448535e-01 8.847812029133867782e+02 2.356194490192261792e+00
1.607856956888769506e+00 8.857447416111790517e+02 2.356194490192261792e+00
7.801197086299740402e-01 8.863430719555731230e+02 2.356194490192261792e+00
2.302341586555564756e+00 8.878151778723200778e+02 2.356194490192261792e+00
1.072935707491823321e+00 8.883233680494241753e+02 2.356194490192261792e+00
1.374394866630568757e+00 8.897470842102761708e+02 2.356194490192261792e+00
8.603331210364222326e-01 8.907532372063406001e+02 2.356194490192261792e+00
1.311635826753156486e+00 8.918826707893216508e+02 2.356194490192261792e+00
9.697965709964743164e-01 8.924410659311258769e+02 2.356194490192261792e+00
1.633615971021178614e+00 8.940253072312422091e+02 2.356194490192261792e+00
1.481402531597343808e+00 8.944367853637629651e+02 2.356194490192261792e+00
1.301302181935959812e+00 8.959458769228624533e+02 2.356194490192261792e+00
9.026296872725785292e-01 8.968470368197438347e+02 2.356194490192261792e+00
1.147351523103137039e+00 8.980423569300629651e+02 2.356194490192261792e+00
1.117089264307296936e+00 8.986252838328473445e+02 2.356194490192261792e+00
1.196308500874011527e+00 9.002148982286805676e+02 2.356194490192261792e+00
1.801408716796319753e+00 9.006386699314078896e+02 2.356194490192261792e+00
1.188586886924707153e+00 9.021548000975645891e+02 2.356194490192261792e+00
9.847412019799102190e-01 9.029760644650524455e+02 2.356194490192261792e+00
1.057659038723723244e+00 9.042011722477772082e+02 2.356194490192261792e+00
1.309082127685052832e+00 9.048254265385254484e+02 2.356194490192261792e+00
8.458653503664305129e-01 9.063363545957678298e+02 2.356194490192261792e+00
2.153566932054037597e+00 9.068545881189139664e+02 2.356194490192261792e+00
1.018217235501138074e+00 9.083219336425353276e+02 2.356194490192261792e+00
1.129750645159318667e+00 9.090939396393804373e+02 2.356194490192261792e+00
1.008376529961958035e+00 9.103223177862120110e+02 2.356194490192261792e+00
1.587664229722505205e+00 9.110235315690241578e+02 2.356194490192261792e+00
5.752585781965932066e-01 9.122240778942101542e+02 2.356194490192261792e+00
2.581352284985004353e+00 9.130564817405935401e+02 2.356194490192261792e+00
7.324748539196631603e-01 9.142501777555188482e+02 2.356194490192261792e+00
1.320636472701787634e+00 9.151491331826492797e+02 2.356194490192261792e+00
9.313851173669416283e-01 9.163078706413208465e+02 2.356194490192261792e+00
1.713902984776333627e+00 9.171997850737959652e+02 2.356194490192261792e+00
7.291046179682633133e-01 9.178340969273492647e+02 2.356194490192261792e+00
2.510566305178460578e+00 9.192450364556550539e+02 2.356194490192261792e+00
9.795023552382521315e-01 9.198072007056758821e+02 2.356194490192261792e+00
1.403383517684539949e+00 9.211908395507819023e+02 2.356194490192261792e+00
8.693527911635524630e-01 9.222291362618601624e+02 2.356194490192261792e+00
1.393776871120951055e+00 9.233318697227794019e+02 2.356194490192261792e+00
9.750442359555077099e-01 9.238726266836158629e+02 2.356194490192261792e+00
1.751448429911697691e+00 9.254523649296023677e+02 2.356194490192261792e+00
1.468531290982171500e+00 9.258652468371028590e+02 2.356194490192261792e+00
1.371940112091201147e+00 9.273821553702309757e+02 2.356194490192261792e+00
9.037677565327283391e-01 9.283192236971453895e+02 2.356194490192261792e+00
1.221127787824002553e+00 9.294992966356355737e+02 2.356194490192261792e+00
1.128653089914514185e+00 9.300563528378590945e+02 2.356194490192261792e+00
1.300489308000754463e+00 9.316512153799615135e+02 2.356194490192261792e+00
1.804611399818380812e+00 9.320644226361886240e+02 2.356194490192261792e+00
1.285984232243768233e+00 9.336033773672007783e+02 2.356194490192261792e+00
9.629350805560334958e-01 9.344622519275447985e+02 2.356194490192261792e+00
1.120385015427975084e+00 9.356778397276622172e+02 2.356194490192261792e+00
1.278689133390588983e+00 9.362685613531905346e+02 2.356194490192261792e+00
9.732000630972709176e-01 9.378178616032274704e+02 2.356194490192261792e+00
2.094766768448638405e+00 9.382901758805585359e+02 2.356194490192261792e+00
1.138957514010016103e+00 9.398033768458323038e+02 2.356194490192261792e+00
1.068472975012244142e+00 9.405939640529780945e+02 2.356194490192261792e+00
1.049377029740842904e+00 9.418261671571700617e+02 2.356194490192261792e+00
1.499644593398075987e+00 9.424760625396136220e+02 2.356194490192261792e+00
6.676689305146992215e-01 9.438431882886591211e+02 2.356194490192261792e+00
2.458034091774548457e+00 9.445061404988791764e+02 2.356194490192261792e+00
8.653786110342335247e-01 9.458728726021562352e+02 2.356194490192261792e+00
1.264743502551980869e+00 9.466697516261669989e+02 2.356194490192261792e+00
9.820837743662284014e-01 9.478651402525720187e+02 2.356194490192261792e+00
1.762023165282144310e+00 9.486616032334335387e+02 2.356194490192261792e+00
6.166057558498964086e-01 9.494485375255276267e+02 2.356194490192261792e+00
2.715433467508570065e+00 9.506889074893551879e+02 2.356194490192261792e+00
7.906434256593566356e-01 9.514181058114718326e+02 2.356194490192261792e+00
1.377551955285494456e+00 9.526679223812917598e+02 2.356194490192261792e+00
8.645957167673236077e-01 9.537506482095086540e+02 2.356194490192261792e+00
1.479126943130075977e+00 9.547991913937436266e+02 2.356194490192261792e+00
8.788585424574649752e-01 9.553582314516680754e+02 2.356194490192261792e+00
1.997013723005821362e+00 9.569008605831800196e+02 2.356194490192261792e+00
1.269230071464276577e+00 9.573448348448794150e+02 2.356194490192261792e+00
1.363063399452152380e+00 9.588238962352576209e+02 2.356194490192261792e+00
8.766776027009238748e-01 9.597871484864698459e+02 2.356194490192261792e+00
1.243948717486611288e+00 9.609488489715189417e+02 2.356194490192261792e+00
1.040248124368506000e+00 9.615099717568565438e+02 2.356194490192261792e+00
1.442227374072348578e+00 9.631051190447573163e+02 2.356194490192261792e+00
1.633333404394067268e+00 9.635125884707207433e+02 2.356194490192261792e+00
1.276665189219191365e+00 9.650350596778106365e+02 2.356194490192261792e+00
9.321561842749256366e-01 9.659066613708902196e+02 2.356194490192261792e+00
1.117140080321587625e+00 9.671155737452811536e+02 2.356194490192261792e+00
1.193946087215669971e+00 9.677075134842865509e+02 2.356194490192261792e+00
1.060757774445453716e+00 9.692800252871488738e+02 2.356194490192261792e+00
1.946482586348387001e+00 9.697269080454422010e+02 2.356194490192261792e+00
1.149886319087515263e+00 9.712391234633872727e+02 2.356194490192261792e+00
1.029910322373424503e+00 9.720393331813925215e+02 2.356194490192261792e+00
1.044606404103586739e+00 9.732696033909338666e+02 2.356194490192261792e+00
1.409061994698420861e+00 9.739111338890555771e+02 2.356194490192261792e+00
7.339481307641554375e-01 9.753514820406579702e+02 2.356194490192261792e+00
2.317573844018013585e+00 9.759428288724749336e+02 2.356194490192261792e+00
9.317341362818842843e-01 9.773623783119453492e+02 2.356194490192261792e+00
1.205191284640556137e+00 9.781388321249115734e+02 2.356194490192261792e+00
9.932304717250690640e-01 9.793535996463193669e+02 2.356194490192261792e+00
1.697215934474639809e+00 9.801041544991223873e+02 2.356194490192261792e+00
5.602859074328980782e-01 9.810760871190441321e+02 2.356194490192261792e+00
2.702504308872880845e+00 9.821336481751828842e+02 2.356194490192261792e+00
6.991095953973950339e-01 9.830727852565538569e+02 2.356194490192261792e+00
1.347254581669985463e+00 9.841584580293443878e+02 2.356194490192261792e+00
8.796570900067443022e-01 9.852807226298189107e+02 2.356194490192261792e+00
1.576030257794486911e+00 9.862635615422951787e+02 2.356194490192261792e+00
7.943422613430698442e-01 9.868548912603848748e+02 2.356194490192261792e+00
2.240241979010812123e+00 9.883416400740015888e+02 2.356194490192261792e+00
1.101440564357732299e+00 9.888366234684207257e+02 2.356194490192261792e+00
1.364948831137793306e+00 9.902700763815448681e+02 2.356194490192261792e+00
8.592078233863735814e-01 9.912660170352213527e+02 2.356194490192261792e+00
1.289026932273449777e+00 9.924029743030118880e+02 2.356194490192261792e+00
9.719817403874584372e-01 9.929656913158363523e+02 2.356194490192261792e+00
1.595477554856286506e+00 9.945516524294708915e+02 2.356194490192261792e+00
1.492080677186728321e+00 9.949625593237865360e+02 2.356194490192261792e+00
1.282976702964672588e+00 9.964702769496514065e+02 2.356194490192261792e+00
9.049828357784907018e-01 9.973613958310305634e+02 2.356194490192261792e+00
1.129647820423783200e+00 9.985607242290168415e+02 2.356194490192261792e+00
1.121491463429823865e+00 9.991498177664242348e+02 2.356194490192261792e+00
1.162167004134722292e+00 1.000736911986062523e+03 2.356194490192261792e+00
1.813552200968633565e+00 1.001164993960310539e+03 2.356194490192261792e+00
1.165449126002459979e+00 1.002675778850689539e+03 2.356194490192261792e+00
9.938330052534406489e-01 1.003488549665668415e+03 2.356194490192261792e+00
1.045317052556448578e+00 1.004715449579579854e+03 2.356194490192261792e+00
1.325255856458551040e+00 1.005348044420943552e+03 2.356194490192261792e+00
8.113702975389492922e-01 1.006843548640590825e+03 2.356194490192261792e+00
2.181439114556182446e+00 1.007379014073233066e+03 2.356194490192261792e+00
9.878482062784490481e-01 1.008832012103461011e+03 2.356194490192261792e+00
1.148383228270576817e+00 1.009603188104080914e+03 2.356194490192261792e+00
1.000101311210443100e+00 1.010828720376692104e+03 2.356194490192261792e+00
1.612551584489673617e+00 1.011544664199687190e+03 2.356194490192261792e+00
5.617576475556518290e-01 1.012689555014533084e+03 2.356194490192261792e+00
2.612343601449391262e+00 1.013577794512435503e+03 2.356194490192261792e+00
7.098191879719040198e-01 1.014710827406581188e+03 2.356194490192261792e+00
