8.306614009015874656e-01 -8.029573936625164499e-03 7.853981633974492782e-01
1.385420318355965685e+00 1.485861894413736506e+00 7.853981633974492782e-01
2.248176054462836859e+00 1.799891176469007537e+00 7.853981633974492782e-01
1.051411541113467685e+00 3.275598260700223197e+00 7.853981633974492782e-01
1.202389305251423179e+00 4.544435926535689063e+00 7.853981633974492782e-01
1.329441951453148807e+00 5.124173775429842870e+00 7.853981633974492782e-01
8.978567815727594992e-01 6.179636191807639456e+00 7.853981633974492782e-01
9.443548742106537830e-01 7.615366924073793342e+00 7.853981633974492782e-01
2.857084051744777753e+00 8.027171986320126962e+00 7.853981633974492782e-01
9.484745443087765349e-01 9.454645375891631787e+00 7.853981633974492782e-01
9.774016330468562330e-01 1.063046760943057478e+01 7.853981633974492782e-01
1.713733218715496109e+00 1.128812286887874272e+01 7.853981633974492782e-01
9.864956602925691875e-01 1.234347654549520001e+01 7.853981633974492782e-01
6.087045436831092227e-01 1.349011782484214805e+01 7.853981633974492782e-01
3.712946227223757667e+00 1.425501657788570675e+01 7.853981633974492782e-01
7.138034342144808919e-01 1.537540106177520549e+01 7.853981633974492782e-01
8.195057425264080653e-01 1.644862952672175282e+01 7.853981633974492782e-01
2.074576153623023167e+00 1.744761590736493062e+01 7.853981633974492782e-01
9.524531530968526338e-01 1.838696155840246504e+01 7.853981633974492782e-01
6.917490743486662819e-01 1.918035233031531561e+01 7.853981633974492782e-01
3.362151884262276180e+00 2.048972373426208193e+01 7.853981633974492782e-01
1.062476986777498800e+00 2.095665746491019377e+01 7.853981633974492782e-01
1.028889960262103109e+00 2.231794664704867159e+01 7.853981633974492782e-01
1.794743499680197196e+00 2.362110411080996997e+01 7.853981633974492782e-01
9.494628863145595510e-01 2.433499444380119314e+01 7.853981633974492782e-01
7.942984743566721129e-01 2.525184836003908018e+01 7.853981633974492782e-01
2.152076224889703848e+00 2.671508999026244169e+01 7.853981633974492782e-01
1.699521686241469265e+00 2.702239607030305635e+01 7.853981633974492782e-01
1.120791176276784151e+00 2.849445062471626855e+01 7.853981633974492782e-01
1.551055536024750658e+00 2.982488095795964256e+01 7.853981633974492782e-01
1.066967811901885721e+00 3.043910580392919485e+01 7.853981633974492782e-01
8.466581725650110801e-01 3.143532944506315374e+01 7.853981633974492782e-01
1.546891180718823700e+00 3.292718515219837627e+01 7.853981633974492782e-01
2.198843901929732780e+00 3.322737015515196646e+01 7.853981633974492782e-01
1.115517278728615391e+00 3.471988728509784039e+01 7.853981633974492782e-01
1.343933881866560265e+00 3.602440470477414891e+01 7.853981633974492782e-01
1.229369373264931564e+00 3.660041754103359324e+01 7.853981633974492782e-01
8.949588402344431648e-01 3.763898312461986251e+01 7.853981633974492782e-01
1.125952517826857679e+00 3.910580883493516779e+01 7.853981633974492782e-01
2.682937770168183356e+00 3.946117844074024106e+01 7.853981633974492782e-01
1.040244828815141798e+00 4.093190356334110191e+01 7.853981633974492782e-01
1.112704290291125941e+00 4.216864356208246534e+01 7.853981633974492782e-01
1.513265432359996998e+00 4.276514354266389262e+01 7.853981633974492782e-01
9.662536796315018828e-01 4.382466523555422100e+01 7.853981633974492782e-01
7.347079298577270379e-01 4.513902908634765510e+01 7.853981633974492782e-01
3.389662266783353139e+00 4.569422378700734555e+01 7.853981633974492782e-01
8.365940411221788331e-01 4.702425839152893161e+01 7.853981633974492782e-01
8.659984085363595652e-01 4.812035538304674986e+01 7.853981633974492782e-01
2.022086457739129983e+00 4.891603034364808877e+01 7.853981633974492782e-01
1.008621383153585960e+00 4.993409060081146578e+01 7.853981633974492782e-01
6.252981221862402572e-01 5.077049813587719740e+01 7.853981633974492782e-01
3.874081825134567225e+00 5.192251767191169876e+01 7.853981633974492782e-01
8.313489853371373028e-01 5.256766411528746374e+01 7.853981633974492782e-01
9.448793694738588655e-01 5.382503041838022284e+01 7.853981633974492782e-01
1.901093006959548193e+00 5.507288238415340231e+01 7.853981633974492782e-01
9.210336534218236393e-01 5.585521281513057801e+01 7.853981633974492782e-01
7.593001829643035716e-01 5.672833358891115552e+01 7.853981633974492782e-01
2.516070051373828331e+00 5.815592540791528364e+01 7.853981633974492782e-01
1.450913932898119318e+00 5.849635613474703177e+01 7.853981633974492782e-01
1.090357245277739029e+00 5.994007465242920318e+01 7.853981633974492782e-01
1.613961870658700670e+00 6.126676364118158347e+01 7.853981633974492782e-01
1.015074560402151604e+00 6.190712563823594650e+01 7.853981633974492782e-01
8.173249104704080059e-01 6.288578448228838624e+01 7.853981633974492782e-01
1.738193781424238749e+00 6.437359015719975730e+01 7.853981633974492782e-01
1.983454913551761178e+00 6.467026460458221493e+01 7.853981633974492782e-01
1.107682811781890875e+00 6.615504651557390048e+01 7.853981633974492782e-01
1.393158537098763583e+00 6.746714249007072794e+01 7.853981633974492782e-01
1.164822177354092547e+00 6.805128967916768090e+01 7.853981633974492782e-01
8.655615983448183837e-01 6.908194731432374169e+01 7.853981633974492782e-01
1.261453615361323166e+00 7.056666136900891217e+01 7.853981633974492782e-01
2.464177643985123289e+00 7.089529668115652328e+01 7.853981633974492782e-01
1.059421060206355403e+00 7.237408723763975615e+01 7.853981633974492782e-01
1.175693438963005377e+00 7.363421948279122375e+01 7.853981633974492782e-01
1.401579991161538530e+00 7.421654400826713527e+01 7.853981633974492782e-01
9.322810615704036907e-01 7.527344024463937444e+01 7.853981633974492782e-01
8.515469980285838014e-01 7.666655382857629775e+01 7.853981633974492782e-01
3.096175100719300133e+00 7.712772632464492517e+01 7.853981633974492782e-01
9.148458342237213436e-01 7.852875051926990579e+01 7.853981633974492782e-01
9.316236789424457987e-01 7.967395135188932898e+01 7.853981633974492782e-01
1.847105011243517891e+00 8.037425962151488079e+01 7.853981633974492782e-01
1.008263883531820282e+00 8.142083747816528216e+01 7.853981633974492782e-01
5.866773592186066422e-01 8.242819024073932610e+01 7.853981633974492782e-01
3.905719047922109333e+00 8.335595069500493537e+01 7.853981633974492782e-01
7.018663652823694532e-01 8.428273633649088481e+01 7.853981633974492782e-01
8.470630612219551825e-01 8.540815027824997685e+01 7.853981633974492782e-01
2.005245608339275787e+00 8.653214292066654423e+01 7.853981633974492782e-01
9.200667545730849550e-01 8.740755876914977307e+01 7.853981633974492782e-01
7.087830341641527809e-01 8.823667834382740693e+01 7.853981633974492782e-01
3.012600048784852103e+00 8.959519665384418374e+01 7.853981633974492782e-01
1.171643852592082258e+00 9.001017695206513736e+01 7.853981633974492782e-01
1.037637702821316177e+00 9.140214461230425513e+01 7.853981633974492782e-01
1.687366561854229952e+00 9.271334160592830642e+01 7.853981633974492782e-01
9.608340226381798521e-01 9.339419713832081982e+01 7.853981633974492782e-01
7.781024066641609727e-01 9.434976171185481064e+01 7.853981633974492782e-01
1.996829431444106406e+00 9.582075721174439309e+01 7.853981633974492782e-01
1.721282699448924980e+00 9.612745367629496229e+01 7.853981633974492782e-01
1.080218258017237032e+00 9.759414964606675369e+01 7.853981633974492782e-01
1.429425122842836071e+00 9.890720119800354837e+01 7.853981633974492782e-01
1.099805189342964118e+00 9.950471956795655615e+01 7.853981633974492782e-01
8.251844199977003136e-01 1.005289567659753089e+02 7.853981633974492782e-01
1.415343523141933568e+00 1.020235996405412209e+02 7.853981633974492782e-01
2.208538201833443182e+00 1.023351443534453296e+02 7.853981633974492782e-01
1.051820653927769245e+00 1.038106395972375964e+02 7.853981633974492782e-01
1.211674402430355846e+00 1.050821211659815617e+02 7.853981633974492782e-01
1.313349534903703431e+00 1.056612975464793891e+02 7.853981633974492782e-01
8.914143122797659746e-01 1.067160791547676268e+02 7.853981633974492782e-01
9.677878595549926910e-01 1.081594440833891184e+02 7.853981633974492782e-01
2.808589727863731511e+00 1.085615000537439556e+02 7.853981633974492782e-01
9.560086499775110047e-01 1.099940321194558805e+02 7.853981633974492782e-01
9.891979970769809727e-01 1.111767079494025694e+02 7.853981633974492782e-01
1.684786988761383997e+00 1.118258978494210254e+02 7.853981633974492782e-01
9.810790675300961050e-01 1.128825946581471982e+02 7.853981633974492782e-01
6.195687673325546152e-01 1.140579083852517641e+02 7.853981633974492782e-01
3.660407983467694137e+00 1.147892690582108486e+02 7.853981633974492782e-01
7.249324811044267625e-01 1.159459454018187046e+02 7.853981633974492782e-01
8.191370747797929175e-01 1.170153274694133785e+02 7.853981633974492782e-01
2.080108613803107076e+00 1.179852159387549051e+02 7.853981633974492782e-01
9.603839733264107892e-01 1.189371738716071434e+02 7.853981633974492782e-01
6.851939643452755746e-01 1.197276763163953603e+02 7.853981633974492782e-01
3.438403328224405087e+00 1.210228005689393740e+02 7.853981633974492782e-01
1.034490148246989261e+00 1.215052068809903005e+02 7.853981633974492782e-01
1.022623079485997399e+00 1.228571079206321031e+02 7.853981633974492782e-01
1.812519004656291344e+00 1.241564512204834188e+02 7.853981633974492782e-01
9.465065126445086907e-01 1.248777385635024473e+02 7.853981633974492782e-01
7.943184514981136424e-01 1.257876204968628002e+02 7.853981633974492782e-01
2.187999982107600605e+00 1.272484770220386139e+02 7.853981633974492782e-01
1.683603465463332949e+00 1.275571750816506977e+02 7.853981633974492782e-01
1.123903242031884409e+00 1.290284868331927441e+02 7.853981633974492782e-01
1.568880978545496685e+00 1.303606389104632228e+02 7.853981633974492782e-01
1.061200663633692365e+00 1.309783401557260731e+02 7.853981633974492782e-01
8.485087718752797326e-01 1.319699101136024524e+02 7.853981633974492782e-01
1.569801911586242271e+00 1.334613431070405056e+02 7.853981633974492782e-01
2.190704905710490813e+00 1.337600247576917241e+02 7.853981633974492782e-01
1.123513078818860977e+00 1.352543369948547536e+02 7.853981633974492782e-01
1.364229156839676937e+00 1.365632052126312033e+02 7.853981633974492782e-01
1.217159449701192386e+00 1.371401058824497738e+02 7.853981633974492782e-01
8.951955174263365178e-01 1.381754655583903286e+02 7.853981633974492782e-01
1.151706466616697178e+00 1.396449927962334243e+02 7.853981633974492782e-01
2.662467763152963407e+00 1.399944965210684131e+02 7.853981633974492782e-01
1.052230106723294201e+00 1.414697974378169363e+02 7.853981633974492782e-01
1.133773763532878620e+00 1.427144185580878570e+02 7.853981633974492782e-01
1.487012500444981677e+00 1.433053774079826894e+02 7.853981633974492782e-01
9.627779763146259162e-01 1.443641785585315631e+02 7.853981633974492782e-01
7.593849993708827739e-01 1.456968450235388559e+02 7.853981633974492782e-01
3.339878389089748101e+00 1.462286373652012230e+02 7.853981633974492782e-01
8.574571159006417753e-01 1.475789993783581906e+02 7.853981633974492782e-01
8.802003056737647269e-01 1.486856075990374393e+02 7.853981633974492782e-01
1.991477431995968939e+00 1.494560573381856727e+02 7.853981633974492782e-01
1.013104220827424573e+00 1.504824782960478160e+02 7.853981633974492782e-01
6.126250195837331658e-01 1.513457338849166263e+02 7.853981633974492782e-01
3.920527043589776550e+00 1.524567882285859355e+02 7.853981633974492782e-01
7.925472066077066113e-01 1.531517796421037190e+02 7.853981633974492782e-01
9.226891807519452815e-01 1.543824785002630620e+02 7.853981633974492782e-01
1.916791356219003317e+00 1.556117700924147869e+02 7.853981633974492782e-01
9.159825884882673019e-01 1.564107840222048367e+02 7.853981633974492782e-01
7.457877398128809343e-01 1.572775850884619047e+02 7.853981633974492782e-01
2.608698660130004399e+00 1.586925395844058642e+02 7.853981633974492782e-01
1.381558465875431629e+00 1.590465554530880752e+02 7.853981633974492782e-01
1.074298810702869256e+00 1.604793939259953959e+02 7.853981633974492782e-01
1.615273026688596847e+00 1.618020199281011458e+02 7.853981633974492782e-01
1.001952247275853081e+00 1.624484262293398729e+02 7.853981633974492782e-01
8.029333645030545252e-01 1.634266431086123532e+02 7.853981633974492782e-01
1.784686123018777826e+00 1.649120281966315815e+02 7.853981633974492782e-01
1.909872471159160368e+00 1.652106351326216895e+02 7.853981633974492782e-01
1.092517041739425210e+00 1.666893357788537458e+02 7.853981633974492782e-01
1.383129677084771858e+00 1.679982710358338522e+02 7.853981633974492782e-01
1.154391040671344681e+00 1.685840612143072121e+02 7.853981633974492782e-01
8.520629870362249614e-01 1.696166583097141256e+02 7.853981633974492782e-01
1.279931539715119859e+00 1.711048209601893291e+02 7.853981633974492782e-01
2.400331643330820608e+00 1.714308289736823951e+02 7.853981633974492782e-01
1.048139290922091238e+00 1.729060094179943121e+02 7.853981633974492782e-01
1.167390046925267377e+00 1.741638311548382489e+02 7.853981633974492782e-01
1.393316827897230104e+00 1.747475349310170714e+02 7.853981633974492782e-01
9.224001764433774619e-01 1.758051559867535900e+02 7.853981633974492782e-01
8.597058303873850171e-01 1.772059281761087846e+02 7.853981633974492782e-01
3.045640502902360769e+00 1.776608712947577544e+02 7.853981633974492782e-01
9.139359182168239615e-01 1.790631997448498680e+02 7.853981633974492782e-01
9.325879153871946547e-01 1.802105452946091475e+02 7.853981633974492782e-01
1.828935014323123553e+00 1.809078087183319212e+02 7.853981633974492782e-01
1.002533842626914584e+00 1.819551852177293938e+02 7.853981633974492782e-01
5.861144806613270974e-01 1.829837571761491688e+02 7.853981633974492782e-01
3.872696255083122985e+00 1.838888689742965994e+02 7.853981633974492782e-01
6.981343142609289787e-01 1.848443679220029878e+02 7.853981633974492782e-01
8.396033594399302524e-01 1.859595287791629517e+02 7.853981633974492782e-01
2.012185520597997712e+00 1.870674824218737911e+02 7.853981633974492782e-01
9.218436085967579574e-01 1.879522622875962270e+02 7.853981633974492782e-01
7.027509295943350498e-01 1.887789149796485617e+02 7.853981633974492782e-01
3.064483062484131271e+00 1.901282109786090757e+02 7.853981633974492782e-01
1.144473036297002144e+00 1.905535738060248150e+02 7.853981633974492782e-01
1.030974633279466257e+00 1.919388152873674471e+02 7.853981633974492782e-01
1.694465632296311641e+00 1.932474728552003285e+02 7.853981633974492782e-01
9.556672841691407072e-01 1.939331326203550248e+02 7.853981633974492782e-01
7.734933019870370297e-01 1.948863550139185747e+02 7.853981633974492782e-01
2.025787671509330146e+00 1.963547213359154568e+02 7.853981633974492782e-01
1.693109016168943493e+00 1.966635535321179020e+02 7.853981633974492782e-01
1.075986408266233818e+00 1.981276813337994156e+02 7.853981633974492782e-01
1.431493585856152162e+00 1.994402837355438862e+02 7.853981633974492782e-01
1.093346241176284650e+00 2.000393651675600495e+02 7.853981633974492782e-01
8.202734870787997679e-01 2.010632608061887083e+02 7.853981633974492782e-01
1.431051131600244108e+00 2.025583766956252703e+02 7.853981633974492782e-01
2.180708690198595257e+00 2.028689086961955468e+02 7.853981633974492782e-01
1.048945244542576205e+00 2.043432864249649867e+02 7.853981633974492782e-01
1.212485801111644168e+00 2.056149806176920265e+02 7.853981633974492782e-01
1.306091965460050464e+00 2.061943351689748170e+02 7.853981633974492782e-01
8.867525253728839596e-01 2.072491430008691680e+02 7.853981633974492782e-01
9.777444578279426146e-01 2.086962505828522580e+02 7.853981633974492782e-01
2.780466201576817564e+00 2.090942028080489479e+02 7.853981633974492782e-01
9.571017471537096588e-01 2.105279879540817376e+02 7.853981633974492782e-01
9.925115923193008616e-01 2.117128894160057939e+02 7.853981633974492782e-01
1.672237596787133018e+00 2.123594176167390515e+02 7.853981633974492782e-01
9.773978136672358819e-01 2.134165277091969415e+02 7.853981633974492782e-01
6.246146119602183910e-01 2.146046910800927492e+02 7.853981633974492782e-01
3.631521731557670662e+00 2.153217622653837680e+02 7.853981633974492782e-01
7.300675553311773980e-01 2.164932890678460637e+02 7.853981633974492782e-01
8.192139163618362696e-01 2.175619029275748915e+02 7.853981633974492782e-01
2.078936365895192928e+00 2.185191827322149436e+02 7.853981633974492782e-01
9.630667518121571735e-01 2.194765115438985106e+02 7.853981633974492782e-01
6.802298948382553556e-01 2.202684507939536900e+02 7.853981633974492782e-01
3.472821035887429630e+00 2.215549503473485231e+02 7.853981633974492782e-01
1.016990127220860574e+00 2.220471417404033332e+02 7.853981633974492782e-01
1.016639803921550289e+00 2.233929701232087552e+02 7.853981633974492782e-01
1.816317803880207471e+00 2.246894097202677187e+02 7.853981633974492782e-01
9.436137219963006695e-01 2.254144086555709237e+02 7.853981633974492782e-01
7.904260094011126281e-01 2.263227494434325138e+02 7.853981633974492782e-01
2.210199976018548007e+00 2.277814070010323633e+02 7.853981633974492782e-01
1.662012757079577518e+00 2.280922405388484435e+02 7.853981633974492782e-01
1.119424330004635149e+00 2.295611471880958732e+02 7.853981633974492782e-01
1.567705100440821564e+00 2.308923506650290562e+02 7.853981633974492782e-01
1.057692564296043525e+00 2.315111266436728386e+02 7.853981633974492782e-01
8.443336285553599829e-01 2.325029665024604810e+02 7.853981633974492782e-01
1.580161245233017375e+00 2.339945343433992662e+02 7.853981633974492782e-01
2.169679096194996326e+00 2.342930654675173798e+02 7.853981633974492782e-01
1.119455451060540563e+00 2.357859274765628754e+02 7.853981633974492782e-01
1.361108600341526920e+00 2.370939159762026236e+02 7.853981633974492782e-01
1.214861681465965182e+00 2.376711713947712781e+02 7.853981633974492782e-01
8.917685946873604719e-01 2.387070622186555227e+02 7.853981633974492782e-01
1.155610331579632666e+00 2.401778958356256908e+02 7.853981633974492782e-01
2.646102068471180679e+00 2.405264294531547762e+02 7.853981633974492782e-01
1.049924078124180760e+00 2.420010454881320641e+02 7.853981633974492782e-01
1.132376177986750942e+00 2.432453196617374829e+02 7.853981633974492782e-01
1.484464666916245124e+00 2.438365306116517104e+02 7.853981633974492782e-01
9.604294563203453761e-01 2.448954254683975762e+02 7.853981633974492782e-01
7.616086802127730593e-01 2.462308255881880257e+02 7.853981633974492782e-01
3.326697212116194180e+00 2.467601400488439367e+02 7.853981633974492782e-01
8.584788490365385938e-01 2.481119836723914318e+02 7.853981633974492782e-01
8.809916883362017836e-01 2.492195898265906067e+02 7.853981633974492782e-01
1.985968002370220198e+00 2.499880000650914837e+02 7.853981633974492782e-01
1.012378819092905724e+00 2.510151374433368403e+02 7.853981633974492782e-01
6.103929030513300935e-01 2.518840469242240943e+02 7.853981633974492782e-01
3.921199499987017223e+00 2.529883143785857555e+02 7.853981633974492782e-01
7.863105074302215725e-01 2.536920175638758508e+02 7.853981633974492782e-01
9.184388911614073114e-01 2.549181782630584507e+02 7.853981633974492782e-01
1.917397590458402856e+00 2.561440180210512381e+02 7.853981633974492782e-01
9.146933889354591507e-01 2.569457908169908933e+02 7.853981633974492782e-01
7.421380788084754876e-01 2.578125558061520906e+02 7.853981633974492782e-01
2.625287138097746276e+00 2.592246286481279185e+02 7.853981633974492782e-01
1.365995964934582529e+00 2.595819148312385209e+02 7.853981633974492782e-01
1.069502496870132546e+00 2.610120640962087464e+02 7.853981633974492782e-01
1.612223992498476033e+00 2.623333688593195347e+02 7.853981633974492782e-01
9.990652316086992002e-01 2.629806726284351157e+02 7.853981633974492782e-01
7.984925062811796259e-01 2.639597926615917345e+02 7.853981633974492782e-01
1.792894170692188371e+00 2.654445708251237761e+02 7.853981633974492782e-01
1.890809998488583998e+00 2.657439596118910003e+02 7.853981633974492782e-01
1.086835771822439511e+00 2.672206665546482895e+02 7.853981633974492782e-01
1.376560206610476511e+00 2.685280000970104766e+02 7.853981633974492782e-01
1.153122641937749826e+00 2.691139521582306884e+02 7.853981633974492782e-01
8.479926195387351706e-01 2.701477576069813722e+02 7.853981633974492782e-01
1.280282422827397903e+00 2.716366832079719416e+02 7.853981633974492782e-01
2.384987025992046927e+00 2.719627009391700767e+02 7.853981633974492782e-01
1.042884597211851450e+00 2.734361770094565145e+02 7.853981633974492782e-01
1.161119212459454930e+00 2.746920884596205497e+02 7.853981633974492782e-01
1.394753534039704368e+00 2.752768226749607834e+02 7.853981633974492782e-01
9.199846354833579598e-01 2.763348865792777929e+02 7.853981633974492782e-01
8.569848782071901594e-01 2.777358425715866019e+02 7.853981633974492782e-01
3.038484008827416982e+00 2.781918688158186228e+02 7.853981633974492782e-01
9.103693164843207342e-01 2.795923132260844568e+02 7.853981633974492782e-01
9.295021430785486150e-01 2.807382130597248988e+02 7.853981633974492782e-01
1.830204857950375574e+00 2.814378085633889555e+02 7.853981633974492782e-01
1.000864722148091523e+00 2.824846682655361860e+02 7.853981633974492782e-01
5.855462478451183284e-01 2.835129636841783167e+02 7.853981633974492782e-01
3.866597035369414126e+00 2.844197680851240193e+02 7.853981633974492782e-01
6.978526291326344611e-01 2.853733863571871439e+02 7.853981633974492782e-01
8.393314187136284854e-01 2.864892571728572648e+02 7.853981633974492782e-01
2.008509819507406924e+00 2.875981894166077382e+02 7.853981633974492782e-01
9.206687877429252653e-01 2.884823470013455449e+02 7.853981633974492782e-01
7.007848420745619311e-01 2.893112293637167340e+02 7.853981633974492782e-01
3.062672801566969749e+00 2.906593835733880837e+02 7.853981633974492782e-01
1.139632619784022527e+00 2.910862917970175658e+02 7.853981633974492782e-01
1.027910054609481927e+00 2.924703022891379760e+02 7.853981633974492782e-01
1.689075250112298088e+00 2.937780356814319589e+02 7.853981633974492782e-01
9.542927773984615225e-01 2.944634666075763789e+02 7.853981633974492782e-01
7.699990654487272046e-01 2.954185463972305001e+02 7.853981633974492782e-01
2.026797503067381268e+00 2.968862795596676278e+02 7.853981633974492782e-01
1.681744744015087667e+00 2.971961288536452912e+02 7.853981633974492782e-01
1.070659845640008268e+00 2.986585591173675311e+02 7.853981633974492782e-01
1.423090672405660007e+00 2.999694452535524647e+02 7.853981633974492782e-01
1.093330146605051123e+00 3.005681468776541578e+02 7.853981633974492782e-01
8.166958594846369657e-01 3.015937972250027315e+02 7.853981633974492782e-01
1.427047421605045496e+00 3.030892815272769099e+02 7.853981633974492782e-01
2.170587972495263251e+00 3.034003951179799401e+02 7.853981633974492782e-01
1.042874066692476065e+00 3.048729012895610140e+02 7.853981633974492782e-01
1.203418266841530748e+00 3.061420620879918033e+02 7.853981633974492782e-01
1.309833057999530759e+00 3.067222865638849498e+02 7.853981633974492782e-01
8.848304898861376611e-01 3.077779417974287526e+02 7.853981633974492782e-01
9.702822787207679989e-01 3.092242779458040900e+02 7.853981633974492782e-01
2.779584577079962315e+00 3.096247177567747713e+02 7.853981633974492782e-01
9.511997054213848779e-01 3.110556606335782703e+02 7.853981633974492782e-01
9.857321961374151398e-01 3.122374142396483307e+02 7.853981633974492782e-01
1.679647496887665792e+00 3.128877420378411784e+02 7.853981633974492782e-01
9.765677960249695699e-01 3.139443229577904049e+02 7.853981633974492782e-01
6.207494218753841775e-01 3.151265167871122230e+02 7.853981633974492782e-01
3.636228069634212190e+00 3.158519889786226145e+02 7.853981633974492782e-01
7.260575912412976507e-01 3.170144102593720845e+02 7.853981633974492782e-01
8.182148062749312611e-01 3.180835974183887629e+02 7.853981633974492782e-01
2.074969143623804690e+00 3.190485254779698039e+02 7.853981633974492782e-01
9.598686712790818198e-01 3.200027520211746150e+02 7.853981633974492782e-01
6.796811661015497164e-01 3.207976795670365959e+02 7.853981633974492782e-01
3.454954392243574812e+00 3.220857091515588309e+02 7.853981633974492782e-01
1.017921686080006216e+00 3.225767017939996322e+02 7.853981633974492782e-01
1.014876440639879585e+00 3.239230562790014574e+02 7.853981633974492782e-01
1.807426383837906547e+00 3.252193576907167767e+02 7.853981633974492782e-01
9.424248649526885124e-01 3.259428950758641008e+02 7.853981633974492782e-01
7.861624936471467429e-01 3.268547445000875769e+02 7.853981633974492782e-01
2.207664209272044431e+00 3.283127777087642016e+02 7.853981633974492782e-01
1.650117699599226384e+00 3.286248595227836518e+02 7.853981633974492782e-01
1.112336982266926677e+00 3.300917325999599825e+02 7.853981633974492782e-01
1.553522381435722188e+00 3.314206919316883955e+02 7.853981633974492782e-01
1.057888212218625945e+00 3.320380854756966187e+02 7.853981633974492782e-01
8.384180317889378120e-01 3.330336138201066660e+02 7.853981633974492782e-01
1.574606010411197410e+00 3.345256514889106825e+02 7.853981633974492782e-01
2.152665076539877820e+00 3.348250722415974110e+02 7.853981633974492782e-01
1.109277186401179449e+00 3.363150720260318280e+02 7.853981633974492782e-01
1.343132661293791719e+00 3.376189902171157087e+02 7.853981633974492782e-01
1.220934275272690162e+00 3.381959826415755970e+02 7.853981633974492782e-01
8.878016817235887537e-01 3.392347418004021051e+02 7.853981633974492782e-01
1.141216902917407072e+00 3.407051898424576279e+02 7.853981633974492782e-01
2.642650453214232975e+00 3.410567561131383627e+02 7.853981633974492782e-01
1.038886423100145340e+00 3.425273982713792975e+02 7.853981633974492782e-01
1.115792336605264667e+00 3.437657150145729474e+02 7.853981633974492782e-01
1.500104519491553434e+00 3.443610828423492194e+02 7.853981633974492782e-01
9.602815736663636859e-01 3.454206022841178765e+02 7.853981633974492782e-01
7.461558049285599292e-01 3.467464192721873246e+02 7.853981633974492782e-01
3.347313379074068340e+00 3.472892339917174240e+02 7.853981633974492782e-01
8.448547272009979681e-01 3.486287912482353022e+02 7.853981633974492782e-01
8.714143906820350782e-01 3.497298484417526652e+02 7.853981633974492782e-01
2.002362422251902530e+00 3.505135427298595232e+02 7.853981633974492782e-01
1.008657765559391795e+00 3.515357863645378416e+02 7.853981633974492782e-01
6.161939216764725780e-01 3.523908277611053563e+02 7.853981633974492782e-01
3.893516079366566185e+00 3.535175379250152332e+02 7.853981633974492782e-01
8.050540972457981281e-01 3.541941540791229386e+02 7.853981633974492782e-01
9.290541933140850084e-01 3.554345088481479706e+02 7.853981633974492782e-01
1.905084233172059438e+00 3.566705454532510089e+02 7.853981633974492782e-01
9.160170393267853539e-01 3.574630118632910012e+02 7.853981633974492782e-01
7.467099392472754671e-01 3.583349605928268033e+02 7.853981633974492782e-01
2.576663542974893417e+00 3.597530425703792503e+02 7.853981633974492782e-01
1.394510272572621501e+00 3.601040877253027475e+02 7.853981633974492782e-01
1.073984140843344148e+00 3.615387288945934756e+02 7.853981633974492782e-01
1.604199514628088519e+00 3.628610614224926962e+02 7.853981633974492782e-01
1.005014950474183433e+00 3.635045367016277851e+02 7.853981633974492782e-01
8.022078404146610886e-01 3.644859994931147753e+02 7.853981633974492782e-01
1.767341586716210111e+00 3.659721686884473684e+02 7.853981633974492782e-01
1.916992270205786664e+00 3.662710171146404150e+02 7.853981633974492782e-01
1.088802429484380552e+00 3.677492004811655306e+02 7.853981633974492782e-01
1.371733930410425462e+00 3.690560436496695047e+02 7.853981633974492782e-01
1.160485036357532973e+00 3.696407981314440576e+02 7.853981633974492782e-01
8.519533056201964438e-01 3.706753745196379555e+02 7.853981633974492782e-01
1.263913045556521508e+00 3.721628913731118473e+02 7.853981633974492782e-01
2.411633952626377919e+00 3.724912477763526226e+02 7.853981633974492782e-01
1.042526981636643590e+00 3.739645746740522441e+02 7.853981633974492782e-01
1.155938999212409390e+00 3.752186692586532786e+02 7.853981633974492782e-01
1.405682259850223215e+00 3.758042972848529644e+02 7.853981633974492782e-01
9.242679109540874460e-01 3.768625928219975094e+02 7.853981633974492782e-01
8.439763274045640751e-01 3.782567448929592047e+02 7.853981633974492782e-01
3.070953182842337981e+00 3.787208555535225400e+02 7.853981633974492782e-01
9.041387726367909883e-01 3.801162423367763949e+02 7.853981633974492782e-01
9.226441179129217796e-01 3.812573155734314696e+02 7.853981633974492782e-01
1.849398935667977417e+00 3.819645028750820188e+02 7.853981633974492782e-01
1.002804196934229175e+00 3.830095196219350555e+02 7.853981633974492782e-01
5.850934882748149990e-01 3.840178573506887005e+02 7.853981633974492782e-01
3.884549831327307690e+00 3.849488039759204980e+02 7.853981633974492782e-01
7.009774321837300981e-01 3.858724511612714423e+02 7.853981633974492782e-01
8.456886294282563998e-01 3.869991920646565973e+02 7.853981633974492782e-01
1.994922979092376591e+00 3.881246019136787027e+02 7.853981633974492782e-01
9.168420812929055641e-01 3.889989084805299058e+02 7.853981633974492782e-01
7.025317183199849547e-01 3.898342369715724658e+02 7.853981633974492782e-01
3.011499629112293963e+00 3.911888605272171731e+02 7.853981633974492782e-01
1.155204253218504951e+00 3.916089548421858808e+02 7.853981633974492782e-01
1.028110371871940432e+00 3.929968745934300500e+02 7.853981633974492782e-01
1.671930067507877204e+00 3.943051779030867010e+02 7.853981633974492782e-01
9.565571308698723740e-01 3.949856211015301710e+02 7.853981633974492782e-01
7.676584650292881395e-01 3.959464136621976422e+02 7.853981633974492782e-01
2.001051067497691349e+00 3.974155454504104910e+02 7.853981633974492782e-01
1.686553348437443756e+00 3.977252057628593889e+02 7.853981633974492782e-01
1.064460758662488571e+00 3.991868392953795137e+02 7.853981633974492782e-01
1.405146687846815512e+00 4.004948299172778547e+02 7.853981633974492782e-01
1.099655388408873558e+00 4.010914045994314279e+02 7.853981633974492782e-01
8.147010689236816594e-01 4.021206005717794483e+02 7.853981633974492782e-01
1.404147689049286107e+00 4.036163725647492129e+02 7.853981633974492782e-01
2.178431446182809594e+00 4.039295782445815348e+02 7.853981633974492782e-01
1.034192731429310008e+00 4.053995869781034003e+02 7.853981633974492782e-01
1.185794560722805535e+00 4.066637192102629683e+02 7.853981633974492782e-01
1.324097506334671603e+00 4.072456569898288308e+02 7.853981633974492782e-01
8.858110551931999144e-01 4.083027324590818807e+02 7.853981633974492782e-01
9.468980846457424327e-01 4.097437649662882677e+02 7.853981633974492782e-01
2.805461310682594522e+00 4.101531382179949219e+02 7.853981633974492782e-01
9.391095672392113514e-01 4.115773128288623752e+02 7.853981633974492782e-01
9.703418810814233852e-01 4.127510648554333557e+02 7.853981633974492782e-01
1.705339020377193648e+00 4.134114535693946095e+02 7.853981633974492782e-01
9.783401024684037495e-01 4.144664357087631288e+02 7.853981633974492782e-01
6.097672023807689801e-01 4.156250067879608423e+02 7.853981633974492782e-01
3.670765173733449238e+00 4.163801585076631682e+02 7.853981633974492782e-01
7.148823828105137501e-01 4.175105824103334271e+02 7.853981633974492782e-01
8.171723370559380584e-01 4.185828265580954621e+02 7.853981633974492782e-01
2.066122620258513898e+00 4.195737020010314495e+02 7.853981633974492782e-01
9.512330866327254331e-01 4.205168842078120406e+02 7.853981633974492782e-01
6.822031368240197846e-01 4.213174400674768663e+02 7.853981633974492782e-01
3.390022240256748365e+00 4.226152880211318461e+02 7.853981633974492782e-01
1.033499002019965252e+00 4.230962011539775176e+02 7.853981633974492782e-01
1.015527256199045381e+00 4.244483097481961522e+02 7.853981633974492782e-01
1.785066203199795698e+00 4.257464402474406597e+02 7.853981633974492782e-01
9.423169448767995116e-01 4.264638374801569398e+02 7.853981633974492782e-01
7.802182943671239768e-01 4.273843779416521329e+02 7.853981633974492782e-01
2.183427978803990754e+00 4.288429707880358706e+02 7.853981633974492782e-01
1.642506922167140671e+00 4.291558882226736387e+02 7.853981633974492782e-01
1.100840059014672523e+00 4.306204010676464691e+02 7.853981633974492782e-01
1.524518355598445618e+00 4.319452557524143117e+02 7.853981633974492782e-01
1.061598071277933597e+00 4.325589271889185170e+02 7.853981633974492782e-01
8.297951358502465569e-01 4.335617933199388290e+02 7.853981633974492782e-01
1.552565411024753317e+00 4.350547528275782838e+02 7.853981633974492782e-01
2.136540184747437898e+00 4.353562209285993276e+02 7.853981633974492782e-01
1.091520629452934932e+00 4.368414464501094585e+02 7.853981633974492782e-01
1.308896113442107101e+00 4.381374746835846850e+02 7.853981633974492782e-01
1.236272987524030809e+00 4.387141352077561010e+02 7.853981633974492782e-01
8.830668088082721523e-01 4.397579467143462466e+02 7.853981633974492782e-01
1.107174558064235592e+00 4.412260053099767561e+02 7.853981633974492782e-01
2.652511156144367277e+00 4.415853376424665271e+02 7.853981633974492782e-01
1.018064970506223021e+00 4.430479889825781470e+02 7.853981633974492782e-01
1.083779089333998247e+00 4.442741153479095146e+02 7.853981633974492782e-01
1.535325883340587838e+00 4.448789542924828311e+02 7.853981633974492782e-01
9.620981449744760994e-01 4.459391399898797772e+02 7.853981633974492782e-01
7.142214291440580620e-01 4.472410169183738162e+02 7.853981633974492782e-01
3.401648287543399096e+00 4.478158718484729093e+02 7.853981633974492782e-01
8.164903807194657803e-01 4.491263548855982322e+02 7.853981633974492782e-01
8.534700596371992409e-01 4.502146831384101233e+02 7.853981633974492782e-01
2.034419876030460816e+00 4.510331230868313810e+02 7.853981633974492782e-01
1.000390164463355935e+00 4.520435831071438884e+02 7.853981633974492782e-01
6.310737621822700705e-01 4.528717298960214634e+02 7.853981633974492782e-01
3.821448971945847983e+00 4.540446866219708113e+02 7.853981633974492782e-01
8.516057586321487127e-01 4.546661377105812107e+02 7.853981633974492782e-01
9.533322229047148655e-01 4.559364959396681911e+02 7.853981633974492782e-01
1.883462534267136057e+00 4.571923314640424110e+02 7.853981633974492782e-01
9.215573363532586493e-01 4.579657952263762013e+02 7.853981633974492782e-01
7.597078163004011842e-01 4.588465956051790045e+02 7.853981633974492782e-01
2.473709194288427504e+00 4.602777898198887669e+02 7.853981633974492782e-01
1.466933852162958019e+00 4.606151017537911230e+02 7.853981633974492782e-01
1.088494547696611470e+00 4.620605845137824872e+02 7.853981633974492782e-01
1.596622759003714087e+00 4.633863276278299850e+02 7.853981633974492782e-01
1.019311121788383456e+00 4.640226684064512028e+02 7.853981633974492782e-01
8.151855719971504710e-01 4.650063298919671411e+02 7.853981633974492782e-01
1.714856009546048554e+00 4.664950263053570438e+02 7.853981633974492782e-01
1.989601113321475490e+00 4.667924510111412246e+02 7.853981633974492782e-01
1.100505236883352556e+00 4.682758592642639428e+02 7.853981633974492782e-01
1.374001148096141600e+00 4.695842906028442485e+02 7.853981633974492782e-01
1.174168521263600162e+00 4.701669477303154281e+02 7.853981633974492782e-01
8.644255056749965416e-01 4.712009691472380268e+02 7.853981633974492782e-01
1.237408091770093810e+00 4.726846284699495300e+02 7.853981633974492782e-01
2.477995862330308441e+00 4.730171182167046595e+02 7.853981633974492782e-01
1.049208469356331941e+00 4.744925036508290077e+02 7.853981633974492782e-01
1.156132473480109057e+00 4.757462430757801712e+02 7.853981633974492782e-01
1.421757458151734488e+00 4.763319001896797431e+02 7.853981633974492782e-01
9.346753386588146917e-01 4.773899999720061373e+02 7.853981633974492782e-01
8.266167861935201921e-01 4.787720925926703899e+02 7.853981633974492782e-01
3.134842851593672819e+00 4.792485703691723984e+02 7.853981633974492782e-01
8.980437839535798661e-01 4.806375538150522289e+02 7.853981633974492782e-01
9.153433249381178749e-01 4.817723752768830536e+02 7.853981633974492782e-01
1.880002329121617910e+00 4.824895949561766884e+02 7.853981633974492782e-01
1.007816459735976000e+00 4.835319850136052651e+02 7.853981633974492782e-01
5.869751081611236376e-01 4.845072509063160169e+02 7.853981633974492782e-01
3.916608852104934257e+00 4.854766673535080486e+02 7.853981633974492782e-01
7.105389061910061255e-01 4.863515268860117544e+02 7.853981633974492782e-01
8.585850191717404600e-01 4.874974903113122764e+02 7.853981633974492782e-01
1.976983557952399329e+00 4.886481583356089686e+02 7.853981633974492782e-01
9.133133243088521480e-01 4.895064539283291651e+02 7.853981633974492782e-01
7.091341012724560189e-01 4.903493496829491392e+02 7.853981633974492782e-01
2.926804474139292012e+00 4.917167241586561204e+02 7.853981633974492782e-01
1.192215830184525593e+00 4.921228481244299360e+02 7.853981633974492782e-01
1.034041566809609902e+00 4.935194771901089439e+02 7.853981633974492782e-01
1.652605663392334945e+00 4.948302104582229504e+02 7.853981633974492782e-01
9.635757195774451445e-01 4.955026381909145812e+02 7.853981633974492782e-01
7.704079434846063945e-01 4.964696129023606659e+02 7.853981633974492782e-01
1.955032112183473059e+00 4.979422745730892075e+02 7.853981633974492782e-01
1.717233389560158807e+00 4.982498575836422106e+02 7.853981633974492782e-01
1.063845600457023810e+00 4.997132741105504579e+02 7.853981633974492782e-01
1.390038076457461358e+00 5.010194282747438592e+02 7.853981633974492782e-01
1.111166310651245270e+00 5.016131471724502831e+02 7.853981633974492782e-01
8.182710907612857909e-01 5.026450962549961901e+02 7.853981633974492782e-01
1.372115959331406732e+00 5.041404291336125993e+02 7.853981633974492782e-01
2.212449480433730908e+00 5.044564350736063716e+02 7.853981633974492782e-01
1.030578184827121158e+00 5.059255823067771871e+02 7.853981633974492782e-01
1.172250867315567824e+00 5.071856586611436342e+02 7.853981633974492782e-01
1.342573192436530505e+00 5.077690638565302379e+02 7.853981633974492782e-01
8.914283967713408918e-01 5.088270016883470248e+02 7.853981633974492782e-01
9.203007723318578082e-01 5.102595176301917945e+02 7.853981633974492782e-01
2.854102408979318106e+00 5.106804870875157008e+02 7.853981633974492782e-01
9.286930672165195633e-01 5.120977272372913376e+02 7.853981633974492782e-01
9.561743664257956743e-01 5.132631665565995718e+02 7.853981633974492782e-01
1.737350639471248348e+00 5.139346043402044870e+02 7.853981633974492782e-01
9.828911297952911408e-01 5.149875818096055582e+02 7.853981633974492782e-01
5.992346944885311721e-01 5.161145709286149668e+02 7.853981633974492782e-01
3.721073398522900089e+00 5.169075938071700875e+02 7.853981633974492782e-01
7.045598129371601903e-01 5.179961420463216655e+02 7.853981633974492782e-01
8.188025043966076222e-01 5.190749701563322560e+02 7.853981633974492782e-01
2.054214913670354026e+00 5.200974473561939249e+02 7.853981633974492782e-01
9.418014437300817887e-01 5.210263676152476364e+02 7.853981633974492782e-01
6.864136073608696487e-01 5.218334668275834929e+02 7.853981633974492782e-01
3.308039964868473071e+00 5.231442620673883539e+02 7.853981633974492782e-01
1.056912821579282680e+00 5.236114786169792978e+02 7.853981633974492782e-01
1.017941428645727564e+00 5.249715579675405479e+02 7.853981633974492782e-01
1.759402826356297744e+00 5.262722930718712178e+02 7.853981633974492782e-01
9.437588223947519506e-01 5.269817096581608666e+02 7.853981633974492782e-01
7.755929334079918469e-01 5.279119345316049703e+02 7.853981633974492782e-01
2.147648518252545102e+00 5.293721761592339590e+02 7.853981633974492782e-01
1.644056598623847121e+00 5.296850055748915338e+02 7.853981633974492782e-01
1.090503802792687882e+00 5.311480339914004389e+02 7.853981633974492782e-01
1.494645906993260276e+00 5.324687793141905559e+02 7.853981633974492782e-01
1.067846983970105690e+00 5.330782417866932974e+02 7.853981633974492782e-01
8.232881516251026044e-01 5.340883138039120013e+02 7.853981633974492782e-01
1.522689602540171716e+00 5.355822017165750140e+02 7.853981633974492782e-01
2.132625228695935959e+00 5.358860106139323989e+02 7.853981633974492782e-01
1.075244801299805708e+00 5.373669557499198390e+02 7.853981633974492782e-01
1.275823716612201730e+00 5.386550430016643531e+02 7.853981633974492782e-01
1.254524337949476154e+00 5.392319327913161260e+02 7.853981633974492782e-01
8.807627319065897131e-01 5.402800916961518851e+02 7.853981633974492782e-01
1.069411551847193165e+00 5.417441459568583468e+02 7.853981633974492782e-01
2.675363312957706796e+00 5.421130695148003724e+02 7.853981633974492782e-01
9.978192002227567192e-01 5.435672522472060564e+02 7.853981633974492782e-01
1.053043720350959500e+00 5.447807615336016624e+02 7.853981633974492782e-01
1.574016584291484833e+00 5.453967802546928851e+02 7.853981633974492782e-01
9.652543451265150898e-01 5.464568708502420122e+02 7.853981633974492782e-01
6.833838121757425110e-01 5.477298119045982503e+02 7.853981633974492782e-01
3.464489615148658608e+00 5.483421335910176140e+02 7.853981633974492782e-01
7.880128984607244202e-01 5.496177601160169388e+02 7.853981633974492782e-01
8.383804417286263577e-01 5.506954557690471574e+02 7.853981633974492782e-01
2.059591091491985271e+00 5.515527720332104309e+02 7.853981633974492782e-01
9.905255030164843433e-01 5.525492327440942972e+02 7.853981633974492782e-01
6.475706938449101724e-01 5.533570222969955239e+02 7.853981633974492782e-01
3.729022363937031681e+00 5.545718326648544689e+02 7.853981633974492782e-01
9.035121783418714747e-01 5.551445084769688947e+02 7.853981633974492782e-01
9.771233227511161301e-01 5.564425764772352068e+02 7.853981633974492782e-01
1.864923930778719985e+00 5.577148365841389932e+02 7.853981633974492782e-01
9.289380442165172669e-01 5.584711826392409648e+02 7.853981633974492782e-01
7.733843270946002546e-01 5.593595905298482194e+02 7.853981633974492782e-01
2.378323671025426300e+00 5.608022500462154767e+02 7.853981633974492782e-01
1.542223037542254538e+00 5.611277349593844974e+02 7.853981633974492782e-01
1.104263178538050560e+00 5.625834982213539206e+02 7.853981633974492782e-01
1.594533946787358714e+00 5.639128210832458308e+02 7.853981633974492782e-01
1.033230834471920101e+00 5.645433115187188378e+02 7.853981633974492782e-01
8.296041220633530999e-01 5.655276575897322573e+02 7.853981633974492782e-01
1.667847969564776767e+00 5.670178463180182007e+02 7.853981633974492782e-01
2.065608360390174258e+00 5.673144216059943119e+02 7.853981633974492782e-01
1.114510097182203285e+00 5.688034123202036199e+02 7.853981633974492782e-01
1.381703328161003608e+00 5.701144550616680817e+02 7.853981633974492782e-01
1.185428407898978964e+00 5.706954110361758694e+02 7.853981633974492782e-01
8.774987540969433342e-01 5.717279783300483587e+02 7.853981633974492782e-01
1.216803712952034600e+00 5.732074515175843317e+02 7.853981633974492782e-01
2.542999604518944246e+00 5.735435800893693568e+02 7.853981633974492782e-01
1.057967425072786183e+00 5.750216633838858797e+02 7.853981633974492782e-01
1.160370064947768620e+00 5.762763760628791943e+02 7.853981633974492782e-01
1.433494561593892769e+00 5.768613269942729858e+02 7.853981633974492782e-01
9.445044524561513333e-01 5.779190206139659267e+02 7.853981633974492782e-01
8.146378923879725731e-01 5.792908696591961188e+02 7.853981633974492782e-01
3.190767315912136581e+00 5.797769763429135992e+02 7.853981633974492782e-01
8.945785904928620358e-01 5.811613891412598605e+02 7.853981633974492782e-01
9.109954728131689494e-01 5.822917797656348284e+02 7.853981633974492782e-01
1.904496561944076349e+00 5.830162488043862368e+02 7.853981633974492782e-01
1.012389298553397543e+00 5.840565956397152831e+02 7.853981633974492782e-01
5.904743194605280854e-01 5.850050162301837418e+02 7.853981633974492782e-01
3.940081314348465646e+00 5.860051633691099369e+02 7.853981633974492782e-01
7.222878834985093643e-01 5.868403662030696069e+02 7.853981633974492782e-01
8.710399659980282427e-01 5.880032473510755153e+02 7.853981633974492782e-01
1.964969119957820531e+00 5.891731340788040825e+02 7.853981633974492782e-01
9.124301421531174627e-01 5.900184789890603270e+02 7.853981633974492782e-01
7.169606047477893318e-01 5.908659291534750082e+02 7.853981633974492782e-01
2.857124860843372804e+00 5.922446661632166069e+02 7.853981633974492782e-01
1.230532132302619264e+00 5.926381421721432616e+02 7.853981633974492782e-01
1.042547462518295776e+00 5.940431429669819181e+02 7.853981633974492782e-01
1.642991458252925252e+00 5.953567383148393901e+02 7.853981633974492782e-01
9.713745596578206021e-01 5.960229760081617769e+02 7.853981633974492782e-01
7.768321334042452841e-01 5.969928912298288424e+02 7.853981633974492782e-01
1.916491332717464413e+00 5.984688794138794492e+02 7.853981633974492782e-01
1.756545737022620957e+00 5.987739654255922233e+02 7.853981633974492782e-01
1.069399282371539917e+00 6.002406901962274333e+02 7.853981633974492782e-01
1.386995893297100269e+00 6.015472471805352370e+02 7.853981633974492782e-01
1.120798112058376983e+00 6.021390296414489285e+02 7.853981633974492782e-01
8.252251665812829762e-01 6.031713872403204277e+02 7.853981633974492782e-01
1.350580271411622846e+00 6.046656514631832806e+02 7.853981633974492782e-01
2.252125749922872622e+00 6.049835614457219890e+02 7.853981633974492782e-01
1.034070416971545781e+00 6.064539910983618256e+02 7.853981633974492782e-01
1.170487372957796479e+00 6.077134109509057680e+02 7.853981633974492782e-01
1.354031140486845031e+00 6.082969218242861871e+02 7.853981633974492782e-01
8.981567081329525637e-01 6.093548268599146240e+02 7.853981633974492782e-01
9.060901186026139031e-01 6.107808212403346033e+02 7.853981633974492782e-01
2.895970265265732202e+00 6.112089659157414872e+02 7.853981633974492782e-01
9.257876280016273940e-01 6.126232830081294196e+02 7.853981633974492782e-01
9.508922225337419487e-01 6.137848434418227725e+02 7.853981633974492782e-01
1.757276945393418499e+00 6.144615954907718560e+02 7.853981633974492782e-01
9.875918603678871532e-01 6.155135115660533529e+02 7.853981633974492782e-01
5.946084976666416999e-01 6.166193932289219219e+02 7.853981633974492782e-01
3.758532493242851213e+00 6.174363255742759975e+02 7.853981633974492782e-01
7.004014420176696287e-01 6.184976939573667778e+02 7.853981633974492782e-01
8.216608594691540146e-01 6.195821467025386937e+02 7.853981633974492782e-01
2.047665260197807147e+00 6.206238625600278738e+02 7.853981633974492782e-01
9.370988061733970254e-01 6.215436042623514368e+02 7.853981633974492782e-01
6.906002383265675837e-01 6.223536423609581334e+02 7.853981633974492782e-01
3.255561538789034870e+00 6.236736926841133482e+02 7.853981633974492782e-01
1.076466738290612790e+00 6.241307581821816939e+02 7.853981633974492782e-01
1.021764179447484988e+00 6.254969649936444966e+02 7.853981633974492782e-01
1.746541382256258101e+00 6.267999561021214276e+02 7.853981633974492782e-01
9.462878380746505558e-01 6.275041499156579903e+02 7.853981633974492782e-01
7.758066210212830605e-01 6.284390902309053217e+02 7.853981633974492782e-01
2.120959487149441713e+00 6.299012602586019511e+02 7.853981633974492782e-01
1.656581637387175121e+00 6.302129086648944849e+02 7.853981633974492782e-01
1.088525840215379459e+00 6.316765822521813334e+02 7.853981633974492782e-01
1.482684930335584239e+00 6.329960180398638840e+02 7.853981633974492782e-01
1.072923131315081102e+00 6.336032037333012568e+02 7.853981633974492782e-01
8.231022645550535310e-01 6.346160351056277023e+02 7.853981633974492782e-01
1.504124514852677841e+00 6.361102190866275805e+02 7.853981633974492782e-01
2.143697923350686985e+00 6.364151925783683055e+02 7.853981633974492782e-01
1.070736620396161465e+00 6.378951335876741950e+02 7.853981633974492782e-01
1.263786145255503035e+00 6.391802841763918650e+02 7.853981633974492782e-01
1.264249273683823116e+00 6.397572783435040265e+02 7.853981633974492782e-01
8.820921249938574737e-01 6.408068519467165061e+02 7.853981633974492782e-01
1.051243817877474340e+00 6.422679729589381168e+02 7.853981633974492782e-01
2.696212909164803939e+00 6.426420391129540803e+02 7.853981633974492782e-01
9.904423310733212471e-01 6.440927596923861529e+02 7.853981633974492782e-01
1.041101651616692658e+00 6.453009399277428884e+02 7.853981633974492782e-01
1.592838373960023812e+00 6.459221061084950861e+02 7.853981633974492782e-01
9.680555713907538218e-01 6.469819080352680203e+02 7.853981633974492782e-01
6.701926744234851796e-01 6.482393571396495418e+02 7.853981633974492782e-01
3.499595595427325012e+00 6.488707740813066494e+02 7.853981633974492782e-01
7.755929635712510706e-01 6.501284213745548186e+02 7.853981633974492782e-01
8.329330210266296941e-01 6.512022838578783421e+02 7.853981633974492782e-01
2.069414767907327590e+00 6.520785655616134591e+02 7.853981633974492782e-01
9.859783271533507643e-01 6.530678911577657573e+02 7.853981633974492782e-01
6.559989275361974848e-01 6.538677136223300295e+02 7.853981633974492782e-01
3.681038105850098940e+00 6.551009468807628764e+02 7.853981633974492782e-01
9.301775152002780267e-01 6.556523370205323999e+02 7.853981633974492782e-01
9.885935106659108351e-01 6.569628673952300915e+02 7.853981633974492782e-01
1.858106507465826951e+00 6.582420669643851170e+02 7.853981633974492782e-01
9.332172345025304683e-01 6.589909436183929756e+02 7.853981633974492782e-01
7.807631060632937992e-01 6.598821593498332732e+02 7.853981633974492782e-01
2.334847857271192151e+00 6.613299109801243958e+02 7.853981633974492782e-01
1.581117420108296923e+00 6.616501277889885841e+02 7.853981633974492782e-01
1.113174943882386136e+00 6.631109477291265648e+02 7.853981633974492782e-01
1.597073703157849245e+00 6.644423421567905734e+02 7.853981633974492782e-01
1.039789902981653302e+00 6.650705858219845368e+02 7.853981633974492782e-01
8.378113386907948268e-01 6.660543021159562613e+02 7.853981633974492782e-01
1.647326366052724422e+00 6.675448087813950906e+02 7.853981633974492782e-01
2.105842541769477716e+00 6.678410541117184493e+02 7.853981633974492782e-01
1.123302465816629736e+00 6.693332187248726086e+02 7.853981633974492782e-01
1.389501822324681779e+00 6.706463545631019088e+02 7.853981633974492782e-01
1.189349655519738480e+00 6.712266935612642555e+02 7.853981633974492782e-01
8.845690055107943151e-01 6.722578525961380365e+02 7.853981633974492782e-01
1.210393598167037954e+00 6.737352207819852765e+02 7.853981633974492782e-01
2.574735730945069800e+00 6.740726074870092361e+02 7.853981633974492782e-01
1.064275606060254731e+00 6.755526756412127725e+02 7.853981633974492782e-01
1.165939752853455857e+00 6.768090275072784152e+02 7.853981633974492782e-01
1.435827689023529974e+00 6.773929842825249352e+02 7.853981633974492782e-01
9.490995896667070442e-01 6.784502710266476697e+02 7.853981633974492782e-01
8.126947759697643603e-01 6.798188390438784836e+02 7.853981633974492782e-01
3.212635182353300145e+00 6.803071606551966397e+02 7.853981633974492782e-01
8.955627511442321165e-01 6.816913274518753951e+02 7.853981633974492782e-01
9.113358605693908654e-01 6.828211466355446646e+02 7.853981633974492782e-01
1.911637756042907643e+00 6.835464017117824369e+02 7.853981633974492782e-01
1.014810397573085554e+00 6.845864622483674111e+02 7.853981633974492782e-01
5.921011359432595267e-01 6.855263998453432350e+02 7.853981633974492782e-01
3.950463814739954671e+00 6.865353870268266974e+02 7.853981633974492782e-01
7.267125752283656315e-01 6.873588494667834539e+02 7.853981633974492782e-01
8.754829777356475384e-01 6.885269318857777989e+02 7.853981633974492782e-01
1.963548665820862515e+00 6.897023593313125502e+02 7.853981633974492782e-01
9.130200411224432822e-01 6.905439454252955329e+02 7.853981633974492782e-01
7.208823408691614754e-01 6.913915598648227387e+02 7.853981633974492782e-01
2.835635124959526632e+00 6.927744746999187555e+02 7.853981633974492782e-01
1.246745409818730943e+00 6.931631602025206575e+02 7.853981633974492782e-01
1.047475791677436652e+00 6.945715847469446089e+02 7.853981633974492782e-01
1.643964705753138356e+00 6.958867052215045987e+02 7.853981633974492782e-01
9.747287777478020887e-01 6.965512674091568215e+02 7.853981633974492782e-01
7.812414520847675847e-01 6.975208346564988915e+02 7.853981633974492782e-01
1.904413452627764958e+00 6.989980735699444949e+02 7.853981633974492782e-01
1.776661745986736651e+00 6.993018893161614642e+02 7.853981633974492782e-01
1.074786505508703360e+00 7.007707537121758605e+02 7.853981633974492782e-01
1.391853964189382786e+00 7.020786550193502080e+02 7.853981633974492782e-01
1.123452619429083033e+00 7.026700484014102130e+02 7.853981633974492782e-01
8.296169678327361963e-01 7.037014366185294421e+02 7.853981633974492782e-01
1.347193521956829176e+00 7.051950510345463954e+02 7.853981633974492782e-01
2.270390438424773727e+00 7.055131457490001594e+02 7.853981633974492782e-01
1.039090105432490363e+00 7.069852187000673212e+02 7.853981633974492782e-01
1.175729373114287934e+00 7.082461625534817813e+02 7.853981633974492782e-01
1.354659739235415605e+00 7.088289048336085898e+02 7.853981633974492782e-01
9.012712204476918121e-01 7.098863766254047505e+02 7.853981633974492782e-01
9.066141248712815681e-01 7.113111882305290692e+02 7.853981633974492782e-01
2.908329830071872735e+00 7.117395302659015215e+02 7.853981633974492782e-01
9.286726990884137667e-01 7.131550289669203266e+02 7.853981633974492782e-01
9.532287363232180288e-01 7.143174190001458328e+02 7.853981633974492782e-01
1.758646445165352956e+00 7.149929578603265554e+02 7.853981633974492782e-01
9.896755687322852379e-01 7.160450928127379484e+02 7.853981633974492782e-01
5.948342862994470126e-01 7.171485571104030896e+02 7.853981633974492782e-01
3.768306580090972080e+00 7.179670634150912747e+02 7.853981633974492782e-01
7.006136321713219983e-01 7.190266385831507705e+02 7.853981633974492782e-01
8.224625268661981403e-01 7.201114251176416019e+02 7.853981633974492782e-01
2.049970902333503098e+00 7.211544515274572404e+02 7.853981633974492782e-01
9.377089128015809738e-01 7.220735289238010637e+02 7.853981633974492782e-01
6.929537114451185253e-01 7.228817668066858459e+02 7.853981633974492782e-01
3.250435185084356249e+00 7.242042557729211012e+02 7.853981633974492782e-01
1.083496984500216032e+00 7.246583185559445610e+02 7.853981633974492782e-01
1.025107982383596683e+00 7.260265687067802673e+02 7.853981633974492782e-01
1.749748014791358441e+00 7.273307229005912404e+02 7.853981633974492782e-01
9.480883961426822548e-01 7.280343111130137004e+02 7.853981633974492782e-01
7.793868381922420818e-01 7.289680619550352958e+02 7.853981633974492782e-01
2.114921130773924851e+00 7.304312946802516535e+02 7.853981633974492782e-01
1.670313448186721228e+00 7.307416160166280861e+02 7.853981633974492782e-01
1.093643016067612272e+00 7.322071479699310430e+02 7.853981633974492782e-01
1.489656170171039351e+00 7.335280681043781215e+02 7.853981633974492782e-01
1.074036098845922327e+00 7.341354248664705437e+02 7.853981633974492782e-01
8.271229053421950139e-01 7.351466279630343479e+02 7.853981633974492782e-01
1.504327203106962774e+00 7.366405081766770309e+02 7.853981633974492782e-01
2.157661338381786198e+00 7.369451106399268383e+02 7.853981633974492782e-01
1.076661123425645128e+00 7.384268681733758513e+02 7.853981633974492782e-01
1.272249152078343215e+00 7.397142090244369683e+02 7.853981633974492782e-01
1.262175931899738313e+00 7.402907612787873859e+02 7.853981633974492782e-01
8.847250752484846492e-01 7.413392832559061389e+02 7.853981633974492782e-01
1.056530503311281732e+00 7.428003277428872480e+02 7.853981633974492782e-01
2.702030752557613713e+00 7.431730738179245463e+02 7.853981633974492782e-01
9.958407425208415376e-01 7.446259726710167115e+02 7.853981633974492782e-01
1.047665044731369788e+00 7.458368017260752367e+02 7.853981633974492782e-01
1.587346602849570631e+00 7.464553902737013686e+02 7.853981633974492782e-01
9.691086022744703765e-01 7.475153065324474255e+02 7.853981633974492782e-01
6.743852189617252080e-01 7.487763537207420086e+02 7.853981633974492782e-01
3.497116673872882497e+00 7.494022752501110745e+02 7.853981633974492782e-01
7.799132630212214368e-01 7.506655989143315537e+02 7.853981633974492782e-01
8.349994530842791418e-01 7.517404407534108941e+02 7.853981633974492782e-01
2.069547012643818462e+00 7.526109143957689867e+02 7.853981633974492782e-01
9.883508407763468284e-01 7.536023383057203091e+02 7.853981633974492782e-01
6.554199212493564408e-01 7.544016077598834045e+02 7.853981633974492782e-01
3.695172153302784146e+00 7.556321709159010425e+02 7.853981633974492782e-01
9.272440477804311243e-01 7.561862426800316825e+02 7.853981633974492782e-01
9.883106690852607734e-01 7.574952661604411333e+02 7.853981633974492782e-01
1.863164437462473177e+00 7.587738038650868475e+02 7.853981633974492782e-01
9.335898913682918465e-01 7.595240466209297665e+02 7.853981633974492782e-01
7.823998166888200823e-01 7.604131226554286513e+02 7.853981633974492782e-01
2.339436262540687039e+00 7.618609189609154555e+02 7.853981633974492782e-01
1.584175545877002156e+00 7.621807819215088102e+02 7.853981633974492782e-01
1.116140628476306240e+00 7.636422901402805792e+02 7.853981633974492782e-01
1.604292955326312775e+00 7.649746367556440418e+02 7.853981633974492782e-01
1.039526680006691794e+00 7.656037905731574256e+02 7.853981633974492782e-01
8.405752221113479417e-01 7.665854954265570314e+02 7.853981633974492782e-01
1.650864981844920365e+00 7.680758078927200359e+02 7.853981633974492782e-01
2.113135478634671660e+00 7.683715859353662836e+02 7.853981633974492782e-01
1.128274553420124393e+00 7.698650952539007903e+02 7.853981633974492782e-01
1.398982025268012297e+00 7.711802112899182475e+02 7.853981633974492782e-01
1.186377000903094947e+00 7.717609682665200808e+02 7.853981633974492782e-01
8.866799286673711089e-01 7.727904332833364833e+02 7.853981633974492782e-01
1.218070713302557451e+00 7.742678746987114664e+02 7.853981633974492782e-01
2.576688494446263800e+00 7.746038843366792435e+02 7.853981633974492782e-01
1.070003428902023268e+00 7.760858590814419813e+02 7.853981633974492782e-01
1.175265801357160411e+00 7.773452585650022684e+02 7.853981633974492782e-01
1.427828319859206330e+00 7.779275752511201745e+02 7.853981633974492782e-01
9.491548687315218835e-01 7.789842546803007508e+02 7.853981633974492782e-01
8.221186669325634133e-01 7.803570410596051943e+02 7.853981633974492782e-01
3.201472918743466956e+00 7.808391584069527198e+02 7.853981633974492782e-01
9.030077552546392772e-01 7.822287006876147188e+02 7.853981633974492782e-01
9.179227995077225977e-01 7.833627076873696069e+02 7.853981633974492782e-01
1.899717194939939180e+00 7.840806851906028214e+02 7.853981633974492782e-01
1.015911439826286067e+00 7.851226743712434200e+02 7.853981633974492782e-01
5.908766508208476154e-01 7.860736203551193739e+02 7.853981633974492782e-01
3.953608363923204028e+00 7.870674572262237234e+02 7.853981633974492782e-01
7.208881595814196075e-01 7.879098444982184901e+02 7.853981633974492782e-01
8.703883064476858333e-01 7.890695080807793147e+02 7.853981633974492782e-01
1.974021356613600453e+00 7.902362234804178343e+02 7.853981633974492782e-01
9.146455500381872605e-01 7.910841154741267474e+02 7.853981633974492782e-01
7.203542906987860928e-01 7.919268308248199446e+02 7.853981633974492782e-01
2.866879776935896462e+00 7.933064582931312998e+02 7.853981633974492782e-01
1.237286396741975603e+00 7.936984457317178112e+02 7.853981633974492782e-01
1.048203516205291619e+00 7.951050325193886010e+02 7.853981633974492782e-01
1.655608508444751825e+00 7.964202796081303859e+02 7.853981633974492782e-01
9.729858004645421943e-01 7.970878551588803020e+02 7.853981633974492782e-01
7.830775670706138225e-01 7.980537392140359998e+02 7.853981633974492782e-01
1.920369484115197478e+00 7.995302098915694842e+02 7.853981633974492782e-01
1.774507586063752917e+00 7.998338740170370329e+02 7.853981633974492782e-01
1.079517300607058639e+00 8.013035452177946354e+02 7.853981633974492782e-01
1.404424234875959243e+00 8.026136517448453560e+02 7.853981633974492782e-01
1.118720185338240025e+00 8.032062851554813960e+02 7.853981633974492782e-01
8.310273132540232366e-01 8.042353112792995944e+02 7.853981633974492782e-01
1.362613230575655310e+00 8.057289346207790004e+02 7.853981633974492782e-01
2.264965869394758524e+00 8.060452891870402254e+02 7.853981633974492782e-01
1.045484195903290336e+00 8.075193109796512090e+02 7.853981633974492782e-01
1.188175237281687835e+00 8.087839847784771337e+02 7.853981633974492782e-01
1.343947433839121297e+00 8.093651801632472598e+02 7.853981633974492782e-01
9.004797038237513096e-01 8.104217445315126724e+02 7.853981633974492782e-01
9.226347646393795454e-01 8.118511202780938447e+02 7.853981633974492782e-01
2.889066903249942531e+00 8.122722740553184622e+02 7.853981633974492782e-01
9.378204071717574086e-01 8.136932971638772187e+02 7.853981633974492782e-01
9.638789113400648700e-01 8.148616055894497094e+02 7.853981633974492782e-01
1.739860016096486328e+00 8.155290442682024832e+02 7.853981633974492782e-01
9.889261063397549734e-01 8.165827045525315953e+02 7.853981633974492782e-01
6.001515876689826889e-01 8.177041229428210727e+02 7.853981633974492782e-01
3.748284851062302803e+00 8.184999573090145759e+02 7.853981633974492782e-01
7.053958621030902432e-01 8.195855853069904242e+02 7.853981633974492782e-01
8.208287185916277595e-01 8.206647239407539018e+02 7.853981633974492782e-01
2.062177389103955427e+00 8.216895494963835063e+02 7.853981633974492782e-01
9.440861117439349748e-01 8.226172337425007299e+02 7.853981633974492782e-01
6.934241357006607487e-01 8.234181734162807516e+02 7.853981633974492782e-01
3.296638092315258728e+00 8.247360466294753678e+02 7.853981633974492782e-01
1.077053843189601512e+00 8.251944260812142602e+02 7.853981633974492782e-01
1.028136842423103436e+00 8.265605217253365709e+02 7.853981633974492782e-01
1.770525812064517757e+00 8.278647804524766798e+02 7.853981633974492782e-01
9.492157450506242267e-01 8.285726330939168065e+02 7.853981633974492782e-01
7.870424998069032174e-01 8.294986841532515882e+02 7.853981633974492782e-01
2.129553014286783785e+00 8.309622304344711665e+02 7.853981633974492782e-01
1.687302968934880187e+00 8.312708304167801998e+02 7.853981633974492782e-01
1.107128456432671770e+00 8.327398034154318793e+02 7.853981633974492782e-01
1.518400954555072513e+00 8.340653991274435839e+02 7.853981633974492782e-01
1.071071922948504174e+00 8.346757068054527053e+02 7.853981633974492782e-01
8.365717957185357934e-01 8.356800702206495544e+02 7.853981633974492782e-01
1.523841291267049369e+00 8.371729813481119891e+02 7.853981633974492782e-01
2.178317341602903134e+00 8.374754962133297340e+02 7.853981633974492782e-01
1.095122986140938837e+00 8.389624546656165194e+02 7.853981633974492782e-01
1.305257664770028692e+00 8.402579376078053883e+02 7.853981633974492782e-01
1.246957591015634748e+00 8.408337795140344042e+02 7.853981633974492782e-01
8.895306649981998826e-01 8.418779960041064214e+02 7.853981633974492782e-01
1.088367200223554487e+00 8.433418700766204665e+02 7.853981633974492782e-01
2.693564600123566688e+00 8.437062852687604391e+02 7.853981633974492782e-01
1.016479816320810192e+00 8.451677472604700370e+02 7.853981633974492782e-01
1.076823793696581877e+00 8.463905727881102621e+02 7.853981633974492782e-01
1.553570379733785867e+00 8.469982162034195881e+02 7.853981633974492782e-01
9.682045866635781151e-01 8.480583405889631194e+02 7.853981633974492782e-01
7.001310851291113746e-01 8.493444427648418014e+02 7.853981633974492782e-01
3.450575626883628289e+00 8.499371182583720383e+02 7.853981633974492782e-01
8.047890693973840381e-01 8.512324606411420973e+02 7.853981633974492782e-01
8.472748480454281861e-01 8.523152983518829160e+02 7.853981633974492782e-01
2.054099013033086507e+00 8.531512639340030546e+02 7.853981633974492782e-01
9.984144662177003582e-01 8.541552743503470992e+02 7.853981633974492782e-01
6.429916421626470369e-01 8.549659272945140174e+02 7.853981633974492782e-01
3.781240080991862929e+00 8.561660616655572085e+02 7.853981633974492782e-01
8.865770935274663866e-01 8.567546883067032013e+02 7.853981633974492782e-01
9.717657140497439894e-01 8.580437098260642870e+02 7.853981633974492782e-01
1.880543688152978454e+00 8.593111391540804789e+02 7.853981633974492782e-01
9.285513151411938226e-01 8.600740039999463988e+02 7.853981633974492782e-01
7.747324221129548993e-01 8.609557146260710851e+02 7.853981633974492782e-01
2.407577211020472063e+00 8.623964877130260902e+02 7.853981633974492782e-01
1.535065912646536024e+00 8.627231779949272550e+02 7.853981633974492782e-01
1.108344962241649467e+00 8.641786928547082880e+02 7.853981633974492782e-01
1.611940219523366968e+00 8.655095916203854358e+02 7.853981633974492782e-01
1.030298069017127283e+00 8.661433003929092820e+02 7.853981633974492782e-01
8.335750944451547628e-01 8.671227110329602965e+02 7.853981633974492782e-01
1.684931102819841042e+00 8.686122988050566391e+02 7.853981633974492782e-01
2.068937090408423884e+00 8.689078270798867152e+02 7.853981633974492782e-01
1.123819083403902797e+00 8.703990266923620993e+02 7.853981633974492782e-01
1.402757298154358345e+00 8.717142725007822719e+02 7.853981633974492782e-01
1.176741707170036344e+00 8.722965406070348990e+02 7.853981633974492782e-01
8.802986567237497395e-01 8.733253544704895148e+02 7.853981633974492782e-01
1.238784985261473404e+00 8.748056601576157618e+02 7.853981633974492782e-01
2.536551306118563165e+00 8.751379766040340655e+02 7.853981633974492782e-01
1.070046509438657978e+00 8.766200922858863578e+02 7.853981633974492782e-01
1.181818233656921846e+00 8.778818149640444517e+02 7.853981633974492782e-01
1.412950141565328277e+00 8.784630905583868525e+02 7.853981633974492782e-01
9.430904361695636728e-01 8.795193965301208436e+02 7.853981633974492782e-01
8.392866018879961976e-01 8.809024827877211692e+02 7.853981633974492782e-01
3.155622527804462951e+00 8.813727431281171221e+02 7.853981633974492782e-01
9.126513540094739474e-01 8.827702037323648483e+02 7.853981633974492782e-01
9.276833465908086440e-01 8.839112890251377621e+02 7.853981633974492782e-01
1.871979390291423684e+00 8.846177739029420763e+02 7.853981633974492782e-01
1.013941934873382467e+00 8.856627511190931727e+02 7.853981633974492782e-01
5.882928302384746733e-01 8.866421560658723138e+02 7.853981633974492782e-01
3.938920055928291752e+00 8.876011076793390657e+02 7.853981633974492782e-01
7.094017627625217592e-01 8.884879266230148005e+02 7.853981633974492782e-01
8.580002139297792096e-01 8.896288452652927390e+02 7.853981633974492782e-01
1.992869287881965157e+00 8.907738628630926314e+02 7.853981633974492782e-01
9.176607434169260502e-01 8.916362929836960802e+02 7.853981633974492782e-01
7.156729122193967729e-01 8.924705063933520250e+02 7.853981633974492782e-01
2.942304441710459795e+00 8.938401825325543086e+02 7.853981633974492782e-01
1.206159920447444245e+00 8.942428012098265526e+02 7.853981633974492782e-01
1.044733081354366266e+00 8.956427641488623976e+02 7.853981633974492782e-01
1.675160584750177595e+00 8.969566164255768399e+02 7.853981633974492782e-01
9.672739342402717488e-01 8.976311116110301782e+02 7.853981633974492782e-01
7.824675327148027382e-01 8.985906868428704684e+02 7.853981633974492782e-01
1.959216659874908562e+00 9.000646809450378214e+02 7.853981633974492782e-01
1.753300554399603195e+00 9.003692930565630377e+02 7.853981633974492782e-01
1.082988070991541596e+00 9.018384305703755217e+02 7.853981633974492782e-01
1.422228670515050197e+00 9.031511144412097565e+02 7.853981633974492782e-01
1.108582538549568008e+00 9.037464202154243367e+02 7.853981633974492782e-01
8.298936258944948907e-01 9.047720237318577574e+02 7.853981633974492782e-01
1.392394078337896302e+00 9.062660565654077800e+02 7.853981633974492782e-01
2.240717528685844062e+00 9.065794447517064327e+02 7.853981633974492782e-01
1.052265167048452188e+00 9.080553498087865592e+02 7.853981633974492782e-01
1.205536600090719279e+00 9.093250932189346258e+02 7.853981633974492782e-01
1.325389210718662225e+00 9.099045739769194370e+02 7.853981633974492782e-01
8.966651773882782228e-01 9.109597902568519885e+02 7.853981633974492782e-01
9.503676629564501432e-01 9.123973679103072527e+02 7.853981633974492782e-01
2.846438040050385698e+00 9.128066479459733955e+02 7.853981633974492782e-01
9.509106526345731947e-01 9.142356452576403854e+02 7.853981633974492782e-01
9.808096314190458687e-01 9.154133878997058673e+02 7.853981633974492782e-01
1.706380794119603417e+00 9.160686283399079457e+02 7.853981633974492782e-01
9.854466441656799525e-01 9.171243751324298046e+02 7.853981633974492782e-01
6.113390791371491328e-01 9.182782021626898086e+02 7.853981633974492782e-01
3.701152068167074205e+00 9.190345104272871595e+02 7.853981633974492782e-01
7.164835333290727748e-01 9.201643497379607197e+02 7.853981633974492782e-01
8.193167706015919149e-01 9.212363291304759514e+02 7.853981633974492782e-01
2.076915821672894680e+00 9.222279547549023846e+02 7.853981633974492782e-01
9.546407176880367107e-01 9.231705312269032220e+02 7.853981633974492782e-01
6.906361561331987309e-01 9.239625274763461675e+02 7.853981633974492782e-01
3.381084524759384369e+00 9.252688759532784388e+02 7.853981633974492782e-01
1.056770007874469064e+00 9.257389961564487066e+02 7.853981633974492782e-01
1.028138556629080602e+00 9.270983964301408378e+02 7.853981633974492782e-01
1.800304154985783667e+00 9.284008960589329718e+02 7.853981633974492782e-01
9.491121744476859190e-01 9.291165608875453472e+02 7.853981633974492782e-01
7.952874649845111943e-01 9.300312607721591576e+02 7.853981633974492782e-01
2.159672291452548798e+00 9.314941623724412239e+02 7.853981633974492782e-01
1.699159941532991436e+00 9.318014627250854574e+02 7.853981633974492782e-01
1.123056041965777130e+00 9.332738444166849376e+02 7.853981633974492782e-01
1.557857400027601091e+00 9.346051479149015222e+02 7.853981633974492782e-01
1.065700664402765563e+00 9.352203703706145461e+02 7.853981633974492782e-01
8.483416182723091392e-01 9.362148444823737918e+02 7.853981633974492782e-01
1.552787432466151030e+00 9.377065015821464158e+02 7.853981633974492782e-01
2.200949846892574335e+00 9.380061795920258874e+02 7.853981633974492782e-01
1.119408246875761348e+00 9.394997032950462881e+02 7.853981633974492782e-01
1.352026434813297318e+00 9.408060261068245609e+02 7.853981633974492782e-01
1.225431609275991152e+00 9.413822407628665587e+02 7.853981633974492782e-01
8.958316707503971577e-01 9.424195442686888100e+02 7.853981633974492782e-01
1.134403598316965356e+00 9.438870671133125825e+02 7.853981633974492782e-01
2.679253083257342904e+00 9.442404990696106779e+02 7.853981633974492782e-01
1.045136953974203697e+00 9.457130700911935719e+02 7.853981633974492782e-01
1.120592412014184136e+00 9.469527611148574806e+02 7.853981633974492782e-01
1.504303737309637956e+00 9.475471160483195945e+02 7.853981633974492782e-01
9.655452085503377635e-01 9.486063926604273320e+02 7.853981633974492782e-01
7.429690849068648628e-01 9.499268711456511483e+02 7.853981633974492782e-01
3.374733120374370898e+00 9.504740286054905027e+02 7.853981633974492782e-01
8.438582863770623943e-01 9.518112545533375624e+02 7.853981633974492782e-01
8.707569390718850055e-01 9.529107972273860696e+02 7.853981633974492782e-01
2.012803936994172371e+00 9.536977119217593781e+02 7.853981633974492782e-01
1.010508937397386564e+00 9.547187127342074291e+02 7.853981633974492782e-01
6.211437057101868442e-01 9.555629861682253932e+02 7.853981633974492782e-01
3.891909000548735342e+00 9.567022464926722023e+02 7.853981633974492782e-01
8.185399762613518870e-01 9.573627225888342309e+02 7.853981633974492782e-01
9.379343980703415129e-01 9.586117589378675348e+02 7.853981633974492782e-01
1.906242946617621614e+00 9.598540414770743610e+02 7.853981633974492782e-01
9.193622026736676389e-01 9.606415490592341939e+02 7.853981633974492782e-01
7.552067303725280567e-01 9.615125567948613252e+02 7.853981633974492782e-01
2.544774505265801956e+00 9.629363948518357574e+02 7.853981633974492782e-01
1.429353669755360823e+00 9.632808180572544643e+02 7.853981633974492782e-01
1.085537633768688615e+00 9.647212788892688877e+02 7.853981633974492782e-01
1.614552393052977930e+00 9.660467823757704764e+02 7.853981633974492782e-01
1.011046172029682833e+00 9.666889881459368326e+02 7.853981633974492782e-01
8.130012532006360981e-01 9.676674473385362489e+02 7.853981633974492782e-01
1.752492616161539951e+00 9.691545970366687470e+02 7.853981633974492782e-01
1.960993830294901485e+00 9.694517590746512496e+02 7.853981633974492782e-01
1.103245363526955236e+00 9.709347546860448119e+02 7.853981633974492782e-01
1.390425350898110368e+00 9.722459602825038019e+02 7.853981633974492782e-01
1.161597953359385871e+00 9.728306172030875132e+02 7.853981633974492782e-01
8.615419561168509155e-01 9.738618045488279904e+02 7.853981633974492782e-01
1.267373927140494461e+00 9.753476097841657975e+02 7.853981633974492782e-01
2.444786332528902761e+00 9.756753637451117811e+02 7.853981633974492782e-01
1.056272197142706926e+00 9.771531536851032342e+02 7.853981633974492782e-01
1.173608939829554165e+00 9.784127211907818946e+02 7.853981633974492782e-01
1.398778706513120307e+00 9.789953954297780001e+02 7.853981633974492782e-01
9.293161926896679192e-01 9.800524825432179341e+02 7.853981633974492782e-01
8.544582285288414569e-01 9.814480919132524832e+02 7.853981633974492782e-01
3.080467017501782756e+00 9.819071104325395254e+02 7.853981633974492782e-01
9.149643210712072872e-01 9.833087833140940575e+02 7.853981633974492782e-01
9.322847733105439350e-01 9.844548503796933119e+02 7.853981633974492782e-01
1.841018625691960731e+00 9.851538957426835168e+02 7.853981633974492782e-01
1.006600177599543677e+00 9.862007977060087569e+02 7.853981633974492782e-01
5.864613341683837522e-01 9.872151263169710091e+02 7.853981633974492782e-01
3.895910118132077216e+00 9.881352775031313058e+02 7.853981633974492782e-01
7.004811089489606513e-01 9.890717360115228303e+02 7.853981633974492782e-01
8.445521344019789600e-01 9.901936053675510720e+02 7.853981633974492782e-01
2.007956186948208099e+00 9.913122911060664819e+02 7.853981633974492782e-01
9.207212458115965337e-01 9.921908566143380312e+02 7.853981633974492782e-01
7.069918313428126266e-01 9.930189090912393794e+02 7.853981633974492782e-01
3.029841389451463307e+00 9.943745427362010787e+02 7.853981633974492782e-01
1.163104288883680892e+00 9.947927418433879438e+02 7.853981633974492782e-01
1.035745945303006010e+00 9.961826374992729143e+02 7.853981633974492782e-01
1.690195389506931267e+00 9.974931038138166741e+02 7.853981633974492782e-01
9.592459246173096199e-01 9.981755471662554555e+02 7.853981633974492782e-01
7.769116126948456547e-01 9.991301742548014317e+02 7.853981633974492782e-01
2.006208811284076354e+00 1.000600378494992469e+03 7.853981633974492782e-01
1.713063162204277123e+00 1.000907664296951111e+03 7.853981633974492782e-01
1.079332025506227088e+00 1.002373682227162135e+03 7.853981633974492782e-01
1.430894734081424424e+00 1.003686751125217825e+03 7.853981633974492782e-01
1.097674776752553427e+00 1.004284814534461816e+03 7.853981633974492782e-01
8.239058159653938063e-01 1.005308774232550491e+03 7.853981633974492782e-01
1.420865524735142271e+00 1.006803550181155288e+03 7.853981633974492782e-01
2.200328372195410775e+00 1.007114695023988702e+03 7.853981633974492782e-01
1.051460999548974984e+00 1.008590005388637110e+03 7.853981633974492782e-01
1.212817137643551035e+00 1.009861802932063938e+03 7.853981633974492782e-01
1.310589143491995179e+00 1.010440953535178664e+03 7.853981633974492782e-01
8.900624365683388328e-01 1.011495660115674468e+03 7.853981633974492782e-01
9.717772878861615782e-01 1.012940350647946730e+03 7.853981633974492782e-01
2.799386563686727669e+00 1.013340798121158514e+03 7.853981633974492782e-01
9.569609068638497140e-01 1.014774031507095856e+03 7.853981633974492782e-01
