1.150913760636073757e+00 1.164063708284948651e-01 2.356194490192261792e+00
1.144201625290632629e+00 1.700833460559419974e+00 2.356194490192261792e+00
1.864834501106305220e+00 2.132031060872095818e+00 2.356194490192261792e+00
1.181577164117920908e+00 3.649733286638570551e+00 2.356194490192261792e+00
1.001091750958245097e+00 4.464234945009496691e+00 2.356194490192261792e+00
1.056252990959742899e+00 5.691450948221747019e+00 2.356194490192261792e+00
1.347922966498778186e+00 6.319542222452660951e+00 2.356194490192261792e+00
8.061526053045422469e-01 7.808666376168268641e+00 2.356194490192261792e+00
2.218145133120320356e+00 8.349460335086318352e+00 2.356194490192261792e+00
9.943735549632702897e-01 9.805217238580793193e+00 2.356194490192261792e+00
1.155780480987424585e+00 1.057630091559746432e+01 2.356194490192261792e+00
1.005979651545779063e+00 1.180162773433157319e+01 2.356194490192261792e+00
1.632110629922407519e+00 1.251657273059454489e+01 2.356194490192261792e+00
5.610067438636462400e-01 1.364240352592796413e+01 2.356194490192261792e+00
2.638310944345732878e+00 1.454778743672120811e+01 2.356194490192261792e+00
7.066321279236112973e-01 1.566229378314088905e+01 2.356194490192261792e+00
1.334861708934245828e+00 1.661722234363114836e+01 2.356194490192261792e+00
9.151118923532054472e-01 1.776388641300805915e+01 2.356194490192261792e+00
1.679125417465441528e+00 1.868760313377251947e+01 2.356194490192261792e+00
7.641655406814691354e-01 1.929400622064636650e+01 2.356194490192261792e+00
2.419691580999947966e+00 2.074160314580679909e+01 2.356194490192261792e+00
1.039875849151117082e+00 2.127039937037448070e+01 2.356194490192261792e+00
1.404989766801826523e+00 2.268124408229041933e+01 2.356194490192261792e+00
8.715301604579931416e-01 2.370685073540751731e+01 2.356194490192261792e+00
1.369307805679809364e+00 2.482210981066226907e+01 2.356194490192261792e+00
9.955592626059764916e-01 2.536251246860172870e+01 2.356194490192261792e+00
1.689447782084306793e+00 2.694789290670250992e+01 2.356194490192261792e+00
1.513790696930744861e+00 2.735688581574872202e+01 2.356194490192261792e+00
1.366581352429881546e+00 2.887971931354602262e+01 2.356194490192261792e+00
9.095194302573552658e-01 2.980813899017244850e+01 2.356194490192261792e+00
1.209634100689121805e+00 3.099309784750655794e+01 2.356194490192261792e+00
1.145625816356091065e+00 3.155243339099095934e+01 2.356194490192261792e+00
1.262435965516497172e+00 3.314532298255763720e+01 2.356194490192261792e+00
1.838860869904112016e+00 3.356202164185705783e+01 2.356194490192261792e+00
1.276069629938000105e+00 3.510126194592664461e+01 2.356194490192261792e+00
9.713444432336303391e-01 3.595294951021887897e+01 2.356194490192261792e+00
1.113110487737482002e+00 3.717107609646410538e+01 2.356194490192261792e+00
1.298514277192083011e+00 3.776573517484256115e+01 2.356194490192261792e+00
9.410125471633166150e-01 3.930535205201498883e+01 2.356194490192261792e+00
2.129858476298514880e+00 3.978851055758395461e+01 2.356194490192261792e+00
1.119577421680959750e+00 4.129581135967032424e+01 2.356194490192261792e+00
1.084258928154821833e+00 4.208097521497833071e+01 2.356194490192261792e+00
1.044069029664233650e+00 4.331335379138335639e+01 2.356194490192261792e+00
1.529848678127882833e+00 4.397189915780341352e+01 2.356194490192261792e+00
6.405528635822770323e-01 4.530170407706928160e+01 2.356194490192261792e+00
2.502855829609463179e+00 4.600190062638115762e+01 2.356194490192261792e+00
8.297352728016827994e-01 4.733413138597360614e+01 2.356194490192261792e+00
1.286381095642368466e+00 4.814819551135159514e+01 2.356194490192261792e+00
9.723755593508275341e-01 4.933308348714505343e+01 2.356194490192261792e+00
1.769704161599275016e+00 5.015393471022299821e+01 2.356194490192261792e+00
6.535803346642464762e-01 5.087694303167653231e+01 2.356194490192261792e+00
2.679821379972077366e+00 5.218302429702831091e+01 2.356194490192261792e+00
8.531372846038395297e-01 5.284327970343014869e+01 2.356194490192261792e+00
1.394786024977307637e+00 5.414856159471374042e+01 2.356194490192261792e+00
8.683056867444086668e-01 5.521611786890028384e+01 2.356194490192261792e+00
1.455641225293933250e+00 5.628556214661025336e+01 2.356194490192261792e+00
9.268640776180170349e-01 5.683020393906780754e+01 2.356194490192261792e+00
1.902524451573421427e+00 5.839210024724844317e+01 2.356194490192261792e+00
1.362884111279886623e+00 5.881902302125232751e+01 2.356194490192261792e+00
1.382289242739403345e+00 6.031910146947070217e+01 2.356194490192261792e+00
8.918146090347952581e-01 6.127641891022378928e+01 2.356194490192261792e+00
1.249470869932738593e+00 6.244411732827444439e+01 2.356194490192261792e+00
1.090898202782061510e+00 6.299668494504150118e+01 2.356194490192261792e+00
1.389868157889162292e+00 6.459361455458501666e+01 2.356194490192261792e+00
1.726802963507166000e+00 6.500125566082725470e+01 2.356194490192261792e+00
1.305633650053669603e+00 6.653790305787192949e+01 2.356194490192261792e+00
9.457023876873787982e-01 6.741283185378995313e+01 2.356194490192261792e+00
1.137208525996968200e+00 6.862223509015593947e+01 2.356194490192261792e+00
1.236886087249659205e+00 6.920517724651831770e+01 2.356194490192261792e+00
1.044810607816002879e+00 7.077175301740538771e+01 2.356194490192261792e+00
2.019051767308066569e+00 7.122405413682017183e+01 2.356194490192261792e+00
1.176278121167557700e+00 7.274677169811872091e+01 2.356194490192261792e+00
1.037497169697860544e+00 7.355051803139875233e+01 2.356194490192261792e+00
1.061157183864571918e+00 7.478101066515246487e+01 2.356194490192261792e+00
1.437334522472690557e+00 7.541475525314928063e+01 2.356194490192261792e+00
7.321763734861101991e-01 7.684722344941101824e+01 2.356194490192261792e+00
2.361968156874392211e+00 7.744426416070091079e+01 2.356194490192261792e+00
9.396052011342636012e-01 7.886718965905323842e+01 2.356194490192261792e+00
1.214443000238839332e+00 7.964334487954602082e+01 2.356194490192261792e+00
1.000231584039529054e+00 8.085721117839733552e+01 2.356194490192261792e+00
1.720830544113064020e+00 8.160695362949722664e+01 2.356194490192261792e+00
5.664278493287734362e-01 8.255186115088288545e+01 2.356194490192261792e+00
2.727356841187775771e+00 8.363359843391636161e+01 2.356194490192261792e+00
7.069754171524099684e-01 8.454260373243505455e+01 2.356194490192261792e+00
1.355898461761159801e+00 8.565198872630897142e+01 2.356194490192261792e+00
8.793578355200429852e-01 8.676904201593512767e+01 2.356194490192261792e+00
1.569611668165950880e+00 8.776153730570027278e+01 2.356194490192261792e+00
8.156228231470159518e-01 8.834115485926500355e+01 2.356194490192261792e+00
2.204809746113252977e+00 8.984140364433696391e+01 2.356194490192261792e+00
1.139576371853157744e+00 9.032354395522951052e+01 2.356194490192261792e+00
1.375131768221613759e+00 9.176941738124735082e+01 2.356194490192261792e+00
8.660699230347220778e-01 9.276214387546282580e+01 2.356194490192261792e+00
1.291471935966157947e+00 9.390279079746143509e+01 2.356194490192261792e+00
9.965250905682573324e-01 9.445982747061601970e+01 2.356194490192261792e+00
1.569767538280474994e+00 9.604941191813433932e+01 2.356194490192261792e+00
1.537484140381750297e+00 9.645773828056830723e+01 2.356194490192261792e+00
1.299573277830032403e+00 9.797372523045942216e+01 2.356194490192261792e+00
9.126038692400257890e-01 9.886690402659634458e+01 2.356194490192261792e+00
1.141513133303643235e+00 1.000664668829853952e+02 2.356194490192261792e+00
1.144646375901057223e+00 1.006500814114585012e+02 2.356194490192261792e+00
1.155428757222991099e+00 1.022357563590842773e+02 2.356194490192261792e+00
1.852918444099631801e+00 1.026652101512489708e+02 2.356194490192261792e+00
1.184543688696002572e+00 1.041831001766559410e+02 2.356194490192261792e+00
9.975309701642079974e-01 1.049993676747942715e+02 2.356194490192261792e+00
1.057353407956387326e+00 1.062261135079667724e+02 2.356194490192261792e+00
1.339908272879563045e+00 1.068528904087184657e+02 2.356194490192261792e+00
8.154330223755338336e-01 1.083472550536214669e+02 2.356194490192261792e+00
2.204861022333798548e+00 1.088825772020679068e+02 2.356194490192261792e+00
1.001088555322578344e+00 1.103417103617685342e+02 2.356194490192261792e+00
1.149733178032124270e+00 1.111128470723821522e+02 2.356194490192261792e+00
1.007099396392382218e+00 1.123390511824516977e+02 2.356194490192261792e+00
1.622667693856287396e+00 1.130502935260374642e+02 2.356194490192261792e+00
5.636479172298315410e-01 1.141941139777803329e+02 2.356194490192261792e+00
2.626815961937142951e+00 1.150818201781510481e+02 2.356194490192261792e+00
7.117150477274064579e-01 1.162159986727000813e+02 2.356194490192261792e+00
1.332331539223886141e+00 1.171567885555749200e+02 2.356194490192261792e+00
9.193325715588587244e-01 1.183061599862313926e+02 2.356194490192261792e+00
1.689286924755545982e+00 1.192224946127469281e+02 2.356194490192261792e+00
7.580640627605876869e-01 1.198331958283113750e+02 2.356194490192261792e+00
2.441054403771855341e+00 1.212740878054911207e+02 2.356194490192261792e+00
1.029041748573943815e+00 1.218087947837147311e+02 2.356194490192261792e+00
1.406928006066488379e+00 1.232150635463984543e+02 2.356194490192261792e+00
8.720960030740373403e-01 1.242436919826080555e+02 2.356194490192261792e+00
1.376812360890160347e+00 1.253562846787947933e+02 2.356194490192261792e+00
9.950710160412541416e-01 1.258952746653627486e+02 2.356194490192261792e+00
1.701148958904785902e+00 1.274801171661803352e+02 2.356194490192261792e+00
1.510842451145623322e+00 1.278893269650008762e+02 2.356194490192261792e+00
1.372426421666226970e+00 1.294125406373951819e+02 2.356194490192261792e+00
9.095317848881885325e-01 1.303441883042293341e+02 2.356194490192261792e+00
1.216263389564427255e+00 1.315276779929567965e+02 2.356194490192261792e+00
1.146532079638254320e+00 1.320847118353255212e+02 2.356194490192261792e+00
1.271607468430040022e+00 1.336780637969375789e+02 2.356194490192261792e+00
1.838930428784323334e+00 1.340938471804759899e+02 2.356194490192261792e+00
1.284811710285531872e+00 1.356350221623253276e+02 2.356194490192261792e+00
9.695204476989862652e-01 1.364903835177729263e+02 2.356194490192261792e+00
1.119208922864778133e+00 1.377074666590075083e+02 2.356194490192261792e+00
1.296089417260805954e+00 1.382990814772371948e+02 2.356194490192261792e+00
9.527738832470264985e-01 1.398417656151214601e+02 2.356194490192261792e+00
2.124929119280148715e+00 1.403211889362096372e+02 2.356194490192261792e+00
1.130935225800417498e+00 1.418323476232257292e+02 2.356194490192261792e+00
1.078607421084859297e+00 1.426200033792329975e+02 2.356194490192261792e+00
1.048210207390893212e+00 1.438524162628484930e+02 2.356194490192261792e+00
1.521067036165286046e+00 1.445063547453131889e+02 2.356194490192261792e+00
6.511274117778947934e-01 1.458505654392220947e+02 2.356194490192261792e+00
2.490051380273467174e+00 1.465360665714478330e+02 2.356194490192261792e+00
8.443731216396442862e-01 1.478828266765040951e+02 2.356194490192261792e+00
1.279270280831003026e+00 1.486894511475749709e+02 2.356194490192261792e+00
9.769986160146574283e-01 1.498782727027972328e+02 2.356194490192261792e+00
1.770245013531668077e+00 1.506894984948135630e+02 2.356194490192261792e+00
6.404827302448827808e-01 1.514331862580700090e+02 2.356194490192261792e+00
2.696895983858161649e+00 1.527174098725058684e+02 2.356194490192261792e+00
8.310528838038181432e-01 1.533998166660347238e+02 2.356194490192261792e+00
1.389690434597902202e+00 1.546872679555391699e+02 2.356194490192261792e+00
8.671634639661141009e-01 1.557599319766477208e+02 2.356194490192261792e+00
1.464144047201781484e+00 1.568225920979844545e+02 2.356194490192261792e+00
9.119716409800613377e-01 1.573711249510409687e+02 2.356194490192261792e+00
1.933683371459514744e+00 1.589274001105150376e+02 2.356194490192261792e+00
1.333335884855086695e+00 1.593591966216567073e+02 2.356194490192261792e+00
1.377120792849741537e+00 1.608530268092671633e+02 2.356194490192261792e+00
8.873018646984464075e-01 1.618124568583587859e+02 2.356194490192261792e+00
1.248600937699220426e+00 1.629782068344995594e+02 2.356194490192261792e+00
1.075700415042450064e+00 1.635330081884483491e+02 2.356194490192261792e+00
1.406913359146130249e+00 1.651296819935556357e+02 2.356194490192261792e+00
1.698543299491992453e+00 1.655369694571311356e+02 2.356194490192261792e+00
1.298061349834514600e+00 1.670696306534873088e+02 2.356194490192261792e+00
9.416363060367356486e-01 1.679439962125360353e+02 2.356194490192261792e+00
1.132083753435857876e+00 1.691531264137852020e+02 2.356194490192261792e+00
1.224014077878781803e+00 1.697383962678000842e+02 2.356194490192261792e+00
1.051133175092506589e+00 1.713070692069331642e+02 2.356194490192261792e+00
1.997169843098239417e+00 1.717573667106101425e+02 2.356194490192261792e+00
1.170035774791112537e+00 1.732774436454866702e+02 2.356194490192261792e+00
1.034762296552880434e+00 1.740805642369607256e+02 2.356194490192261792e+00
1.057021137777914177e+00 1.753109467647201711e+02 2.356194490192261792e+00
1.428199916469685249e+00 1.759464228228721083e+02 2.356194490192261792e+00
7.344471438860342705e-01 1.773824825067208906e+02 2.356194490192261792e+00
2.347641939002501399e+00 1.779764958746330024e+02 2.356194490192261792e+00
9.394467002403875666e-01 1.793997675467727788e+02 2.356194490192261792e+00
1.210646789769012743e+00 1.801756874257850143e+02 2.356194490192261792e+00
9.988451565087758111e-01 1.813901981405555262e+02 2.356194490192261792e+00
1.713151960581921429e+00 1.821390156173979733e+02 2.356194490192261792e+00
5.640419815852741880e-01 1.830954862644695709e+02 2.356194490192261792e+00
2.720176179520477966e+00 1.841664407922370401e+02 2.356194490192261792e+00
7.036767543194005770e-01 1.850886091914776443e+02 2.356194490192261792e+00
1.353267148304098333e+00 1.861877281085489813e+02 2.356194490192261792e+00
8.802271373518494313e-01 1.873069910057150764e+02 2.356194490192261792e+00
1.574342295164633976e+00 1.882953131593830278e+02 2.356194490192261792e+00
8.090094425385764287e-01 1.888782518585949504e+02 2.356194490192261792e+00
2.219690606505504427e+00 1.903739993813345848e+02 2.356194490192261792e+00
1.127296648943365343e+00 1.908603421374057234e+02 2.356194490192261792e+00
1.373521332168582187e+00 1.923023621464631390e+02 2.356194490192261792e+00
8.644322711903115186e-01 1.932968180050076796e+02 2.356194490192261792e+00
1.292902145984417883e+00 1.944358982541609748e+02 2.356194490192261792e+00
9.901950066037076281e-01 1.949939016088871711e+02 2.356194490192261792e+00
1.579663808153693116e+00 1.965825175116562491e+02 2.356194490192261792e+00
1.525161928660994759e+00 1.969914458677753544e+02 2.356194490192261792e+00
1.297158986051467178e+00 1.985055429419557242e+02 2.356194490192261792e+00
9.104979841472288227e-01 1.993991171663170974e+02 2.356194490192261792e+00
1.140174215159359683e+00 2.005982714521415176e+02 2.356194490192261792e+00
1.138475206185039834e+00 2.011826687812307455e+02 2.356194490192261792e+00
1.160251118085626088e+00 2.027689910419828720e+02 2.356194490192261792e+00
1.842016422264352027e+00 2.031976514605352122e+02 2.356194490192261792e+00
1.182006677160369668e+00 2.047143076008449611e+02 2.356194490192261792e+00
9.957755049731059627e-01 2.055304832019810135e+02 2.356194490192261792e+00
1.055524634641270110e+00 2.067571139213987692e+02 2.356194490192261792e+00
1.334784695678910671e+00 2.073845403554425957e+02 2.356194490192261792e+00
8.176173882435491258e-01 2.088807070004779973e+02 2.356194490192261792e+00
2.196515429624233295e+00 2.094143821562797427e+02 2.356194490192261792e+00
1.000753286052334712e+00 2.108734324739621968e+02 2.356194490192261792e+00
1.147649868798307882e+00 2.116445991774303934e+02 2.356194490192261792e+00
1.006186177547666594e+00 2.128709407905875537e+02 2.356194490192261792e+00
1.617941776141974097e+00 2.135819055031967650e+02 2.356194490192261792e+00
5.642284317334063104e-01 2.147313703010438815e+02 2.356194490192261792e+00
2.620615344939711822e+00 2.156138103493871938e+02 2.356194490192261792e+00
7.130871818356311342e-01 2.167537018885007569e+02 2.356194490192261792e+00
1.330715121657640498e+00 2.176903408408769849e+02 2.356194490192261792e+00
9.200453355431122970e-01 2.188407134553094409e+02 2.356194490192261792e+00
1.690687150897064450e+00 2.197547368899807907e+02 2.356194490192261792e+00
7.539433493660430141e-01 2.203685952751889374e+02 2.356194490192261792e+00
2.448149956595738974e+00 2.218059048570640925e+02 2.356194490192261792e+00
1.022014837950639077e+00 2.223440020340374872e+02 2.356194490192261792e+00
1.405185490897999934e+00 2.237472842717491517e+02 2.356194490192261792e+00
8.710573666294729733e-01 2.247767819060468923e+02 2.356194490192261792e+00
1.377128562614416740e+00 2.258883634917668246e+02 2.356194490192261792e+00
9.903762310333338315e-01 2.264284391114125299e+02 2.356194490192261792e+00
1.707550815369885289e+00 2.280123911195233291e+02 2.356194490192261792e+00
1.501886724238656878e+00 2.284222932411589113e+02 2.356194490192261792e+00
1.369428286244851023e+00 2.299438234189205446e+02 2.356194490192261792e+00
9.080738439516674587e-01 2.308751897691256261e+02 2.356194490192261792e+00
1.214113112391844496e+00 2.320585927853771864e+02 2.356194490192261792e+00
1.141626315750173370e+00 2.326167661930573161e+02 2.356194490192261792e+00
1.274133240354442753e+00 2.342103198175387604e+02 2.356194490192261792e+00
1.830383340884038423e+00 2.346258654702811555e+02 2.356194490192261792e+00
1.280810834232759765e+00 2.361655641226975888e+02 2.356194490192261792e+00
9.687535680090968437e-01 2.370199681830497411e+02 2.356194490192261792e+00
1.116450709499160920e+00 2.382372118077574044e+02 2.356194490192261792e+00
1.292906920066661414e+00 2.388300960368768244e+02 2.356194490192261792e+00
9.520057736797700176e-01 2.403730114652370276e+02 2.356194490192261792e+00
2.119815184916647333e+00 2.408524175833630920e+02 2.356194490192261792e+00
1.127422621044449347e+00 2.423622608693008544e+02 2.356194490192261792e+00
1.078797874623379283e+00 2.431493674891072487e+02 2.356194490192261792e+00
1.046442416982116042e+00 2.443817493887343630e+02 2.356194490192261792e+00
1.520007386420875850e+00 2.450368935583819905e+02 2.356194490192261792e+00
6.498295905625559588e-01 2.463800980602881623e+02 2.356194490192261792e+00
2.488412953477233014e+00 2.470668595341855394e+02 2.356194490192261792e+00
8.423580693395563701e-01 2.484119238700805852e+02 2.356194490192261792e+00
1.279319327931915273e+00 2.492193280317451354e+02 2.356194490192261792e+00
9.760440743532280417e-01 2.504079024701880201e+02 2.356194490192261792e+00
1.768634443278955581e+00 2.512201024955779758e+02 2.356194490192261792e+00
6.404795560575972102e-01 2.519635814854294438e+02 2.356194490192261792e+00
2.694681393890971499e+00 2.532483551827307622e+02 2.356194490192261792e+00
8.310507859203721814e-01 2.539304432482318532e+02 2.356194490192261792e+00
1.388881343409301028e+00 2.552180528330256379e+02 2.356194490192261792e+00
8.666321418424803857e-01 2.562905164656657462e+02 2.356194490192261792e+00
1.462683855565297231e+00 2.573533712673266791e+02 2.356194490192261792e+00
9.103893574989234683e-01 2.579026794086806831e+02 2.356194490192261792e+00
1.933587768201375789e+00 2.594585852904082230e+02 2.356194490192261792e+00
1.330746848199955146e+00 2.598907417183560824e+02 2.356194490192261792e+00
1.374965922283899911e+00 2.613838516928046261e+02 2.356194490192261792e+00
8.865720911654543235e-01 2.623426620219743199e+02 2.356194490192261792e+00
1.246469915519896166e+00 2.635086359053462388e+02 2.356194490192261792e+00
1.073282681173247433e+00 2.640643654861729601e+02 2.356194490192261792e+00
1.406507305552126885e+00 2.656609489279163654e+02 2.356194490192261792e+00
1.694591667368697374e+00 2.660683533784172141e+02 2.356194490192261792e+00
1.294653152067757329e+00 2.676000028683706660e+02 2.356194490192261792e+00
9.413544387401328040e-01 2.684732368686632640e+02 2.356194490192261792e+00
1.129479909226930534e+00 2.696826726112182655e+02 2.356194490192261792e+00
1.222484403427847921e+00 2.702690759914881369e+02 2.356194490192261792e+00
1.048749134559066265e+00 2.718375313080915703e+02 2.356194490192261792e+00
1.994917215782391340e+00 2.722882475181143036e+02 2.356194490192261792e+00
1.166156882874658240e+00 2.738070861262934272e+02 2.356194490192261792e+00
1.035591712098373751e+00 2.746092299205997733e+02 2.356194490192261792e+00
1.055072229616871082e+00 2.758397162592886502e+02 2.356194490192261792e+00
1.428865587677934146e+00 2.764765599299731775e+02 2.356194490192261792e+00
7.312461590551461166e-01 2.779105116838099434e+02 2.356194490192261792e+00
2.348732407432581049e+00 2.785068702153393474e+02 2.356194490192261792e+00
9.353917933911395366e-01 2.799276515488760992e+02 2.356194490192261792e+00
1.212379899429038010e+00 2.807041658273128064e+02 2.356194490192261792e+00
9.975070883523516896e-01 2.819180391995909076e+02 2.356194490192261792e+00
1.713930340231024196e+00 2.826689503295155532e+02 2.356194490192261792e+00
5.647304559402233082e-01 2.836196979095969368e+02 2.356194490192261792e+00
2.719691169791731866e+00 2.846965589817641558e+02 2.356194490192261792e+00
7.048222528346587135e-01 2.856119710781734966e+02 2.356194490192261792e+00
1.353140604922408841e+00 2.867162161821175346e+02 2.356194490192261792e+00
8.787626902123083505e-01 2.878344250324213363e+02 2.356194490192261792e+00
1.569464749443248763e+00 2.888248806320985977e+02 2.356194490192261792e+00
8.088973337533053032e-01 2.894082435083571454e+02 2.356194490192261792e+00
2.212988346373694792e+00 2.909047094547591428e+02 2.356194490192261792e+00
1.127785927304117752e+00 2.913904901701270092e+02 2.356194490192261792e+00
1.370563232140643795e+00 2.928325719557788034e+02 2.356194490192261792e+00
8.634838059588905157e-01 2.938256049444493669e+02 2.356194490192261792e+00
1.288707045435615761e+00 2.949655229780779564e+02 2.356194490192261792e+00
9.876848510157753003e-01 2.955249872887756055e+02 2.356194490192261792e+00
1.576108638403309836e+00 2.971134335256688814e+02 2.356194490192261792e+00
1.521660861083762750e+00 2.975226202052315330e+02 2.356194490192261792e+00
1.291899321896163189e+00 2.990354517475907983e+02 2.356194490192261792e+00
9.100771603267782117e-01 2.999269952708026494e+02 2.356194490192261792e+00
1.135663604301704321e+00 3.011268199224027171e+02 2.356194490192261792e+00
1.136595118053258968e+00 3.017129854316861497e+02 2.356194490192261792e+00
1.155013292101813249e+00 3.032989564085841607e+02 2.356194490192261792e+00
1.839613435230882166e+00 3.037282946516082802e+02 2.356194490192261792e+00
1.175554517675724497e+00 3.052431163347584970e+02 2.356194490192261792e+00
9.970568357783581304e-01 3.060573562929642435e+02 2.356194490192261792e+00
1.051925019205029121e+00 3.072843171244854261e+02 2.356194490192261792e+00
1.336102517087707664e+00 3.079139586301691907e+02 2.356194490192261792e+00
8.109643733192890558e-01 3.094072707626868919e+02 2.356194490192261792e+00
2.198937389218944993e+00 3.099442622486974415e+02 2.356194490192261792e+00
9.935571730887512443e-01 3.113998371049881371e+02 2.356194490192261792e+00
1.150977353663140024e+00 3.121709600587944919e+02 2.356194490192261792e+00
1.003850395683218100e+00 3.133966311182686013e+02 2.356194490192261792e+00
1.621263236965944321e+00 3.141109333676360507e+02 2.356194490192261792e+00
5.620261967579712747e-01 3.152499046621692855e+02 2.356194490192261792e+00
2.624260757171696046e+00 3.161430406871318155e+02 2.356194490192261792e+00
7.093583301651645856e-01 3.172710091138408188e+02 2.356194490192261792e+00
1.331260507670400717e+00 3.182160715954886996e+02 2.356194490192261792e+00
9.167694359180538211e-01 3.193650246183277659e+02 2.356194490192261792e+00
1.682713482774079283e+00 3.202834529273633848e+02 2.356194490192261792e+00
7.550312886774857013e-01 3.208966646705156336e+02 2.356194490192261792e+00
2.436063784565937862e+00 3.223364108133488912e+02 2.356194490192261792e+00
1.024217667625349604e+00 3.228726219824893064e+02 2.356194490192261792e+00
1.401375697726957803e+00 3.242769425063750077e+02 2.356194490192261792e+00
8.693025480575646835e-01 3.253045533596001064e+02 2.356194490192261792e+00
1.370308894940837741e+00 3.264175453406317615e+02 2.356194490192261792e+00
9.855271686672747444e-01 3.269601844080930846e+02 2.356194490192261792e+00
1.703557676368290918e+00 3.285436492525074073e+02 2.356194490192261792e+00
1.494574358713109064e+00 3.289541147939036705e+02 2.356194490192261792e+00
1.360528062576316755e+00 3.304733967200319853e+02 2.356194490192261792e+00
9.064033832203401975e-01 3.314014024584179197e+02 2.356194490192261792e+00
1.205445828530090191e+00 3.325860907785718723e+02 2.356194490192261792e+00
1.135317985835725407e+00 3.331476933043489339e+02 2.356194490192261792e+00
1.268144070612715391e+00 3.347410386737562931e+02 2.356194490192261792e+00
1.820844580152315428e+00 3.351571795803436089e+02 2.356194490192261792e+00
1.268141516084373865e+00 3.366934139869475189e+02 2.356194490192261792e+00
9.696040479334643303e-01 3.375433404762231362e+02 2.356194490192261792e+00
1.107701902319455201e+00 3.387617172954710441e+02 2.356194490192261792e+00
1.291677808624809076e+00 3.393588558198361511e+02 2.356194490192261792e+00
9.400542441493509038e-01 3.408991456840138312e+02 2.356194490192261792e+00
2.118814665167434441e+00 3.413820507420017520e+02 2.356194490192261792e+00
1.112957283632690197e+00 3.428868075643865154e+02 2.356194490192261792e+00
1.084250894872475390e+00 3.436710702537027942e+02 2.356194490192261792e+00
1.040652350867053100e+00 3.449033539153413699e+02 2.356194490192261792e+00
1.526910605965585699e+00 3.455641366964742929e+02 2.356194490192261792e+00
6.386634702070916880e-01 3.468928166592636444e+02 2.356194490192261792e+00
2.498372526490122425e+00 3.475946668648803097e+02 2.356194490192261792e+00
8.267087661518053299e-01 3.489243294444161734e+02 2.356194490192261792e+00
1.285804567491574124e+00 3.497396028186102512e+02 2.356194490192261792e+00
9.706926618201865420e-01 3.509243092260184085e+02 2.356194490192261792e+00
1.766080346542481028e+00 3.517464370476097315e+02 2.356194490192261792e+00
6.522992812799579543e-01 3.524709815385335787e+02 2.356194490192261792e+00
2.676468093032411844e+00 3.537761971915030017e+02 2.356194490192261792e+00
8.509657230306946207e-01 3.544378434865504346e+02 2.356194490192261792e+00
1.392390433217560508e+00 3.557417694249832039e+02 2.356194490192261792e+00
8.669652999088988121e-01 3.568093153546653866e+02 2.356194490192261792e+00
1.453057548119130793e+00 3.578785799639243805e+02 2.356194490192261792e+00
9.217605635982516477e-01 3.584253442621745194e+02 2.356194490192261792e+00
1.905294606806605229e+00 3.599859232831899476e+02 2.356194490192261792e+00
1.354019444148710338e+00 3.604140690125614697e+02 2.356194490192261792e+00
1.376724089034400578e+00 3.619119025981237314e+02 2.356194490192261792e+00
8.897281458137498156e-01 3.628679163880572105e+02 2.356194490192261792e+00
1.244360094706881803e+00 3.640359829351677945e+02 2.356194490192261792e+00
1.083864403062012149e+00 3.645909297314489663e+02 2.356194490192261792e+00
1.390444800913037016e+00 3.661876738544486329e+02 2.356194490192261792e+00
1.714998411887797225e+00 3.665955217195286195e+02 2.356194490192261792e+00
1.296926050774982020e+00 3.681294396047296118e+02 2.356194490192261792e+00
9.447545811140518612e-01 3.690016258351584497e+02 2.356194490192261792e+00
1.130631071783318342e+00 3.702117358792789901e+02 2.356194490192261792e+00
1.232246254452306733e+00 3.707975700495405249e+02 2.356194490192261792e+00
1.039734835480439434e+00 3.723637872531514859e+02 2.356194490192261792e+00
2.011978461847344413e+00 3.728169352238841157e+02 2.356194490192261792e+00
1.166594574159622200e+00 3.743365019416713722e+02 2.356194490192261792e+00
1.039309792216771111e+00 3.751378805010912174e+02 2.356194490192261792e+00
1.056247104909532997e+00 3.763686089093353644e+02 2.356194490192261792e+00
1.438294801107950827e+00 3.770057410244023117e+02 2.356194490192261792e+00
7.248145113977013665e-01 3.784333586158237495e+02 2.356194490192261792e+00
2.363561246165676089e+00 3.790358444663191335e+02 2.356194490192261792e+00
9.299509756102550817e-01 3.804527832149110509e+02 2.356194490192261792e+00
1.218299650078593421e+00 3.812304289742615424e+02 2.356194490192261792e+00
9.969561669167729123e-01 3.824427793518266299e+02 2.356194490192261792e+00
1.722011913480739898e+00 3.831974761624182406e+02 2.356194490192261792e+00
5.682403087416226795e-01 3.841296238423581144e+02 2.356194490192261792e+00
2.725260964467833169e+00 3.852246223050415779e+02 2.356194490192261792e+00
7.100834576898957806e-01 3.861185667975832416e+02 2.356194490192261792e+00
1.355508870547448508e+00 3.872393984729878866e+02 2.356194490192261792e+00
8.761231868923442523e-01 3.883540236547133304e+02 2.356194490192261792e+00
1.558570045020417405e+00 3.893512613481507287e+02 2.356194490192261792e+00
8.152168156985342140e-01 3.899319709237681764e+02 2.356194490192261792e+00
2.189796671981789178e+00 3.914337261195715882e+02 2.356194490192261792e+00
1.140490572108517231e+00 3.919146973427228318e+02 2.356194490192261792e+00
1.368288180688506550e+00 3.933606033775262176e+02 2.356194490192261792e+00
8.639303285160734314e-01 3.943500625506562756e+02 2.356194490192261792e+00
1.281922346164216853e+00 3.954926010354451478e+02 2.356194490192261792e+00
9.907968446260529971e-01 3.960529712556431150e+02 2.356194490192261792e+00
1.561675059802156040e+00 3.976421788802692276e+02 2.356194490192261792e+00
1.529485228122259510e+00 3.980510923296584451e+02 2.356194490192261792e+00
1.287526974786966205e+00 3.995641739773362815e+02 2.356194490192261792e+00
9.117178460397802331e-01 4.004527046355831885e+02 2.356194490192261792e+00
1.131256993959728119e+00 4.016537893008858191e+02 2.356194490192261792e+00
1.140493917026878856e+00 4.022414471464426811e+02 2.356194490192261792e+00
1.143398211909286699e+00 4.038262747847711580e+02 2.356194490192261792e+00
1.847655516073096083e+00 4.042573329403901994e+02 2.356194490192261792e+00
1.169819998843238062e+00 4.057710170545861388e+02 2.356194490192261792e+00
1.000568076247317695e+00 4.065828995361739544e+02 2.356194490192261792e+00
1.049227469549783187e+00 4.078103777814888531e+02 2.356194490192261792e+00
1.343125539431238469e+00 4.084422290908927948e+02 2.356194490192261792e+00
8.002704066751479273e-01 4.099298431643532012e+02 2.356194490192261792e+00
2.210684853056769317e+00 4.104729603281840582e+02 2.356194490192261792e+00
9.846166490011658556e-01 4.119240004336831475e+02 2.356194490192261792e+00
1.157416786240631490e+00 4.126952022562506386e+02 2.356194490192261792e+00
1.001792199285965967e+00 4.139197907339351445e+02 2.356194490192261792e+00
1.630201289660874631e+00 4.146387482259910371e+02 2.356194490192261792e+00
5.591361888699025728e-01 4.157582012473294526e+02 2.356194490192261792e+00
2.634811834856061186e+00 4.166707291798811070e+02 2.356194490192261792e+00
7.039512037017073842e-01 4.177770880884830831e+02 2.356194490192261792e+00
1.333344555718935620e+00 4.187376897860597751e+02 2.356194490192261792e+00
9.117629741400860022e-01 4.198837892546429771e+02 2.356194490192261792e+00
1.670405499357661583e+00 4.208101852825374181e+02 2.356194490192261792e+00
7.599239703557238990e-01 4.214200244806811497e+02 2.356194490192261792e+00
2.413295757924569518e+00 4.228660079173478721e+02 2.356194490192261792e+00
1.033167105427768240e+00 4.233968505051619218e+02 2.356194490192261792e+00
1.397446907772814884e+00 4.248050307436256503e+02 2.356194490192261792e+00
8.677914654506676539e-01 4.258292087329029414e+02 2.356194490192261792e+00
1.360570365723994035e+00 4.269450228613916920e+02 2.356194490192261792e+00
9.829335994228697304e-01 4.274902555761995586e+02 2.356194490192261792e+00
1.692271895777119228e+00 4.290738499518337221e+02 2.356194490192261792e+00
1.492339233952296285e+00 4.294844702736552335e+02 2.356194490192261792e+00
1.350796263697528587e+00 4.310021107300278800e+02 2.356194490192261792e+00
9.054852726216401360e-01 4.319256806738100636e+02 2.356194490192261792e+00
1.195442331405223824e+00 4.331122106232541569e+02 2.356194490192261792e+00
1.131288123600946660e+00 4.336775018371231454e+02 2.356194490192261792e+00
1.257198021207519112e+00 4.352703525978571406e+02 2.356194490192261792e+00
1.815857172586489154e+00 4.356875786482534068e+02 2.356194490192261792e+00
1.254344477804980595e+00 4.372203707196590017e+02 2.356194490192261792e+00
9.716528791411795929e-01 4.380650857494426873e+02 2.356194490192261792e+00
1.098398534292861717e+00 4.392848110285424923e+02 2.356194490192261792e+00
1.293328415999815517e+00 4.398866388355797312e+02 2.356194490192261792e+00
9.241606642626665202e-01 4.414228241453243413e+02 2.356194490192261792e+00
2.122771884249429863e+00 4.419108497128223121e+02 2.356194490192261792e+00
1.096363036531874169e+00 4.434096656132920771e+02 2.356194490192261792e+00
1.091727140070822388e+00 4.441908405995859539e+02 2.356194490192261792e+00
1.034539055834772903e+00 4.454228734664213221e+02 2.356194490192261792e+00
1.537438884901214831e+00 4.460903804865766915e+02 2.356194490192261792e+00
6.252902178417906187e-01 4.473991842356093684e+02 2.356194490192261792e+00
2.513454198399962980e+00 4.481214156971424813e+02 2.356194490192261792e+00
8.077869736344649443e-01 4.494304741858778129e+02 2.356194490192261792e+00
1.293941240187744590e+00 4.502569920589747881e+02 2.356194490192261792e+00
9.641841011053233768e-01 4.514367075338195718e+02 2.356194490192261792e+00
1.762171665462044734e+00 4.522714472566946142e+02 2.356194490192261792e+00
6.684305003420440983e-01 4.529729580958954784e+02 2.356194490192261792e+00
2.651116525667099655e+00 4.543031948555534996e+02 2.356194490192261792e+00
8.779949196115307553e-01 4.549401853458805363e+02 2.356194490192261792e+00
1.397572238699462677e+00 4.562639724896298503e+02 2.356194490192261792e+00
8.682479054863936341e-01 4.573254673153289218e+02 2.356194490192261792e+00
1.442560286868567188e+00 4.584024261146400363e+02 2.356194490192261792e+00
9.379445656973627310e-01 4.589454870803716631e+02 2.356194490192261792e+00
1.869573500784111442e+00 4.605119192055321378e+02 2.356194490192261792e+00
1.386614960589133805e+00 4.609350888709398077e+02 2.356194490192261792e+00
1.381304872927813010e+00 4.624394560718117759e+02 2.356194490192261792e+00
8.945078385253089071e-01 4.633927315990549687e+02 2.356194490192261792e+00
1.244189602331647437e+00 4.645630871494473126e+02 2.356194490192261792e+00
1.099825425468967666e+00 4.651161045961260356e+02 2.356194490192261792e+00
1.370888680032844142e+00 4.667128960641666140e+02 2.356194490192261792e+00
1.744927440864559864e+00 4.671213979711784532e+02 2.356194490192261792e+00
1.303324047836582844e+00 4.686591627216361644e+02 2.356194490192261792e+00
9.492269975533390580e-01 4.695312557767327348e+02 2.356194490192261792e+00
1.134781744150524352e+00 4.707418686449946108e+02 2.356194490192261792e+00
1.245975997483122155e+00 4.713258159665920175e+02 2.356194490192261792e+00
1.030982653065195986e+00 4.728893463715129428e+02 2.356194490192261792e+00
2.035485241907733833e+00 4.733451853226263211e+02 2.356194490192261792e+00
1.170848975838906902e+00 4.748668359775380736e+02 2.356194490192261792e+00
1.043092153163224234e+00 4.756681970944851514e+02 2.356194490192261792e+00
1.059545823928199626e+00 4.768991239384234859e+02 2.356194490192261792e+00
1.449342214765942272e+00 4.775353028829816253e+02 2.356194490192261792e+00
7.199072385639636584e-01 4.789569704094996041e+02 2.356194490192261792e+00
2.380826475795524644e+00 4.795649039102341931e+02 2.356194490192261792e+00
9.268114783116286892e-01 4.809792680399402229e+02 2.356194490192261792e+00
1.224062826261963943e+00 4.817578132338994124e+02 2.356194490192261792e+00
9.974402548194712947e-01 4.829687992382816333e+02 2.356194490192261792e+00
1.731185207848649155e+00 4.837263522791493529e+02 2.356194490192261792e+00
5.724170502247281078e-01 4.846405893319923166e+02 2.356194490192261792e+00
2.731942009563772533e+00 4.857527602933392927e+02 2.356194490192261792e+00
7.164421228566173472e-01 4.866261627976894033e+02 2.356194490192261792e+00
1.358751171287433168e+00 4.877630066873990700e+02 2.356194490192261792e+00
8.744298257357067117e-01 4.888740761307525418e+02 2.356194490192261792e+00
1.549719478521639049e+00 4.898777532538376249e+02 2.356194490192261792e+00
8.236515866861703339e-01 4.904546990913555646e+02 2.356194490192261792e+00
2.166807110558636396e+00 4.919623878400501553e+02 2.356194490192261792e+00
1.156753742823348308e+00 4.924378832527814893e+02 2.356194490192261792e+00
1.368650450985540612e+00 4.938886183227497781e+02 2.356194490192261792e+00
8.656288401682620259e-01 4.948750376596047431e+02 2.356194490192261792e+00
1.277857710790918588e+00 4.960200130778239895e+02 2.356194490192261792e+00
9.977059737996080147e-01 4.965799606051733690e+02 2.356194490192261792e+00
1.546953530613109251e+00 4.981702724461295020e+02 2.356194490192261792e+00
1.543653903854496079e+00 4.985786208726482869e+02 2.356194490192261792e+00
1.287705841800401263e+00 5.000934150560101443e+02 2.356194490192261792e+00
9.143234600946050783e-01 5.009802961816512834e+02 2.356194490192261792e+00
1.130552373637485397e+00 5.021822689430572950e+02 2.356194490192261792e+00
1.147638420510442403e+00 5.027699183992680219e+02 2.356194490192261792e+00
1.134198299070303451e+00 5.043535955417299306e+02 2.356194490192261792e+00
1.860733084654102587e+00 5.047861794172471832e+02 2.356194490192261792e+00
1.169430724029994151e+00 5.063003921543415800e+02 2.356194490192261792e+00
1.003718912629474991e+00 5.071113067330749686e+02 2.356194490192261792e+00
1.049640618288175897e+00 5.083391065403841367e+02 2.356194490192261792e+00
1.350804954208007391e+00 5.089714048879376946e+02 2.356194490192261792e+00
7.936595933664144509e-01 5.104547040319528151e+02 2.356194490192261792e+00
2.223272448001519574e+00 5.110021736317432328e+02 2.356194490192261792e+00
9.807208330807853924e-01 5.124510769467949558e+02 2.356194490192261792e+00
1.162221458322473033e+00 5.132223876788050347e+02 2.356194490192261792e+00
1.001621471594067669e+00 5.144462892389486797e+02 2.356194490192261792e+00
1.638283726266563711e+00 5.151677096918903089e+02 2.356194490192261792e+00
5.578351510253345413e-01 5.162729815390754311e+02 2.356194490192261792e+00
2.644556887298618264e+00 5.171992913786579038e+02 2.356194490192261792e+00
7.010440535682999075e-01 5.182901905970701364e+02 2.356194490192261792e+00
1.335476676427421960e+00 5.192620903278849482e+02 2.356194490192261792e+00
9.087756636802483134e-01 5.204060000041117746e+02 2.356194490192261792e+00
1.662855859202583275e+00 5.213380439318984827e+02 2.356194490192261792e+00
7.651093142593264895e-01 5.219443067471306676e+02 2.356194490192261792e+00
2.396553370308495357e+00 5.233956849539382574e+02 2.356194490192261792e+00
1.042445194636195227e+00 5.239216797008930371e+02 2.356194490192261792e+00
1.396385169681087168e+00 5.253336839153237179e+02 2.356194490192261792e+00
8.676958606940519125e-01 5.263554463724450443e+02 2.356194490192261792e+00
1.355211672922923327e+00 5.274733873564756550e+02 2.356194490192261792e+00
9.845704320865548143e-01 5.280193092228271325e+02 2.356194490192261792e+00
1.682188827805214615e+00 5.296035481178066675e+02 2.356194490192261792e+00
1.496900060982042646e+00 5.300138096855985168e+02 2.356194490192261792e+00
1.347475671458931767e+00 5.315316380776274627e+02 2.356194490192261792e+00
9.059972655120307472e-01 5.324529884419874861e+02 2.356194490192261792e+00
1.191486006187608249e+00 5.336405603325086986e+02 2.356194490192261792e+00
1.132386581294575256e+00 5.342071020667156063e+02 2.356194490192261792e+00
1.249661598452401545e+00 5.357995405153203592e+02 2.356194490192261792e+00
1.818847565556524826e+00 5.362175299705868383e+02 2.356194490192261792e+00
1.249516777405593526e+00 5.377494207984292416e+02 2.356194490192261792e+00
9.733468830564175889e-01 5.385919531444136510e+02 2.356194490192261792e+00
1.095240156090687034e+00 5.398122937026321324e+02 2.356194490192261792e+00
1.296456243602486902e+00 5.404158350072909798e+02 2.356194490192261792e+00
9.160877135039823260e-01 5.419495256513031336e+02 2.356194490192261792e+00
2.128477724231004675e+00 5.424404497848859137e+02 2.356194490192261792e+00
1.089652591935220460e+00 5.439368504309422860e+02 2.356194490192261792e+00
1.095759554963395832e+00 5.447167726602393714e+02 2.356194490192261792e+00
1.032442390765158091e+00 5.459486512255950856e+02 2.356194490192261792e+00
1.543971404021600158e+00 5.466190569471006029e+02 2.356194490192261792e+00
6.191309148597831102e-01 5.479173098568508067e+02 2.356194490192261792e+00
2.522790844330040194e+00 5.486501716032281593e+02 2.356194490192261792e+00
7.989824665748526122e-01 5.499486442526347219e+02 2.356194490192261792e+00
1.298159492337006338e+00 5.507812431274007849e+02 2.356194490192261792e+00
9.612367299786298558e-01 5.519584060825119423e+02 2.356194490192261792e+00
1.760457625690531103e+00 5.527993984543708166e+02 2.356194490192261792e+00
6.773639264320754361e-01 5.534893364686469113e+02 2.356194490192261792e+00
2.637685133591386233e+00 5.548320830903513752e+02 2.356194490192261792e+00
8.929192717747638230e-01 5.554568168763016729e+02 2.356194490192261792e+00
1.400941742523077682e+00 5.567906079208760275e+02 2.356194490192261792e+00
8.694798901538486335e-01 5.578491301267421250e+02 2.356194490192261792e+00
1.438371351320439029e+00 5.589298426944839093e+02 2.356194490192261792e+00
9.477850586244295217e-01 5.594704959197640619e+02 2.356194490192261792e+00
1.850980418710696629e+00 5.610400379921200056e+02 2.356194490192261792e+00
1.406006806941294984e+00 5.614605756357120754e+02 2.356194490192261792e+00
1.385594649961559233e+00 5.629688565101160975e+02 2.356194490192261792e+00
8.975754513324007977e-01 5.639213413751175494e+02 2.356194490192261792e+00
1.246050069983265063e+00 5.650926256299179613e+02 2.356194490192261792e+00
1.110152693166825744e+00 5.656438643672142916e+02 2.356194490192261792e+00
1.361245606307986078e+00 5.672406085788788914e+02 2.356194490192261792e+00
1.763755622967726255e+00 5.676494695411606699e+02 2.356194490192261792e+00
1.309528243425488014e+00 5.691900478520876732e+02 2.356194490192261792e+00
9.516530160210526779e-01 5.700631029580982840e+02 2.356194490192261792e+00
1.139123608947800959e+00 5.712736926296024649e+02 2.356194490192261792e+00
1.254184630802200440e+00 5.718556894384375937e+02 2.356194490192261792e+00
1.028572136379442004e+00 5.734180191658922467e+02 2.356194490192261792e+00
2.049210653009321259e+00 5.738748717658528449e+02 2.356194490192261792e+00
1.176202310193561695e+00 5.753986025592502074e+02 2.356194490192261792e+00
1.044221267236246753e+00 5.762007664429939950e+02 2.356194490192261792e+00
1.062772533238858896e+00 5.774317084587283944e+02 2.356194490192261792e+00
1.454215566337566878e+00 5.780662623593131002e+02 2.356194490192261792e+00
7.200640223903976844e-01 5.794868021000935414e+02 2.356194490192261792e+00
2.388399007784609118e+00 5.800954196012833108e+02 2.356194490192261792e+00
9.285319654889701013e-01 5.815106080968438391e+02 2.356194490192261792e+00
1.225499160804107257e+00 5.822890260803280853e+02 2.356194490192261792e+00
9.987472334485246739e-01 5.834998822472570055e+02 2.356194490192261792e+00
1.735169143170147921e+00 5.842571244939730377e+02 2.356194490192261792e+00
5.737497756432278218e-01 5.851671046347273659e+02 2.356194490192261792e+00
2.735836170413116886e+00 5.862830071429541476e+02 2.356194490192261792e+00
7.183733959776515965e-01 5.871516387314250096e+02 2.356194490192261792e+00
1.360428517766624656e+00 5.882922973536906284e+02 2.356194490192261792e+00
8.746874395742283426e-01 5.894025170645545586e+02 2.356194490192261792e+00
1.549164106584170586e+00 5.904076671858490499e+02 2.356194490192261792e+00
8.277599527493134657e-01 5.909825300365602061e+02 2.356194490192261792e+00
2.160898233081162356e+00 5.924924598047704194e+02 2.356194490192261792e+00
1.164118704368669377e+00 5.929658269954765046e+02 2.356194490192261792e+00
1.371104414776789682e+00 5.944187919958746988e+02 2.356194490192261792e+00
8.671082698250398568e-01 5.954049043193967918e+02 2.356194490192261792e+00
1.279122934881999241e+00 5.965503762628378581e+02 2.356194490192261792e+00
1.002752745538885160e+00 5.971090558864855211e+02 2.356194490192261792e+00
1.542870797772873948e+00 5.986999607459015351e+02 2.356194490192261792e+00
1.552775379439589765e+00 5.991078903018856181e+02 2.356194490192261792e+00
1.291734148569014140e+00 6.006244148325314427e+02 2.356194490192261792e+00
9.157592724947425378e-01 6.015120646636291895e+02 2.356194490192261792e+00
1.133545932991301131e+00 6.027139513373672344e+02 2.356194490192261792e+00
1.152168764743164653e+00 6.033002827101024650e+02 2.356194490192261792e+00
1.133971772362551089e+00 6.048837180510375902e+02 2.356194490192261792e+00
1.868276660228321395e+00 6.053164583446871347e+02 2.356194490192261792e+00
1.174001726111493449e+00 6.068322806428645890e+02 2.356194490192261792e+00
1.004108160519768367e+00 6.076441409401116971e+02 2.356194490192261792e+00
1.052391248619981345e+00 6.088718669610420875e+02 2.356194490192261792e+00
1.353150363101678133e+00 6.095027210092280257e+02 2.356194490192261792e+00
7.955165412115177137e-01 6.109863570412139779e+02 2.356194490192261792e+00
2.226960762755653800e+00 6.115331718047405047e+02 2.356194490192261792e+00
9.842303450036372636e-01 6.129837917433364964e+02 2.356194490192261792e+00
1.161913826084623791e+00 6.137550171423324628e+02 2.356194490192261792e+00
1.003225344417067788e+00 6.149791725407319518e+02 2.356194490192261792e+00
1.639616483292663407e+00 6.156991931980935533e+02 2.356194490192261792e+00
5.584004248307935514e-01 6.168059744991036268e+02 2.356194490192261792e+00
2.646649960532868828e+00 6.177304444044146976e+02 2.356194490192261792e+00
7.017662562818992589e-01 6.188234447723923495e+02 2.356194490192261792e+00
1.336249142371108478e+00 6.197939004812546955e+02 2.356194490192261792e+00
9.098719237412706828e-01 6.209378894484485727e+02 2.356194490192261792e+00
1.665756811182176556e+00 6.218692958767028358e+02 2.356194490192261792e+00
7.671872595483355539e-01 6.224739479266105491e+02 2.356194490192261792e+00
2.397860701263847094e+00 6.239263421426153400e+02 2.356194490192261792e+00
1.045793298543157057e+00 6.244512013665514587e+02 2.356194490192261792e+00
1.399320060077762218e+00 6.258645255416291775e+02 2.356194490192261792e+00
8.691606950495343042e-01 6.268867124666372774e+02 2.356194490192261792e+00
1.358302882050738791e+00 6.280045691896251583e+02 2.356194490192261792e+00
9.895836836579422480e-01 6.285486575200125117e+02 2.356194490192261792e+00
1.680567815817402000e+00 6.301336231727309496e+02 2.356194490192261792e+00
1.505507159696969355e+00 6.305432379811927603e+02 2.356194490192261792e+00
1.353400816840381937e+00 6.320630936207683135e+02 2.356194490192261792e+00
9.075631686124298048e-01 6.329861875709885908e+02 2.356194490192261792e+00
1.196686850998236684e+00 6.341732264298466362e+02 2.356194490192261792e+00
1.137846380915410682e+00 6.347375722807190641e+02 2.356194490192261792e+00
1.251435410050362407e+00 6.363300111671691184e+02 2.356194490192261792e+00
1.827644459950815037e+00 6.367478252837818218e+02 2.356194490192261792e+00
1.257508678382430745e+00 6.382821293266206339e+02 2.356194490192261792e+00
9.732744793104781689e-01 6.391271367243793975e+02 2.356194490192261792e+00
1.100553875751774768e+00 6.403469416063451263e+02 2.356194490192261792e+00
1.298458256535568900e+00 6.409478639533027717e+02 2.356194490192261792e+00
9.220809716682579760e-01 6.424828160757053865e+02 2.356194490192261792e+00
2.131274990940339009e+00 6.429719495421514921e+02 2.356194490192261792e+00
1.098002317775751857e+00 6.444714933022363539e+02 2.356194490192261792e+00
1.093147692789547154e+00 6.452526884390889563e+02 2.356194490192261792e+00
1.035839082250610277e+00 6.464847562155417791e+02 2.356194490192261792e+00
1.541561936030066082e+00 6.471519114477156336e+02 2.356194490192261792e+00
6.241696066197217618e-01 6.484577363428284116e+02 2.356194490192261792e+00
2.519524223155940490e+00 6.491826445631365914e+02 2.356194490192261792e+00
8.063409681146438412e-01 6.504895774246501787e+02 2.356194490192261792e+00
1.295929973328456608e+00 6.513174003903031917e+02 2.356194490192261792e+00
9.641700755307475168e-01 6.524962712143640147e+02 2.356194490192261792e+00
1.764003048131032036e+00 6.533325207684397355e+02 2.356194490192261792e+00
6.726996828754022717e-01 6.540285914688311095e+02 2.356194490192261792e+00
2.648278140002636505e+00 6.553641581650439321e+02 2.356194490192261792e+00
8.851555031348961045e-01 6.559955939745260594e+02 2.356194490192261792e+00
1.400545626371155317e+00 6.573240793139583502e+02 2.356194490192261792e+00
8.696491368017292833e-01 6.583845067608037880e+02 2.356194490192261792e+00
1.442827631413362566e+00 6.594629731294502335e+02 2.356194490192261792e+00
9.452118642382763003e-01 6.600036895035183306e+02 2.356194490192261792e+00
1.860683138069952225e+00 6.615721311398976923e+02 2.356194490192261792e+00
1.400113271696633799e+00 6.619935360996468035e+02 2.356194490192261792e+00
1.386889305160921237e+00 6.635009195937232107e+02 2.356194490192261792e+00
8.970794219895266153e-01 6.644548839055976259e+02 2.356194490192261792e+00
1.248560230319484710e+00 6.656252928214539679e+02 2.356194490192261792e+00
1.108597714409272239e+00 6.661759587775748059e+02 2.356194490192261792e+00
1.366987835115886174e+00 6.677728165671148872e+02 2.356194490192261792e+00
1.760190688836496875e+00 6.681813357441192238e+02 2.356194490192261792e+00
1.311833926405265860e+00 6.697220708144732271e+02 2.356194490192261792e+00
9.507056125016446479e-01 6.705965133138547571e+02 2.356194490192261792e+00
1.141072182012279557e+00 6.718065966313198487e+02 2.356194490192261792e+00
1.252166804066555228e+00 6.723877431669657199e+02 2.356194490192261792e+00
1.033790192568310617e+00 6.739511331823424598e+02 2.356194490192261792e+00
2.045345235115641369e+00 6.744066878377822150e+02 2.356194490192261792e+00
1.179742871546096250e+00 6.759313558268687530e+02 2.356194490192261792e+00
1.042092115438847388e+00 6.767347233267914817e+02 2.356194490192261792e+00
1.064196842840718915e+00 6.779654848018921030e+02 2.356194490192261792e+00
1.450201127665558198e+00 6.785986267307406479e+02 2.356194490192261792e+00
7.252882517823823205e-01 6.800235911926123435e+02 2.356194490192261792e+00
2.382110558680142987e+00 6.806276549311702411e+02 2.356194490192261792e+00
9.344775065720117846e-01 6.820467884283453941e+02 2.356194490192261792e+00
1.221692276215366801e+00 6.828240958899928046e+02 2.356194490192261792e+00
1.000273192124428334e+00 6.840362025692742236e+02 2.356194490192261792e+00
1.731752382782706601e+00 6.847899657283040824e+02 2.356194490192261792e+00
5.711643945525956001e-01 6.857121519669074132e+02 2.356194490192261792e+00
2.735222810618159528e+00 6.868158215156431652e+02 2.356194490192261792e+00
7.141484211100797008e-01 6.876986356979126640e+02 2.356194490192261792e+00
1.359462647648505884e+00 6.888283495990303891e+02 2.356194490192261792e+00
8.766825659371869639e-01 6.899410015807161471e+02 2.356194490192261792e+00
1.557384537632033661e+00 6.909417149230870336e+02 2.356194490192261792e+00
8.249015144670343025e-01 6.915173524797800155e+02 2.356194490192261792e+00
2.176048882125443118e+00 6.930245392120226597e+02 2.356194490192261792e+00
1.157763468108674143e+00 6.935003356395726541e+02 2.356194490192261792e+00
1.374104033741047726e+00 6.949515947700765537e+02 2.356194490192261792e+00
8.674234548600042727e-01 6.959402992472724918e+02 2.356194490192261792e+00
1.284891141156258243e+00 6.970840457193033899e+02 2.356194490192261792e+00
1.002796363840120275e+00 6.976413633271753270e+02 2.356194490192261792e+00
1.551876432012980755e+00 6.992320541356945114e+02 2.356194490192261792e+00
1.551187763544393583e+00 6.996399006773409610e+02 2.356194490192261792e+00
1.297139044258246443e+00 7.011571290518610340e+02 2.356194490192261792e+00
9.151702321182014765e-01 7.020474906172056535e+02 2.356194490192261792e+00
1.138426874708770464e+00 7.032483685651063752e+02 2.356194490192261792e+00
1.151374639526804744e+00 7.038328625644296608e+02 2.356194490192261792e+00
1.142795442357279923e+00 7.054171423785379602e+02 2.356194490192261792e+00
1.865787241927218565e+00 7.058485563302155015e+02 2.356194490192261792e+00
1.180846762699687247e+00 7.073661097478825468e+02 2.356194490192261792e+00
1.001521873555573094e+00 7.081803125981616631e+02 2.356194490192261792e+00
1.055903692264452687e+00 7.094075942188156887e+02 2.356194490192261792e+00
1.348777277492957394e+00 7.100359654413940689e+02 2.356194490192261792e+00
8.048254651406945293e-01 7.115243790266417818e+02 2.356194490192261792e+00
2.219572027096004430e+00 7.120659359544258677e+02 2.356194490192261792e+00
9.932295431844626599e-01 7.135211171279896689e+02 2.356194490192261792e+00
1.156588889168191914e+00 7.142922053264896931e+02 2.356194490192261792e+00
1.005710137912034341e+00 7.155173947900242410e+02 2.356194490192261792e+00
1.633222277650194787e+00 7.162329315164139416e+02 2.356194490192261792e+00
5.606571094069792149e-01 7.173562969613184350e+02 2.356194490192261792e+00
2.639605358528868351e+00 7.182641299814771401e+02 2.356194490192261792e+00
7.059695413715176837e-01 7.193758886872813036e+02 2.356194490192261792e+00
1.335113770044137782e+00 7.203327969854847197e+02 2.356194490192261792e+00
9.144765333322285583e-01 7.214791056198650949e+02 2.356194490192261792e+00
1.677538874077947328e+00 7.224038245782495551e+02 2.356194490192261792e+00
7.647474117617376610e-01 7.230098494905608959e+02 2.356194490192261792e+00
2.416822865957817257e+00 7.244581909173315353e+02 2.356194490192261792e+00
1.040949032153067000e+00 7.249863535086529964e+02 2.356194490192261792e+00
1.404457226561933725e+00 7.263976471960107801e+02 2.356194490192261792e+00
8.713207929326934886e-01 7.274228262543036863e+02 2.356194490192261792e+00
1.368054745110488968e+00 7.285384320384197281e+02 2.356194490192261792e+00
9.951350085851605742e-01 7.290791932068900678e+02 2.356194490192261792e+00
1.688125813919227225e+00 7.306645721441103660e+02 2.356194490192261792e+00
1.513328777051468954e+00 7.310736004117693483e+02 2.356194490192261792e+00
1.365253765300167954e+00 7.325961868701591584e+02 2.356194490192261792e+00
9.093680112052336950e-01 7.335240209922280883e+02 2.356194490192261792e+00
1.208274169405368692e+00 7.347092213151786382e+02 2.356194490192261792e+00
1.144969767070527222e+00 7.352690696447837126e+02 2.356194490192261792e+00
1.261105354243033938e+00 7.368619001864326492e+02 2.356194490192261792e+00
1.837978461669858010e+00 7.372787332230469701e+02 2.356194490192261792e+00
1.274158191271295371e+00 7.388174874813558972e+02 2.356194490192261792e+00
9.715885709865879072e-01 7.396684532180501037e+02 2.356194490192261792e+00
1.111797415647208354e+00 7.408867700300174874e+02 2.356194490192261792e+00
1.298628243397585980e+00 7.414820805117896043e+02 2.356194490192261792e+00
9.389120993221444778e-01 7.430211784335456286e+02 2.356194490192261792e+00
2.130215785609928858e+00 7.435049930370272477e+02 2.356194490192261792e+00
1.117280581253477179e+00 7.450114885379713314e+02 2.356194490192261792e+00
1.085254476686592584e+00 7.457961933096300982e+02 2.356194490192261792e+00
1.043196475932790079e+00 7.470285522875126389e+02 2.356194490192261792e+00
1.531243321742071117e+00 7.476880140569537616e+02 2.356194490192261792e+00
6.386703573176325532e-01 7.490151962810373334e+02 2.356194490192261792e+00
2.504864943208812367e+00 7.497180885392174332e+02 2.356194490192261792e+00
8.270819426083855230e-01 7.510475939642518597e+02 2.356194490192261792e+00
1.287545979367380689e+00 7.518630913754850553e+02 2.356194490192261792e+00
9.714872297450801719e-01 7.530472885565814067e+02 2.356194490192261792e+00
1.769307647212948975e+00 7.538698730790173386e+02 2.356194490192261792e+00
6.558177018812909598e-01 7.545895380828643511e+02 2.356194490192261792e+00
2.676493688428658313e+00 7.558992155463138261e+02 2.356194490192261792e+00
8.568973460824662602e-01 7.565558955659442972e+02 2.356194490192261792e+00
1.395553381073838528e+00 7.578640552972057094e+02 2.356194490192261792e+00
8.684790594376687878e-01 7.589307590275193434e+02 2.356194490192261792e+00
1.454158574208806787e+00 7.600013093214412265e+02 2.356194490192261792e+00
9.291972095663737496e-01 7.605453972994705509e+02 2.356194490192261792e+00
1.897420119702719621e+00 7.621081496028125457e+02 2.356194490192261792e+00
1.367566367296738861e+00 7.625343402069476042e+02 2.356194490192261792e+00
1.382989347050578521e+00 7.640353727438717897e+02 2.356194490192261792e+00
8.925018948979874800e-01 7.649923133609913748e+02 2.356194490192261792e+00
1.249483700255841878e+00 7.661603359397988697e+02 2.356194490192261792e+00
1.093214341419574076e+00 7.667126068398409870e+02 2.356194490192261792e+00
1.387079764207163945e+00 7.683095512906779732e+02 2.356194490192261792e+00
1.731140083055361156e+00 7.687172761460427637e+02 2.356194490192261792e+00
1.306626327021095157e+00 7.702544967257902044e+02 2.356194490192261792e+00
9.463363291347659523e-01 7.711294417187219778e+02 2.356194490192261792e+00
1.137859472797257077e+00 7.723389085290921230e+02 2.356194490192261792e+00
1.238863274240415091e+00 7.729215518251643289e+02 2.356194490192261792e+00
1.043620575705924924e+00 7.744877631045808357e+02 2.356194490192261792e+00
2.022432868405762196e+00 7.749404252336172476e+02 2.356194490192261792e+00
1.176995431522980473e+00 7.764634761184530589e+02 2.356194490192261792e+00
1.037997430622745743e+00 7.772672503365511147e+02 2.356194490192261792e+00
1.061676912747831603e+00 7.784977682709954934e+02 2.356194490192261792e+00
1.438857440980684688e+00 7.791313354697952036e+02 2.356194490192261792e+00
7.315695451260471049e-01 7.805630588419808191e+02 2.356194490192261792e+00
2.364355300334655574e+00 7.811607697885624475e+02 2.356194490192261792e+00
9.393061004634468691e-01 7.825834395644553751e+02 2.356194490192261792e+00
1.215191549747640654e+00 7.833596807837307097e+02 2.356194490192261792e+00
1.000346292886498345e+00 7.845733895449060356e+02 2.356194490192261792e+00
1.722122033142381881e+00 7.853234500837493215e+02 2.356194490192261792e+00
5.668958176277113514e-01 7.862660364013246408e+02 2.356194490192261792e+00
2.728434797216264585e+00 7.873499832910375744e+02 2.356194490192261792e+00
7.076543888105953917e-01 7.882563240438676075e+02 2.356194490192261792e+00
1.356323351766174801e+00 7.893677795756276510e+02 2.356194490192261792e+00
8.791162562638695777e-01 7.904843886674115083e+02 2.356194490192261792e+00
1.568473069099570516e+00 7.914777239722174045e+02 2.356194490192261792e+00
8.167076646100790427e-01 7.920568371948012327e+02 2.356194490192261792e+00
2.201858563284873060e+00 7.935578680552131345e+02 2.356194490192261792e+00
1.141649199811095139e+00 7.940392870396061653e+02 2.356194490192261792e+00
1.375184037477330090e+00 7.954857932476245423e+02 2.356194490192261792e+00
8.662747378181362423e-01 7.964781337732648581e+02 2.356194490192261792e+00
1.290939140939807439e+00 7.976190964104390559e+02 2.356194490192261792e+00
9.973893851484388895e-01 7.981760812384252404e+02 2.356194490192261792e+00
1.567887807062799066e+00 7.997658080375865666e+02 2.356194490192261792e+00
1.539264565812887176e+00 8.001740589706507762e+02 2.356194490192261792e+00
1.299590990400806056e+00 8.016902639784963185e+02 2.356194490192261792e+00
9.129203582898162139e-01 8.025832315875127279e+02 2.356194490192261792e+00
1.141408229187761192e+00 8.037829096853370174e+02 2.356194490192261792e+00
1.145525361331459990e+00 8.043665242650974960e+02 2.356194490192261792e+00
1.154261071627051161e+00 8.059520638423172159e+02 2.356194490192261792e+00
1.854536096957577485e+00 8.063817000095997400e+02 2.356194490192261792e+00
1.184488298005881513e+00 8.078996583824139179e+02 2.356194490192261792e+00
9.979132363005130957e-01 8.087157981014370307e+02 2.356194490192261792e+00
1.057389565368270778e+00 8.099425875271920177e+02 2.356194490192261792e+00
1.340847628895935451e+00 8.105694199443277057e+02 2.356194490192261792e+00
8.145868338116308838e-01 8.120632764226650124e+02 2.356194490192261792e+00
2.206409937771222740e+00 8.125991143209664642e+02 2.356194490192261792e+00
1.000607283939445979e+00 8.140580032806110466e+02 2.356194490192261792e+00
1.150324382571071391e+00 8.148291298309043214e+02 2.356194490192261792e+00
1.007075447652997280e+00 8.160552612203133549e+02 2.356194490192261792e+00
1.623694253368642260e+00 8.167667978482152193e+02 2.356194490192261792e+00
5.633945824407899927e-01 8.179089016575840105e+02 2.356194490192261792e+00
2.628104205018241490e+00 8.187982762604203799e+02 2.356194490192261792e+00
7.112182562770791305e-01 8.199306136865679946e+02 2.356194490192261792e+00
1.332636593238082146e+00 8.208727250808391318e+02 2.356194490192261792e+00
9.189703318968289736e-01 8.220218267028870969e+02 2.356194490192261792e+00
1.688450875140575791e+00 8.229388705566810813e+02 2.356194490192261792e+00
7.588175951231610483e-01 8.235490175097208976e+02 2.356194490192261792e+00
2.438979055991251421e+00 8.249906687013375404e+02 2.356194490192261792e+00
1.030354145663426202e+00 8.255246898179619848e+02 2.356194490192261792e+00
1.406923182417481488e+00 8.269315172923742239e+02 2.356194490192261792e+00
8.721324862894613839e-01 8.279598642521530110e+02 2.356194490192261792e+00
1.376247976402609430e+00 8.290727253934072678e+02 2.356194490192261792e+00
9.954584795359103788e-01 8.296117358620177811e+02 2.356194490192261792e+00
1.699827129727271346e+00 8.311966831247405025e+02 2.356194490192261792e+00
1.511726580232877870e+00 8.316058259745393570e+02 2.356194490192261792e+00
1.372231982482189805e+00 8.331291388171836161e+02 2.356194490192261792e+00
9.096373552375998095e-01 8.340605763562771244e+02 2.356194490192261792e+00
1.215945867433453564e+00 8.352441783544398959e+02 2.356194490192261792e+00
1.146826959189680695e+00 8.358012931625698911e+02 2.356194490192261792e+00
1.270765988512111200e+00 8.373945972145145333e+02 2.356194490192261792e+00
1.839552478145695336e+00 8.378104632321652616e+02 2.356194490192261792e+00
1.284479056813206066e+00 8.393516087529583274e+02 2.356194490192261792e+00
9.697042154815017634e-01 8.402067755133239189e+02 2.356194490192261792e+00
1.118969818602972399e+00 8.414239229565571350e+02 2.356194490192261792e+00
1.296489796008794437e+00 8.420156628852244012e+02 2.356194490192261792e+00
9.519872730897364077e-01 8.435581152815331052e+02 2.356194490192261792e+00
2.125647591413677429e+00 8.440378024454334991e+02 2.356194490192261792e+00
1.130376675214054716e+00 8.455487837955664645e+02 2.356194490192261792e+00
1.078995392612503545e+00 8.463362950205437301e+02 2.356194490192261792e+00
1.048037814459515049e+00 8.475687105925987908e+02 2.356194490192261792e+00
1.521772539470599428e+00 8.482228896549064530e+02 2.356194490192261792e+00
6.504470966344861882e-01 8.495661590493505173e+02 2.356194490192261792e+00
2.491091644728290699e+00 8.502526046616352460e+02 2.356194490192261792e+00
8.434567382686047887e-01 8.515984686132527486e+02 2.356194490192261792e+00
1.279791660083875682e+00 8.524055445685492032e+02 2.356194490192261792e+00
9.767370821490768407e-01 8.535941013577507874e+02 2.356194490192261792e+00
1.770365266823400674e+00 8.544059479704555997e+02 2.356194490192261792e+00
6.414137028718558398e-01 8.551481073746923585e+02 2.356194490192261792e+00
2.695898546872629087e+00 8.564339140183592463e+02 2.356194490192261792e+00
8.326263276468881536e-01 8.571146833157666833e+02 2.356194490192261792e+00
1.390113893104286014e+00 8.584034558146646532e+02 2.356194490192261792e+00
8.672689067875042346e-01 8.594757556726573284e+02 2.356194490192261792e+00
1.463596109426791081e+00 8.605389107747233766e+02 2.356194490192261792e+00
9.131540577448279405e-01 8.610871028605399715e+02 2.356194490192261792e+00
1.931395014578490166e+00 8.626438269429467027e+02 2.356194490192261792e+00
1.335645557050206600e+00 8.630752292824024607e+02 2.356194490192261792e+00
1.377618986058965600e+00 8.645695664876177489e+02 2.356194490192261792e+00
8.876752634463870306e-01 8.655288704295329580e+02 2.356194490192261792e+00
1.248775943000189903e+00 8.666947554975175763e+02 2.356194490192261792e+00
1.076955197617550430e+00 8.672493392696228511e+02 2.356194490192261792e+00
1.405669311221540152e+00 8.688460449275446535e+02 2.356194490192261792e+00
1.700848976994652872e+00 8.692533451800665034e+02 2.356194490192261792e+00
1.298810705813705724e+00 8.707863592421753083e+02 2.356194490192261792e+00
9.419567221376485833e-01 8.716608273773722431e+02 2.356194490192261792e+00
1.132607516470077069e+00 8.728699618574190708e+02 2.356194490192261792e+00
1.225056662877715974e+00 8.734549966617576047e+02 2.356194490192261792e+00
1.050794549601416383e+00 8.750235288813199759e+02 2.356194490192261792e+00
1.998924466948471590e+00 8.754739499792093511e+02 2.356194490192261792e+00
1.170722015303833796e+00 8.769942943408142355e+02 2.356194490192261792e+00
1.034921274463382446e+00 8.777975170367926694e+02 2.356194490192261792e+00
1.057441678514028816e+00 8.790279019759574339e+02 2.356194490192261792e+00
1.428845667225527416e+00 8.796631713361190350e+02 2.356194490192261792e+00
7.344602508658720774e-01 8.810990837016826163e+02 2.356194490192261792e+00
2.348653522369660074e+00 8.816931891231484997e+02 2.356194490192261792e+00
9.396960849390093573e-01 8.831165799441155286e+02 2.356194490192261792e+00
1.210830196451331275e+00 8.838924835175704402e+02 2.356194490192261792e+00
9.990279557127454968e-01 8.851069837364981368e+02 2.356194490192261792e+00
1.713682588160258868e+00 8.858557477873445123e+02 2.356194490192261792e+00
5.641742432217196068e-01 8.868116884454379942e+02 2.356194490192261792e+00
2.720751342948740437e+00 8.878831041083882383e+02 2.356194490192261792e+00
7.038441613339598835e-01 8.888046849490077648e+02 2.356194490192261792e+00
1.353468891779268546e+00 8.899042696119416860e+02 2.356194490192261792e+00
8.802445682358800427e-01 8.910234292793896884e+02 2.356194490192261792e+00
1.574271823379207680e+00 8.920119395215187978e+02 2.356194490192261792e+00
8.095052133126859895e-01 8.925946038553692006e+02 2.356194490192261792e+00
2.218973841690692339e+00 8.940906480419164382e+02 2.356194490192261792e+00
1.128175450568015492e+00 8.945767071444532803e+02 2.356194490192261792e+00
1.373808616517271153e+00 8.960190115998924512e+02 2.356194490192261792e+00
8.646073025148954816e-01 8.970134189916941523e+02 2.356194490192261792e+00
1.293033088722302937e+00 8.981525689150302014e+02 2.356194490192261792e+00
9.908085030148530148e-01 8.987104162775631266e+02 2.356194490192261792e+00
1.579127233410960951e+00 9.002991158732598933e+02 2.356194490192261792e+00
1.526277807207120585e+00 9.007079828112310906e+02 2.356194490192261792e+00
1.297638260411697830e+00 9.022222932598996294e+02 2.356194490192261792e+00
9.106796628064820487e-01 9.031159534668983042e+02 2.356194490192261792e+00
1.140531497887095291e+00 9.043151000197921121e+02 2.356194490192261792e+00
1.139044258935037357e+00 9.048993378235248883e+02 2.356194490192261792e+00
1.160187953922000581e+00 9.064856326129006447e+02 2.356194490192261792e+00
1.842969616310670133e+00 9.069143131282595505e+02 2.356194490192261792e+00
1.182566249417051241e+00 9.084311664257935490e+02 2.356194490192261792e+00
9.958342749457740339e-01 9.092474607950733798e+02 2.356194490192261792e+00
1.055869038205625499e+00 9.104740807145697090e+02 2.356194490192261792e+00
1.335093483745429577e+00 9.111013317508225100e+02 2.356194490192261792e+00
8.178365184733886739e-01 9.125975261222890822e+02 2.356194490192261792e+00
2.197002540997174513e+00 9.131311356509448842e+02 2.356194490192261792e+00
1.001194200467139694e+00 9.145903909491335071e+02 2.356194490192261792e+00
1.147613491813865849e+00 9.153615606276144945e+02 2.356194490192261792e+00
1.006389770522498006e+00 9.165879298247067481e+02 2.356194490192261792e+00
1.618100744742639652e+00 9.172987232899240553e+02 2.356194490192261792e+00
5.643164516328580405e-01 9.184483716880168913e+02 2.356194490192261792e+00
2.620864112697373294e+00 9.193305885271822717e+02 2.356194490192261792e+00
7.132069933709724863e-01 9.204707413482515221e+02 2.356194490192261792e+00
1.330801610447695404e+00 9.214072055086884347e+02 2.356194490192261792e+00
9.201808709352541360e-01 9.225575852074222212e+02 2.356194490192261792e+00
1.691039730177589018e+00 9.234715257272558802e+02 2.356194490192261792e+00
7.541812893178676536e-01 9.240851895224092232e+02 2.356194490192261792e+00
2.448321560824767040e+00 9.255226230065718482e+02 2.356194490192261792e+00
1.022401834153339406e+00 9.260605781424244469e+02 2.356194490192261792e+00
1.405528486488766271e+00 9.274640203643758696e+02 2.356194490192261792e+00
8.712336170932019064e-01 9.284935600303666661e+02 2.356194490192261792e+00
1.377492511412596432e+00 9.296051363187476682e+02 2.356194490192261792e+00
9.910004470774682606e-01 9.301449850546407561e+02 2.356194490192261792e+00
1.707299191118184289e+00 9.317290316588755559e+02 2.356194490192261792e+00
1.502967947392585657e+00 9.321388495220769528e+02 2.356194490192261792e+00
1.370157879265924805e+00 9.336606329217111124e+02 2.356194490192261792e+00
9.082791730676269548e-01 9.345922114547933006e+02 2.356194490192261792e+00
1.214769690609676323e+00 9.357755472135427226e+02 2.356194490192261792e+00
1.142359148562534399e+00 9.363334386567304364e+02 2.356194490192261792e+00
1.274276232027738764e+00 9.379269888442395313e+02 2.356194490192261792e+00
1.831578255375962083e+00 9.383425189560682611e+02 2.356194490192261792e+00
1.281837234927576175e+00 9.398825265726575253e+02 2.356194490192261792e+00
9.687655943015919258e-01 9.407372613726073496e+02 2.356194490192261792e+00
1.117164607936083520e+00 9.419544262571532727e+02 2.356194490192261792e+00
1.293225455495058629e+00 9.425469706924920956e+02 2.356194490192261792e+00
9.527446914096516783e-01 9.440900141747779344e+02 2.356194490192261792e+00
2.120270651785273852e+00 9.445692264383693555e+02 2.356194490192261792e+00
1.128520282907256478e+00 9.460794577221955706e+02 2.356194490192261792e+00
1.078472535080923445e+00 9.468667768958696342e+02 2.356194490192261792e+00
1.046913494471036987e+00 9.480991634023151846e+02 2.356194490192261792e+00
1.519689748774992522e+00 9.487538942000153384e+02 2.356194490192261792e+00
6.505865669427960407e-01 9.500979939993993639e+02 2.356194490192261792e+00
2.487959024265934627e+00 9.507838081164516097e+02 2.356194490192261792e+00
8.434274656152829230e-01 9.521298675744099000e+02 2.356194490192261792e+00
1.278925030920488926e+00 9.529367837644374504e+02 2.356194490192261792e+00
9.764237816646157420e-01 9.541256017884516041e+02 2.356194490192261792e+00
1.768861130129788295e+00 9.549371529440146560e+02 2.356194490192261792e+00
6.397961070698258146e-01 9.556818014969466049e+02 2.356194490192261792e+00
2.695846663797289100e+00 9.569652982182649339e+02 2.356194490192261792e+00
8.298953400952312487e-01 9.576486595741280325e+02 2.356194490192261792e+00
1.388731103609047057e+00 9.589352619232830648e+02 2.356194490192261792e+00
8.666611080364953201e-01 9.600080350308081734e+02 2.356194490192261792e+00
1.463380372113920691e+00 9.610704848480909277e+02 2.356194490192261792e+00
9.098334956258791184e-01 9.616198914718406741e+02 2.356194490192261792e+00
1.935294969355077832e+00 9.631755370390599182e+02 2.356194490192261792e+00
1.329561599770772595e+00 9.636079153517034683e+02 2.356194490192261792e+00
1.375030851413501454e+00 9.651007940744493681e+02 2.356194490192261792e+00
8.864415256460135284e-01 9.660598232847162308e+02 2.356194490192261792e+00
1.246769218618106523e+00 9.672256516064213656e+02 2.356194490192261792e+00
1.072839194818371533e+00 9.677813560949922476e+02 2.356194490192261792e+00
1.407510073284703012e+00 9.693779323417860496e+02 2.356194490192261792e+00
1.693678113685040065e+00 9.697853052205190352e+02 2.356194490192261792e+00
1.294783032427052394e+00 9.713168963266139144e+02 2.356194490192261792e+00
9.411716989125279431e-01 9.721902824067576603e+02 2.356194490192261792e+00
1.129614770076727392e+00 9.733996532902417584e+02 2.356194490192261792e+00
1.222016699450730437e+00 9.739860027021325095e+02 2.356194490192261792e+00
1.049479571908065845e+00 9.755546064915334910e+02 2.356194490192261792e+00
1.994065413706046730e+00 9.760051462886765421e+02 2.356194490192261792e+00
1.166426928449863176e+00 9.775240353440242416e+02 2.356194490192261792e+00
1.035304819817380872e+00 9.783262997967357251e+02 2.356194490192261792e+00
1.055150609489090785e+00 9.795567634999594020e+02 2.356194490192261792e+00
1.428248484278392905e+00 9.801934854550884211e+02 2.356194490192261792e+00
7.318795740380787951e-01 9.816279743144348231e+02 2.356194490192261792e+00
2.347756514711078157e+00 9.822237893651314380e+02 2.356194490192261792e+00
9.360224791180129511e-01 9.836449856333056232e+02 2.356194490192261792e+00
1.211893607433018882e+00 9.844213900114546050e+02 2.356194490192261792e+00
9.976399838159069056e-01 9.856354006747844778e+02 2.356194490192261792e+00
1.713380103459422932e+00 9.863859289312841838e+02 2.356194490192261792e+00
5.644854242932255683e-01 9.873382246866858623e+02 2.356194490192261792e+00
2.719368632140569009e+00 9.884135517833601625e+02 2.356194490192261792e+00
7.044530697389318474e-01 9.893307622295352530e+02 2.356194490192261792e+00
1.353013638788072015e+00 9.904336271132451657e+02 2.356194490192261792e+00
8.790408366241352356e-01 9.915521272769788084e+02 2.356194490192261792e+00
1.570495505721860585e+00 9.925420132971597695e+02 2.356194490192261792e+00
8.085429876786444092e-01 9.931254990543325221e+02 2.356194490192261792e+00
2.214876694895145715e+00 9.946215958861174613e+02 2.356194490192261792e+00
1.127018352121975431e+00 9.951077048626789292e+02 2.356194490192261792e+00
1.370938719429811714e+00 9.965495582553363647e+02 2.356194490192261792e+00
8.635392438644100555e-01 9.975429146869985289e+02 2.356194490192261792e+00
1.289448118409167288e+00 9.986826114311094216e+02 2.356194490192261792e+00
9.877173220332644554e-01 9.992419024748695620e+02 2.356194490192261792e+00
1.577234636889665476e+00 1.000830317999933186e+03 2.356194490192261792e+00
1.521506335865390858e+00 1.001239500292569801e+03 2.356194490192261792e+00
1.292587735253495795e+00 1.002752422218628340e+03 2.356194490192261792e+00
9.100201307851275567e-01 1.003644307567698661e+03 2.356194490192261792e+00
1.136293284181413288e+00 1.004844003845418115e+03 2.356194490192261792e+00
1.136531396533124738e+00 1.005429936987426231e+03 2.356194490192261792e+00
1.156115515630303570e+00 1.007016000586319478e+03 2.356194490192261792e+00
1.839357088783745597e+00 1.007445185995839893e+03 2.356194490192261792e+00
1.176418894303146612e+00 1.008960224706224722e+03 2.356194490192261792e+00
9.967517040202751311e-01 1.009774760714052377e+03 2.356194490192261792e+00
1.052380078797798157e+00 1.011001664243081450e+03 2.356194490192261792e+00
1.335595442621607454e+00 1.011630995661613724e+03 2.356194490192261792e+00
8.121301704591323833e-01 1.013124865130685748e+03 2.356194490192261792e+00
2.198069485781508181e+00 1.013661235942106146e+03 2.356194490192261792e+00
9.946626407226670796e-01 1.015117354539846474e+03 2.356194490192261792e+00
