1.214985246819048958e+00 2.593376483292226808e-01 3.141592653589661222e+00
9.627030260989124510e-01 1.711636624126656958e+00 3.141592653589661222e+00
1.534334613032233285e+00 2.342721710749092079e+00 3.141592653589661222e+00
1.335539448370326898e+00 3.863311123059381735e+00 3.141592653589661222e+00
1.202796156192751154e+00 4.442191255346309653e+00 3.141592653589661222e+00
1.057561195878764515e+00 5.918992945283122253e+00 3.141592653589661222e+00
1.419780556639410163e+00 6.451755129388978993e+00 3.141592653589661222e+00
7.720772304959693244e-01 7.805864893946992566e+00 3.141592653589661222e+00
1.712385003425034524e+00 8.553979583082160332e+00 3.141592653589661222e+00
1.059870706587055622e+00 1.000676092767194802e+01 3.141592653589661222e+00
1.564575887976825896e+00 1.060595781198900056e+01 3.141592653589661222e+00
8.984081549846233417e-01 1.203195600488940897e+01 3.141592653589661222e+00
1.752248772494175766e+00 1.263341822027270389e+01 3.141592653589661222e+00
6.566935955591501894e-01 1.369361019949884906e+01 3.141592653589661222e+00
1.871195901100782599e+00 1.471906186669252925e+01 3.141592653589661222e+00
7.115995571169724254e-01 1.583230499839219796e+01 3.141592653589661222e+00
1.892501266378449731e+00 1.674906071407643182e+01 3.141592653589661222e+00
6.854683957305117703e-01 1.789700168595336294e+01 3.141592653589661222e+00
1.885011216737233708e+00 1.881216562480386756e+01 3.141592653589661222e+00
8.638138881635818445e-01 1.944676968240420578e+01 3.141592653589661222e+00
1.696811685246203627e+00 2.083785285273953747e+01 3.141592653589661222e+00
9.940507786201412399e-01 2.146456427194709349e+01 3.141592653589661222e+00
1.802941212909400459e+00 2.288694685968691189e+01 3.141592653589661222e+00
7.380457189692000153e-01 2.369158595785333787e+01 3.141592653589661222e+00
1.539250985049805287e+00 2.499093153585524973e+01 3.141592653589661222e+00
1.066604418933381204e+00 2.551395164221604972e+01 3.141592653589661222e+00
1.281283185755132115e+00 2.699294522988643052e+01 3.141592653589661222e+00
1.335000187196977883e+00 2.756682798860338934e+01 3.141592653589661222e+00
1.652624211372748952e+00 2.909838721582147514e+01 3.141592653589661222e+00
9.050169559806630071e-01 2.976592296289494399e+01 3.141592653589661222e+00
1.322910622234220845e+00 3.119251360163594455e+01 3.141592653589661222e+00
1.210501033577149999e+00 3.169634288153445212e+01 3.141592653589661222e+00
1.037517232692468871e+00 3.316176624795235028e+01 3.141592653589661222e+00
1.533960925757176019e+00 3.377535723421414815e+01 3.141592653589661222e+00
1.481154545116829979e+00 3.532107392099530330e+01 3.141592653589661222e+00
1.094411181971999714e+00 3.592031059178161456e+01 3.141592653589661222e+00
1.163981992375703101e+00 3.739329963735116991e+01 3.141592653589661222e+00
1.363143312984918198e+00 3.790234848259719058e+01 3.141592653589661222e+00
8.560081662747376363e-01 3.930741942801803646e+01 3.141592653589661222e+00
1.682274903658347753e+00 3.999981200429932926e+01 3.141592653589661222e+00
1.238428427608498028e+00 4.151008699146443348e+01 3.141592653589661222e+00
1.381145792550970253e+00 4.208360723159270833e+01 3.141592653589661222e+00
1.003656714681939954e+00 4.355162613054077525e+01 3.141592653589661222e+00
1.614528209240604584e+00 4.409638212767468701e+01 3.141592653589661222e+00
6.925277135149159324e-01 4.532307643032376632e+01 3.141592653589661222e+00
1.835497570481992025e+00 4.619690712337889948e+01 3.141592653589661222e+00
8.602245407764304019e-01 4.753089029044402736e+01 3.141592653589661222e+00
1.822202058314468243e+00 4.823442963331295630e+01 3.141592653589661222e+00
7.813832889310176055e-01 4.954173741741024628e+01 3.141592653589661222e+00
1.952679602201335518e+00 5.026938099616398858e+01 3.141592653589661222e+00
7.601045132322066245e-01 5.102783340425277459e+01 3.141592653589661222e+00
1.852243184509041019e+00 5.230840658770583929e+01 3.141592653589661222e+00
8.270126108389574959e-01 5.304130886956719593e+01 3.141592653589661222e+00
1.847332425812241663e+00 5.434426620488685700e+01 3.141592653589661222e+00
6.835286340887815060e-01 5.524473909763114676e+01 3.141592653589661222e+00
1.648556288010749382e+00 5.644342590889510802e+01 3.141592653589661222e+00
9.920059223582478047e-01 5.699274766734125564e+01 3.141592653589661222e+00
1.415442811376217636e+00 5.845780646946417392e+01 3.141592653589661222e+00
1.213338851984206324e+00 5.903230980683339624e+01 3.141592653589661222e+00
1.692097098946852007e+00 6.053624648390122331e+01 3.141592653589661222e+00
8.395972329622893859e-01 6.123987641949393179e+01 3.141592653589661222e+00
1.375529784211876327e+00 6.263563270700839780e+01 3.141592653589661222e+00
1.142688599441206154e+00 6.314843609084950060e+01 3.141592653589661222e+00
1.115291825078205790e+00 6.462423270856920965e+01 3.141592653589661222e+00
1.449013821749884690e+00 6.521727046495817603e+01 3.141592653589661222e+00
1.522015729412205642e+00 6.675643119748923482e+01 3.141592653589661222e+00
1.023961814740214082e+00 6.737233346213116647e+01 3.141592653589661222e+00
1.197937842670442121e+00 6.883557750782708240e+01 3.141592653589661222e+00
1.289217058115183834e+00 6.934649280057962528e+01 3.141592653589661222e+00
9.128058491197390545e-01 7.078003236483283445e+01 3.141592653589661222e+00
1.613820060669442169e+00 7.143759967035812508e+01 3.141592653589661222e+00
1.309688036612258966e+00 7.296028559660635437e+01 3.141592653589661222e+00
1.273856917045479209e+00 7.353477869100764508e+01 3.141592653589661222e+00
1.044338587879197977e+00 7.501099369862318156e+01 3.141592653589661222e+00
1.505960407697851666e+00 7.554342118973495701e+01 3.141592653589661222e+00
7.365440812383681202e-01 7.685143160231240245e+01 3.141592653589661222e+00
1.775609138384171226e+00 7.764696617559857827e+01 3.141592653589661222e+00
9.865614925711240213e-01 7.906609040873382810e+01 3.141592653589661222e+00
1.677918938226652834e+00 7.969322907334887418e+01 3.141592653589661222e+00
8.575626696979684604e-01 8.108399094618937397e+01 3.141592653589661222e+00
1.857856022498323600e+00 8.172151469420612102e+01 3.141592653589661222e+00
6.773287721324363631e-01 8.265556462558933504e+01 3.141592653589661222e+00
1.890745600607981247e+00 8.378855614684950126e+01 3.141592653589661222e+00
7.056424352603852812e-01 8.472936184042062280e+01 3.141592653589661222e+00
1.874616583091254229e+00 8.581837302564240133e+01 3.141592653589661222e+00
6.593778332488202665e-01 8.686065631956429911e+01 3.141592653589661222e+00
1.777037025064013953e+00 8.790150420210252946e+01 3.141592653589661222e+00
8.993510202370561535e-01 8.850341578769427997e+01 3.141592653589661222e+00
1.585195623017839006e+00 8.992789468351691085e+01 3.141592653589661222e+00
1.056934142226824580e+00 9.052885416023342202e+01 3.141592653589661222e+00
1.730802260040376739e+00 9.198062478279909726e+01 3.141592653589661222e+00
7.667134657360106242e-01 9.273903732360713548e+01 3.141592653589661222e+00
1.441862194384781137e+00 9.408415864342964596e+01 3.141592653589661222e+00
1.059674363203070291e+00 9.461481982766952115e+01 3.141592653589661222e+00
1.216988290734800859e+00 9.609283487866896678e+01 3.141592653589661222e+00
1.332642167439073377e+00 9.667012452930968891e+01 3.141592653589661222e+00
1.545656334650540975e+00 9.819130975637236247e+01 3.141592653589661222e+00
9.515594166787846309e-01 9.882777281468094088e+01 3.141592653589661222e+00
1.222616829270360972e+00 1.002764430479019779e+02 3.141592653589661222e+00
1.201884380182362877e+00 1.007964776043400548e+02 3.141592653589661222e+00
9.752015456749836275e-01 1.022521023553131556e+02 3.141592653589661222e+00
1.519755639447624151e+00 1.028781483916975930e+02 3.141592653589661222e+00
1.344818581057581452e+00 1.043989761522622928e+02 3.141592653589661222e+00
1.186488775756639358e+00 1.049793697321721453e+02 3.141592653589661222e+00
1.063325286453957741e+00 1.064561200920162634e+02 3.141592653589661222e+00
1.402509002049132425e+00 1.069882664748425896e+02 3.141592653589661222e+00
7.816462653957074735e-01 1.083516301953694949e+02 3.141592653589661222e+00
1.699205558303413133e+00 1.090898146889868485e+02 3.141592653589661222e+00
1.077147390365197355e+00 1.105491937860468568e+02 3.141592653589661222e+00
1.539222476804713136e+00 1.111435783258035173e+02 3.141592653589661222e+00
9.078347403298442364e-01 1.125760221624603901e+02 3.141592653589661222e+00
1.728453303181430867e+00 1.131706237232550194e+02 3.141592653589661222e+00
6.565938253871058672e-01 1.142570695416700204e+02 3.141592653589661222e+00
1.864329831988279951e+00 1.152595336329834907e+02 3.141592653589661222e+00
7.230020847241840354e-01 1.164082301603386327e+02 3.141592653589661222e+00
1.890645358273608689e+00 1.172897921705203998e+02 3.141592653589661222e+00
6.946763024674497133e-01 1.184602897464399121e+02 3.141592653589661222e+00
1.902691447762461241e+00 1.193485244208230114e+02 3.141592653589661222e+00
8.528438474688215809e-01 1.199938527632216250e+02 3.141592653589661222e+00
1.720162284173804013e+00 1.213748841045353402e+02 3.141592653589661222e+00
9.761188525797465099e-01 1.220098456788375785e+02 3.141592653589661222e+00
1.813122628223723609e+00 1.234225015449117819e+02 3.141592653589661222e+00
7.316629386754467390e-01 1.242372944752750499e+02 3.141592653589661222e+00
1.556037547480869199e+00 1.255262131401994026e+02 3.141592653589661222e+00
1.063400609137260089e+00 1.260495505770660571e+02 3.141592653589661222e+00
1.295354375826570204e+00 1.275281955385891877e+02 3.141592653589661222e+00
1.328972604866582197e+00 1.281014331111680065e+02 3.141592653589661222e+00
1.667071403928651607e+00 1.296328499780843515e+02 3.141592653589661222e+00
8.969056909676532685e-01 1.303059061570917265e+02 3.141592653589661222e+00
1.337713638555352746e+00 1.317281329578071336e+02 3.141592653589661222e+00
1.209497322701166722e+00 1.322302187951907229e+02 3.141592653589661222e+00
1.047867226664512152e+00 1.336971650249934385e+02 3.141592653589661222e+00
1.533128408833915657e+00 1.343086021859645882e+02 3.141592653589661222e+00
1.500775659830674513e+00 1.358571584644228949e+02 3.141592653589661222e+00
1.080578559892128920e+00 1.364603131847134421e+02 3.141592653589661222e+00
1.179477258393907935e+00 1.379315666787227599e+02 3.141592653589661222e+00
1.357019610870946025e+00 1.384377670339437714e+02 3.141592653589661222e+00
8.679753909513974186e-01 1.398482450756190758e+02 3.141592653589661222e+00
1.678833548232530282e+00 1.405344740025993815e+02 3.141592653589661222e+00
1.263586346020565632e+00 1.420511068042605416e+02 3.141592653589661222e+00
1.356033908109987918e+00 1.426239342137315020e+02 3.141592653589661222e+00
1.018958743257953881e+00 1.440953049905417913e+02 3.141592653589661222e+00
1.595475639311376481e+00 1.446341158220628529e+02 3.141592653589661222e+00
7.021735853112608394e-01 1.458802359449213384e+02 3.141592653589661222e+00
1.828338808729867537e+00 1.467356574673175373e+02 3.141592653589661222e+00
8.899911143887819787e-01 1.480933698332129893e+02 3.141592653589661222e+00
1.796600739986603079e+00 1.487752651588753565e+02 3.141592653589661222e+00
7.995518488796249379e-01 1.501041407153399234e+02 3.141592653589661222e+00
1.943415375375630694e+00 1.508076321790687757e+02 3.141592653589661222e+00
7.396598620569245774e-01 1.515986326211684627e+02 3.141592653589661222e+00
1.868675718346016756e+00 1.528515197417203524e+02 3.141592653589661222e+00
7.940246847845011668e-01 1.536178065745169192e+02 3.141592653589661222e+00
1.849888168861032467e+00 1.548852422902882040e+02 3.141592653589661222e+00
6.736590958143385821e-01 1.558102200765539180e+02 3.141592653589661222e+00
1.667528662895056524e+00 1.569825791883410204e+02 3.141592653589661222e+00
9.684323062924091730e-01 1.575429040645252314e+02 3.141592653589661222e+00
1.447823747172400921e+00 1.590011915212740234e+02 3.141592653589661222e+00
1.175178597719531037e+00 1.595790154019026374e+02 3.141592653589661222e+00
1.688724350149446440e+00 1.610715564811954721e+02 3.141592653589661222e+00
8.241453209136034852e-01 1.617827670805380365e+02 3.141592653589661222e+00
1.376910821136816621e+00 1.631715944044654520e+02 3.141592653589661222e+00
1.117062928489002571e+00 1.636907450434241866e+02 3.141592653589661222e+00
1.132714619762306585e+00 1.651676394810676811e+02 3.141592653589661222e+00
1.415160668982111236e+00 1.657561841724309204e+02 3.141592653589661222e+00
1.509905598342037303e+00 1.672883246622832019e+02 3.141592653589661222e+00
1.013625261197599547e+00 1.679051115114218931e+02 3.141592653589661222e+00
1.188519564929142014e+00 1.693672378091089854e+02 3.141592653589661222e+00
1.265921811229459237e+00 1.698832279623777310e+02 3.141592653589661222e+00
9.187000254066537419e-01 1.713208781992415766e+02 3.141592653589661222e+00
1.588328308300533731e+00 1.719725701647745666e+02 3.141592653589661222e+00
1.299276323307835268e+00 1.734907669284389442e+02 3.141592653589661222e+00
1.266397717624259345e+00 1.740654886997442361e+02 3.141592653589661222e+00
1.036111764133718083e+00 1.755409799692481272e+02 3.141592653589661222e+00
1.487563006586838599e+00 1.760771283155263234e+02 3.141592653589661222e+00
7.381689072223722725e-01 1.773914327440631098e+02 3.141592653589661222e+00
1.760262179564699769e+00 1.781807358048535832e+02 3.141592653589661222e+00
9.892397036468811855e-01 1.796015501965490841e+02 3.141592653589661222e+00
1.663164214628558346e+00 1.802262680464797597e+02 3.141592653589661222e+00
8.584911549675424691e-01 1.816204327572979196e+02 3.141592653589661222e+00
1.839149259001652936e+00 1.822557085491671103e+02 3.141592653589661222e+00
6.714797004208372666e-01 1.832075963815001671e+02 3.141592653589661222e+00
1.886019402395530786e+00 1.843261055553109031e+02 3.141592653589661222e+00
7.008473002223329917e-01 1.852908809060161559e+02 3.141592653589661222e+00
1.874873668508826308e+00 1.863555398443690194e+02 3.141592653589661222e+00
6.600390997808066595e-01 1.874131026922185583e+02 3.141592653589661222e+00
1.788211393791186987e+00 1.884365761488202224e+02 3.141592653589661222e+00
8.893223166673083213e-01 1.890457429598249632e+02 3.141592653589661222e+00
1.602117804289010516e+00 1.904642057631997432e+02 3.141592653589661222e+00
1.040267715567711360e+00 1.910699396939644146e+02 3.141592653589661222e+00
1.733937428327928743e+00 1.925147208575812385e+02 3.141592653589661222e+00
7.595194973656580473e-01 1.932796530759443954e+02 3.141592653589661222e+00
1.448640459706124872e+00 1.946185205957757773e+02 3.141592653589661222e+00
1.050564460270907219e+00 1.951517039801685200e+02 3.141592653589661222e+00
1.228098063283502572e+00 1.966292153282354036e+02 3.141592653589661222e+00
1.319182379675955641e+00 1.972055224372537623e+02 3.141592653589661222e+00
1.546300731942733986e+00 1.987240632864870236e+02 3.141592653589661222e+00
9.443598110507372967e-01 1.993626726280395758e+02 3.141592653589661222e+00
1.223893092013472961e+00 2.008096884331093008e+02 3.141592653589661222e+00
1.192174996494853589e+00 2.013312138626537262e+02 3.141592653589661222e+00
9.813734260539613841e-01 2.027885730390234471e+02 3.141592653589661222e+00
1.508518753355521325e+00 2.034117567903334702e+02 3.141592653589661222e+00
1.345087622868563759e+00 2.049314045187468878e+02 3.141592653589661222e+00
1.179290157978994502e+00 2.055123770599250861e+02 3.141592653589661222e+00
1.063049726889804036e+00 2.069888993455154775e+02 3.141592653589661222e+00
1.392365619845488345e+00 2.075218320057858534e+02 3.141592653589661222e+00
7.853195216525673539e-01 2.088893168188743914e+02 3.141592653589661222e+00
1.690528100108610987e+00 2.096229975987573368e+02 3.141592653589661222e+00
1.082022465221097907e+00 2.110840667224898368e+02 3.141592653589661222e+00
1.528266558144611098e+00 2.116769465013211402e+02 3.141592653589661222e+00
9.101147255397259439e-01 2.131114954467696521e+02 3.141592653589661222e+00
1.716170672465606062e+00 2.137042807354535796e+02 3.141592653589661222e+00
6.565913894371372406e-01 2.148020889694178663e+02 3.141592653589661222e+00
1.859576672166683098e+00 2.157946534951303192e+02 3.141592653589661222e+00
7.286162282496676523e-01 2.169581923894399154e+02 3.141592653589661222e+00
1.887477444452732911e+00 2.178249280933254397e+02 3.141592653589661222e+00
6.986556173681277571e-01 2.190055166057852318e+02 3.141592653589661222e+00
1.907252387917884873e+00 2.198820560698437987e+02 3.141592653589661222e+00
8.453448458480260497e-01 2.205344254382015663e+02 3.141592653589661222e+00
1.730636536525747227e+00 2.219094245990945069e+02 3.141592653589661222e+00
9.641599543384815618e-01 2.225496943651695574e+02 3.141592653589661222e+00
1.813904124011496144e+00 2.239557100691078801e+02 3.141592653589661222e+00
7.273985492395244057e-01 2.247755719633079252e+02 3.141592653589661222e+00
1.560135767214052116e+00 2.260593342145408826e+02 3.141592653589661222e+00
1.056296628463949228e+00 2.265850225490463288e+02 3.141592653589661222e+00
1.303502443395179622e+00 2.280629276376554060e+02 3.141592653589661222e+00
1.318228350460237452e+00 2.286358111341905044e+02 3.141592653589661222e+00
1.665016304241428102e+00 2.301646326037394488e+02 3.141592653589661222e+00
8.930432653881167360e-01 2.308388958174185746e+02 3.141592653589661222e+00
1.336626767822634898e+00 2.322600326297722972e+02 3.141592653589661222e+00
1.202126654568762554e+00 2.327637870221863352e+02 3.141592653589661222e+00
1.051676650086994735e+00 2.342315538122515193e+02 3.141592653589661222e+00
1.524147976291200246e+00 2.348413515683717776e+02 3.141592653589661222e+00
1.497136895578810023e+00 2.363881510471892682e+02 3.141592653589661222e+00
1.078396502219648223e+00 2.369913441862439072e+02 3.141592653589661222e+00
1.176610755913259254e+00 2.384624190445950376e+02 3.141592653589661222e+00
1.351105596898899863e+00 2.389699481764889413e+02 3.141592653589661222e+00
8.691142725050020612e-01 2.403817005027032963e+02 3.141592653589661222e+00
1.672807504852251936e+00 2.410663443426998356e+02 3.141592653589661222e+00
1.261756097646127284e+00 2.425821104332165703e+02 3.141592653589661222e+00
1.353747624764441770e+00 2.431550056564750264e+02 3.141592653589661222e+00
1.017435711848380997e+00 2.446262631918727664e+02 3.141592653589661222e+00
1.590642770353818625e+00 2.451658133852093897e+02 3.141592653589661222e+00
7.026185052752018656e-01 2.464141915182315188e+02 3.141592653589661222e+00
1.824972036147266330e+00 2.472675445970841395e+02 3.141592653589661222e+00
8.920625482832316155e-01 2.486270184128390781e+02 3.141592653589661222e+00
1.792267762712618673e+00 2.493071088904708859e+02 3.141592653589661222e+00
8.007646841541512517e-01 2.506381307137200736e+02 3.141592653589661222e+00
1.939331656901710499e+00 2.513395927002165990e+02 3.141592653589661222e+00
7.361166117198999492e-01 2.521361187033639624e+02 3.141592653589661222e+00
1.869603633354429029e+00 2.533845666547718452e+02 3.141592653589661222e+00
7.884560535827397354e-01 2.541568390053494397e+02 3.141592653589661222e+00
1.848786904182312396e+00 2.554178452319495420e+02 3.141592653589661222e+00
6.717845226931602465e-01 2.563469888641420766e+02 3.141592653589661222e+00
1.668963191480963060e+00 2.575149447348327385e+02 3.141592653589661222e+00
9.626624377973050928e-01 2.580781131419720396e+02 3.141592653589661222e+00
1.453467937372257213e+00 2.595347451299275008e+02 3.141592653589661222e+00
1.166125011523840627e+00 2.601135024048708146e+02 3.141592653589661222e+00
1.685160866330477569e+00 2.616031001012748334e+02 3.141592653589661222e+00
8.210970815113103338e-01 2.623152630728400254e+02 3.141592653589661222e+00
1.374368049017058446e+00 2.637031653204310260e+02 3.141592653589661222e+00
1.109956166302231262e+00 2.642244028787945922e+02 3.141592653589661222e+00
1.135484409279370777e+00 2.657013536478398805e+02 3.141592653589661222e+00
1.405763099686881956e+00 2.662889960092344381e+02 3.141592653589661222e+00
1.502955995232969633e+00 2.678187100356031465e+02 3.141592653589661222e+00
1.012747707331235647e+00 2.684349255869702233e+02 3.141592653589661222e+00
1.182893975253513030e+00 2.698971855970128786e+02 3.141592653589661222e+00
1.259964874325578466e+00 2.704150946714722181e+02 3.141592653589661222e+00
9.180842446590311567e-01 2.718532057374699775e+02 3.141592653589661222e+00
1.581419879282285335e+00 2.725040757049875992e+02 3.141592653589661222e+00
1.291898903032330459e+00 2.740200436790589720e+02 3.141592653589661222e+00
1.268094117606869409e+00 2.745946579927905873e+02 3.141592653589661222e+00
1.030901895839163807e+00 2.760696262926755367e+02 3.141592653589661222e+00
1.484917860693193870e+00 2.766077243403208854e+02 3.141592653589661222e+00
7.364109349496468226e-01 2.779213485659842604e+02 3.141592653589661222e+00
1.757054189020588186e+00 2.787113663892084219e+02 3.141592653589661222e+00
9.845095785029115421e-01 2.801298621939672557e+02 3.141592653589661222e+00
1.664446498620004045e+00 2.807560891666709040e+02 3.141592653589661222e+00
8.554393369216105603e-01 2.821486682663856413e+02 3.141592653589661222e+00
1.837279981774772475e+00 2.827862381584573086e+02 3.141592653589661222e+00
6.712110512487589054e-01 2.837370089932584847e+02 3.141592653589661222e+00
1.884093691991117092e+00 2.848567411762302299e+02 3.141592653589661222e+00
7.006274322530660070e-01 2.858199578883504159e+02 3.141592653589661222e+00
1.872553086429830538e+00 2.868860147218547354e+02 3.141592653589661222e+00
6.593135256603683825e-01 2.879427886697775989e+02 3.141592653589661222e+00
1.784472653052230351e+00 2.889674575972493926e+02 3.141592653589661222e+00
8.868588352131683283e-01 2.895781083953964412e+02 3.141592653589661222e+00
1.601447158497119272e+00 2.909958143328412348e+02 3.141592653589661222e+00
1.036713370406296741e+00 2.916022493370089705e+02 3.141592653589661222e+00
1.729225022558326552e+00 2.930454964515005258e+02 3.141592653589661222e+00
7.585452321839250001e-01 2.938099520024031790e+02 3.141592653589661222e+00
1.444018356880995890e+00 2.951492677258033837e+02 3.141592653589661222e+00
1.045725665638056023e+00 2.956842868932740771e+02 3.141592653589661222e+00
1.228023930604466685e+00 2.971614249139623212e+02 3.141592653589661222e+00
1.312653400363479550e+00 2.977376080291080029e+02 3.141592653589661222e+00
1.538062154751405064e+00 2.992540074579900420e+02 3.141592653589661222e+00
9.450227767436885085e-01 2.998913076130922946e+02 3.141592653589661222e+00
1.216824831128098916e+00 3.013390551139202671e+02 3.141592653589661222e+00
1.187725617756033136e+00 3.018624599239795430e+02 3.141592653589661222e+00
9.789190848477129503e-01 3.033196563080858823e+02 3.141592653589661222e+00
1.502972304542828041e+00 3.039427721016592159e+02 3.141592653589661222e+00
1.335026926195757024e+00 3.054599189635381435e+02 3.141592653589661222e+00
1.183492470419585718e+00 3.060401882156865554e+02 3.141592653589661222e+00
1.055818749237456000e+00 3.075164240991949214e+02 3.141592653589661222e+00
1.391748667702005227e+00 3.080515580558691227e+02 3.141592653589661222e+00
7.814330261281755563e-01 3.094170414826852493e+02 3.141592653589661222e+00
1.688536741535944685e+00 3.101528435483164685e+02 3.141592653589661222e+00
1.072495908053250346e+00 3.116102685080667243e+02 3.141592653589661222e+00
1.535038931167165055e+00 3.122051298042591725e+02 3.141592653589661222e+00
9.042622928319452580e-01 3.136370570229444752e+02 3.141592653589661222e+00
1.718938486240248142e+00 3.142334829513720820e+02 3.141592653589661222e+00
6.555529837982172481e-01 3.153248902198606629e+02 3.141592653589661222e+00
1.858801403736184632e+00 3.163233406792209053e+02 3.141592653589661222e+00
7.244385565638091773e-01 3.174778102499634542e+02 3.141592653589661222e+00
1.886114163848500391e+00 3.183533137611185566e+02 3.141592653589661222e+00
6.954172765398299871e-01 3.195285278416119468e+02 3.141592653589661222e+00
1.899871515547307377e+00 3.204119141146128982e+02 3.141592653589661222e+00
8.452061347405502856e-01 3.210636923355246495e+02 3.141592653589661222e+00
1.725241543459107962e+00 3.224398819563728011e+02 3.141592653589661222e+00
9.641884884490868890e-01 3.230794607671110157e+02 3.141592653589661222e+00
1.807386134604835437e+00 3.244857244438775297e+02 3.141592653589661222e+00
7.272346114109077275e-01 3.253035366630407452e+02 3.141592653589661222e+00
1.552214084709529818e+00 3.265895172309803911e+02 3.141592653589661222e+00
1.050866526535455092e+00 3.271175038003925692e+02 3.141592653589661222e+00
1.301976659977673867e+00 3.285949019069227006e+02 3.141592653589661222e+00
1.310936978100211592e+00 3.291678232823222743e+02 3.141592653589661222e+00
1.652336168983455478e+00 3.306939720177952040e+02 3.141592653589661222e+00
8.945633348315282785e-01 3.313655158589759822e+02 3.141592653589661222e+00
1.324686856568576765e+00 3.327886771621398339e+02 3.141592653589661222e+00
1.194762965655983056e+00 3.332954929216239748e+02 3.141592653589661222e+00
1.048238776031108266e+00 3.347630782819448427e+02 3.141592653589661222e+00
1.514930359442129726e+00 3.353726164919801249e+02 3.141592653589661222e+00
1.479059966436047979e+00 3.369154772776039408e+02 3.141592653589661222e+00
1.085783990725042836e+00 3.375158836485093730e+02 3.141592653589661222e+00
1.162313258493500090e+00 3.389880232314120008e+02 3.141592653589661222e+00
1.348903579288379007e+00 3.394990392453883032e+02 3.141592653589661222e+00
8.616781789617942167e-01 3.409084027334043299e+02 3.141592653589661222e+00
1.668636459734259114e+00 3.415956534036967582e+02 3.141592653589661222e+00
1.241828455156360977e+00 3.431059908544620498e+02 3.141592653589661222e+00
1.368945912988800861e+00 3.436793899142817281e+02 3.141592653589661222e+00
1.004829669172304207e+00 3.451481980891290391e+02 3.141592653589661222e+00
1.598689507878554128e+00 3.456927550211950688e+02 3.141592653589661222e+00
6.960094015535148726e-01 3.469300961826611456e+02 3.141592653589661222e+00
1.826417091630394118e+00 3.477940589594022640e+02 3.141592653589661222e+00
8.729929608939781538e-01 3.491391323321420828e+02 3.141592653589661222e+00
1.806249165093840370e+00 3.498320285696216843e+02 3.141592653589661222e+00
7.890430851116365663e-01 3.511504584498960639e+02 3.141592653589661222e+00
1.942278311514757716e+00 3.518664278978064885e+02 3.141592653589661222e+00
7.460869301156498601e-01 3.526454323619850015e+02 3.141592653589661222e+00
1.859894560366633920e+00 3.539090950812566234e+02 3.141592653589661222e+00
8.045851846909092275e-01 3.546629007964701259e+02 3.141592653589661222e+00
1.844562634637967768e+00 3.559431647062440902e+02 3.141592653589661222e+00
6.760061320225588810e-01 3.568586272978388934e+02 3.141592653589661222e+00
1.655186822917963596e+00 3.580415040386311603e+02 3.141592653589661222e+00
9.716283996152882407e-01 3.586002748521212879e+02 3.141592653589661222e+00
1.436323859373161982e+00 3.600601138592847974e+02 3.141592653589661222e+00
1.181389629008687159e+00 3.606371403356413339e+02 3.141592653589661222e+00
1.680427801926349440e+00 3.621311764194013563e+02 3.141592653589661222e+00
8.289128207820375405e-01 3.628380991980420163e+02 3.141592653589661222e+00
1.367349528294729888e+00 3.642306755738247261e+02 3.141592653589661222e+00
1.118193664000853405e+00 3.647504256474324507e+02 3.141592653589661222e+00
1.125258067011727814e+00 3.662268227041266186e+02 3.141592653589661222e+00
1.416986154485705196e+00 3.668163731439688604e+02 3.141592653589661222e+00
1.499284686208620432e+00 3.683474775690331171e+02 3.141592653589661222e+00
1.020871586314117563e+00 3.689615921314907609e+02 3.141592653589661222e+00
1.179585804545073779e+00 3.704252075783962255e+02 3.141592653589661222e+00
1.269054885662224352e+00 3.709424929685746974e+02 3.141592653589661222e+00
9.113332819862144385e-01 3.723778574821786265e+02 3.141592653589661222e+00
1.590744107975450961e+00 3.730324123479933291e+02 3.141592653589661222e+00
1.286375163746849015e+00 3.745479363741946486e+02 3.141592653589661222e+00
1.278767048160861064e+00 3.751221522239234787e+02 3.141592653589661222e+00
1.027873708488915794e+00 3.765966855784795371e+02 3.141592653589661222e+00
1.496722108258887962e+00 3.771353617455633866e+02 3.141592653589661222e+00
7.313972165646223100e-01 3.784416791431518163e+02 3.141592653589661222e+00
1.764931513097379057e+00 3.792390342044699878e+02 3.141592653589661222e+00
9.727381789286096980e-01 3.806512426923831640e+02 3.141592653589661222e+00
1.680525087590584166e+00 3.812828830431050733e+02 3.141592653589661222e+00
8.486074380651930094e-01 3.826690586225860784e+02 3.141592653589661222e+00
1.850682624484023764e+00 3.833133664424454423e+02 3.141592653589661222e+00
6.761771517949981547e-01 3.842455545085712174e+02 3.141592653589661222e+00
1.884621449948465033e+00 3.853810187861085979e+02 3.141592653589661222e+00
7.048031580090360348e-01 3.863193125012838891e+02 3.141592653589661222e+00
1.867732143981031934e+00 3.874103334894102773e+02 3.141592653589661222e+00
6.573848771743218133e-01 3.884514608143783221e+02 3.141592653589661222e+00
1.766990742018579974e+00 3.894944400764286456e+02 3.141592653589661222e+00
8.913178578926866935e-01 3.901011664670838286e+02 3.141592653589661222e+00
1.584553449532059677e+00 3.915230660522680637e+02 3.141592653589661222e+00
1.045220633583826553e+00 3.921262851964096399e+02 3.141592653589661222e+00
1.717043289051799926e+00 3.935731179909161028e+02 3.141592653589661222e+00
7.634941612676109379e-01 3.943304406367839192e+02 3.141592653589661222e+00
1.428669545067497326e+00 3.956765431919374123e+02 3.141592653589661222e+00
1.045052752274380659e+00 3.962126492701153211e+02 3.141592653589661222e+00
1.217240882605082897e+00 3.976896245681774644e+02 3.141592653589661222e+00
1.312928370393939614e+00 3.982664271856060054e+02 3.141592653589661222e+00
1.521658201559044521e+00 3.997812457780361228e+02 3.141592653589661222e+00
9.533328559162671523e-01 4.004140483718035739e+02 3.141592653589661222e+00
1.202192787060782253e+00 4.018646786838642129e+02 3.141592653589661222e+00
1.188758807103037052e+00 4.023902200066551131e+02 3.141592653589661222e+00
9.682219406486790581e-01 4.038454148224274149e+02 3.141592653589661222e+00
1.503435630517202970e+00 4.044712126184446106e+02 3.141592653589661222e+00
1.315876252911416744e+00 4.059847259444837846e+02 3.141592653589661222e+00
1.198492006773975049e+00 4.065633244741954968e+02 3.141592653589661222e+00
1.042660012845244122e+00 4.080390415278022260e+02 3.141592653589661222e+00
1.400605810500298976e+00 4.085776410730746875e+02 3.141592653589661222e+00
7.707252802778339351e-01 4.099351421553801629e+02 3.141592653589661222e+00
1.693298351111081290e+00 4.106795090479290025e+02 3.141592653589661222e+00
1.050254544869415163e+00 4.121282316842584237e+02 3.141592653589661222e+00
1.557925422709853125e+00 4.127287074851374200e+02 3.141592653589661222e+00
8.912761537058621064e-01 4.141533543249366289e+02 3.141592653589661222e+00
1.735485180661629157e+00 4.147586415754901736e+02 3.141592653589661222e+00
6.543055972241915708e-01 4.158270751330194344e+02 3.141592653589661222e+00
1.861488468611831371e+00 4.168460654420737796e+02 3.141592653589661222e+00
7.129231799612713028e-01 4.179691267030772224e+02 3.141592653589661222e+00
1.884942343627493910e+00 4.188755096177687847e+02 3.141592653589661222e+00
6.860844871500569875e-01 4.200312497208593641e+02 3.141592653589661222e+00
1.880101938611967949e+00 4.209384516713930680e+02 3.141592653589661222e+00
8.505853380973228406e-01 4.215836902654922369e+02 3.141592653589661222e+00
1.705395667602073617e+00 4.229669455337653972e+02 3.141592653589661222e+00
9.734536310316654895e-01 4.236009904590054589e+02 3.141592653589661222e+00
1.792412059369850263e+00 4.250128304335988219e+02 3.141592653589661222e+00
7.304431612375540395e-01 4.258220853743779912e+02 3.141592653589661222e+00
1.531774051658963520e+00 4.271169663147192068e+02 3.141592653589661222e+00
1.045071310075514681e+00 4.276479108812696381e+02 3.141592653589661222e+00
1.291761421699757939e+00 4.291248699378412539e+02 3.141592653589661222e+00
1.304227593282799802e+00 4.296981286134017068e+02 3.141592653589661222e+00
1.626945593019018199e+00 4.312207003572424355e+02 3.141592653589661222e+00
9.013576802922869113e-01 4.318854854135076948e+02 3.141592653589661222e+00
1.300385836189795308e+00 4.333137183780027613e+02 3.141592653589661222e+00
1.186098064675277008e+00 4.338254719826583141e+02 3.141592653589661222e+00
1.037091978454389940e+00 4.352918717291567532e+02 3.141592653589661222e+00
1.503874409273735280e+00 4.359024541232603838e+02 3.141592653589661222e+00
1.444532021305098946e+00 4.374385503732806342e+02 3.141592653589661222e+00
1.103610048587463588e+00 4.380335172205478784e+02 3.141592653589661222e+00
1.135493863967895090e+00 4.395075566549259065e+02 3.141592653589661222e+00
1.350580740476936548e+00 4.400247033938127288e+02 3.141592653589661222e+00
8.449414714530711912e-01 4.414274058912538976e+02 3.141592653589661222e+00
1.666128232293703437e+00 4.421221006302458250e+02 3.141592653589661222e+00
1.202567431166492229e+00 4.436215624615992397e+02 3.141592653589661222e+00
1.402618093835690916e+00 4.441969789444361254e+02 3.141592653589661222e+00
9.806448852718847586e-01 4.456599457279913281e+02 3.141592653589661222e+00
1.620059344467804863e+00 4.462147508628568744e+02 3.141592653589661222e+00
6.832280274985224056e-01 4.474259384843107341e+02 3.141592653589661222e+00
1.832144937856780675e+00 4.483147220786618163e+02 3.141592653589661222e+00
8.342380096529437017e-01 4.496263855515012438e+02 3.141592653589661222e+00
1.834092368529977479e+00 4.503499594169785496e+02 3.141592653589661222e+00
7.653604216926221948e-01 4.516397319144609810e+02 3.141592653589661222e+00
1.946299713178441637e+00 4.523885070426015886e+02 3.141592653589661222e+00
7.698555144243572901e-01 4.531309609109740109e+02 3.141592653589661222e+00
1.836245055712576679e+00 4.544262503733454537e+02 3.141592653589661222e+00
8.430205226251996642e-01 4.551437816718341196e+02 3.141592653589661222e+00
1.838671119518037633e+00 4.564627249225993069e+02 3.141592653589661222e+00
6.874951369685310398e-01 4.573505575030522436e+02 3.141592653589661222e+00
1.630600469395451224e+00 4.585630738389775161e+02 3.141592653589661222e+00
9.954159642192883517e-01 4.591110727754867753e+02 3.141592653589661222e+00
1.399884880736869563e+00 4.605776721958752091e+02 3.141592653589661222e+00
1.220369739933349962e+00 4.611516172629162043e+02 3.141592653589661222e+00
1.678690584378816242e+00 4.626567828156102564e+02 3.141592653589661222e+00
8.463083109845140894e-01 4.633544051366749272e+02 3.141592653589661222e+00
1.360697384597761017e+00 4.647553121012421684e+02 3.141592653589661222e+00
1.142778230867532496e+00 4.652696098537484772e+02 3.141592653589661222e+00
1.104995190186694121e+00 4.667445276754258430e+02 3.141592653589661222e+00
1.449421489752843240e+00 4.673390045694200694e+02 3.141592653589661222e+00
1.503967457945305286e+00 4.688758777593944274e+02 3.141592653589661222e+00
1.035126785589741027e+00 4.694876028196271704e+02 3.141592653589661222e+00
1.182890271355033329e+00 4.709531012875226565e+02 3.141592653589661222e+00
1.292720260600678683e+00 4.714665386487693013e+02 3.141592653589661222e+00
9.015496982959577688e-01 4.728964816182833601e+02 3.141592653589661222e+00
1.615776560796603478e+00 4.735584043275817407e+02 3.141592653589661222e+00
1.287549212734542481e+00 4.750762463751893279e+02 3.141592653589661222e+00
1.293990277863620086e+00 4.756499715603104619e+02 3.141592653589661222e+00
1.030139655105183127e+00 4.771245022351852185e+02 3.141592653589661222e+00
1.520016380092998887e+00 4.776614241648841812e+02 3.141592653589661222e+00
7.257634348559919291e-01 4.789562459002897299e+02 3.141592653589661222e+00
1.782029293387670243e+00 4.797649439383714594e+02 3.141592653589661222e+00
9.590860731498280778e-01 4.811692082189373991e+02 3.141592653589661222e+00
1.705663775549600913e+00 4.818083962411216703e+02 3.141592653589661222e+00
8.409403920344687977e-01 4.831853812476384746e+02 3.141592653589661222e+00
1.875021726732764238e+00 4.838385359781449324e+02 3.141592653589661222e+00
6.863810864961777947e-01 4.847407912645011265e+02 3.141592653589661222e+00
1.886710268243453337e+00 4.859010847381637177e+02 3.141592653589661222e+00
7.157697093426206303e-01 4.868000094043316039e+02 3.141592653589661222e+00
1.862888506112934994e+00 4.879308360787214838e+02 3.141592653589661222e+00
6.568398783132425311e-01 4.889465615483615011e+02 3.141592653589661222e+00
1.743286528229075261e+00 4.900185598228584922e+02 3.141592653589661222e+00
9.037042584321761662e-01 4.906162188954692738e+02 3.141592653589661222e+00
1.556394913637169530e+00 4.920462403990378562e+02 3.141592653589661222e+00
1.066820349043949623e+00 4.926431821138430678e+02 3.141592653589661222e+00
1.704825237512376246e+00 4.940986690424060725e+02 3.141592653589661222e+00
7.743651666522372023e-01 4.948448017221585360e+02 3.141592653589661222e+00
1.411120383651520704e+00 4.962014399274555103e+02 3.141592653589661222e+00
1.053417329365174293e+00 4.967359723079763967e+02 3.141592653589661222e+00
1.198803093896146921e+00 4.982132284982075134e+02 3.141592653589661222e+00
1.326086606230614695e+00 4.987915351405168849e+02 3.141592653589661222e+00
1.508860393912786479e+00 5.003076158526744734e+02 3.141592653589661222e+00
9.669511371855167292e-01 5.009352062877160279e+02 3.141592653589661222e+00
1.190395967279263889e+00 5.023893163993631674e+02 3.141592653589661222e+00
1.199515871989093485e+00 5.029150150423251944e+02 3.141592653589661222e+00
9.543709053995186320e-01 5.043667926715822318e+02 3.141592653589661222e+00
1.515143657603565952e+00 5.049976444246178744e+02 3.141592653589661222e+00
1.301502846536325864e+00 5.065094901091014208e+02 3.141592653589661222e+00
1.217263364684847193e+00 5.070866071525530856e+02 3.141592653589661222e+00
1.033518726218614514e+00 5.085618647543021211e+02 3.141592653589661222e+00
1.417958329155194486e+00 5.091023753290921832e+02 3.141592653589661222e+00
7.595306987444567781e-01 5.104491384677200472e+02 3.141592653589661222e+00
1.705671751610992271e+00 5.112049459008600820e+02 3.141592653589661222e+00
1.028878330861344725e+00 5.126447748822221229e+02 3.141592653589661222e+00
1.585888584186170736e+00 5.132519133741486712e+02 3.141592653589661222e+00
8.792934959274705253e-01 5.146681629697648077e+02 3.141592653589661222e+00
1.759640263838789576e+00 5.152826827171269315e+02 3.141592653589661222e+00
6.552983935745597677e-01 5.163217367794393340e+02 3.141592653589661222e+00
1.867062417624982151e+00 5.173664829930720543e+02 3.141592653589661222e+00
7.029678575236342208e-01 5.184496274147259101e+02 3.141592653589661222e+00
1.883214190719693759e+00 5.193956046776653466e+02 3.141592653589661222e+00
6.764286191413563243e-01 5.205266506270564832e+02 3.141592653589661222e+00
1.856277093623734498e+00 5.214636289892221157e+02 3.141592653589661222e+00
8.588337826060445934e-01 5.220999745895343267e+02 3.141592653589661222e+00
1.679964161564046154e+00 5.234923584400963819e+02 3.141592653589661222e+00
9.876327298910603236e-01 5.241190665292183439e+02 3.141592653589661222e+00
1.775540072515798595e+00 5.255387796219441725e+02 3.141592653589661222e+00
7.359844127687839022e-01 5.263368846085467112e+02 3.141592653589661222e+00
1.508224870960713782e+00 5.276431231398142927e+02 3.141592653589661222e+00
1.042049250600696197e+00 5.281761758210545850e+02 3.141592653589661222e+00
1.277100078707276598e+00 5.296529925711330407e+02 3.141592653589661222e+00
1.301892663573768205e+00 5.302267752445886799e+02 3.141592653589661222e+00
1.600842437820739317e+00 5.317466394378553787e+02 3.141592653589661222e+00
9.109743676961250536e-01 5.324038291321612633e+02 3.141592653589661222e+00
1.275502082112390578e+00 5.338376497471250559e+02 3.141592653589661222e+00
1.181577697303469288e+00 5.343536426915835591e+02 3.141592653589661222e+00
1.022784217288552622e+00 5.358182020141308612e+02 3.141592653589661222e+00
1.497804279907628100e+00 5.364310156644319250e+02 3.141592653589661222e+00
1.410751471783513900e+00 5.379609082668829387e+02 3.141592653589661222e+00
1.124131121898603869e+00 5.385508244801111459e+02 3.141592653589661222e+00
1.109964226054621639e+00 5.400262506236008448e+02 3.141592653589661222e+00
1.357099984405269577e+00 5.405491185839860009e+02 3.141592653589661222e+00
8.268914940971010541e-01 5.419432963981978446e+02 3.141592653589661222e+00
1.667987132536797645e+00 5.426475330674959423e+02 3.141592653589661222e+00
1.163622968407464597e+00 5.441355859402227679e+02 3.141592653589661222e+00
1.438938262501382015e+00 5.447145589392303009e+02 3.141592653589661222e+00
9.572572402430206129e-01 5.461702974342458674e+02 3.141592653589661222e+00
1.645353584449361639e+00 5.467361127517135628e+02 3.141592653589661222e+00
6.719758583382585693e-01 5.479170235695208930e+02 3.141592653589661222e+00
1.839336935751387569e+00 5.488341065739193709e+02 3.141592653589661222e+00
7.971801370466615744e-01 5.501068920194996963e+02 3.141592653589661222e+00
1.857543457632209183e+00 5.508672082599317719e+02 3.141592653589661222e+00
7.427553789391769801e-01 5.521255223355630051e+02 3.141592653589661222e+00
1.943737533332538181e+00 5.529105486673050791e+02 3.141592653589661222e+00
7.950156333385999252e-01 5.536195874386116884e+02 3.141592653589661222e+00
1.807735067470702894e+00 5.549439375877403791e+02 3.141592653589661222e+00
8.835073367392712873e-01 5.556309588191259081e+02 3.141592653589661222e+00
1.834156010354182742e+00 5.569834689687985474e+02 3.141592653589661222e+00
7.005340325854011452e-01 5.578468871503739592e+02 3.141592653589661222e+00
1.609739662917829994e+00 5.590852019208098227e+02 3.141592653589661222e+00
1.020226834493914270e+00 5.596230520280705605e+02 3.141592653589661222e+00
1.365771073599334695e+00 5.610950977254076406e+02 3.141592653589661222e+00
1.260042016498509554e+00 5.616674376499393020e+02 3.141592653589661222e+00
1.681322452772086917e+00 5.631833442715524143e+02 3.141592653589661222e+00
8.625743825402809595e-01 5.638736590305924210e+02 3.141592653589661222e+00
1.358910875930696260e+00 5.652811223858158201e+02 3.141592653589661222e+00
1.169013892518564246e+00 5.657894426670131907e+02 3.141592653589661222e+00
1.087197764467062511e+00 5.672623865792978677e+02 3.141592653589661222e+00
1.483121761826891261e+00 5.678622156082200263e+02 3.141592653589661222e+00
1.513834366533662656e+00 5.694055355417053761e+02 3.141592653589661222e+00
1.046425655330324611e+00 5.700160598910139242e+02 3.141592653589661222e+00
1.190512689704304794e+00 5.714828025689148490e+02 3.141592653589661222e+00
1.316138287719502920e+00 5.719916233229754425e+02 3.141592653589661222e+00
8.945845325977160867e-01 5.734166192446994046e+02 3.141592653589661222e+00
1.640473028010282164e+00 5.740851479860310747e+02 3.141592653589661222e+00
1.293322256459421116e+00 5.756062789799058237e+02 3.141592653589661222e+00
1.304853091854746738e+00 5.761796636631598858e+02 3.141592653589661222e+00
1.035311756242536907e+00 5.776545486964253087e+02 3.141592653589661222e+00
1.540391732766233757e+00 5.781887814474317793e+02 3.141592653589661222e+00
7.224812725485846299e-01 5.794745405142590471e+02 3.141592653589661222e+00
1.797304211137338736e+00 5.802920014323653959e+02 3.141592653589661222e+00
9.501789501606990873e-01 5.816906195298398643e+02 3.141592653589661222e+00
1.725472917624886193e+00 5.823355136750260499e+02 3.141592653589661222e+00
8.359848920683690121e-01 5.837053571117271531e+02 3.141592653589661222e+00
1.895401642914426699e+00 5.843650370563556180e+02 3.141592653589661222e+00
6.962560307650298430e-01 5.852431580935725606e+02 3.141592653589661222e+00
1.888115386538792517e+00 5.864231855286376458e+02 3.141592653589661222e+00
7.282106172169828806e-01 5.872911937775093065e+02 3.141592653589661222e+00
1.860834318935171261e+00 5.884535722021907986e+02 3.141592653589661222e+00
6.584433131371298931e-01 5.894489106939953444e+02 3.141592653589661222e+00
1.727015273978836918e+00 5.905437457643721473e+02 3.141592653589661222e+00
9.172117278324063427e-01 5.911325903756163598e+02 3.141592653589661222e+00
1.533057719451245360e+00 5.925697067744200695e+02 3.141592653589661222e+00
1.089526557488890823e+00 5.931613271719996874e+02 3.141592653589661222e+00
1.700259290752138996e+00 5.946254132444237257e+02 3.141592653589661222e+00
7.848618744951830761e-01 5.953631416836859671e+02 3.141592653589661222e+00
1.402189606783504683e+00 5.967276354769594491e+02 3.141592653589661222e+00
1.066223941632140626e+00 5.972588774809438519e+02 3.141592653589661222e+00
1.183846997609743434e+00 5.987365075562181573e+02 3.141592653589661222e+00
1.344613810538867416e+00 5.993165234744524241e+02 3.141592653589661222e+00
1.507648030261182992e+00 6.008359921131634565e+02 3.141592653589661222e+00
9.775339520006748328e-01 6.014607960686832939e+02 3.141592653589661222e+00
1.188653759082258787e+00 6.029169470763532672e+02 3.141592653589661222e+00
1.213464339166883121e+00 6.034407202598960112e+02 3.141592653589661222e+00
9.458818026624146169e-01 6.048896651096580399e+02 3.141592653589661222e+00
1.530856749827647745e+00 6.055249024396831601e+02 3.141592653589661222e+00
1.300264309792963813e+00 6.070380394238883355e+02 3.141592653589661222e+00
1.228469071022615822e+00 6.076145276279410155e+02 3.141592653589661222e+00
1.033539148103354011e+00 6.090898531885568445e+02 3.141592653589661222e+00
1.433166523922595692e+00 6.096295394483557857e+02 3.141592653589661222e+00
7.543669917121770263e-01 6.109693653954449246e+02 3.141592653589661222e+00
1.717947186380415880e+00 6.117324899157483742e+02 3.141592653589661222e+00
1.020339027669376675e+00 6.131685426418745237e+02 3.141592653589661222e+00
1.602909985605557530e+00 6.137791343100493577e+02 3.141592653589661222e+00
8.749626152369035514e-01 6.151909980080737341e+02 3.141592653589661222e+00
1.777510375276027288e+00 6.158095916511092582e+02 3.141592653589661222e+00
6.575356601743408413e-01 6.168299816845094483e+02 3.141592653589661222e+00
1.872328633345075932e+00 6.178907000164791725e+02 3.141592653589661222e+00
6.993973049939791187e-01 6.189486203326626992e+02 3.141592653589661222e+00
1.882943297929631887e+00 6.199198469570295629e+02 3.141592653589661222e+00
6.717589802289051226e-01 6.210351271250680156e+02 3.141592653589661222e+00
1.843069378628043875e+00 6.219907358544352292e+02 3.141592653589661222e+00
8.661220270392877563e-01 6.226202775628149766e+02 3.141592653589661222e+00
1.663490902718243403e+00 6.240190511779856024e+02 3.141592653589661222e+00
9.998663949495879555e-01 6.246404792550742968e+02 3.141592653589661222e+00
1.767776857691894188e+00 6.260664629846396565e+02 3.141592653589661222e+00
7.409579485179866865e-01 6.268573198834686764e+02 3.141592653589661222e+00
1.496233010313417600e+00 6.281708077950497682e+02 3.141592653589661222e+00
1.044737163111093103e+00 6.287034743615568004e+02 3.141592653589661222e+00
1.266563367097422343e+00 6.301806091543691082e+02 3.141592653589661222e+00
1.306847457468179874e+00 6.307548446041564603e+02 3.141592653589661222e+00
1.590842976549361687e+00 6.322749303098921700e+02 3.141592653589661222e+00
9.176451348572884914e-01 6.329282994171511518e+02 3.141592653589661222e+00
1.265688656487648611e+00 6.343649576802906722e+02 3.141592653589661222e+00
1.184236529323580367e+00 6.348817887137764728e+02 3.141592653589661222e+00
1.014525763514145140e+00 6.363450053322641224e+02 3.141592653589661222e+00
1.500735550549501252e+00 6.369598419665044275e+02 3.141592653589661222e+00
1.398585237317512942e+00 6.384880737144509339e+02 3.141592653589661222e+00
1.134647530536785798e+00 6.390760006292398430e+02 3.141592653589661222e+00
1.101052666102509292e+00 6.405519337503436645e+02 3.141592653589661222e+00
1.364017441831802513e+00 6.410764910560358203e+02 3.141592653589661222e+00
8.186844781213921118e-01 6.424658593563208342e+02 3.141592653589661222e+00
1.672746137779820286e+00 6.431755006209857584e+02 3.141592653589661222e+00
1.148107359457077425e+00 6.446588947420409568e+02 3.141592653589661222e+00
1.456287465952512683e+00 6.452398476872905349e+02 3.141592653589661222e+00
9.483031329001299081e-01 6.466921190562057973e+02 3.141592653589661222e+00
1.659571715664637903e+00 6.472625310918010655e+02 3.141592653589661222e+00
6.678515750316316169e-01 6.484280496283832917e+02 3.141592653589661222e+00
1.844189244514448323e+00 6.493592839233540417e+02 3.141592653589661222e+00
7.815109456037413471e-01 6.506124764344660889e+02 3.141592653589661222e+00
1.867317959604026800e+00 6.513916986926301433e+02 3.141592653589661222e+00
7.331791843585284685e-01 6.526347091181519318e+02 3.141592653589661222e+00
1.941372215036934135e+00 6.534373262862477532e+02 3.141592653589661222e+00
8.075735498162955883e-01 6.541314581554534016e+02 3.141592653589661222e+00
1.793186326566428734e+00 6.554686779440769442e+02 3.141592653589661222e+00
9.035790367266044454e-01 6.561428838619509634e+02 3.141592653589661222e+00
1.833241648377565980e+00 6.575099863459499829e+02 3.141592653589661222e+00
7.072980834747628620e-01 6.583628904983830807e+02 3.141592653589661222e+00
1.601860818094771322e+00 6.596121738033859856e+02 3.141592653589661222e+00
1.033260715551857167e+00 6.601450102230469383e+02 3.141592653589661222e+00
1.350189260264365920e+00 6.616193298865997576e+02 3.141592653589661222e+00
1.280358958160619842e+00 6.621913610529913967e+02 3.141592653589661222e+00
1.685575973544148676e+00 6.637126880189241547e+02 3.141592653589661222e+00
8.698594913756168001e-01 6.644004353654260058e+02 3.141592653589661222e+00
1.361104209470802795e+00 6.658102579388383901e+02 3.141592653589661222e+00
1.183214825531826886e+00 6.663151126441110819e+02 3.141592653589661222e+00
1.079717999697281883e+00 6.677869486881617149e+02 3.141592653589661222e+00
1.501039126711062544e+00 6.683895528644258093e+02 3.141592653589661222e+00
1.522549981981868639e+00 6.699367067423891058e+02 3.141592653589661222e+00
1.050019206118470549e+00 6.705474156564644090e+02 3.141592653589661222e+00
1.197432707579707989e+00 6.720143790452065105e+02 3.141592653589661222e+00
1.327764858163642980e+00 6.725202704028238259e+02 3.141592653589661222e+00
8.929922586563167064e-01 6.739432861185360935e+02 3.141592653589661222e+00
1.652928450834544316e+00 6.746144852513511978e+02 3.141592653589661222e+00
1.300159596364504511e+00 6.761381774801080837e+02 3.141592653589661222e+00
1.306778814300866953e+00 6.767114840076408200e+02 3.141592653589661222e+00
1.040409856367344954e+00 6.781868777908489392e+02 3.141592653589661222e+00
1.548323562844178936e+00 6.787189220339206486e+02 3.141592653589661222e+00
7.225889134952957482e-01 6.800023752816816796e+02 3.141592653589661222e+00
1.803916071452974057e+00 6.808219857912679345e+02 3.141592653589661222e+00
9.500901170145906738e-01 6.822202791275542495e+02 3.141592653589661222e+00
1.731060535964667357e+00 6.828659439978156342e+02 3.141592653589661222e+00
8.361309024429700587e-01 6.842345105672435466e+02 3.141592653589661222e+00
1.903049379550502795e+00 6.848948538019271837e+02 3.141592653589661222e+00
6.997211778212537592e-01 6.857658740952047083e+02 3.141592653589661222e+00
1.889509825923151309e+00 6.869514848098475568e+02 3.141592653589661222e+00
7.327637554126684716e-01 6.878105164961617675e+02 3.141592653589661222e+00
1.861782347286055517e+00 6.889822107116841607e+02 3.141592653589661222e+00
6.596023634025960369e-01 6.899715785475704024e+02 3.141592653589661222e+00
1.724236240496398009e+00 6.910729188821445632e+02 3.141592653589661222e+00
9.233760211837371834e-01 6.916580660818093520e+02 3.141592653589661222e+00
1.525907468994082361e+00 6.930977858280219834e+02 3.141592653589661222e+00
1.099426916311624591e+00 6.936874968320439621e+02 3.141592653589661222e+00
1.702352407475419271e+00 6.951552661926739347e+02 3.141592653589661222e+00
7.887462942897802698e-01 6.958908890824408218e+02 3.141592653589661222e+00
1.402830658416091447e+00 6.972573746848574956e+02 3.141592653589661222e+00
1.073554501954367080e+00 6.977864049648457012e+02 3.141592653589661222e+00
1.179497342687712003e+00 6.992642704296491729e+02 3.141592653589661222e+00
1.354748953909863385e+00 6.998450274340522128e+02 3.141592653589661222e+00
1.513051793730102235e+00 7.013669784997911165e+02 3.141592653589661222e+00
9.800122181820867251e-01 7.019918290363956430e+02 3.141592653589661222e+00
1.192964846596886508e+00 7.034481544279296941e+02 3.141592653589661222e+00
1.220435323845188602e+00 7.039700849254833201e+02 3.141592653589661222e+00
9.451651408813862565e-01 7.054183051835802871e+02 3.141592653589661222e+00
1.539003669628003390e+00 7.060548345424142553e+02 3.141592653589661222e+00
1.306471697421143219e+00 7.075700461736056468e+02 3.141592653589661222e+00
1.228791356093411169e+00 7.081466219143139824e+02 3.141592653589661222e+00
1.038126327693455586e+00 7.096223340409571847e+02 3.141592653589661222e+00
1.437763293980160562e+00 7.101602586181930974e+02 3.141592653589661222e+00
7.552723829706921022e-01 7.114995922936446959e+02 3.141592653589661222e+00
1.722644723696740376e+00 7.122632432440658476e+02 3.141592653589661222e+00
1.023647610459226032e+00 7.137007497301366357e+02 3.141592653589661222e+00
1.603880917647648952e+00 7.143106728641918153e+02 3.141592653589661222e+00
8.772674277538979881e-01 7.157232295251227470e+02 3.141592653589661222e+00
1.781393796054573153e+00 7.163404282489423167e+02 3.141592653589661222e+00
6.582954005633759875e-01 7.173594179962318549e+02 3.141592653589661222e+00
1.874699507242432839e+00 7.184211030548190138e+02 3.141592653589661222e+00
6.996230716667540817e-01 7.194773481201286813e+02 3.141592653589661222e+00
1.884864885278001667e+00 7.204504133280709084e+02 3.141592653589661222e+00
6.720047495587119224e-01 7.215643163852095086e+02 3.141592653589661222e+00
1.844818184589817722e+00 7.225212284459126977e+02 3.141592653589661222e+00
8.693427402638228552e-01 7.231484048503267559e+02 3.141592653589661222e+00
1.661903652606096404e+00 7.245488132035432045e+02 3.141592653589661222e+00
1.004821579563853540e+00 7.251687316832752686e+02 3.141592653589661222e+00
1.770977664060565226e+00 7.265970804089174635e+02 3.141592653589661222e+00
7.427485574150617387e-01 7.273871938048162065e+02 3.141592653589661222e+00
1.498843966687041895e+00 7.287013905679752952e+02 3.141592653589661222e+00
1.050092438266343908e+00 7.292320840845836756e+02 3.141592653589661222e+00
1.264638528303689169e+00 7.307097022948443055e+02 3.141592653589661222e+00
1.314383494308777989e+00 7.312840916904958704e+02 3.141592653589661222e+00
1.597692051922922740e+00 7.328064174199280387e+02 3.141592653589661222e+00
9.182801914329954407e-01 7.334606047786363661e+02 3.141592653589661222e+00
1.271610649410312543e+00 7.348968032731481799e+02 3.141592653589661222e+00
1.189882969731872020e+00 7.354117152371883321e+02 3.141592653589661222e+00
1.015326425543525479e+00 7.368747871283534323e+02 3.141592653589661222e+00
1.507694433008106127e+00 7.374902034030758387e+02 3.141592653589661222e+00
1.407717350500278464e+00 7.390208269775966983e+02 3.141592653589661222e+00
1.132062591758433046e+00 7.396096114287385035e+02 3.141592653589661222e+00
1.107925683458149901e+00 7.410855265811333084e+02 3.141592653589661222e+00
1.366478846684096249e+00 7.416080584190099216e+02 3.141592653589661222e+00
8.216858204974385460e-01 7.429983413226965467e+02 3.141592653589661222e+00
1.676175278419937520e+00 7.437070387034275427e+02 3.141592653589661222e+00
1.156691517443269257e+00 7.451932897431862557e+02 3.141592653589661222e+00
1.451073574147181411e+00 7.457732555430260390e+02 3.141592653589661222e+00
9.537121539348056842e-01 7.472271889602262718e+02 3.141592653589661222e+00
1.658195222210302466e+00 7.477948475516479903e+02 3.141592653589661222e+00
6.695938944061213816e-01 7.489646111318182875e+02 3.141592653589661222e+00
1.845142105916610209e+00 7.498918187637839310e+02 3.141592653589661222e+00
7.866008240842609078e-01 7.511511377944348169e+02 3.141592653589661222e+00
1.866548040956526044e+00 7.519246265244757979e+02 3.141592653589661222e+00
7.364116905283504266e-01 7.531717959976365364e+02 3.141592653589661222e+00
1.945225813645615309e+00 7.539692234740540471e+02 3.141592653589661222e+00
8.064105272147757963e-01 7.546652141097679305e+02 3.141592653589661222e+00
1.797317983771060224e+00 7.560004550411676973e+02 3.141592653589661222e+00
9.016635632597334027e-01 7.566762729354989006e+02 3.141592653589661222e+00
1.836490290125699198e+00 7.580418061112250143e+02 3.141592653589661222e+00
7.069371042922680815e-01 7.588965940804456523e+02 3.141592653589661222e+00
1.606568334831713019e+00 7.601438023182254256e+02 3.141592653589661222e+00
1.035051673425287921e+00 7.606757907524967095e+02 3.141592653589661222e+00
1.352119986700059062e+00 7.621502659972038600e+02 3.141592653589661222e+00
1.282604750028976781e+00 7.627222272726842220e+02 3.141592653589661222e+00
1.691756832316490433e+00 7.642445376569418158e+02 3.141592653589661222e+00
8.688525282397107086e-01 7.649338595229820612e+02 3.141592653589661222e+00
1.367213628877978371e+00 7.663424141946213695e+02 3.141592653589661222e+00
1.186513769053394007e+00 7.668458197929739981e+02 3.141592653589661222e+00
1.081703298754105314e+00 7.683178011928956721e+02 3.141592653589661222e+00
1.505197922779326181e+00 7.689204446071850043e+02 3.141592653589661222e+00
1.531784899016370272e+00 7.704694713175201741e+02 3.141592653589661222e+00
1.046276771936567096e+00 7.710818475361098763e+02 3.141592653589661222e+00
1.205010269023854441e+00 7.725479991029852727e+02 3.141592653589661222e+00
1.329045581435797097e+00 7.730521589802116296e+02 3.141592653589661222e+00
8.969256040570556809e-01 7.744762491559172304e+02 3.141592653589661222e+00
1.655145709418857525e+00 7.751462627132839316e+02 3.141592653589661222e+00
1.310860860324571719e+00 7.766726029063170245e+02 3.141592653589661222e+00
1.298784088950385218e+00 7.772461652690566325e+02 3.141592653589661222e+00
1.047397559613239215e+00 7.787224077760261025e+02 3.141592653589661222e+00
1.544199215164329564e+00 7.792520677026483327e+02 3.141592653589661222e+00
7.268140332021688632e-01 7.805407176507369513e+02 3.141592653589661222e+00
1.802917153304347986e+00 7.813552016022235875e+02 3.141592653589661222e+00
9.614971011672908130e-01 7.827600679431371873e+02 3.141592653589661222e+00
1.721046056776991628e+00 7.834003698282157302e+02 3.141592653589661222e+00
8.431468085621266484e-01 7.847748901466604821e+02 3.141592653589661222e+00
1.898314875323955819e+00 7.854283492356307761e+02 3.141592653589661222e+00
6.955551072474726038e-01 7.863109494555336596e+02 3.141592653589661222e+00
1.892560128459391589e+00 7.874865687383154409e+02 3.141592653589661222e+00
7.268293304739320559e-01 7.883600709528744801e+02 3.141592653589661222e+00
1.866172279839313664e+00 7.895172297350040935e+02 3.141592653589661222e+00
6.594521564000095371e-01 7.905161835153186303e+02 3.141592653589661222e+00
1.736210881166729392e+00 7.916064966161127359e+02 3.141592653589661222e+00
9.211264857680904194e-01 7.921933138796657659e+02 3.141592653589661222e+00
1.536616617843556742e+00 7.936310884828791359e+02 3.141592653589661222e+00
1.094743755410716224e+00 7.942221434924418872e+02 3.141592653589661222e+00
1.711002527978206844e+00 7.956883844767743312e+02 3.141592653589661222e+00
7.852765673727175599e-01 7.964283863332689180e+02 3.141592653589661222e+00
1.413076650089221564e+00 7.977908533057579916e+02 3.141592653589661222e+00
1.074352784304908326e+00 7.983189147766699989e+02 3.141592653589661222e+00
1.186366531769664334e+00 7.997970497229713374e+02 3.141592653589661222e+00
1.355214587628486012e+00 8.003772674155474078e+02 3.141592653589661222e+00
1.524753744043004344e+00 8.019006004519418411e+02 3.141592653589661222e+00
9.739733986272541832e-01 8.025283804239440997e+02 3.141592653589661222e+00
1.203112434946838949e+00 8.039829515988903950e+02 3.141592653589661222e+00
1.219632351899577749e+00 8.045032542458556009e+02 3.141592653589661222e+00
9.524373520749852551e-01 8.059530910973786604e+02 3.141592653589661222e+00
1.538830530907215444e+00 8.065875498628566902e+02 3.141592653589661222e+00
1.320224994242874983e+00 8.081055551547598270e+02 3.141592653589661222e+00
1.217721900224814524e+00 8.086830470569359477e+02 3.141592653589661222e+00
1.047358682198727076e+00 8.101593865652781687e+02 3.141592653589661222e+00
1.431024175722120040e+00 8.106946823780804152e+02 3.141592653589661222e+00
7.625341595943299078e-01 8.120403472478791400e+02 3.141592653589661222e+00
1.719318119780812726e+00 8.127973767116939143e+02 3.141592653589661222e+00
1.039772548690834464e+00 8.142418901409740783e+02 3.141592653589661222e+00
1.587457556800082159e+00 8.148468534933431329e+02 3.141592653589661222e+00
8.867852244116517513e-01 8.162654991883193816e+02 3.141592653589661222e+00
1.770069240517077258e+00 8.168754826300530567e+02 3.141592653589661222e+00
6.573381800467493763e-01 8.179118116384280484e+02 3.141592653589661222e+00
1.874056527396309679e+00 8.189582345377544925e+02 3.141592653589661222e+00
7.037109970075772214e-01 8.200385457042905273e+02 3.141592653589661222e+00
1.889309915852181332e+00 8.209878575970035399e+02 3.141592653589661222e+00
6.774633568678626316e-01 8.221159655737856156e+02 3.141592653589661222e+00
1.863071051865634153e+00 8.230553720614635722e+02 3.141592653589661222e+00
8.682654924571526767e-01 8.236847201688364066e+02 3.141592653589661222e+00
1.676458676642445633e+00 8.250818475719504477e+02 3.141592653589661222e+00
1.002093468671669152e+00 8.257040464691608577e+02 3.141592653589661222e+00
1.786185345561738691e+00 8.271308101343238377e+02 3.141592653589661222e+00
7.412252482175040180e-01 8.279270070106922503e+02 3.141592653589661222e+00
1.517373255325044301e+00 8.292350243664598111e+02 3.141592653589661222e+00
1.058996542271388730e+00 8.297617466139234921e+02 3.141592653589661222e+00
1.271448996644747975e+00 8.312401187987953790e+02 3.141592653589661222e+00
1.325737517440143121e+00 8.318143310322147954e+02 3.141592653589661222e+00
1.623789561795984104e+00 8.333414039958499870e+02 3.141592653589661222e+00
9.124951647248309428e-01 8.340016119376497272e+02 3.141592653589661222e+00
1.295633009577525918e+00 8.354335959103219693e+02 3.141592653589661222e+00
1.200065880483741410e+00 8.359431930194220968e+02 3.141592653589661222e+00
1.025620429502141162e+00 8.374073398095569019e+02 3.141592653589661222e+00
1.520642185900988430e+00 8.380219776566157179e+02 3.141592653589661222e+00
1.442003057589225756e+00 8.395598412014460337e+02 3.141592653589661222e+00
1.114710439916622997e+00 8.401531076364441333e+02 3.141592653589661222e+00
1.133760662726923441e+00 8.416280643369642576e+02 3.141592653589661222e+00
1.364986856848584118e+00 8.421441724245514706e+02 3.141592653589661222e+00
8.374824581047901617e-01 8.435415215649919674e+02 3.141592653589661222e+00
1.679188570496390698e+00 8.442424634872619436e+02 3.141592653589661222e+00
1.194050792147169471e+00 8.457401604809271021e+02 3.141592653589661222e+00
1.419420974969625604e+00 8.463163800457189154e+02 3.141592653589661222e+00
9.764293320107589880e-01 8.477774237523285592e+02 3.141592653589661222e+00
1.638827933016745009e+00 8.483340535602742420e+02 3.141592653589661222e+00
6.790340798629924679e-01 8.495303543625836937e+02 3.141592653589661222e+00
1.841509766683334437e+00 8.504328111345491834e+02 3.141592653589661222e+00
8.178449827880261980e-01 8.517273815896634233e+02 3.141592653589661222e+00
1.850628058106339902e+00 8.524674928237252516e+02 3.141592653589661222e+00
7.555721790171906482e-01 8.537417944481923087e+02 3.141592653589661222e+00
1.953372311585685805e+00 8.545073818189081294e+02 3.141592653589661222e+00
7.873906948295644748e-01 8.552274925248727868e+02 3.141592653589661222e+00
1.823165578403344700e+00 8.565413074701357345e+02 3.141592653589661222e+00
8.711129966927475543e-01 8.572381652599873405e+02 3.141592653589661222e+00
1.842705896901870810e+00 8.585803500522246168e+02 3.141592653589661222e+00
6.973064962200250516e-01 8.594528846864616298e+02 3.141592653589661222e+00
1.625016086915924474e+00 8.606813060102937243e+02 3.141592653589661222e+00
1.019815233180736636e+00 8.612189642994667338e+02 3.141592653589661222e+00
1.376898360204905636e+00 8.626904688529112946e+02 3.141592653589661222e+00
1.257951782690559961e+00 8.632628119886860532e+02 3.141592653589661222e+00
1.695396777240069541e+00 8.647790799689604455e+02 3.141592653589661222e+00
8.574580139444876181e-01 8.654744236212931128e+02 3.141592653589661222e+00
1.373680853300492943e+00 8.668776862699151025e+02 3.141592653589661222e+00
1.172118595394574525e+00 8.673836447773467171e+02 3.141592653589661222e+00
1.095187905155921904e+00 8.688573639715539230e+02 3.141592653589661222e+00
1.487002408705635048e+00 8.694562711218329696e+02 3.141592653589661222e+00
1.533945782534623659e+00 8.710028772141807849e+02 3.141592653589661222e+00
1.035887867493787473e+00 8.716175714993331667e+02 3.141592653589661222e+00
1.207151061837774320e+00 8.730821518444569165e+02 3.141592653589661222e+00
1.315268614700585870e+00 8.735876982877208548e+02 3.141592653589661222e+00
9.052185408438933045e-01 8.750160251312199762e+02 3.141592653589661222e+00
1.641590035211580867e+00 8.756806814419005605e+02 3.141592653589661222e+00
1.317718614830863055e+00 8.772074798092323817e+02 3.141592653589661222e+00
1.284371001360913978e+00 8.777816093895934273e+02 3.141592653589661222e+00
1.051084255015628965e+00 8.792583703143723142e+02 3.141592653589661222e+00
1.527532195426434036e+00 8.797874413989146660e+02 3.141592653589661222e+00
7.332637720343191390e-01 8.810866770466006983e+02 3.141592653589661222e+00
1.792454078221548563e+00 8.818908027699621925e+02 3.141592653589661222e+00
9.787898601191353798e-01 8.833054507119381924e+02 3.141592653589661222e+00
1.698176973149495783e+00 8.839372778396135573e+02 3.141592653589661222e+00
8.534594293258752629e-01 8.853218945812860738e+02 3.141592653589661222e+00
1.880192190292522936e+00 8.859647035447716235e+02 3.141592653589661222e+00
6.858159961700005525e-01 8.868743237640860571e+02 3.141592653589661222e+00
1.894198696794267445e+00 8.880273075794273154e+02 3.141592653589661222e+00
7.144599282131171014e-01 8.889356674641825293e+02 3.141592653589661222e+00
1.872337415453879883e+00 8.900575969172671194e+02 3.141592653589661222e+00
6.591414583737054134e-01 8.910791420827601996e+02 3.141592653589661222e+00
1.759574925738227824e+00 8.921436130976104550e+02 3.141592653589661222e+00
9.114415851881023656e-01 8.927370905895990063e+02 3.141592653589661222e+00
1.561988880128253099e+00 8.941687094318551772e+02 3.141592653589661222e+00
1.077413717114813263e+00 8.947642225463224577e+02 3.141592653589661222e+00
1.724100663701765290e+00 8.962241144968597837e+02 3.141592653589661222e+00
7.760336196070174442e-01 8.969738259089920120e+02 3.141592653589661222e+00
1.430577853745963468e+00 8.983272162549336599e+02 3.141592653589661222e+00
1.069435535517207825e+00 8.988555593433914055e+02 3.141592653589661222e+00
1.202253488433818074e+00 9.003338808218006761e+02 3.141592653589661222e+00
1.347198359128926271e+00 9.009126028486815585e+02 3.141592653589661222e+00
1.540408625985355995e+00 9.024360954716494234e+02 3.141592653589661222e+00
9.616533188620579597e-01 9.030690809176228413e+02 3.141592653589661222e+00
1.217235840324458307e+00 9.045202575071525644e+02 3.141592653589661222e+00
1.212642981424235655e+00 9.050393361292461805e+02 3.141592653589661222e+00
9.657136858036492466e-01 9.064924041241241639e+02 3.141592653589661222e+00
1.531823984358461788e+00 9.071223751112073614e+02 3.141592653589661222e+00
1.338824918423571653e+00 9.086433419976281129e+02 3.141592653589661222e+00
1.198654674562817490e+00 9.092226187890069014e+02 3.141592653589661222e+00
1.059703197815994091e+00 9.106994657861407632e+02 3.141592653589661222e+00
1.416013856260086801e+00 9.112318094172578640e+02 3.141592653589661222e+00
7.746261324653662683e-01 9.125882598126494258e+02 3.141592653589661222e+00
1.709734435726914192e+00 9.133338820210425411e+02 3.141592653589661222e+00
1.064878274268543423e+00 9.147886350319818121e+02 3.141592653589661222e+00
1.558132036770648821e+00 9.153864453030845425e+02 3.141592653589661222e+00
9.012302849032702845e-01 9.168142658270826360e+02 3.141592653589661222e+00
1.746689711726723937e+00 9.174136900730392199e+02 3.141592653589661222e+00
6.566270164532820308e-01 9.184805615146311766e+02 3.141592653589661222e+00
1.869889633793093919e+00 9.195001533235803208e+02 3.141592653589661222e+00
7.142526479751337698e-01 9.206225247513281147e+02 3.141592653589661222e+00
1.892645957568800608e+00 9.215302390379904409e+02 3.141592653589661222e+00
6.877876797367031836e-01 9.226838295960144478e+02 3.141592653589661222e+00
1.890281058003163039e+00 9.235921664800980579e+02 3.141592653589661222e+00
8.617393129412579400e-01 9.242289001648367730e+02 3.141592653589661222e+00
1.702637970898320141e+00 9.256178413233193396e+02 3.141592653589661222e+00
9.905715698131586366e-01 9.262462396299637248e+02 3.141592653589661222e+00
1.806493457188917295e+00 9.276667470736714449e+02 3.141592653589661222e+00
7.367875545405887516e-01 9.284738357152317576e+02 3.141592653589661222e+00
1.544371422242757586e+00 9.297706586231414576e+02 3.141592653589661222e+00
1.067227472163488011e+00 9.302932115808941944e+02 3.141592653589661222e+00
1.284395854068421494e+00 9.317722488655339248e+02 3.141592653589661222e+00
1.335495406603568469e+00 9.323460004909733243e+02 3.141592653589661222e+00
1.658429499207833224e+00 9.338781555768790668e+02 3.141592653589661222e+00
9.029821442206971138e-01 9.345474102379108672e+02 3.141592653589661222e+00
1.328583445861382106e+00 9.359726839060880366e+02 3.141592653589661222e+00
1.211913162690510415e+00 9.364754732928230396e+02 3.141592653589661222e+00
1.040393442446473360e+00 9.379412509687819011e+02 3.141592653589661222e+00
1.535815004175986154e+00 9.385544516827598045e+02 3.141592653589661222e+00
1.489162633194915486e+00 9.401016305280421648e+02 3.141592653589661222e+00
1.089867268913307097e+00 9.407022548031736733e+02 3.141592653589661222e+00
1.170268590460883384e+00 9.421746882501928440e+02 3.141592653589661222e+00
1.362264730395599921e+00 9.426823807275002309e+02 3.141592653589661222e+00
8.600937662508904014e-01 9.440891476070414683e+02 3.141592653589661222e+00
1.682407650361968043e+00 9.447796398427526583e+02 3.141592653589661222e+00
1.247952085636002906e+00 9.462924527929495753e+02 3.141592653589661222e+00
1.372567545210476192e+00 9.468656327661517480e+02 3.141592653589661222e+00
1.009520078595586678e+00 9.483349553545464232e+02 3.141592653589661222e+00
1.608731053405232148e+00 9.488773444587473023e+02 3.141592653589661222e+00
6.958189540862407263e-01 9.501106425741409112e+02 3.141592653589661222e+00
1.833716263692161785e+00 9.509782148163208149e+02 3.141592653589661222e+00
8.703265652260382401e-01 9.523205355749093997e+02 3.141592653589661222e+00
1.814322932612512540e+00 9.530164612606245100e+02 3.141592653589661222e+00
7.875497237113919802e-01 9.543311353643241546e+02 3.141592653589661222e+00
1.950719123287687484e+00 9.550504282670653993e+02 3.141592653589661222e+00
7.535107600182761045e-01 9.558190176400432847e+02 3.141592653589661222e+00
1.858201092933188026e+00 9.570908989713880146e+02 3.141592653589661222e+00
8.163343201771899871e-01 9.578339122677442674e+02 3.141592653589661222e+00
1.848332057636760339e+00 9.591260522953735972e+02 3.141592653589661222e+00
6.802978370309040734e-01 9.600340695726503100e+02 3.141592653589661222e+00
1.654640244026491569e+00 9.612246692940141202e+02 3.141592653589661222e+00
9.847659035039919573e-01 9.617772567007890530e+02 3.141592653589661222e+00
1.425533649217322285e+00 9.632403584361261437e+02 3.141592653589661222e+00
1.201629925665987475e+00 9.638157344220416007e+02 3.141592653589661222e+00
1.691236844718351229e+00 9.653162678979944076e+02 3.141592653589661222e+00
8.348436445164696407e-01 9.660222126574926733e+02 3.141592653589661222e+00
1.376098936616570345e+00 9.674158614154955558e+02 3.141592653589661222e+00
1.134914629460887392e+00 9.679305386158304145e+02 3.141592653589661222e+00
1.120675446838165001e+00 9.694067456840577961e+02 3.141592653589661222e+00
1.438814194976179017e+00 9.699983466085196824e+02 3.141592653589661222e+00
1.518647875344437681e+00 9.715354474011884349e+02 3.141592653589661222e+00
1.020742191898487361e+00 9.721516664829927095e+02 3.141592653589661222e+00
1.195332941907969904e+00 9.736145492793123140e+02 3.141592653589661222e+00
1.282186391558137517e+00 9.741269460732515881e+02 3.141592653589661222e+00
9.147531688321266508e-01 9.755618006879107043e+02 3.141592653589661222e+00
1.606202197928244146e+00 9.762175245997913180e+02 3.141592653589661222e+00
1.307026509732918784e+00 9.777389720561884587e+02 3.141592653589661222e+00
1.271291662600001260e+00 9.783135497631053568e+02 3.141592653589661222e+00
1.042179393042238056e+00 9.797895809116490682e+02 3.141592653589661222e+00
1.500250474403038270e+00 9.803230264291444200e+02 3.141592653589661222e+00
7.372421552609972339e-01 9.816331646574599290e+02 3.141592653589661222e+00
1.770978078495106134e+00 9.824265982271126632e+02 3.141592653589661222e+00
9.879753946480159810e-01 9.838465473801087455e+02 3.141592653589661222e+00
1.672960013815294023e+00 9.844727161323301061e+02 3.141592653589661222e+00
8.582238537804270928e-01 9.858647865081026112e+02 3.141592653589661222e+00
1.851976751311061209e+00 9.865012982946756210e+02 3.141592653589661222e+00
6.753716966393261689e-01 9.874413198293050300e+02 3.141592653589661222e+00
1.889488180114281990e+00 9.885694372762947069e+02 3.141592653589661222e+00
7.039078339877353763e-01 9.895182536122936199e+02 3.141592653589661222e+00
1.874968086251756816e+00 9.905991402270235540e+02 3.141592653589661222e+00
6.595910117503998027e-01 9.916465178467235546e+02 3.141592653589661222e+00
1.781103728445494472e+00 9.926815523091349860e+02 3.141592653589661222e+00
8.962831356174335573e-01 9.932856763474336503e+02 3.141592653589661222e+00
1.590842562073383260e+00 9.947082837796267540e+02 3.141592653589661222e+00
1.051778278226074725e+00 9.953107063762627149e+02 3.141592653589661222e+00
1.732274325222679767e+00 9.967603518962223461e+02 3.141592653589661222e+00
7.644242543118433542e-01 9.975209328975327026e+02 3.141592653589661222e+00
1.444507519494812042e+00 9.988639798721362695e+02 3.141592653589661222e+00
1.057123942958262175e+00 9.993952916014460470e+02 3.141592653589661222e+00
1.220634195514382236e+00 1.000873188489561130e+03 3.141592653589661222e+00
1.328829877209702692e+00 1.001450153348245522e+03 3.141592653589661222e+00
1.546643594910509067e+00 1.002970677210297481e+03 3.141592653589661222e+00
9.491238169124766033e-01 1.003607963401215443e+03 3.141592653589661222e+00
1.223696998102255629e+00 1.005056026515849112e+03 3.141592653589661222e+00
1.199105344738447432e+00 1.005576370955837547e+03 3.141592653589661222e+00
9.774541419694687816e-01 1.007032591057341051e+03 3.141592653589661222e+00
1.516588900767176007e+00 1.007657694415934316e+03 3.141592653589661222e+00
1.345877947146070452e+00 1.009178377495275754e+03 3.141592653589661222e+00
1.183706013009023783e+00 1.009759028533211335e+03 3.141592653589661222e+00
1.063930502861623939e+00 1.011235732090824854e+03 3.141592653589661222e+00
1.399218032213898288e+00 1.011767924504439748e+03 3.141592653589661222e+00
7.832251046024580887e-01 1.013132851983723299e+03 3.141592653589661222e+00
1.696544659773552954e+00 1.013869339011920943e+03 3.141592653589661222e+00
1.079702562587619985e+00 1.015329644363885450e+03 3.141592653589661222e+00
