9.890345275297113270e-01 2.661616556742135015e-02 1.570796326794862363e+00
1.336021328712586831e+00 1.621463897645665009e+00 1.570796326794862363e+00
2.205100750093649697e+00 1.946274979818024331e+00 1.570796326794862363e+00
1.097859974544886930e+00 3.454194263583246549e+00 1.570796326794862363e+00
1.006169311680179979e+00 4.522449317034063831e+00 1.570796326794862363e+00
1.113306969340334129e+00 5.410801304643424459e+00 1.570796326794862363e+00
1.123745273776032061e+00 6.227734296071028908e+00 1.570796326794862363e+00
8.937054418310061976e-01 7.748907893371837829e+00 1.570796326794862363e+00
2.750666713238349992e+00 8.171150352979701381e+00 1.570796326794862363e+00
9.615967591935634662e-01 9.623454816508658638e+00 1.570796326794862363e+00
9.746428367990788155e-01 1.060343359373126759e+01 1.570796326794862363e+00
1.239814273813132584e+00 1.153797367896811110e+01 1.570796326794862363e+00
1.306409931450583484e+00 1.241755552159114195e+01 1.570796326794862363e+00
5.539368594795568423e-01 1.359124769692173196e+01 1.570796326794862363e+00
3.486484568449378152e+00 1.439060721706271195e+01 1.570796326794862363e+00
7.043765282342677736e-01 1.551287847890267457e+01 1.570796326794862363e+00
1.001845310322058813e+00 1.652157841251662873e+01 1.570796326794862363e+00
1.339346824112039425e+00 1.760738185890957652e+01 1.570796326794862363e+00
1.298932413361993499e+00 1.854409401925098066e+01 1.570796326794862363e+00
6.973774876957538060e-01 1.921058130518407125e+01 1.570796326794862363e+00
3.183489432103996375e+00 2.061937597081799467e+01 1.570796326794862363e+00
1.078369924279895864e+00 2.109255763263918837e+01 1.570796326794862363e+00
1.170165617564136396e+00 2.248992107294496279e+01 1.570796326794862363e+00
1.205705599653811078e+00 2.368788002504651402e+01 1.570796326794862363e+00
1.122694088450748140e+00 2.459933142343665935e+01 1.570796326794862363e+00
8.839095672493342271e-01 2.527560124039839096e+01 1.570796326794862363e+00
2.079694811169293889e+00 2.684828127729931069e+01 1.570796326794862363e+00
1.697514002543380585e+00 2.716773487010206267e+01 1.570796326794862363e+00
1.211781041360089128e+00 2.867745733424720100e+01 1.570796326794862363e+00
1.118682174596669743e+00 2.984553717139743156e+01 1.570796326794862363e+00
1.087027072501393077e+00 3.073362125784598220e+01 1.570796326794862363e+00
9.939053392957133415e-01 3.146519017255296191e+01 1.570796326794862363e+00
1.495119572246822903e+00 3.306231268600025430e+01 1.570796326794862363e+00
2.162000599960765879e+00 3.337408013287067376e+01 1.570796326794862363e+00
1.174755519491607059e+00 3.490213787200058704e+01 1.570796326794862363e+00
1.054619673737040797e+00 3.601459436385024304e+01 1.570796326794862363e+00
1.103111159238988837e+00 3.689599176229380362e+01 1.570796326794862363e+00
1.096568791533706566e+00 3.767845629679210617e+01 1.570796326794862363e+00
1.076623770806050651e+00 3.924106738400260497e+01 1.570796326794862363e+00
2.598225511402078247e+00 3.960653911883773759e+01 1.570796326794862363e+00
1.069005364694213034e+00 4.110785427271235903e+01 1.570796326794862363e+00
1.000487655117060504e+00 4.213788577705600602e+01 1.570796326794862363e+00
1.180294567489264868e+00 4.303945501121276607e+01 1.570796326794862363e+00
1.245011771160000835e+00 4.388168031063668906e+01 1.570796326794862363e+00
6.798832782663272178e-01 4.526316389726192568e+01 1.570796326794862363e+00
3.213254871118575995e+00 4.583427422251992311e+01 1.570796326794862363e+00
8.313510749541929146e-01 4.717990275595484206e+01 1.570796326794862363e+00
9.856360123975896892e-01 4.812741281402880134e+01 1.570796326794862363e+00
1.345365861715208444e+00 4.912214821261733277e+01 1.570796326794862363e+00
1.378423685607004678e+00 5.004243816440020964e+01 1.570796326794862363e+00
5.958713269418881575e-01 5.081846441808863091e+01 1.570796326794862363e+00
3.622663834031108809e+00 5.205167648814100545e+01 1.570796326794862363e+00
8.409825157161652243e-01 5.269664217406151607e+01 1.570796326794862363e+00
1.112567048946189185e+00 5.397992174623836803e+01 1.570796326794862363e+00
1.247822174899613445e+00 5.516692703539082743e+01 1.570796326794862363e+00
1.160669688025621316e+00 5.609116143907731100e+01 1.570796326794862363e+00
8.193385979607340497e-01 5.675174708927508505e+01 1.570796326794862363e+00
2.421053378863990080e+00 5.828802007417639430e+01 1.570796326794862363e+00
1.459770704835084976e+00 5.863945333342471145e+01 1.570796326794862363e+00
1.196515595188936354e+00 6.012078637904576794e+01 1.570796326794862363e+00
1.136438836635207172e+00 6.130100215369420624e+01 1.570796326794862363e+00
1.084618965670814950e+00 6.219545771296531456e+01 1.570796326794862363e+00
9.417498043006302666e-01 6.291340968207200035e+01 1.570796326794862363e+00
1.682190859013167561e+00 6.450820221086549111e+01 1.570796326794862363e+00
1.962903030168470897e+00 6.481674410679111986e+01 1.570796326794862363e+00
1.177045917369012873e+00 6.633737929805785427e+01 1.570796326794862363e+00
1.064279061448922592e+00 6.746599837082493423e+01 1.570796326794862363e+00
1.085793175775368047e+00 6.834803729025981056e+01 1.570796326794862363e+00
1.044923480747085742e+00 6.911841627623715567e+01 1.570796326794862363e+00
1.212505441054074540e+00 7.070226525630803849e+01 1.570796326794862363e+00
2.401996970210901416e+00 7.104139372228981131e+01 1.570796326794862363e+00
1.098342326191210194e+00 7.255223873715119964e+01 1.570796326794862363e+00
1.008437372956330735e+00 7.360787158060348645e+01 1.570796326794862363e+00
1.142051607064896723e+00 7.449960822602507449e+01 1.570796326794862363e+00
1.180889932316638413e+00 7.532431760657905784e+01 1.570796326794862363e+00
7.990922582274209152e-01 7.679754406888470442e+01 1.570796326794862363e+00
2.960382468401876910e+00 7.727027404293342272e+01 1.570796326794862363e+00
9.196498353123765401e-01 7.869341753207734769e+01 1.570796326794862363e+00
9.791949866145456260e-01 7.965505055897527598e+01 1.570796326794862363e+00
1.288477194080667854e+00 8.060919135912585887e+01 1.570796326794862363e+00
1.354802952953276574e+00 8.150549556851090927e+01 1.570796326794862363e+00
5.369054237518271488e-01 8.250712529142118967e+01 1.570796326794862363e+00
3.648386295301768723e+00 8.348822411062327831e+01 1.570796326794862363e+00
6.981341500309162784e-01 8.441154411581959494e+01 1.570796326794862363e+00
1.034152288655000973e+00 8.552285147935356235e+01 1.570796326794862363e+00
1.296678292971540358e+00 8.666368567020739988e+01 1.570796326794862363e+00
1.226858467202059488e+00 8.759886448318290775e+01 1.570796326794862363e+00
7.327604704456939233e-01 8.826332238583624701e+01 1.570796326794862363e+00
2.873739300103641536e+00 8.972598542756139750e+01 1.570796326794862363e+00
1.186779865147114421e+00 9.014884533495077790e+01 1.570796326794862363e+00
1.164016849002663001e+00 9.157734432220473764e+01 1.570796326794862363e+00
1.158009586607468888e+00 9.276614791325935983e+01 1.570796326794862363e+00
1.088345684005044944e+00 9.367008359488720259e+01 1.570796326794862363e+00
8.742195907339370686e-01 9.437551678909881048e+01 1.570796326794862363e+00
1.931771832081859097e+00 9.595464857848610052e+01 1.570796326794862363e+00
1.716592390031844051e+00 9.627290158310468371e+01 1.570796326794862363e+00
1.161323546718754374e+00 9.777531191148828782e+01 1.570796326794862363e+00
1.066943898324058004e+00 9.891585144555078557e+01 1.570796326794862363e+00
1.065608157098558495e+00 9.980047329306518122e+01 1.570796326794862363e+00
9.793585848277506223e-01 1.005630544437078129e+02 1.570796326794862363e+00
1.365675509621595785e+00 1.021591630139122060e+02 1.570796326794862363e+00
2.168777089468628461e+00 1.024815562822947896e+02 1.570796326794862363e+00
1.100091320406016537e+00 1.039894099791702047e+02 1.570796326794862363e+00
1.007280888221357751e+00 1.050613561860012766e+02 1.570796326794862363e+00
1.107824865005930359e+00 1.059488596614725111e+02 1.570796326794862363e+00
1.112410886736466376e+00 1.067633773127875116e+02 1.570796326794862363e+00
9.174898603697427824e-01 1.082933924899632814e+02 1.570796326794862363e+00
2.707824299050731742e+00 1.087057456638849686e+02 1.570796326794862363e+00
9.711202789470895214e-01 1.101636872756976402e+02 1.570796326794862363e+00
9.745665708966727570e-01 1.111485069627775744e+02 1.570796326794862363e+00
1.229408264917661198e+00 1.120788487531824416e+02 1.570796326794862363e+00
1.294784680069676508e+00 1.129545407972512407e+02 1.570796326794862363e+00
5.644021273173922548e-01 1.141632598508384575e+02 1.570796326794862363e+00
3.442197367278971409e+00 1.149255875612401354e+02 1.570796326794862363e+00
7.151420261600572870e-01 1.160858953002137213e+02 1.570796326794862363e+00
9.970144404723033649e-01 1.170785264699182306e+02 1.570796326794862363e+00
1.345005118391751298e+00 1.181511753647468623e+02 1.570796326794862363e+00
1.313050072981406524e+00 1.190871420985114213e+02 1.570796326794862363e+00
6.863752841520411874e-01 1.197592184547650334e+02 1.570796326794862363e+00
3.250024721681639139e+00 1.211522525619505757e+02 1.570796326794862363e+00
1.050210860068307328e+00 1.216403372327523300e+02 1.570796326794862363e+00
1.167161019487679807e+00 1.230278746958788219e+02 1.570796326794862363e+00
1.213239399292823650e+00 1.242262293580065347e+02 1.570796326794862363e+00
1.128504889129227085e+00 1.251392585806709832e+02 1.570796326794862363e+00
8.816433273874484389e-01 1.258111094533040983e+02 1.570796326794862363e+00
2.113737038831652981e+00 1.273815296033087776e+02 1.570796326794862363e+00
1.682586356436541752e+00 1.277024078774435907e+02 1.570796326794862363e+00
1.216791934650397033e+00 1.292116055770116532e+02 1.570796326794862363e+00
1.125942587293124575e+00 1.303833589258576922e+02 1.570796326794862363e+00
1.089915252008309299e+00 1.312722716219073789e+02 1.570796326794862363e+00
9.941637555824387462e-01 1.319991998984246777e+02 1.570796326794862363e+00
1.517596946182258266e+00 1.335963909724520988e+02 1.570796326794862363e+00
2.154791941673474653e+00 1.339067695431828611e+02 1.570796326794862363e+00
1.184535899081776700e+00 1.354370322788100225e+02 1.570796326794862363e+00
1.061940943813630689e+00 1.365553779406201329e+02 1.570796326794862363e+00
1.102853731354968225e+00 1.374364635870574887e+02 1.570796326794862363e+00
1.093806885198894685e+00 1.382139028981054878e+02 1.570796326794862363e+00
1.102445874421438488e+00 1.397803409088544413e+02 1.570796326794862363e+00
2.580257212952502766e+00 1.401400071221454482e+02 1.570796326794862363e+00
1.083241079013357755e+00 1.416465953956604267e+02 1.570796326794862363e+00
1.005529629908878064e+00 1.426843651860520765e+02 1.570796326794862363e+00
1.173079049573077404e+00 1.435825164320177123e+02 1.570796326794862363e+00
1.235585345434223159e+00 1.444192135083137600e+02 1.570796326794862363e+00
7.049658440639299251e-01 1.458229220417021565e+02 1.570796326794862363e+00
3.170815893950129194e+00 1.463692402140248134e+02 1.570796326794862363e+00
8.540471840919385826e-01 1.477369961688497995e+02 1.570796326794862363e+00
9.849051565543627262e-01 1.486852000420377067e+02 1.570796326794862363e+00
1.336875552478927753e+00 1.496691255969184056e+02 1.570796326794862363e+00
1.380712717098121045e+00 1.505846292593407725e+02 1.570796326794862363e+00
5.777026630356473236e-01 1.513990853189899894e+02 1.570796326794862363e+00
3.661481147282207083e+00 1.525862936326060435e+02 1.570796326794862363e+00
7.997052680137958225e-01 1.532796968059167284e+02 1.570796326794862363e+00
1.095227428888934540e+00 1.545315050515332871e+02 1.570796326794862363e+00
1.253875441558450765e+00 1.557124397486439875e+02 1.570796326794862363e+00
1.168404069397053657e+00 1.566391681321130420e+02 1.570796326794862363e+00
7.977578251285339928e-01 1.573014576513061513e+02 1.570796326794862363e+00
2.506630974908678144e+00 1.588244196836805315e+02 1.570796326794862363e+00
1.392444698740284981e+00 1.591887955440065525e+02 1.570796326794862363e+00
1.183906723534001060e+00 1.606589107971833528e+02 1.570796326794862363e+00
1.133820580392574273e+00 1.618390743989967007e+02 1.570796326794862363e+00
1.079805938892831163e+00 1.627349666519269817e+02 1.570796326794862363e+00
9.203440673938683148e-01 1.634541345317994399e+02 1.570796326794862363e+00
1.727370899629028678e+00 1.650465480655479098e+02 1.570796326794862363e+00
1.893891147584238155e+00 1.653568916822800361e+02 1.570796326794862363e+00
1.163465522716384815e+00 1.668710194355373346e+02 1.570796326794862363e+00
1.056879781604838531e+00 1.679977981169791690e+02 1.570796326794862363e+00
1.077915688550133977e+00 1.688803242820541186e+02 1.570796326794862363e+00
1.026231898924264252e+00 1.696533317324832808e+02 1.570796326794862363e+00
1.231067870053579538e+00 1.712404699253505669e+02 1.570796326794862363e+00
2.343758207258062942e+00 1.715769884112098111e+02 1.570796326794862363e+00
1.087838610399184169e+00 1.730837823876756829e+02 1.570796326794862363e+00
1.002511808609261923e+00 1.741377638254047042e+02 1.570796326794862363e+00
1.135628736854782828e+00 1.750301256744672287e+02 1.570796326794862363e+00
1.167203987809882104e+00 1.758564299758848506e+02 1.570796326794862363e+00
8.075669660750913748e-01 1.773372858192884394e+02 1.570796326794862363e+00
2.916066034635854010e+00 1.778036611892842132e+02 1.570796326794862363e+00
9.196354437186057273e-01 1.792281497315372576e+02 1.570796326794862363e+00
9.761441422018251046e-01 1.801909689737257168e+02 1.570796326794862363e+00
1.280483573715499812e+00 1.811440098829571070e+02 1.570796326794862363e+00
1.344873036619032014e+00 1.820390324611401525e+02 1.570796326794862363e+00
5.353933590694273104e-01 1.830658691533962497e+02 1.570796326794862363e+00
3.620652652497444279e+00 1.840216566588141518e+02 1.570796326794862363e+00
6.932902169840866602e-01 1.849740215354944439e+02 1.570796326794862363e+00
1.026976714928397927e+00 1.860688543281087277e+02 1.570796326794862363e+00
1.300647410520077596e+00 1.872030101815552428e+02 1.570796326794862363e+00
1.234066284474066855e+00 1.881387394521377132e+02 1.570796326794862363e+00
7.230420997254277671e-01 1.888062227026061350e+02 1.570796326794862363e+00
2.920156609192547936e+00 1.902588853623468310e+02 1.570796326794862363e+00
1.159805916447046448e+00 1.906916728428526824e+02 1.570796326794862363e+00
1.159541519404333476e+00 1.921131900449823320e+02 1.570796326794862363e+00
1.160079392783277097e+00 1.933023643676303891e+02 1.570796326794862363e+00
1.089039867272640905e+00 1.942073666313015110e+02 1.570796326794862363e+00
8.665373280017366620e-01 1.949119881336801257e+02 1.570796326794862363e+00
1.959474101267308921e+00 1.964885373544381082e+02 1.570796326794862363e+00
1.689847094376294656e+00 1.968088330710549485e+02 1.570796326794862363e+00
1.158307686096650357e+00 1.983086230047234721e+02 1.570796326794862363e+00
1.066425872521251206e+00 1.994499228833514906e+02 1.570796326794862363e+00
1.063219092511120012e+00 2.003348872620937300e+02 1.570796326794862363e+00
9.717653732861912808e-01 2.010971810265260160e+02 1.570796326794862363e+00
1.381241261551042987e+00 2.026939250331170683e+02 1.570796326794862363e+00
2.143119806784126169e+00 2.030153177632850259e+02 1.570796326794862363e+00
1.098025025520572351e+00 2.045220012871916708e+02 1.570796326794862363e+00
1.006082847320473705e+00 2.055947001915911585e+02 1.570796326794862363e+00
1.104412291760056064e+00 2.064820745423179744e+02 1.570796326794862363e+00
1.105211843691989326e+00 2.072962716748732248e+02 1.570796326794862363e+00
9.276230631920436842e-01 2.088303648603916542e+02 1.570796326794862363e+00
2.682832080939215214e+00 2.092385711179382497e+02 1.570796326794862363e+00
9.730460144620133311e-01 2.106978978747192173e+02 1.570796326794862363e+00
9.736664046576148923e-01 2.116843970679513518e+02 1.570796326794862363e+00
1.224348082509570057e+00 2.126134113450246730e+02 1.570796326794862363e+00
1.288078987144843479e+00 2.134877960891683131e+02 1.570796326794862363e+00
5.693671348606774707e-01 2.147117829936194653e+02 1.570796326794862363e+00
3.417766814694247923e+00 2.154584209260680723e+02 1.570796326794862363e+00
7.202523482660393439e-01 2.166343447054165665e+02 1.570796326794862363e+00
9.945728280468399962e-01 2.176208536678893211e+02 1.570796326794862363e+00
1.345809477080646355e+00 2.186879112877491309e+02 1.570796326794862363e+00
1.317684235579887453e+00 2.196233714077367267e+02 1.570796326794862363e+00
6.789388686418338370e-01 2.203008506975378680e+02 1.570796326794862363e+00
3.279909248682203238e+00 2.216843521944650206e+02 1.570796326794862363e+00
1.032499099172845103e+00 2.221818038082425062e+02 1.570796326794862363e+00
1.162724545221280215e+00 2.235628603518016746e+02 1.570796326794862363e+00
1.214273728283304488e+00 2.247606932435982969e+02 1.570796326794862363e+00
1.129238606145647639e+00 2.256744626038237129e+02 1.570796326794862363e+00
8.754627915015585904e-01 2.263462378859215107e+02 1.570796326794862363e+00
2.134734234913257200e+00 2.279144033177593656e+02 1.570796326794862363e+00
1.662006516681765023e+00 2.282373205576044484e+02 1.570796326794862363e+00
1.213089890607693233e+00 2.297440178347910944e+02 1.570796326794862363e+00
1.124521717112074271e+00 2.309155880041552109e+02 1.570796326794862363e+00
1.088050775737314124e+00 2.318047708611749727e+02 1.570796326794862363e+00
9.881249040125539285e-01 2.325322474257022520e+02 1.570796326794862363e+00
1.527783970603902919e+00 2.341295663143476133e+02 1.570796326794862363e+00
2.135346446444038815e+00 2.344397904502667416e+02 1.570796326794862363e+00
1.180827906185462517e+00 2.359684643701012874e+02 1.570796326794862363e+00
1.059868105034235564e+00 2.370861743177377434e+02 1.570796326794862363e+00
1.100859368147712347e+00 2.379673935605042345e+02 1.570796326794862363e+00
1.089121524848139622e+00 2.387455912660055048e+02 1.570796326794862363e+00
1.106404691841671228e+00 2.403132686354228156e+02 1.570796326794862363e+00
2.565532747674547309e+00 2.406719763688507214e+02 1.570796326794862363e+00
1.081153437142116758e+00 2.421777802052415041e+02 1.570796326794862363e+00
1.004304025366513642e+00 2.432153539516356773e+02 1.570796326794862363e+00
1.171435279314850142e+00 2.441136146700498557e+02 1.570796326794862363e+00
1.232199798325747775e+00 2.449505212815475943e+02 1.570796326794862363e+00
7.072739657684702363e-01 2.463570969397114823e+02 1.570796326794862363e+00
3.159453307413261136e+00 2.469008302773043795e+02 1.570796326794862363e+00
8.553139261657753956e-01 2.482701767573966265e+02 1.570796326794862363e+00
9.841504755382944891e-01 2.492185700384150095e+02 1.570796326794862363e+00
1.334742393941837024e+00 2.502017470267666965e+02 1.570796326794862363e+00
1.379105147816700461e+00 2.511167370400501397e+02 1.570796326794862363e+00
5.746966967934363790e-01 2.519383089339783055e+02 1.570796326794862363e+00
3.661992136307592904e+00 2.531179219495944039e+02 1.570796326794862363e+00
7.930216759080361832e-01 2.538197993843352549e+02 1.570796326794862363e+00
1.091616895739495163e+00 2.550660980763986174e+02 1.570796326794862363e+00
1.253864161395588761e+00 2.562458020953329765e+02 1.570796326794862363e+00
1.168865713203085521e+00 2.571728958677419428e+02 1.570796326794862363e+00
7.923930839951143223e-01 2.578365843704470421e+02 1.570796326794862363e+00
2.521895561449933876e+00 2.593564850265519794e+02 1.570796326794862363e+00
1.377248775648181267e+00 2.597239518001055671e+02 1.570796326794862363e+00
1.179664143065220383e+00 2.611912467241077707e+02 1.570796326794862363e+00
1.131636802417824050e+00 2.623708099884640887e+02 1.570796326794862363e+00
1.077689273861695440e+00 2.632669061360663250e+02 1.570796326794862363e+00
9.142175748320003903e-01 2.639873379174550223e+02 1.570796326794862363e+00
1.735341722268109788e+00 2.655790853798460489e+02 1.570796326794862363e+00
1.875901034241752807e+00 2.658901454929076635e+02 1.570796326794862363e+00
1.157898153204552472e+00 2.674020927994656631e+02 1.570796326794862363e+00
1.053322786387603349e+00 2.685273458497791808e+02 1.570796326794862363e+00
1.075414051307536312e+00 2.694099981858165052e+02 1.570796326794862363e+00
1.021134557970595491e+00 2.701846585542573393e+02 1.570796326794862363e+00
1.231464687065439767e+00 2.717723471625421325e+02 1.570796326794862363e+00
2.329646391174961639e+00 2.721088576238511791e+02 1.570796326794862363e+00
1.082407101763526613e+00 2.736137114975146574e+02 1.570796326794862363e+00
9.996821898921895988e-01 2.746658716377122005e+02 1.570796326794862363e+00
1.134614594359766526e+00 2.755588647680382337e+02 1.570796326794862363e+00
1.164610266546483475e+00 2.763865881269840656e+02 1.570796326794862363e+00
8.048611747509026859e-01 2.778671396257274182e+02 1.570796326794862363e+00
2.909686605861722786e+00 2.783346584873468146e+02 1.570796326794862363e+00
9.158953051530268619e-01 2.797570345705368027e+02 1.570796326794862363e+00
9.749888847313505913e-01 2.807191603221949094e+02 1.570796326794862363e+00
1.280157345528228463e+00 2.816733546066787426e+02 1.570796326794862363e+00
1.342980770536206014e+00 2.825690630513674932e+02 1.570796326794862363e+00
5.349556948283280544e-01 2.835948288537676376e+02 1.570796326794862363e+00
3.615515359199309220e+00 2.845525696225025740e+02 1.570796326794862363e+00
6.930879514289094434e-01 2.855029983678608687e+02 1.570796326794862363e+00
1.026462572950595620e+00 2.865988781637581724e+02 1.570796326794862363e+00
1.298705289789606754e+00 2.877334926419988506e+02 1.570796326794862363e+00
1.231979740090549003e+00 2.886691368037238590e+02 1.570796326794862363e+00
7.206806858563112872e-01 2.893386652140356432e+02 1.570796326794862363e+00
2.918521347289657175e+00 2.907900943982350555e+02 1.570796326794862363e+00
1.154937679037497222e+00 2.912243083099716046e+02 1.570796326794862363e+00
1.156377108172139012e+00 2.926444617207293959e+02 1.570796326794862363e+00
1.157174178806082532e+00 2.938328164163846736e+02 1.570796326794862363e+00
1.086723608307488931e+00 2.947377389393344629e+02 1.570796326794862363e+00
8.621347925247210275e-01 2.954442975076263451e+02 1.570796326794862363e+00
1.960445270333093459e+00 2.970201163279976413e+02 1.570796326794862363e+00
1.678913748273610285e+00 2.973413356079137770e+02 1.570796326794862363e+00
1.152758720495494993e+00 2.988392425651794042e+02 1.570796326794862363e+00
1.062271347987824965e+00 2.999786096813428458e+02 1.570796326794862363e+00
1.060721879340911222e+00 3.008635473154507736e+02 1.570796326794862363e+00
9.676780909760130944e-01 3.016279989124628287e+02 1.570796326794862363e+00
1.377320767433034110e+00 3.032248533988969825e+02 1.570796326794862363e+00
2.133606398126379311e+00 3.035467779825789307e+02 1.570796326794862363e+00
1.091453001342693963e+00 3.050513193017577578e+02 1.570796326794862363e+00
1.002362261301844804e+00 3.061213040923123003e+02 1.570796326794862363e+00
1.103753048788253199e+00 3.070093412225254497e+02 1.570796326794862363e+00
1.103813895610806117e+00 3.078256462615556188e+02 1.570796326794862363e+00
9.201287866202431109e-01 3.093583034472110853e+02 1.570796326794862363e+00
2.681872566350931741e+00 3.097690402488779000e+02 1.570796326794862363e+00
9.665229712631597803e-01 3.112251635648738670e+02 1.570796326794862363e+00
9.718800887435088409e-01 3.122094564326438331e+02 1.570796326794862363e+00
1.225969594339982871e+00 3.131404240833882682e+02 1.570796326794862363e+00
1.288351469102111402e+00 3.140165576333304784e+02 1.570796326794862363e+00
5.656242174460471839e-01 3.152325748043678004e+02 1.570796326794862363e+00
3.421671057072495525e+00 3.159885098311448814e+02 1.570796326794862363e+00
7.163089638856274810e-01 3.171548148276120855e+02 1.570796326794862363e+00
9.947645595329346335e-01 3.181450538246726865e+02 1.570796326794862363e+00
1.342964358246207635e+00 3.192157233687170788e+02 1.570796326794862363e+00
1.312444992367226337e+00 3.201514012137546956e+02 1.570796326794862363e+00
6.789117711306413838e-01 3.208299605139467872e+02 1.570796326794862363e+00
3.264361927585960110e+00 3.222151967770850547e+02 1.570796326794862363e+00
1.033398395102322453e+00 3.227114266164001037e+02 1.570796326794862363e+00
1.160246431457765848e+00 3.240929410051994637e+02 1.570796326794862363e+00
1.209835988462473422e+00 3.252900635836837182e+02 1.570796326794862363e+00
1.125620729123787411e+00 3.262034838939446786e+02 1.570796326794862363e+00
8.703765858923980803e-01 3.268784153023917725e+02 1.570796326794862363e+00
2.132333848410136845e+00 3.284458164482390998e+02 1.570796326794862363e+00
1.650491687371539618e+00 3.287698533559261591e+02 1.570796326794862363e+00
1.205462547833801912e+00 3.302742572543489246e+02 1.570796326794862363e+00
1.117683676989298824e+00 3.314429989081713757e+02 1.570796326794862363e+00
1.083830545732520800e+00 3.323318644884511741e+02 1.570796326794862363e+00
9.813213848501745051e-01 3.330632919815142827e+02 1.570796326794862363e+00
1.522375457187422843e+00 3.346607263308450229e+02 1.570796326794862363e+00
2.119364834982179868e+00 3.349717503306629851e+02 1.570796326794862363e+00
1.169741633007563397e+00 3.364971186549305457e+02 1.570796326794862363e+00
1.052308568458818261e+00 3.376099189993425398e+02 1.570796326794862363e+00
1.098763673098667182e+00 3.384915014665152739e+02 1.570796326794862363e+00
1.085907335818528496e+00 3.392741147898992153e+02 1.570796326794862363e+00
1.092034020877204581e+00 3.408405332661828879e+02 1.570796326794862363e+00
2.562115543848100252e+00 3.412022384157467059e+02 1.570796326794862363e+00
1.068744115968189634e+00 3.427034657812741898e+02 1.570796326794862363e+00
9.993004856859334373e-01 3.437353184801131079e+02 1.570796326794862363e+00
1.174637115432950019e+00 3.446361103985809677e+02 1.570796326794862363e+00
1.235114024225875129e+00 3.454771706516237373e+02 1.570796326794862363e+00
6.916170101504790502e-01 3.468715933919538656e+02 1.570796326794862363e+00
3.176932907208312784e+00 3.474296370472573585e+02 1.570796326794862363e+00
8.406021101185422451e-01 3.487855641396446345e+02 1.570796326794862363e+00
9.837056399081971492e-01 3.497332636922582765e+02 1.570796326794862363e+00
1.338713397004049011e+00 3.507231450943188520e+02 1.570796326794862363e+00
1.376244019516057238e+00 3.516410786343850532e+02 1.570796326794862363e+00
5.833472763618351431e-01 3.524420986600266019e+02 1.570796326794862363e+00
3.638841235880536207e+00 3.536469768011649535e+02 1.570796326794862363e+00
8.131034238775730616e-01 3.543224301007350050e+02 1.570796326794862363e+00
1.099494616492993071e+00 3.555856616654311892e+02 1.570796326794862363e+00
1.248478068592157264e+00 3.567686550185136412e+02 1.570796326794862363e+00
1.162669744296119134e+00 3.576943653882867125e+02 1.570796326794862363e+00
8.005712463393532818e-01 3.583588215231852701e+02 1.570796326794862363e+00
2.477079134284411843e+00 3.598850343555772611e+02 1.570796326794862363e+00
1.404927769286343775e+00 3.602465114760829579e+02 1.570796326794862363e+00
1.182143013686151489e+00 3.617183450421227917e+02 1.570796326794862363e+00
1.129248040916787543e+00 3.628966527647879730e+02 1.570796326794862363e+00
1.077490057567219051e+00 3.637918333815048868e+02 1.570796326794862363e+00
9.207810398430053000e-01 3.645137860678320294e+02 1.570796326794862363e+00
1.710558096175621046e+00 3.661067549208463561e+02 1.570796326794862363e+00
1.900399024388746305e+00 3.664172837642475997e+02 1.570796326794862363e+00
1.158630395831691695e+00 3.679306905888958568e+02 1.570796326794862363e+00
1.052639970954459381e+00 3.690543400838038224e+02 1.570796326794862363e+00
1.077562676488972304e+00 3.699368209215906518e+02 1.570796326794862363e+00
1.027776179474914953e+00 3.707125870488826536e+02 1.570796326794862363e+00
1.215117703556837014e+00 3.722985450958433944e+02 1.570796326794862363e+00
2.353840897015460953e+00 3.726373523840500752e+02 1.570796326794862363e+00
1.080972153580080919e+00 3.741419683539951961e+02 1.570796326794862363e+00
9.994347181234108923e-01 3.751918916451140262e+02 1.570796326794862363e+00
1.138656804917784315e+00 3.760856354809087065e+02 1.570796326794862363e+00
1.172093766652993141e+00 3.769148111474617053e+02 1.570796326794862363e+00
7.915895655619930027e-01 3.783875635434006313e+02 1.570796326794862363e+00
2.938007206578385322e+00 3.788634217576458809e+02 1.570796326794862363e+00
9.085039733691637753e-01 3.802802391939644622e+02 1.570796326794862363e+00
9.755961563889573585e-01 3.812399994148423730e+02 1.570796326794862363e+00
1.286873613896262647e+00 3.821975618522980653e+02 1.570796326794862363e+00
1.348301635313564173e+00 3.830957758446973571e+02 1.570796326794862363e+00
5.356576924642272308e-01 3.840963163156934002e+02 1.570796326794862363e+00
3.630588338495287726e+00 3.850811643816778087e+02 1.570796326794862363e+00
6.973887850403579503e-01 3.860012295533491624e+02 1.570796326794862363e+00
1.032040734964863926e+00 3.871142765570564279e+02 1.570796326794862363e+00
1.291263450391383794e+00 3.882557951742979299e+02 1.570796326794862363e+00
1.221371692457817293e+00 3.891907513800740617e+02 1.570796326794862363e+00
7.250574881056384147e-01 3.898612900118491780e+02 1.570796326794862363e+00
2.872702192964459833e+00 3.913197436953897181e+02 1.570796326794862363e+00
1.170303718227490020e+00 3.917473440422806448e+02 1.570796326794862363e+00
1.154339721948332231e+00 3.931713976655129272e+02 1.570796326794862363e+00
1.149590186133488290e+00 3.943577591127710207e+02 1.570796326794862363e+00
1.081610080114275840e+00 3.952615225395480252e+02 1.570796326794862363e+00
8.609714735787904472e-01 3.959725071878771132e+02 1.570796326794862363e+00
1.935834001733099718e+00 3.975494928221626765e+02 1.570796326794862363e+00
1.683231789801999057e+00 3.978704394204277150e+02 1.570796326794862363e+00
1.144969994791326329e+00 3.993672409138567332e+02 1.570796326794862363e+00
1.054901624783205483e+00 4.005021443867604489e+02 1.570796326794862363e+00
1.058367258053088289e+00 4.013867467167876271e+02 1.570796326794862363e+00
9.673395669031596977e-01 4.021555261767786078e+02 1.570796326794862363e+00
1.354709360881518609e+00 4.037520013579056695e+02 1.570796326794862363e+00
2.140519525845632209e+00 4.040759169945075087e+02 1.570796326794862363e+00
1.081046301732641712e+00 4.055774949343332310e+02 1.570796326794862363e+00
9.966692095367094550e-01 4.066416633359881416e+02 1.570796326794862363e+00
1.105989617614051790e+00 4.075311894145834231e+02 1.570796326794862363e+00
1.108267913980395925e+00 4.083517106551490201e+02 1.570796326794862363e+00
8.965036321952363219e-01 4.098774323068782337e+02 1.570796326794862363e+00
2.704546239445251743e+00 4.102972522320937969e+02 1.570796326794862363e+00
9.525012301523713143e-01 4.117457901518127983e+02 1.570796326794862363e+00
9.696215882772822869e-01 4.127245924045350307e+02 1.570796326794862363e+00
1.233817127789976098e+00 4.136606268956508643e+02 1.570796326794862363e+00
1.294945275936612461e+00 4.145411909241942112e+02 1.570796326794862363e+00
5.550432505448625875e-01 4.157273465212675205e+02 1.570796326794862363e+00
3.450739411304882154e+00 4.165161021257205221e+02 1.570796326794862363e+00
7.054334833199458199e-01 4.176487863171341814e+02 1.570796326794862363e+00
9.976092362468311769e-01 4.186529060668470379e+02 1.570796326794862363e+00
1.335828191954834265e+00 4.197354865177359784e+02 1.570796326794862363e+00
1.297644284302395201e+00 4.206718305534394631e+02 1.570796326794862363e+00
6.844666256152280859e-01 4.213488356547961189e+02 1.570796326794862363e+00
3.207758261646216358e+00 4.227449978324643212e+02 1.570796326794862363e+00
1.049055250349267832e+00 4.232314207534568027e+02 1.570796326794862363e+00
1.158139375603369770e+00 4.246188463068031069e+02 1.570796326794862363e+00
1.199377697245843866e+00 4.258146687705935278e+02 1.570796326794862363e+00
1.117280260779796475e+00 4.267267337779698551e+02 1.570796326794862363e+00
8.645737123100136756e-01 4.274084430157202519e+02 1.570796326794862363e+00
2.109402456098571133e+00 4.289761475492383624e+02 1.570796326794862363e+00
1.642869778666186997e+00 4.293008283723039540e+02 1.570796326794862363e+00
1.192157711666292474e+00 4.308023917239526668e+02 1.570796326794862363e+00
1.104459893221917177e+00 4.319651355189195669e+02 1.570796326794862363e+00
1.076667413718019661e+00 4.328531513456979951e+02 1.570796326794862363e+00
9.725958599150799078e-01 4.335923449181476599e+02 1.570796326794862363e+00
1.500809814018089439e+00 4.351899333128531566e+02 1.570796326794862363e+00
2.103927594687712066e+00 4.355028195585147159e+02 1.570796326794862363e+00
1.149745330974195623e+00 4.370226006822131239e+02 1.570796326794862363e+00
1.038719448694418013e+00 4.381256511198077419e+02 1.570796326794862363e+00
1.096667094757145744e+00 4.390081210084999839e+02 1.570796326794862363e+00
1.084094988580835084e+00 4.397990631101549752e+02 1.570796326794862363e+00
1.057952009594046450e+00 4.413612311695593462e+02 1.570796326794862363e+00
2.570336279699375837e+00 4.417306421552188453e+02 1.570796326794862363e+00
1.044886007812859674e+00 4.432226961208679086e+02 1.570796326794862363e+00
9.906812586191450221e-01 4.442431709078277891e+02 1.570796326794862363e+00
1.183225690013255837e+00 4.451495684361383951e+02 1.570796326794862363e+00
1.244195662654203449e+00 4.459988248926647998e+02 1.570796326794862363e+00
6.592579619598774032e-01 4.473633914692194367e+02 1.570796326794862363e+00
3.223096318072649513e+00 4.479555774168819653e+02 1.570796326794862363e+00
8.101222665288058122e-01 4.492799209668319804e+02 1.570796326794862363e+00
9.840067822210588622e-01 4.502285963378502629e+02 1.570796326794862363e+00
1.346211168027185767e+00 4.512336571046225799e+02 1.570796326794862363e+00
1.368856868022337414e+00 4.521572637283192648e+02 1.570796326794862363e+00
6.050487489075383474e-01 4.529170435145395572e+02 1.570796326794862363e+00
3.578288489634897207e+00 4.541738517847555272e+02 1.570796326794862363e+00
8.623212538644876579e-01 4.547957852333148594e+02 1.570796326794862363e+00
1.117829821849234628e+00 4.560938732201188941e+02 1.570796326794862363e+00
1.239826045167719215e+00 4.572829183717815908e+02 1.570796326794862363e+00
1.152769437689168619e+00 4.582056348192248834e+02 1.570796326794862363e+00
8.221587128504026509e-01 4.588700922729304352e+02 1.570796326794862363e+00
2.381723251312895862e+00 4.604100419126015709e+02 1.570796326794862363e+00
1.475077029225430270e+00 4.607583973576487892e+02 1.570796326794862363e+00
1.192650551216598132e+00 4.622413225023447580e+02 1.570796326794862363e+00
1.129126695933729163e+00 4.634184891129061157e+02 1.570796326794862363e+00
1.080875448680461481e+00 4.643119606921671902e+02 1.570796326794862363e+00
9.409608647392840863e-01 4.650344304961264470e+02 1.570796326794862363e+00
1.659508422201635414e+00 4.666297324388367542e+02 1.570796326794862363e+00
1.968361789416790630e+00 4.669389203753189008e+02 1.570796326794862363e+00
1.168200961173722741e+00 4.684578201829993418e+02 1.570796326794862363e+00
1.056939171366297447e+00 4.695812215878510756e+02 1.570796326794862363e+00
1.084803983421300577e+00 4.704632454057316409e+02 1.570796326794862363e+00
1.046096959900743029e+00 4.712383249815821387e+02 1.570796326794862363e+00
1.188542666512755641e+00 4.728202317755732906e+02 1.570796326794862363e+00
2.414179947117335079e+00 4.731631216778943667e+02 1.570796326794862363e+00
1.086140195705538325e+00 4.746699895343602975e+02 1.570796326794862363e+00
1.002962425746089403e+00 4.757187616322570420e+02 1.570796326794862363e+00
1.146750116496709770e+00 4.766128435856635974e+02 1.570796326794862363e+00
1.188043843676304334e+00 4.774424634286942819e+02 1.570796326794862363e+00
7.737695130041299940e-01 4.789021411204135461e+02 1.570796326794862363e+00
2.993752449908056334e+00 4.793907486016927351e+02 1.570796326794862363e+00
9.007352618398086763e-01 4.808005976156914585e+02 1.570796326794862363e+00
9.782252551605329360e-01 4.817574770172571448e+02 1.570796326794862363e+00
1.298525082704100608e+00 4.827192362131767140e+02 1.570796326794862363e+00
1.359093062820070585e+00 4.836207594268308867e+02 1.570796326794862363e+00
5.396327449894459116e-01 4.845802716373061685e+02 1.570796326794862363e+00
3.657544458897436179e+00 4.856082916809808694e+02 1.570796326794862363e+00
7.090131152881783416e-01 4.864792971674324917e+02 1.570796326794862363e+00
1.043250991607667322e+00 4.876209490883143189e+02 1.570796326794862363e+00
1.281739522858935665e+00 4.887727202469406507e+02 1.570796326794862363e+00
1.207295693758698052e+00 4.897063831607623001e+02 1.570796326794862363e+00
7.370059301421416631e-01 4.903756133834529010e+02 1.570796326794862363e+00
2.796544953618611995e+00 4.918478387984972642e+02 1.570796326794862363e+00
1.206884845682859808e+00 4.922620125846796100e+02 1.570796326794862363e+00
1.156614019781230907e+00 4.936949615177898636e+02 1.570796326794862363e+00
1.142136071049416612e+00 4.948792192521967763e+02 1.570796326794862363e+00
1.077529588374906533e+00 4.957811484227777896e+02 1.570796326794862363e+00
8.675565544108867488e-01 4.964961011390162184e+02 1.570796326794862363e+00
1.891737078403981531e+00 4.980763708430181396e+02 1.570796326794862363e+00
1.712176140078424780e+00 4.983952690506641829e+02 1.570796326794862363e+00
1.142017360391134106e+00 4.998936680427488568e+02 1.570796326794862363e+00
1.050147434528865276e+00 5.010244384817032710e+02 1.570796326794862363e+00
1.059337745740337233e+00 5.019085580510676436e+02 1.570796326794862363e+00
9.748628483094843311e-01 5.026807602629406233e+02 1.570796326794862363e+00
1.322974102088355863e+00 5.042761036322652899e+02 1.570796326794862363e+00
2.171642567357837894e+00 5.046027386439238853e+02 1.570796326794862363e+00
1.075360677261623987e+00 5.061031524404864967e+02 1.570796326794862363e+00
9.939343584351860716e-01 5.071622657740842897e+02 1.570796326794862363e+00
1.111498164294579816e+00 5.080531976645542045e+02 1.570796326794862363e+00
1.119107360742038537e+00 5.088771219913921300e+02 1.570796326794862363e+00
8.695211973200654976e-01 5.103926665188751599e+02 1.570796326794862363e+00
2.747449958662896652e+00 5.108243032380893851e+02 1.570796326794862363e+00
9.398639869036085059e-01 5.122651225738571839e+02 1.570796326794862363e+00
9.692382670106932663e-01 5.132385174684031881e+02 1.570796326794862363e+00
1.244870743311912831e+00 5.141799452458189990e+02 1.570796326794862363e+00
1.305919384568817732e+00 5.150650587996027525e+02 1.570796326794862363e+00
5.451727633395613282e-01 5.162120009171700303e+02 1.570796326794862363e+00
3.493122158602136373e+00 5.170427627490126952e+02 1.570796326794862363e+00
6.957932137953307672e-01 5.181317578232888081e+02 1.570796326794862363e+00
1.002847802294507762e+00 5.191556238366825937e+02 1.570796326794862363e+00
1.327000763493522806e+00 5.202524926227958986e+02 1.570796326794862363e+00
1.280212205129980463e+00 5.211892701635118783e+02 1.570796326794862363e+00
6.928377986956798518e-01 5.218637386790353503e+02 1.570796326794862363e+00
3.135934939602251781e+00 5.232742313594281995e+02 1.570796326794862363e+00
1.072542912445597629e+00 5.237473825235033473e+02 1.570796326794862363e+00
1.157027150861464904e+00 5.251430249871235674e+02 1.570796326794862363e+00
1.187721894508203091e+00 5.263372506685598182e+02 1.570796326794862363e+00
1.108286179342961253e+00 5.272475578455843106e+02 1.570796326794862363e+00
8.611339709417746846e-01 5.279364356693076843e+02 1.570796326794862363e+00
2.075494717231984421e+00 5.295055231354344869e+02 1.570796326794862363e+00
1.643966056352286209e+00 5.298299595511311963e+02 1.570796326794862363e+00
1.179540570342641148e+00 5.313295626903030779e+02 1.570796326794862363e+00
1.091366606771525305e+00 5.324858341015570886e+02 1.570796326794862363e+00
1.070435092111440722e+00 5.333729206476484705e+02 1.570796326794862363e+00
9.671697489465186370e-01 5.341198339322082802e+02 1.570796326794862363e+00
1.471509723431454031e+00 5.357174988979236332e+02 1.570796326794862363e+00
2.099769800488043625e+00 5.360325390231128040e+02 1.570796326794862363e+00
1.130912533775501050e+00 5.375472567505617008e+02 1.570796326794862363e+00
1.026308289720957667e+00 5.386404681508134900e+02 1.570796326794862363e+00
1.096407388923187343e+00 5.395241465749102190e+02 1.570796326794862363e+00
1.085848676874430652e+00 5.403230548919906369e+02 1.570796326794862363e+00
1.020050711017210121e+00 5.418791703487117957e+02 1.570796326794862363e+00
2.590199929762276199e+00 5.422581496033246822e+02 1.570796326794862363e+00
1.021401377826456125e+00 5.437405321127937441e+02 1.570796326794862363e+00
9.834154242542169078e-01 5.447498350194404111e+02 1.570796326794862363e+00
1.193724111514226527e+00 5.456625876012330991e+02 1.570796326794862363e+00
1.255408672716032070e+00 5.465199184496474345e+02 1.570796326794862363e+00
6.280844755884396058e-01 5.478485840993171223e+02 1.570796326794862363e+00
3.276431845483297689e+00 5.484810294293067727e+02 1.570796326794862363e+00
7.799031624502679172e-01 5.497677692012792932e+02 1.570796326794862363e+00
9.855402239612393034e-01 5.507216097696338011e+02 1.570796326794862363e+00
1.350827261919387290e+00 5.517437831318126200e+02 1.570796326794862363e+00
1.357747020275467786e+00 5.526722316356741658e+02 1.570796326794862363e+00
6.290990498424517963e-01 5.533972382782667410e+02 1.570796326794862363e+00
3.500030062040644374e+00 5.547008928439278179e+02 1.570796326794862363e+00
9.164046351034524918e-01 5.552757644519718951e+02 1.570796326794862363e+00
1.135708939249411520e+00 5.566050459109086432e+02 1.570796326794862363e+00
1.233092878144097515e+00 5.577986312049566777e+02 1.570796326794862363e+00
1.145579451819742856e+00 5.587184247940659816e+02 1.570796326794862363e+00
8.443933176707645316e-01 5.593828493139659486e+02 1.570796326794862363e+00
2.292805978069911266e+00 5.609347404663078578e+02 1.570796326794862363e+00
1.547647258948683824e+00 5.612718066078899710e+02 1.570796326794862363e+00
1.204874378127117174e+00 5.627653049556920450e+02 1.570796326794862363e+00
1.131540226646944980e+00 5.639421713954791358e+02 1.570796326794862363e+00
1.085953189658522167e+00 5.648342237929450675e+02 1.570796326794862363e+00
9.625681530747681736e-01 5.655559473122418694e+02 1.570796326794862363e+00
1.613633607408875514e+00 5.671526480596361353e+02 1.570796326794862363e+00
2.039256132367342822e+00 5.674610562079444662e+02 1.570796326794862363e+00
1.180477714646820386e+00 5.689859377487722440e+02 1.570796326794862363e+00
1.063359624248052526e+00 5.701105615068626093e+02 1.570796326794862363e+00
1.092426984512538279e+00 5.709921125371271273e+02 1.570796326794862363e+00
1.064538984751999706e+00 5.717652185204105990e+02 1.570796326794862363e+00
1.167811309526330943e+00 5.733429921794087250e+02 1.570796326794862363e+00
2.473129335179404809e+00 5.736894779711550427e+02 1.570796326794862363e+00
1.093809880319283945e+00 5.751993738567041419e+02 1.570796326794862363e+00
1.007569562485844727e+00 5.762484318907427223e+02 1.570796326794862363e+00
1.153770263568626220e+00 5.771423261489738934e+02 1.570796326794862363e+00
1.202415660355376392e+00 5.779713870358418717e+02 1.570796326794862363e+00
7.614090070861908588e-01 5.794202896038310655e+02 1.570796326794862363e+00
3.042433080256253142e+00 5.799188250213010178e+02 1.570796326794862363e+00
8.960255868786420885e-01 5.813237411246865349e+02 1.570796326794862363e+00
9.810004226901725133e-01 5.822787230400830367e+02 1.570796326794862363e+00
1.308184613542532793e+00 5.832433387976631138e+02 1.570796326794862363e+00
1.368359812117490693e+00 5.841472445564556892e+02 1.570796326794862363e+00
5.450932992124272181e-01 5.850736992409229060e+02 1.570796326794862363e+00
3.677315308769035784e+00 5.861362005238296433e+02 1.570796326794862363e+00
7.225626857171256745e-01 5.869676430344135269e+02 1.570796326794862363e+00
1.053924408406161195e+00 5.881330522609613354e+02 1.570796326794862363e+00
1.275706705407492869e+00 5.892923812260437444e+02 1.570796326794862363e+00
1.198034087683754967e+00 5.902248325853951201e+02 1.570796326794862363e+00
7.498999148796745562e-01 5.908915036885866812e+02 1.570796326794862363e+00
2.733574058287960629e+00 5.923759419866296412e+02 1.570796326794862363e+00
1.244690715564437555e+00 5.927780253878553367e+02 1.570796326794862363e+00
1.162197231089747484e+00 5.942196021184223582e+02 1.570796326794862363e+00
1.139494704809849601e+00 5.954029638111090890e+02 1.570796326794862363e+00
1.077149212983390392e+00 5.963034837702125515e+02 1.570796326794862363e+00
8.782506269786076736e-01 5.970195941021648878e+02 1.570796326794862363e+00
1.854701067019482341e+00 5.986030739689904294e+02 1.570796326794862363e+00
1.749418309252301018e+00 5.989195878640665569e+02 1.570796326794862363e+00
1.145901736407418658e+00 6.004213553022040060e+02 1.570796326794862363e+00
1.050917095481163299e+00 6.015509025159706198e+02 1.570796326794862363e+00
1.063010857936496301e+00 6.024346408096807863e+02 1.570796326794862363e+00
9.856490529899192277e-01 6.032073332203934797e+02 1.570796326794862363e+00
1.301558560275226428e+00 6.048013328778789628e+02 1.570796326794862363e+00
2.208133760668813839e+00 6.051298516793336830e+02 1.570796326794862363e+00
1.077676904571365002e+00 6.066315942259052463e+02 1.570796326794862363e+00
9.955558221631460869e-01 6.076893673651396739e+02 1.570796326794862363e+00
1.116770411244544903e+00 6.085806683276834974e+02 1.570796326794862363e+00
1.129645594706065515e+00 6.094052536753089271e+02 1.570796326794862363e+00
8.550184791211028479e-01 6.109136208784067321e+02 1.570796326794862363e+00
2.784467761471627778e+00 6.113525715449097788e+02 1.570796326794862363e+00
9.357208241214199917e-01 6.127901773082134014e+02 1.570796326794862363e+00
9.706741092761851375e-01 6.137611273223512853e+02 1.570796326794862363e+00
1.252688936720222301e+00 6.147050301848490790e+02 1.570796326794862363e+00
1.314993744162096689e+00 6.155922925573249813e+02 1.570796326794862363e+00
5.410403452157899196e-01 6.167136466320480395e+02 1.570796326794862363e+00
3.524687670913842830e+00 6.175709686087129739e+02 1.570796326794862363e+00
6.922261283347236338e-01 6.186318003706242052e+02 1.570796326794862363e+00
1.007401939297153159e+00 6.196692780758035042e+02 1.570796326794862363e+00
1.322228416149921593e+00 6.207746771753609210e+02 1.570796326794862363e+00
1.270553266693377426e+00 6.217115370705121222e+02 1.570796326794862363e+00
7.000985234728394069e-01 6.223831249616512196e+02 1.570796326794862363e+00
3.089758761392593200e+00 6.238038020026652930e+02 1.570796326794862363e+00
1.092140591682206674e+00 6.242671778252200738e+02 1.570796326794862363e+00
1.158570597793304291e+00 6.256691934225190153e+02 1.570796326794862363e+00
1.182317266884635343e+00 6.268627433957150288e+02 1.570796326794862363e+00
1.104378023979399881e+00 6.277719141834367065e+02 1.570796326794862363e+00
8.631141946181478675e-01 6.284637915237675543e+02 1.570796326794862363e+00
2.050155286222816287e+00 6.300347057095245873e+02 1.570796326794862363e+00
1.655757788348246162e+00 6.303579522059136480e+02 1.570796326794862363e+00
1.176168050845958657e+00 6.318580461261566370e+02 1.570796326794862363e+00
1.086726363382264582e+00 6.330115752835267813e+02 1.570796326794862363e+00
1.069124275670722879e+00 6.338981613855180512e+02 1.570796326794862363e+00
9.685959657600384798e-01 6.346479936209648258e+02 1.570796326794862363e+00
1.453251968864881505e+00 6.362455698199468088e+02 1.570796326794862363e+00
2.109814826193614934e+00 6.365617038805894481e+02 1.570796326794862363e+00
1.125110090415825548e+00 6.380751589782898918e+02 1.570796326794862363e+00
1.022468136765575020e+00 6.391645281374750311e+02 1.570796326794862363e+00
1.097863600462561262e+00 6.400487463600996989e+02 1.570796326794862363e+00
1.089780698092252642e+00 6.408505683245978162e+02 1.570796326794862363e+00
1.001757541370093874e+00 6.424028624959200897e+02 1.570796326794862363e+00
2.608634550106641914e+00 6.427869907011661326e+02 1.570796326794862363e+00
1.012517401750244073e+00 6.442654376038918826e+02 1.570796326794862363e+00
9.813685129553423314e-01 6.452701765371140255e+02 1.570796326794862363e+00
1.199600145986022381e+00 6.461857816028093566e+02 1.570796326794862363e+00
1.262342269155378061e+00 6.470464244010862558e+02 1.570796326794862363e+00
6.147712407625468556e-01 6.483561702314236754e+02 1.570796326794862363e+00
3.306235907825241682e+00 6.490092435803870785e+02 1.570796326794862363e+00
7.668339996515954882e-01 6.502767012785270708e+02 1.570796326794862363e+00
9.870484068537546118e-01 6.512345654695586745e+02 1.570796326794862363e+00
1.352359146651275212e+00 6.522650871556711536e+02 1.570796326794862363e+00
1.352077838171993784e+00 6.531954459227594043e+02 1.570796326794862363e+00
6.413329298316712279e-01 6.539057879491049334e+02 1.570796326794862363e+00
3.459168242265679982e+00 6.552299944198155117e+02 1.570796326794862363e+00
9.439355373718623099e-01 6.557844029498668306e+02 1.570796326794862363e+00
1.144459200306512159e+00 6.571274645396938467e+02 1.570796326794862363e+00
1.231014322433826358e+00 6.583228834280092769e+02 1.570796326794862363e+00
1.143414738402755759e+00 6.592413454466144458e+02 1.570796326794862363e+00
8.560091230997002310e-01 6.599053161351375820e+02 1.570796326794862363e+00
2.252097178830755553e+00 6.614625048172952120e+02 1.570796326794862363e+00
1.585019150850434988e+00 6.617945540849456165e+02 1.570796326794862363e+00
1.212283191304466268e+00 6.632933003204088891e+02 1.570796326794862363e+00
1.134373149241165502e+00 6.644706472588209181e+02 1.570796326794862363e+00
1.089464399534930683e+00 6.653621477490713687e+02 1.570796326794862363e+00
9.743768147895185416e-01 6.660825918404150343e+02 1.570796326794862363e+00
1.593554584049884815e+00 6.676796441126407444e+02 1.570796326794862363e+00
2.076701552962370467e+00 6.679877617521049160e+02 1.570796326794862363e+00
1.188671078218612953e+00 6.695161093452986734e+02 1.570796326794862363e+00
1.068128419184379396e+00 6.706424117934418518e+02 1.570796326794862363e+00
1.096528838203572498e+00 6.715237043674046618e+02 1.570796326794862363e+00
1.073982516882331373e+00 6.722948529902552082e+02 1.570796326794862363e+00
1.161318222003778988e+00 6.738707288107605109e+02 1.570796326794862363e+00
2.501888850916355267e+00 6.742184602001135545e+02 1.570796326794862363e+00
1.099898367757902617e+00 6.757306195408253870e+02 1.570796326794862363e+00
1.010843826140986668e+00 6.767810319880370571e+02 1.570796326794862363e+00
1.156457511702783103e+00 6.776743942999269166e+02 1.570796326794862363e+00
1.208498586561904675e+00 6.785023063033205517e+02 1.570796326794862363e+00
7.593380384333313637e-01 6.799481115544280101e+02 1.570796326794862363e+00
3.061484780912130166e+00 6.804489035870382168e+02 1.570796326794862363e+00
8.967171414236930760e-01 6.818536022631805054e+02 1.570796326794862363e+00
9.825054112298885478e-01 6.828083100818669209e+02 1.570796326794862363e+00
1.311464708846400207e+00 6.837730754984709165e+02 1.570796326794862363e+00
1.372428023634204797e+00 6.846773663355899089e+02 1.570796326794862363e+00
5.473050040526035165e-01 6.855938419867172797e+02 1.570796326794862363e+00
3.686054527166210182e+00 6.866662292178855296e+02 1.570796326794862363e+00
7.275416454519231246e-01 6.874860284878906214e+02 1.570796326794862363e+00
1.057892630544635448e+00 6.886585713960024577e+02 1.570796326794862363e+00
1.275104011472170118e+00 6.898200530443835987e+02 1.570796326794862363e+00
1.196475220293858444e+00 6.907521502977206183e+02 1.570796326794862363e+00
7.557610485687938917e-01 6.914168596377472795e+02 1.570796326794862363e+00
2.714101997205177419e+00 6.929057820493322879e+02 1.570796326794862363e+00
1.260692035645721187e+00 6.933033203851323378e+02 1.570796326794862363e+00
1.166287321008388611e+00 6.947484787473740653e+02 1.570796326794862363e+00
1.140800746690301626e+00 6.959321907986904989e+02 1.570796326794862363e+00
1.078709536947508374e+00 6.968323405962858033e+02 1.570796326794862363e+00
8.845871368279452085e-01 6.975475218090332419e+02 1.570796326794862363e+00
1.843069356496979116e+00 6.991322842739285761e+02 1.570796326794862363e+00
1.768533385762175669e+00 6.994476150931543543e+02 1.570796326794862363e+00
1.150954001816821837e+00 7.009516739141463404e+02 1.570796326794862363e+00
1.053953601318708078e+00 7.020822430440820199e+02 1.570796326794862363e+00
1.065691193646711055e+00 7.029658455951110909e+02 1.570796326794862363e+00
9.914634664246949614e-01 7.037372529333741795e+02 1.570796326794862363e+00
1.298152749840796094e+00 7.053307203125812066e+02 1.570796326794862363e+00
2.225019575628171875e+00 7.056594445962106192e+02 1.570796326794862363e+00
1.082686706618325667e+00 7.071630303913965463e+02 1.570796326794862363e+00
9.983212968803518716e-01 7.082221816225286375e+02 1.570796326794862363e+00
1.118546823337689622e+00 7.091130447721835708e+02 1.570796326794862363e+00
1.133483227684140893e+00 7.099364890348226709e+02 1.570796326794862363e+00
8.554861245136448078e-01 7.114439736862661903e+02 1.570796326794862363e+00
2.795486014329930935e+00 7.118831070441347038e+02 1.570796326794862363e+00
9.386119960038370458e-01 7.133220531489477025e+02 1.570796326794862363e+00
9.720349072813609936e-01 7.142934522592821622e+02 1.570796326794862363e+00
1.254005661277995065e+00 7.152367126383487630e+02 1.570796326794862363e+00
1.317793765579414744e+00 7.161235840177043883e+02 1.570796326794862363e+00
5.412510961660016440e-01 7.172426087693752379e+02 1.570796326794862363e+00
3.532950300977476310e+00 7.181016307899527646e+02 1.570796326794862363e+00
6.924620057075073776e-01 7.191606325649199789e+02 1.570796326794862363e+00
1.008507120499955834e+00 7.201990337238604525e+02 1.570796326794862363e+00
1.323322828578620269e+00 7.213049225952892129e+02 1.570796326794862363e+00
1.271312702013958740e+00 7.222418305718232432e+02 1.570796326794862363e+00
7.032235702986865400e-01 7.229110101234413150e+02 1.570796326794862363e+00
3.085260023310008037e+00 7.243343461266309760e+02 1.570796326794862363e+00
1.099225941446392074e+00 7.247948899537180978e+02 1.570796326794862363e+00
1.161677975591298040e+00 7.261991174531671049e+02 1.570796326794862363e+00
1.184280260026016496e+00 7.273932575142763426e+02 1.570796326794862363e+00
1.106051769239283500e+00 7.283023282228433573e+02 1.570796326794862363e+00
8.679307583551627570e-01 7.289926777852336954e+02 1.570796326794862363e+00
2.044414558662278836e+00 7.305647363795122828e+02 1.570796326794862363e+00
1.668938063431981700e+00 7.308867543575378249e+02 1.570796326794862363e+00
1.181271105055845094e+00 7.323888687647436200e+02 1.570796326794862363e+00
1.090412458129135453e+00 7.335438763061475811e+02 1.570796326794862363e+00
1.071714129603024368e+00 7.344304745259865967e+02 1.570796326794862363e+00
9.735669375900296574e-01 7.351783901128815160e+02 1.570796326794862363e+00
1.453419182693674871e+00 7.367758415852803182e+02 1.570796326794862363e+00
2.122868144911676413e+00 7.370916495878708474e+02 1.570796326794862363e+00
1.131341164780804931e+00 7.386071675818864151e+02 1.570796326794862363e+00
1.026238471699023824e+00 7.396989065368005640e+02 1.570796326794862363e+00
1.099204507957499688e+00 7.405827201128221304e+02 1.570796326794862363e+00
1.092397127605375218e+00 7.413825489396667763e+02 1.570796326794862363e+00
1.007033314135402646e+00 7.429352439798991554e+02 1.570796326794862363e+00
2.613996525499058698e+00 7.433180455958358834e+02 1.570796326794862363e+00
1.018401912482802096e+00 7.447989725279520599e+02 1.570796326794862363e+00
9.834788987603123589e-01 7.458058664377122113e+02 1.570796326794862363e+00
1.198746321833407791e+00 7.467200637888454366e+02 1.570796326794862363e+00
1.262612204611921252e+00 7.475790989050640292e+02 1.570796326794862363e+00
6.189515330374250057e-01 7.488937452956798779e+02 1.570796326794862363e+00
3.304215730410651641e+00 7.495408341801451115e+02 1.570796326794862363e+00
7.712823427910442398e-01 7.508143967633326383e+02 1.570796326794862363e+00
9.873032496631624078e-01 7.517708781348338789e+02 1.570796326794862363e+00
1.353396619614226637e+00 7.527986845148496968e+02 1.570796326794862363e+00
1.355425824602438434e+00 7.537285689595724989e+02 1.570796326794862363e+00
6.401260418927446905e-01 7.544399775155679890e+02 1.570796326794862363e+00
3.471254473176879074e+00 7.557611728756222647e+02 1.570796326794862363e+00
9.409248499166581459e-01 7.563181973501700668e+02 1.570796326794862363e+00
1.144790533668780919e+00 7.576596562290319525e+02 1.570796326794862363e+00
1.233442605082843091e+00 7.588551487905551767e+02 1.570796326794862363e+00
1.145515601238447756e+00 7.597738936483676753e+02 1.570796326794862363e+00
8.577502801293432899e-01 7.604361925901307586e+02 1.570796326794862363e+00
2.256404076638589551e+00 7.619934813105678586e+02 1.570796326794862363e+00
1.588033881011242654e+00 7.623252322599209947e+02 1.570796326794862363e+00
1.215630035674544418e+00 7.638247836543858966e+02 1.570796326794862363e+00
1.137792892802730105e+00 7.650034728859671986e+02 1.570796326794862363e+00
1.091583719685435216e+00 7.658951962551733459e+02 1.570796326794862363e+00
9.774800213996874820e-01 7.666135927675862831e+02 1.570796326794862363e+00
1.596995901078906988e+00 7.682106185355255548e+02 1.570796326794862363e+00
2.083591678297265659e+00 7.685183184074423934e+02 1.570796326794862363e+00
1.194144334268857133e+00 7.700482260397088794e+02 1.570796326794862363e+00
1.072142284181873073e+00 7.711770167808613223e+02 1.570796326794862363e+00
1.097787101418911782e+00 7.720582440347890270e+02 1.570796326794862363e+00
1.075729849739474941e+00 7.728270245425951543e+02 1.570796326794862363e+00
1.168962831748228348e+00 7.744033833604466963e+02 1.570796326794862363e+00
2.503815286847471899e+00 7.747497682957753113e+02 1.570796326794862363e+00
1.106372767518644329e+00 7.762641374345611212e+02 1.570796326794862363e+00
1.013809049628419778e+00 7.773177009058869089e+02 1.570796326794862363e+00
1.155025687250569533e+00 7.782099638876132985e+02 1.570796326794862363e+00
1.206913577845389218e+00 7.790355637841115595e+02 1.570796326794862363e+00
7.688954106778834729e-01 7.804867252531656732e+02 1.570796326794862363e+00
3.051961829849585417e+00 7.809810402372470435e+02 1.570796326794862363e+00
9.049308898279260216e-01 7.823916711035303706e+02 1.570796326794862363e+00
9.831122772686919919e-01 7.833480406943383514e+02 1.570796326794862363e+00
1.308119858069856312e+00 7.843095576608844794e+02 1.570796326794862363e+00
1.372140289241186473e+00 7.852118077077240059e+02 1.570796326794862363e+00
5.449292153575630016e-01 7.861432076536289060e+02 1.570796326794862363e+00
3.688643878348051519e+00 7.871984971594066565e+02 1.570796326794862363e+00
7.208349325292632281e-01 7.880371556881420929e+02 1.570796326794862363e+00
1.054108797894926619e+00 7.891983190626565374e+02 1.570796326794862363e+00
1.280385839169875251e+00 7.903564365011973223e+02 1.570796326794862363e+00
1.203005567765489614e+00 7.912892382820608645e+02 1.570796326794862363e+00
7.536485401889337910e-01 7.919522406053174564e+02 1.570796326794862363e+00
2.742437183234991860e+00 7.934376529375855398e+02 1.570796326794862363e+00
1.251476304895153380e+00 7.938384151409213700e+02 1.570796326794862363e+00
1.168406974090494987e+00 7.952818058026181234e+02 1.570796326794862363e+00
1.145931650073078734e+00 7.964671633893042326e+02 1.570796326794862363e+00
1.081934980932303558e+00 7.973680349314703335e+02 1.570796326794862363e+00
8.857255125678259455e-01 7.980801636289221506e+02 1.570796326794862363e+00
1.858411412540383001e+00 7.996643506294716417e+02 1.570796326794862363e+00
1.766679870762222881e+00 7.999795964834099777e+02 1.570796326794862363e+00
1.156745264739144963e+00 8.014846910470578223e+02 1.570796326794862363e+00
1.059065875197548801e+00 8.026184903003817226e+02 1.570796326794862363e+00
1.067126741808903878e+00 8.035022318354855315e+02 1.570796326794862363e+00
9.917062409661783207e-01 8.042705944312299380e+02 1.570796326794862363e+00
1.313425934361429626e+00 8.058645749570750922e+02 1.570796326794862363e+00
2.220271041589791494e+00 8.061916273198347653e+02 1.570796326794862363e+00
1.090289442739231784e+00 8.076975070280886939e+02 1.570796326794862363e+00
1.002221898893508101e+00 8.087608380385528335e+02 1.570796326794862363e+00
1.116630160023096785e+00 8.096504904123997903e+02 1.570796326794862363e+00
1.130143738952192889e+00 8.104709207544630090e+02 1.570796326794862363e+00
8.717028348113327052e-01 8.119842452412566445e+02 1.570796326794862363e+00
2.778700661583265674e+00 8.124160195528016857e+02 1.570796326794862363e+00
9.491013678848398971e-01 8.138611253143748172e+02 1.570796326794862363e+00
9.733621623792124700e-01 8.148361706075129405e+02 1.570796326794862363e+00
1.248270115139942682e+00 8.157755053291192553e+02 1.570796326794862363e+00
1.313783172609577887e+00 8.166592104478779675e+02 1.570796326794862363e+00
5.459877325824146199e-01 8.178012116404783001e+02 1.570796326794862363e+00
3.516169049850455419e+00 8.186349402372005670e+02 1.570796326794862363e+00
6.966150945688003304e-01 8.197209747859109257e+02 1.570796326794862363e+00
1.005756137876469891e+00 8.207462855223342331e+02 1.570796326794862363e+00
1.330881591396373187e+00 8.218438869976168917e+02 1.570796326794862363e+00
1.283478864033733124e+00 8.227808401780106351e+02 1.570796326794862363e+00
7.019854839822767811e-01 8.234477257181325740e+02 1.570796326794862363e+00
3.125987351604903264e+00 8.248659408050762067e+02 1.570796326794862363e+00
1.092889971268249383e+00 8.253307687017863827e+02 1.570796326794862363e+00
1.166657984761034106e+00 8.267329587246388201e+02 1.570796326794862363e+00
1.194318047406342842e+00 8.279290841586093848e+02 1.570796326794862363e+00
1.113834419194253078e+00 8.288391592021331462e+02 1.570796326794862363e+00
8.764294353459000098e-01 8.295228917683969030e+02 1.570796326794862363e+00
2.058314855865238435e+00 8.310955608126770358e+02 1.570796326794862363e+00
1.685485424689997069e+00 8.314160850059129189e+02 1.570796326794862363e+00
1.196225090682287551e+00 8.329221670724898559e+02 1.570796326794862363e+00
1.103761424527084367e+00 8.340833995497002888e+02 1.570796326794862363e+00
1.079009479670881788e+00 8.349706091939070802e+02 1.570796326794862363e+00
9.835156760959125055e-01 8.357109293071116554e+02 1.570796326794862363e+00
1.472540861775708310e+00 8.373082197063097283e+02 1.570796326794862363e+00
2.142479529065535626e+00 8.376221173200153771e+02 1.570796326794862363e+00
1.151893008631487358e+00 8.391436792520498784e+02 1.570796326794862363e+00
1.039314179875919342e+00 8.402450675844962689e+02 1.570796326794862363e+00
1.100914702100958209e+00 8.411275557162180121e+02 1.570796326794862363e+00
1.094410558270281220e+00 8.419194531893421072e+02 1.570796326794862363e+00
1.038965774677895526e+00 8.434769703985151637e+02 1.570796326794862363e+00
2.607035709777073773e+00 8.438514399465832412e+02 1.570796326794862363e+00
1.041848102555552602e+00 8.453421342113264245e+02 1.570796326794862363e+00
9.909787411287698244e-01 8.463593752831160373e+02 1.570796326794862363e+00
1.190280032055190063e+00 8.472674487688291265e+02 1.570796326794862363e+00
1.255159230980286145e+00 8.481189238582505823e+02 1.570796326794862363e+00
6.448847172341456435e-01 8.494651591441207756e+02 1.570796326794862363e+00
3.264887807165259836e+00 8.500763595542664461e+02 1.570796326794862363e+00
7.974030422206356272e-01 8.513843966146918092e+02 1.570796326794862363e+00
9.863478838399508675e-01 8.523347650523644461e+02 1.570796326794862363e+00
1.352178493820536787e+00 8.533471514929008208e+02 1.570796326794862363e+00
1.368058642850931594e+00 8.542733274147558404e+02 1.570796326794862363e+00
6.215664587617466541e-01 8.550078773873166256e+02 1.570796326794862363e+00
3.544409243806522447e+00 8.562950303210650418e+02 1.570796326794862363e+00
8.988451372023773533e-01 8.568853623954754539e+02 1.570796326794862363e+00
1.132965634059096116e+00 8.582046883278219411e+02 1.570796326794862363e+00
1.240197620911322796e+00 8.593974766642780878e+02 1.570796326794862363e+00
1.152064078952267367e+00 8.603184970522968342e+02 1.570796326794862363e+00
8.443718148748636798e-01 8.609788049505941672e+02 1.570796326794862363e+00
2.320149432107046383e+00 8.625288538677589258e+02 1.570796326794862363e+00
1.540962836677642667e+00 8.628671704732934131e+02 1.570796326794862363e+00
1.210513495292158126e+00 8.643606421410180474e+02 1.570796326794862363e+00
1.139216189801282919e+00 8.655406863946903968e+02 1.570796326794862363e+00
1.090156186901445778e+00 8.664335298683735118e+02 1.570796326794862363e+00
9.660564211490894060e-01 8.671505212255747210e+02 1.570796326794862363e+00
1.630272953589140927e+00 8.687470219568689345e+02 1.570796326794862363e+00
2.042646939427883002e+00 8.690544990138276944e+02 1.570796326794862363e+00
1.191284138224324884e+00 8.705820211789779250e+02 1.570796326794862363e+00
1.071792070314560918e+00 8.717122846165823375e+02 1.570796326794862363e+00
1.094240861848017943e+00 8.725937805586772811e+02 1.570796326794862363e+00
1.065580951668233078e+00 8.733616534204877553e+02 1.570796326794862363e+00
1.189723506724694513e+00 8.749412064830765985e+02 1.570796326794862363e+00
2.467683027058032330e+00 8.752839671765087814e+02 1.570796326794862363e+00
1.107850617057952958e+00 8.767985515942219763e+02 1.570796326794862363e+00
1.013924827254979677e+00 8.778550128467019249e+02 1.570796326794862363e+00
1.149407019547241005e+00 8.787463743789130604e+02 1.570796326794862363e+00
1.196414941444301050e+00 8.795700640809574224e+02 1.570796326794862363e+00
7.864354874706658283e-01 8.810329208168835748e+02 1.570796326794862363e+00
3.012264485151993743e+00 8.815149653269819510e+02 1.570796326794862363e+00
9.161664620821791116e-01 8.829342802793208875e+02 1.570796326794862363e+00
9.821684125956667843e-01 8.838938242618272625e+02 1.570796326794862363e+00
1.298568081703911137e+00 8.848504090947767509e+02 1.570796326794862363e+00
1.365640925728500710e+00 8.857490126848338150e+02 1.570796326794862363e+00
5.401086824793890351e-01 8.867166868279231267e+02 1.570796326794862363e+00
3.676259259359486720e+00 8.877327373673215334e+02 1.570796326794862363e+00
7.073472292908913328e-01 8.886158416078452547e+02 1.570796326794862363e+00
1.043967229203924596e+00 8.897505339652327621e+02 1.570796326794862363e+00
1.290043380972866638e+00 8.908999920972012205e+02 1.570796326794862363e+00
1.216269930321642878e+00 8.918341887241696213e+02 1.570796326794862363e+00
7.444084133326475117e-01 8.924964295522365774e+02 1.570796326794862363e+00
2.810571712110088161e+00 8.939711484497070160e+02 1.570796326794862363e+00
1.220898908256693005e+00 8.943821625010845082e+02 1.570796326794862363e+00
1.168163828093503609e+00 8.958188834420969897e+02 1.570796326794862363e+00
1.153823324114642723e+00 8.970066232295487225e+02 1.570796326794862363e+00
1.086437204675539503e+00 8.979091140026343965e+02 1.570796326794862363e+00
8.822304918669949814e-01 8.986166845454456507e+02 1.570796326794862363e+00
1.895720609921080380e+00 9.001986824438977237e+02 1.570796326794862363e+00
1.746857461089332375e+00 9.005149157677161611e+02 1.570796326794862363e+00
1.162361309449321922e+00 9.020197381983073228e+02 1.570796326794862363e+00
1.065474295185580900e+00 9.031582081317056918e+02 1.570796326794862363e+00
1.067583718597535869e+00 9.040423837808320968e+02 1.570796326794862363e+00
9.874075508361936926e-01 9.048065132054495052e+02 1.570796326794862363e+00
1.342931745301904956e+00 9.064016483003130134e+02 1.570796326794862363e+00
2.198297865700680642e+00 9.067258387285646677e+02 1.570796326794862363e+00
1.099173661869355723e+00 9.082340224846890351e+02 1.570796326794862363e+00
1.006856556859804686e+00 9.093034268121274408e+02 1.570796326794862363e+00
1.112150791873313116e+00 9.101914984931875097e+02 1.570796326794862363e+00
1.121405674639162076e+00 9.110076395755845624e+02 1.570796326794862363e+00
8.998021280437520364e-01 9.125310166840528154e+02 1.570796326794862363e+00
2.741293321344768330e+00 9.129506926671155043e+02 1.570796326794862363e+00
9.645446709117118100e-01 9.144046975823165440e+02 1.570796326794862363e+00
9.748195700588104806e-01 9.153859954386791742e+02 1.570796326794862363e+00
1.237300330262120607e+00 9.163193424745930997e+02 1.570796326794862363e+00
1.303868779763328822e+00 9.171978491653990204e+02 1.570796326794862363e+00
5.564429071866232590e-01 9.183804303709928263e+02 1.570796326794862363e+00
3.476559062586754845e+00 9.191702795888592163e+02 1.570796326794862363e+00
7.069268423970384019e-01 9.203024414784485998e+02 1.570796326794862363e+00
1.000691605420160002e+00 9.213068175475284534e+02 1.570796326794862363e+00
1.341210825099200976e+00 9.223892711823888249e+02 1.570796326794862363e+00
1.302880100025602061e+00 9.233258454275578515e+02 1.570796326794862363e+00
6.952773550700545035e-01 9.239930204443795674e+02 1.570796326794862363e+00
3.200050174469104114e+00 9.253984688867367367e+02 1.570796326794862363e+00
1.072649725990836744e+00 9.258747347363211020e+02 1.570796326794862363e+00
1.170213305084606636e+00 9.272701496214289136e+02 1.570796326794862363e+00
1.208210576239593603e+00 9.284683936502593724e+02 1.570796326794862363e+00
1.124640168229716686e+00 9.293802357222717774e+02 1.570796326794862363e+00
8.846378820685739663e-01 9.300549178383488425e+02 1.570796326794862363e+00
2.086899453475639543e+00 9.316273171659482841e+02 1.570796326794862363e+00
1.697252747358499070e+00 9.319467998804583431e+02 1.570796326794862363e+00
1.214547042006071331e+00 9.334569536415724542e+02 1.570796326794862363e+00
1.121681369918758886e+00 9.346264323790163644e+02 1.570796326794862363e+00
1.088527212065261374e+00 9.355147489593888395e+02 1.570796326794862363e+00
9.954551058139439190e-01 9.362444969664338714e+02 1.570796326794862363e+00
1.500898514211639112e+00 9.378416039287039894e+02 1.570796326794862363e+00
2.164060032759042240e+00 9.381529064551922374e+02 1.570796326794862363e+00
1.179212381044143942e+00 9.396821542283337294e+02 1.570796326794862363e+00
1.057753378606509198e+00 9.407969098405001205e+02 1.570796326794862363e+00
1.103457049122564371e+00 9.416781450892704015e+02 1.570796326794862363e+00
1.096637360808873307e+00 9.424586147403680343e+02 1.570796326794862363e+00
1.085089184088039005e+00 9.440223547231908015e+02 1.570796326794862363e+00
2.595071609549079117e+00 9.443859061267539801e+02 1.570796326794862363e+00
1.074660869758023329e+00 9.458893453095827226e+02 1.570796326794862363e+00
1.002556575555893614e+00 9.469222081400496336e+02 1.570796326794862363e+00
1.178027752915923543e+00 9.478224800309402553e+02 1.570796326794862363e+00
1.242390681892537208e+00 9.486626675004024491e+02 1.570796326794862363e+00
6.882661939777513505e-01 9.500516904925932522e+02 1.570796326794862363e+00
3.200563447237740444e+00 9.506142605459648394e+02 1.570796326794862363e+00
8.391945874250474890e-01 9.519677122676384897e+02 1.570796326794862363e+00
9.855044562988169998e-01 9.529152333690042269e+02 1.570796326794862363e+00
1.342987302244733394e+00 9.539061798912547374e+02 1.570796326794862363e+00
1.379853140693122482e+00 9.548249248012513135e+02 1.570796326794862363e+00
5.898845371575053287e-01 9.556126070411155524e+02 1.570796326794862363e+00
3.637600817604403236e+00 9.568314936228607621e+02 1.570796326794862363e+00
8.274218066190841547e-01 9.574913292357587125e+02 1.570796326794862363e+00
1.107204857512369411e+00 9.587649000555232988e+02 1.570796326794862363e+00
1.249796077762866497e+00 9.599501379427605343e+02 1.570796326794862363e+00
1.163077966679979758e+00 9.608751738326351415e+02 1.570796326794862363e+00
8.127471610320846640e-01 9.615360911550091032e+02 1.570796326794862363e+00
2.447629552350932602e+00 9.630684206651394561e+02 1.570796326794862363e+00
1.438883748250067818e+00 9.634236607180887404e+02 1.570796326794862363e+00
1.192762708217327550e+00 9.649016396685381096e+02 1.570796326794862363e+00
1.135727112394806060e+00 9.660818850470482175e+02 1.570796326794862363e+00
1.083191357135917743e+00 9.669767819550637569e+02 1.570796326794862363e+00
9.352867143693652796e-01 9.676950251738403495e+02 1.570796326794862363e+00
1.696099482167531258e+00 9.692891797501990823e+02 1.570796326794862363e+00
1.941875871962395639e+00 9.695981765051461707e+02 1.570796326794862363e+00
1.173109064836116655e+00 9.711169005907833025e+02 1.570796326794862363e+00
1.062175600253416619e+00 9.722450404535281905e+02 1.570796326794862363e+00
1.083465573845324492e+00 9.731272263215860221e+02 1.570796326794862363e+00
1.039315154235047167e+00 9.738983234350954490e+02 1.570796326794862363e+00
1.218451743866864945e+00 9.754832276362692483e+02 1.570796326794862363e+00
2.384340666081803395e+00 9.758214834125614061e+02 1.570796326794862363e+00
1.095463387870878602e+00 9.773312059240500957e+02 1.570796326794862363e+00
1.006795131296603030e+00 9.783864781372008110e+02 1.570796326794862363e+00
1.140077597330540149e+00 9.792783587232613627e+02 1.570796326794862363e+00
1.176708808163752229e+00 9.801034476873015819e+02 1.570796326794862363e+00
8.021048705316184968e-01 9.815792100278804355e+02 1.570796326794862363e+00
2.946631836319803188e+00 9.820497380616450300e+02 1.570796326794862363e+00
9.200783436429037510e-01 9.834735695664228388e+02 1.570796326794862363e+00
9.783282209311917610e-01 9.844356653134919952e+02 1.570796326794862363e+00
1.285904430082794869e+00 9.853893197268073436e+02 1.570796326794862363e+00
1.351798907692565166e+00 9.862851257681948027e+02 1.570796326794862363e+00
5.363486857253081386e-01 9.872951317755710079e+02 1.570796326794862363e+00
3.640151349892724042e+00 9.882677166704208958e+02 1.570796326794862363e+00
6.963642694889722318e-01 9.892008084583295613e+02 1.570796326794862363e+00
1.031801785518167591e+00 9.903065338534195234e+02 1.570796326794862363e+00
1.298187960547363407e+00 9.914451636688257850e+02 1.570796326794862363e+00
1.229416261488952777e+00 9.923805459855483377e+02 1.570796326794862363e+00
7.297906907951916544e-01 9.930457521770376843e+02 1.570796326794862363e+00
2.889184734550400258e+00 9.945052900626269548e+02 1.570796326794862363e+00
1.178316250951141786e+00 9.949312324070754130e+02 1.570796326794862363e+00
1.162851845960930719e+00 9.963575911917050689e+02 1.570796326794862363e+00
1.158953560540570527e+00 9.975466025520764788e+02 1.570796326794862363e+00
1.088773469840634167e+00 9.984508948037567961e+02 1.570796326794862363e+00
8.721027645417067653e-01 9.991558769443655592e+02 1.570796326794862363e+00
1.940749233720726163e+00 1.000734243263410121e+03 1.570796326794862363e+00
1.708807002358835980e+00 1.001053064571431264e+03 1.570796326794862363e+00
1.160856979244803577e+00 1.002554797168518235e+03 1.570796326794862363e+00
1.067162257847943385e+00 1.003695769895408148e+03 1.570796326794862363e+00
1.065051607594697192e+00 1.004580505526586535e+03 1.570796326794862363e+00
9.772455311578903681e-01 1.005342786913082023e+03 1.570796326794862363e+00
1.371145036201194323e+00 1.006939106666283351e+03 1.570796326794862363e+00
2.161228861353812647e+00 1.007261109050256323e+03 1.570796326794862363e+00
1.100045748845234650e+00 1.008768786497745282e+03 1.570796326794862363e+00
1.007244031274312723e+00 1.009841243244616180e+03 1.570796326794862363e+00
1.106759895139043381e+00 1.010728640264843534e+03 1.570796326794862363e+00
1.110171130984708876e+00 1.011542847279436273e+03 1.570796326794862363e+00
9.215412508541902525e-01 1.013074363646146139e+03 1.570796326794862363e+00
2.699667464680127971e+00 1.013485089195744422e+03 1.570796326794862363e+00
9.724077711870067198e-01 1.014943811813161005e+03 1.570796326794862363e+00
