1.156594230148943581e+00 1.157541937527466896e-01 2.356194490192261792e+00
1.144495713430643713e+00 1.699939586681350701e+00 2.356194490192261792e+00
1.874214960621488624e+00 2.131237600907643692e+00 2.356194490192261792e+00
1.187917209799824736e+00 3.651101797052202613e+00 2.356194490192261792e+00
1.001356080535100057e+00 4.467047294965421855e+00 2.356194490192261792e+00
1.060053280713709301e+00 5.694106025708534524e+00 2.356194490192261792e+00
1.350495507434117393e+00 6.320167930585039784e+00 2.356194490192261792e+00
8.093188414526086838e-01 7.810094568162911699e+00 2.356194490192261792e+00
2.222138023947202168e+00 8.349651552281613931e+00 2.356194490192261792e+00
9.996575502305047323e-01 9.807927970343168766e+00 2.356194490192261792e+00
1.154837781229568705e+00 1.057899840713954909e+01 2.356194490192261792e+00
1.008226499521329256e+00 1.180471498164545174e+01 2.356194490192261792e+00
1.632997435412177678e+00 1.251749212266284772e+01 2.356194490192261792e+00
5.620612623843294076e-01 1.364689866983384547e+01 2.356194490192261792e+00
2.640001437031216813e+00 1.454830847561279761e+01 2.356194490192261792e+00
7.081665705324753368e-01 1.566734889757614546e+01 2.356194490192261792e+00
1.335610116025371719e+00 1.661912417354488269e+01 2.356194490192261792e+00
9.169237192652275326e-01 1.776610370224384639e+01 2.356194490192261792e+00
1.683828869004162065e+00 1.868831764036439580e+01 2.356194490192261792e+00
7.663405686937394545e-01 1.929295512157976589e+01 2.356194490192261792e+00
2.423231602163673948e+00 2.074133130405477843e+01 2.356194490192261792e+00
1.043323718352941354e+00 2.126910889080345513e+01 2.356194490192261792e+00
1.409009424942382571e+00 2.268131632122456764e+01 2.356194490192261792e+00
8.735309697897984949e-01 2.370769944096736381e+01 2.356194490192261792e+00
1.374045506370680236e+00 2.482263856220692588e+01 2.356194490192261792e+00
1.002427777734912429e+00 2.536043099740838258e+01 2.356194490192261792e+00
1.687759029891435114e+00 2.694674283588820529e+01 2.356194490192261792e+00
1.525500214146850553e+00 2.735488532727184108e+01 2.356194490192261792e+00
1.375229560130287521e+00 2.888054071458608263e+01 2.356194490192261792e+00
9.117331600894085231e-01 2.981164906136083914e+01 2.356194490192261792e+00
1.217527277718661871e+00 3.099571122197484030e+01 2.356194490192261792e+00
1.153719356603676083e+00 3.155171314055798959e+01 2.356194490192261792e+00
1.264973615750864644e+00 3.314458685464987298e+01 2.356194490192261792e+00
1.851905661802786707e+00 3.356103385729394262e+01 2.356194490192261792e+00
1.288200791439487292e+00 3.510385418825503479e+01 2.356194490192261792e+00
9.712107543500353435e-01 3.595954352096787687e+01 2.356194490192261792e+00
1.121503911735231895e+00 3.717670372517477517e+01 2.356194490192261792e+00
1.301611220844826056e+00 3.776732363894987543e+01 2.356194490192261792e+00
9.503336423176150793e-01 3.930873337257855837e+01 2.356194490192261792e+00
2.134116099787933596e+00 3.978930855353954144e+01 2.356194490192261792e+00
1.132738523473469039e+00 4.130127673986046943e+01 2.356194490192261792e+00
1.080026997727159710e+00 4.208897518137123228e+01 2.356194490192261792e+00
1.049578411098079478e+00 4.332143445837644435e+01 2.356194490192261792e+00
1.525326979758516943e+00 4.397496229404776358e+01 2.356194490192261792e+00
6.497758447121882996e-01 4.531635459259413068e+01 2.356194490192261792e+00
2.496416487882623603e+00 4.600438474019593826e+01 2.356194490192261792e+00
8.428561681568154107e-01 4.734932828187197629e+01 2.356194490192261792e+00
1.281427408258702716e+00 4.815695952085982157e+01 2.356194490192261792e+00
9.770116941417262835e-01 4.934494309876854601e+01 2.356194490192261792e+00
1.772646024349210814e+00 5.015766215123423422e+01 2.356194490192261792e+00
6.444801388170681156e-01 5.089510621880214813e+01 2.356194490192261792e+00
2.695199174421413879e+00 5.218540366964852950e+01 2.356194490192261792e+00
8.378095909952646414e-01 5.286124423578397824e+01 2.356194490192261792e+00
1.392480552287073570e+00 5.415411717019425453e+01 2.356194490192261792e+00
8.682671187800753421e-01 5.522547726813680669e+01 2.356194490192261792e+00
1.463593631166108411e+00 5.629000070514810261e+01 2.356194490192261792e+00
9.189561349037259630e-01 5.683615331806812776e+01 2.356194490192261792e+00
1.924014274823124371e+00 5.839476382482312999e+01 2.356194490192261792e+00
1.346378331005712692e+00 5.882447068204285756e+01 2.356194490192261792e+00
1.381906277087056933e+00 6.032133416921095659e+01 2.356194490192261792e+00
8.897838031225034916e-01 6.128100590014548743e+01 2.356194490192261792e+00
1.251997223774912626e+00 6.244704410849213616e+01 2.356194490192261792e+00
1.084046094016111850e+00 6.299976900462372953e+01 2.356194490192261792e+00
1.402086542785008660e+00 6.459666886901564453e+01 2.356194490192261792e+00
1.713274769179908619e+00 6.500388328109725933e+01 2.356194490192261792e+00
1.305488745898717884e+00 6.653929803777296570e+01 2.356194490192261792e+00
9.433325238672444213e-01 6.741552521842415047e+01 2.356194490192261792e+00
1.137569643123249596e+00 6.862428175812080156e+01 2.356194490192261792e+00
1.230352782309458215e+00 6.920713105570966661e+01 2.356194490192261792e+00
1.052640382547252340e+00 7.077547171403095660e+01 2.356194490192261792e+00
2.007435026599105665e+00 7.122577777014490152e+01 2.356194490192261792e+00
1.177798417257158059e+00 7.274852733542424232e+01 2.356194490192261792e+00
1.034380404018893307e+00 7.355333387109112664e+01 2.356194490192261792e+00
1.061253606635425450e+00 7.478358309044877217e+01 2.356194490192261792e+00
1.430059718096206245e+00 7.541647228485038568e+01 2.356194490192261792e+00
7.385553141156880885e-01 7.685454777104148150e+01 2.356194490192261792e+00
2.350489658353148492e+00 7.744601729990317551e+01 2.356194490192261792e+00
9.456371037696221782e-01 7.887290025833665652e+01 2.356194490192261792e+00
1.209180854673062022e+00 7.964805279800786764e+01 2.356194490192261792e+00
1.001295400320793672e+00 8.086331871408866334e+01 2.356194490192261792e+00
1.714275053179711517e+00 8.160926576005861932e+01 2.356194490192261792e+00
5.637641781661331120e-01 8.257087769150332690e+01 2.356194490192261792e+00
2.723036521104098107e+00 8.363618498182155747e+01 2.356194490192261792e+00
7.030018193689354655e-01 8.456458580185446294e+01 2.356194490192261792e+00
1.354246445924811804e+00 8.565906229541329253e+01 2.356194490192261792e+00
8.821853158177238585e-01 8.677921919594845690e+01 2.356194490192261792e+00
1.580288460759279312e+00 8.776559117090586426e+01 2.356194490192261792e+00
8.112390235232442848e-01 8.834683254819059073e+01 2.356194490192261792e+00
2.225213169100552335e+00 8.984291149705455837e+01 2.356194490192261792e+00
1.130388274740568910e+00 9.032877262250458728e+01 2.356194490192261792e+00
1.378517223251412460e+00 9.177191563719026135e+01 2.356194490192261792e+00
8.664062089135410316e-01 9.276797278499326183e+01 2.356194490192261792e+00
1.298849312967686576e+00 9.390627777587062042e+01 2.356194490192261792e+00
9.961245779322595029e-01 9.446171990452656075e+01 2.356194490192261792e+00
1.581763224673198076e+00 9.605091799277687414e+01 2.356194490192261792e+00
1.534601533486160241e+00 9.645924804507573924e+01 2.356194490192261792e+00
1.306036059446433084e+00 9.797590955384225708e+01 2.356194490192261792e+00
9.118571691011148062e-01 9.887249313472739232e+01 2.356194490192261792e+00
1.147610904536699783e+00 1.000707315086768432e+02 2.356194490192261792e+00
1.143506132511059370e+00 1.006521264831136619e+02 2.356194490192261792e+00
1.166611741651274459e+00 1.022387621498404542e+02 2.356194490192261792e+00
1.849487323344115364e+00 1.026666620627886601e+02 2.356194490192261792e+00
1.192870267787437211e+00 1.041865549131923530e+02 2.356194490192261792e+00
9.943996580256051487e-01 1.050058367772086712e+02 2.356194490192261792e+00
1.061797773739688866e+00 1.062319560017118363e+02 2.356194490192261792e+00
1.334493923804427551e+00 1.068557330994373586e+02 2.356194490192261792e+00
8.272889002853780482e-01 1.083556272184595741e+02 2.356194490192261792e+00
2.195586761430261546e+00 1.088848096845101878e+02 2.356194490192261792e+00
1.012138952467950936e+00 1.103491996806196624e+02 2.356194490192261792e+00
1.143094990087694329e+00 1.111206018690124466e+02 2.356194490192261792e+00
1.010151176892565061e+00 1.123478852479139789e+02 2.356194490192261792e+00
1.614060282153696013e+00 1.130537661264161642e+02 2.356194490192261792e+00
5.678489578424273931e-01 1.142177686386607149e+02 2.356194490192261792e+00
2.616500925011955747e+00 1.150852489699660737e+02 2.356194490192261792e+00
7.190374338478261462e-01 1.162418179054536012e+02 2.356194490192261792e+00
1.330136618381358993e+00 1.171668179257179645e+02 2.356194490192261792e+00
9.248943406130664124e-01 1.183191026319036894e+02 2.356194490192261792e+00
1.702317134213670258e+00 1.192268841315140548e+02 2.356194490192261792e+00
7.529658963185174025e-01 1.198412434899983623e+02 2.356194490192261792e+00
2.464934289617364271e+00 1.212754700503565175e+02 2.356194490192261792e+00
1.019921548092443730e+00 1.218158169037660059e+02 2.356194490192261792e+00
1.411106392596311876e+00 1.232180364479809498e+02 2.356194490192261792e+00
8.738984768302361372e-01 1.242501187596997596e+02 2.356194490192261792e+00
1.387252237085034423e+00 1.253597983927251249e+02 2.356194490192261792e+00
9.987512338769632958e-01 1.258957785661089730e+02 2.356194490192261792e+00
1.711785706786302930e+00 1.274806622169752615e+02 2.356194490192261792e+00
1.515014382567818396e+00 1.278895622084685186e+02 2.356194490192261792e+00
1.383529809491854667e+00 1.294148620691838403e+02 2.356194490192261792e+00
9.110318815725955144e-01 1.303513606986921616e+02 2.356194490192261792e+00
1.227884336297802692e+00 1.315328072316381451e+02 2.356194490192261792e+00
1.152873729909795530e+00 1.320854178713826457e+02 2.356194490192261792e+00
1.281830898252079187e+00 1.336791843458822200e+02 2.356194490192261792e+00
1.847848563075268569e+00 1.340939601911279055e+02 2.356194490192261792e+00
1.301292424426824024e+00 1.356393394258461171e+02 2.356194490192261792e+00
9.678573414050567481e-01 1.365010135337756196e+02 2.356194490192261792e+00
1.130961738816489870e+00 1.377163576913460759e+02 2.356194490192261792e+00
1.296289562268917006e+00 1.383023256992039762e+02 2.356194490192261792e+00
9.701883157041523154e-01 1.398488600999872631e+02 2.356194490192261792e+00
2.123728571345232741e+00 1.403232732272137184e+02 2.356194490192261792e+00
1.150827767755052244e+00 1.418411094019218979e+02 2.356194490192261792e+00
1.070496189368379536e+00 1.426332741519474894e+02 2.356194490192261792e+00
1.056221008491746716e+00 1.438655891566863261e+02 2.356194490192261792e+00
1.509639338230020167e+00 1.445117962307907646e+02 2.356194490192261792e+00
6.685289015042971128e-01 1.458766644604338580e+02 2.356194490192261792e+00
2.473233616483599739e+00 1.465407899436390835e+02 2.356194490192261792e+00
8.682124009129003062e-01 1.479089144108003211e+02 2.356194490192261792e+00
1.268133616543670517e+00 1.487054876125150145e+02 2.356194490192261792e+00
9.845851766232838198e-01 1.499002344140523917e+02 2.356194490192261792e+00
1.770268092876222443e+00 1.506965563549233593e+02 2.356194490192261792e+00
6.222030750549363276e-01 1.514736040554933538e+02 2.356194490192261792e+00
2.719918905511400364e+00 1.527227173685990351e+02 2.356194490192261792e+00
8.000110618260228845e-01 1.534414070110105968e+02 2.356194490192261792e+00
1.383247323057116063e+00 1.546999757831780755e+02 2.356194490192261792e+00
8.669834309461363908e-01 1.557808388972989633e+02 2.356194490192261792e+00
1.480430819573713475e+00 1.568322724939820887e+02 2.356194490192261792e+00
8.923429105700005914e-01 1.573858314186302607e+02 2.356194490192261792e+00
1.981930489324014832e+00 1.589334202677311794e+02 2.356194490192261792e+00
1.293601843114025041e+00 1.593728132355877563e+02 2.356194490192261792e+00
1.373637004091561531e+00 1.608580942033704559e+02 2.356194490192261792e+00
8.818719933078315032e-01 1.618222809053110041e+02 2.356194490192261792e+00
1.252032856107221814e+00 1.629843547402701915e+02 2.356194490192261792e+00
1.057244191622736418e+00 1.635407794144024365e+02 2.356194490192261792e+00
1.434564140112822406e+00 1.651368311120248507e+02 2.356194490192261792e+00
1.662958644011074183e+00 1.655436954714825788e+02 2.356194490192261792e+00
1.293261761717440894e+00 1.670721266746793390e+02 2.356194490192261792e+00
9.357584720606045847e-01 1.679480287476891078e+02 2.356194490192261792e+00
1.129489359549060934e+00 1.691560486935945278e+02 2.356194490192261792e+00
1.206978633394057976e+00 1.697426227630279243e+02 2.356194490192261792e+00
1.065996340653023955e+00 1.713148102214014443e+02 2.356194490192261792e+00
1.967394950131887255e+00 1.717612793228813359e+02 2.356194490192261792e+00
1.167793062753563316e+00 1.732795904414497841e+02 2.356194490192261792e+00
1.028769123234520189e+00 1.740836789401980980e+02 2.356194490192261792e+00
1.054314108120772309e+00 1.753136589996710768e+02 2.356194490192261792e+00
1.412455382832948692e+00 1.759491879480561636e+02 2.356194490192261792e+00
7.444031984224404042e-01 1.773947983101473653e+02 2.356194490192261792e+00
2.322730455814758788e+00 1.779796530632604288e+02 2.356194490192261792e+00
9.467545022268959443e-01 1.794079794152318641e+02 2.356194490192261792e+00
1.201318848967019903e+00 1.801825661958076523e+02 2.356194490192261792e+00
9.990954039339476900e-01 1.813991840192418579e+02 2.356194490192261792e+00
1.699130188228206162e+00 1.821427052657010108e+02 2.356194490192261792e+00
5.598837710771569220e-01 1.831282865733043366e+02 2.356194490192261792e+00
2.708352034711723810e+00 1.841710368999690388e+02 2.356194490192261792e+00
6.980274842404246005e-01 1.851267225224030426e+02 2.356194490192261792e+00
1.349543175333695944e+00 1.862000896491090316e+02 2.356194490192261792e+00
8.847846914842337762e-01 1.873246591246667094e+02 2.356194490192261792e+00
1.591323612183476399e+00 1.883022742831992389e+02 2.356194490192261792e+00
7.994390633982643157e-01 1.888895717363770643e+02 2.356194490192261792e+00
2.255334227816846671e+00 1.903768752902304584e+02 2.356194490192261792e+00
1.108336233395588177e+00 1.908708753922241499e+02 2.356194490192261792e+00
1.377195068922293597e+00 1.923068817615582589e+02 2.356194490192261792e+00
8.641057963700956579e-01 1.933068126477576243e+02 2.356194490192261792e+00
1.303846845600238558e+00 1.944417890621461140e+02 2.356194490192261792e+00
9.863095570682625102e-01 1.949981790454869497e+02 2.356194490192261792e+00
1.601463469514216253e+00 1.965856600023500391e+02 2.356194490192261792e+00
1.514688741321976950e+00 1.969950157440571843e+02 2.356194490192261792e+00
1.304619310444786962e+00 1.985089646810005206e+02 2.356194490192261792e+00
9.084161697183462669e-01 1.994073835360945566e+02 2.356194490192261792e+00
1.147791954696565142e+00 2.006045001568134580e+02 2.356194490192261792e+00
1.133694996264738464e+00 2.011863297406597155e+02 2.356194490192261792e+00
1.178090126225524337e+00 2.027742034322147049e+02 2.356194490192261792e+00
1.831595079392454251e+00 2.032004246997438486e+02 2.356194490192261792e+00
1.191834245756755450e+00 2.047190819599384213e+02 2.356194490192261792e+00
9.906803643811818993e-01 2.055392730806886163e+02 2.356194490192261792e+00
1.060565802282297021e+00 2.067649884090691330e+02 2.356194490192261792e+00
1.324854342059614609e+00 2.073887467009925274e+02 2.356194490192261792e+00
8.348155911669031815e-01 2.088931098510687150e+02 2.356194490192261792e+00
2.179663720416048278e+00 2.094178290737134489e+02 2.356194490192261792e+00
1.015233956512471947e+00 2.108837274361076197e+02 2.356194490192261792e+00
1.137738062743388401e+00 2.116553570263556026e+02 2.356194490192261792e+00
1.009761282499093582e+00 2.128831410220920759e+02 2.356194490192261792e+00
1.603853523205875042e+00 2.135868897378423412e+02 2.356194490192261792e+00
5.706832832620534202e-01 2.147658731756357611e+02 2.356194490192261792e+00
2.603126983452841436e+00 2.156189153618597629e+02 2.356194490192261792e+00
7.242951994763933143e-01 2.167910064523241260e+02 2.356194490192261792e+00
1.326634369432595273e+00 2.177050496863182047e+02 2.356194490192261792e+00
9.277348080546451436e-01 2.188598797167188081e+02 2.356194490192261792e+00
1.707930291642953069e+00 2.197612360736044650e+02 2.356194490192261792e+00
7.441414880643797414e-01 2.203826534430966149e+02 2.356194490192261792e+00
2.483618978957765400e+00 2.218083220833180178e+02 2.356194490192261792e+00
1.004886923689547906e+00 2.223565865824216132e+02 2.356194490192261792e+00
1.408895073556152511e+00 2.237521063677242807e+02 2.356194490192261792e+00
8.725036514723586434e-01 2.247866518744553730e+02 2.356194490192261792e+00
1.390532126055186835e+00 2.258936888707793571e+02 2.356194490192261792e+00
9.910072735208638184e-01 2.264309400875361575e+02 2.356194490192261792e+00
1.726436962057699143e+00 2.280141597365989696e+02 2.356194490192261792e+00
1.499504417710259885e+00 2.284242977002707846e+02 2.356194490192261792e+00
1.380703896383310703e+00 2.299469766695850126e+02 2.356194490192261792e+00
9.087407011378038080e-01 2.308841372402103218e+02 2.356194490192261792e+00
1.226754473567212012e+00 2.320649231837238062e+02 2.356194490192261792e+00
1.145301909153741526e+00 2.326185902492409241e+02 2.356194490192261792e+00
1.289203632905048247e+00 2.342128189963796103e+02 2.356194490192261792e+00
1.834096430716051440e+00 2.346269227606275933e+02 2.356194490192261792e+00
1.297823987150620084e+00 2.361705688157400687e+02 2.356194490192261792e+00
9.660642562133364697e-01 2.370319412152974508e+02 2.356194490192261792e+00
1.128620425879892641e+00 2.382471909165056161e+02 2.356194490192261792e+00
1.290416728878529762e+00 2.388341866830200217e+02 2.356194490192261792e+00
9.730158830785502477e-01 2.403820417050900176e+02 2.356194490192261792e+00
2.113909585786139189e+00 2.408552432657861573e+02 2.356194490192261792e+00
1.148930908613532864e+00 2.423722144350932126e+02 2.356194490192261792e+00
1.069008341090666780e+00 2.431643345102952480e+02 2.356194490192261792e+00
1.054791954225048789e+00 2.443965939722325231e+02 2.356194490192261792e+00
1.505147723128989368e+00 2.450432372127604026e+02 2.356194490192261792e+00
6.701139259675550353e-01 2.464109226610432870e+02 2.356194490192261792e+00
2.466447772135867300e+00 2.470725130142631372e+02 2.356194490192261792e+00
8.698004466431710213e-01 2.484423125416136315e+02 2.356194490192261792e+00
1.265802560771968732e+00 2.492380410891268241e+02 2.356194490192261792e+00
9.845504910177073077e-01 2.504336127675472881e+02 2.356194490192261792e+00
1.767383391607302512e+00 2.512284300586656798e+02 2.356194490192261792e+00
6.185216842662459857e-01 2.520124481684883051e+02 2.356194490192261792e+00
2.720553860170649152e+00 2.532548066820688462e+02 2.356194490192261792e+00
7.937816775989605667e-01 2.539810389150525793e+02 2.356194490192261792e+00
1.380718124435794003e+00 2.552334907469014809e+02 2.356194490192261792e+00
8.662619553554065099e-01 2.563158634261151860e+02 2.356194490192261792e+00
1.481907527302279259e+00 2.573650823453803014e+02 2.356194490192261792e+00
8.858887136283509767e-01 2.579209681431689205e+02 2.356194490192261792e+00
1.992192822804756958e+00 2.594659666346251470e+02 2.356194490192261792e+00
1.281471250459599975e+00 2.599077102377635242e+02 2.356194490192261792e+00
1.369925633156201972e+00 2.613900420584327549e+02 2.356194490192261792e+00
8.796349222512139798e-01 2.623544866944278624e+02 2.356194490192261792e+00
1.249906561702492480e+00 2.635160141081778988e+02 2.356194490192261792e+00
1.049793301840562076e+00 2.640741099913565222e+02 2.356194490192261792e+00
1.440199154867863429e+00 2.656697865300264993e+02 2.356194490192261792e+00
1.649564119113165361e+00 2.660768122036634509e+02 2.356194490192261792e+00
1.287466623485914008e+00 2.676028734695324829e+02 2.356194490192261792e+00
9.339556389812027071e-01 2.684775821446904160e+02 2.356194490192261792e+00
1.125275403247493200e+00 2.696857637641422798e+02 2.356194490192261792e+00
1.200907546010597571e+00 2.702741935270756244e+02 2.356194490192261792e+00
1.066057007888074448e+00 2.718468686680938617e+02 2.356194490192261792e+00
1.957367525881084536e+00 2.722930439950453092e+02 2.356194490192261792e+00
1.161811363017834386e+00 2.738092136877183407e+02 2.356194490192261792e+00
1.028470991120516764e+00 2.746121438924203062e+02 2.356194490192261792e+00
1.050892536460865889e+00 2.758421824325509988e+02 2.356194490192261792e+00
1.409634619030570413e+00 2.764796366229443834e+02 2.356194490192261792e+00
7.421441916461115618e-01 2.779246172880559698e+02 2.356194490192261792e+00
2.318329928674647711e+00 2.785105334535717247e+02 2.356194490192261792e+00
9.426824328502563244e-01 2.799366005134091324e+02 2.356194490192261792e+00
1.201583025134197236e+00 2.807116062725029906e+02 2.356194490192261792e+00
9.972307159177076219e-01 2.819278552062346535e+02 2.356194490192261792e+00
1.697053178578525445e+00 2.826730746891323633e+02 2.356194490192261792e+00
5.595957191845055689e-01 2.836573252179862266e+02 2.356194490192261792e+00
2.705211436218505572e+00 2.847018681669970306e+02 2.356194490192261792e+00
6.978280527878399919e-01 2.856557387411659761e+02 2.356194490192261792e+00
1.348438407147375395e+00 2.867303737527483349e+02 2.356194490192261792e+00
8.836328094625082175e-01 2.878547731562705962e+02 2.356194490192261792e+00
1.588203623689618427e+00 2.888329326459567028e+02 2.356194490192261792e+00
7.967895905154308567e-01 2.894220136891379980e+02 2.356194490192261792e+00
2.254283569505882934e+00 2.909082170314654263e+02 2.356194490192261792e+00
1.104115822707764316e+00 2.914033749623636140e+02 2.356194490192261792e+00
1.373646323494058574e+00 2.928379034745652234e+02 2.356194490192261792e+00
8.624886641352998984e-01 2.938371464315937374e+02 2.356194490192261792e+00
1.300234911107579938e+00 2.949723156457210393e+02 2.356194490192261792e+00
9.811873694931541046e-01 2.955305996178714167e+02 2.356194490192261792e+00
1.602031736434970766e+00 2.971174550381285258e+02 2.356194490192261792e+00
1.506100713196400154e+00 2.975273699296252516e+02 2.356194490192261792e+00
1.298341664099679660e+00 2.990392570092430446e+02 2.356194490192261792e+00
9.070535097522007817e-01 2.999358000384297611e+02 2.356194490192261792e+00
1.142633683372829667e+00 3.011334330230491219e+02 2.356194490192261792e+00
1.129080553978756729e+00 3.017173874086063279e+02 2.356194490192261792e+00
1.174932967802632788e+00 3.033051819384669443e+02 2.356194490192261792e+00
1.824377473384889203e+00 3.037317341811437927e+02 2.356194490192261792e+00
1.184164516998443384e+00 3.052480168257136484e+02 2.356194490192261792e+00
9.911541489615168787e-01 3.060661306180143129e+02 2.356194490192261792e+00
1.056008980988589085e+00 3.072921686341350096e+02 2.356194490192261792e+00
1.323874347050852718e+00 3.079184510592919537e+02 2.356194490192261792e+00
8.288844136208006752e-01 3.094208389367515224e+02 2.356194490192261792e+00
2.178382350511811616e+00 3.099480705578745869e+02 2.356194490192261792e+00
1.007649096864980498e+00 3.114104965254923059e+02 2.356194490192261792e+00
1.140262727850470892e+00 3.121818911255252260e+02 2.356194490192261792e+00
1.006923821722683465e+00 3.134091226162076964e+02 2.356194490192261792e+00
1.605442868941784118e+00 3.141161300369326455e+02 2.356194490192261792e+00
5.681626205663603546e-01 3.152868912798003862e+02 2.356194490192261792e+00
2.604665748960870886e+00 3.161485178010497634e+02 2.356194490192261792e+00
7.202980839663392088e-01 3.173110583914993867e+02 2.356194490192261792e+00
1.326812920172525612e+00 3.182316451835069984e+02 2.356194490192261792e+00
9.247245895072111477e-01 3.193854124488664183e+02 2.356194490192261792e+00
1.700884861500733702e+00 3.202904303436305327e+02 2.356194490192261792e+00
7.443186774729211308e-01 3.209118088342722217e+02 2.356194490192261792e+00
2.473975727398594948e+00 3.223390624202431241e+02 2.356194490192261792e+00
1.005400585945414926e+00 3.228862720095758618e+02 2.356194490192261792e+00
1.405076002792157164e+00 3.242821553635889700e+02 2.356194490192261792e+00
8.706007027995119607e-01 3.253152374340592132e+02 2.356194490192261792e+00
1.384299998497526607e+00 3.264233299866996276e+02 2.356194490192261792e+00
9.852413171132911041e-01 3.269632665403041756e+02 2.356194490192261792e+00
1.724612139478572281e+00 3.285457639776182646e+02 2.356194490192261792e+00
1.490271331191990178e+00 3.289566394329147556e+02 2.356194490192261792e+00
1.371638137862818407e+00 3.304767733196015342e+02 2.356194490192261792e+00
9.066708937099701160e-01 3.314107569493390884e+02 2.356194490192261792e+00
1.217961809815595764e+00 3.325927340892777693e+02 2.356194490192261792e+00
1.137615455883815185e+00 3.331499888421546416e+02 2.356194490192261792e+00
1.284874177630127123e+00 3.347441052747236085e+02 2.356194490192261792e+00
1.822015919842572051e+00 3.351586481373772699e+02 2.356194490192261792e+00
1.284615508846302934e+00 3.366985807308747098e+02 2.356194490192261792e+00
9.664254528746932804e-01 3.375553274909077572e+02 2.356194490192261792e+00
1.119211233325269728e+00 3.387717810641811980e+02 2.356194490192261792e+00
1.287708739805354829e+00 3.393632212290600023e+02 2.356194490192261792e+00
9.617321823524235258e-01 3.409089704434271084e+02 2.356194490192261792e+00
2.110505850606949174e+00 3.413851543616277127e+02 2.356194490192261792e+00
1.133975401784525161e+00 3.428970425737798564e+02 2.356194490192261792e+00
1.074057629566426808e+00 3.436858967396148046e+02 2.356194490192261792e+00
1.048421577726057485e+00 3.449182292855374499e+02 2.356194490192261792e+00
1.511242300238623271e+00 3.455705319376306193e+02 2.356194490192261792e+00
6.582092202953212512e-01 3.469250734050967822e+02 2.356194490192261792e+00
2.475423727259612239e+00 3.476004663362663223e+02 2.356194490192261792e+00
8.534680284545587137e-01 3.489561862695080663e+02 2.356194490192261792e+00
1.272835845899201956e+00 3.497583107034167256e+02 2.356194490192261792e+00
9.791552392910991554e-01 3.509500868020934945e+02 2.356194490192261792e+00
1.766680608032973332e+00 3.517547804976838961e+02 2.356194490192261792e+00
6.293562232594073214e-01 3.525174297937595611e+02 2.356194490192261792e+00
2.705882654367866014e+00 3.537824283142999775e+02 2.356194490192261792e+00
8.122351830138559992e-01 3.544851812119976557e+02 2.356194490192261792e+00
1.383836685694591173e+00 3.557561775279082212e+02 2.356194490192261792e+00
8.655763130911577896e-01 3.568332180797928004e+02 2.356194490192261792e+00
1.469920555600978451e+00 3.578897960581138591e+02 2.356194490192261792e+00
8.962253412092963112e-01 3.584432843701334832e+02 2.356194490192261792e+00
1.961913515915972850e+00 3.599934967738354885e+02 2.356194490192261792e+00
1.303029792043122859e+00 3.604306823082372375e+02 2.356194490192261792e+00
1.369496504322507135e+00 3.619176119867141779e+02 2.356194490192261792e+00
8.821315724933053160e-01 3.628782754160125137e+02 2.356194490192261792e+00
1.245087483728920752e+00 3.640424314415067215e+02 2.356194490192261792e+00
1.058439471283828759e+00 3.646005916687875015e+02 2.356194490192261792e+00
1.422214372430698148e+00 3.661966685063913474e+02 2.356194490192261792e+00
1.667135743395095293e+00 3.666039916411617128e+02 2.356194490192261792e+00
1.286431936976087931e+00 3.681315367132734764e+02 2.356194490192261792e+00
9.373420125296532124e-01 3.690039211974157638e+02 2.356194490192261792e+00
1.123816980429820589e+00 3.702131713967604583e+02 2.356194490192261792e+00
1.209845052716882252e+00 3.708021159589561648e+02 2.356194490192261792e+00
1.053821240090796474e+00 3.723723851782132783e+02 2.356194490192261792e+00
1.973516825963974597e+00 3.728214184870983559e+02 2.356194490192261792e+00
1.158787658873391191e+00 3.743372839719242506e+02 2.356194490192261792e+00
1.033215724487829945e+00 3.751385029751587581e+02 2.356194490192261792e+00
1.050388811668920175e+00 3.763689087349213196e+02 2.356194490192261792e+00
1.420325224094321381e+00 3.770078966584970317e+02 2.356194490192261792e+00
7.322045978029720903e-01 3.784444977521586111e+02 2.356194490192261792e+00
2.335322379562623674e+00 3.790388307352529864e+02 2.356194490192261792e+00
9.336105604791649082e-01 3.804589545857363078e+02 2.356194490192261792e+00
1.209373064975684864e+00 3.812354738044197688e+02 2.356194490192261792e+00
9.956051730263902888e-01 3.824497101946755038e+02 2.356194490192261792e+00
1.706773448368287704e+00 3.832005671712238382e+02 2.356194490192261792e+00
5.627577287367440118e-01 3.841602004073404260e+02 2.356194490192261792e+00
2.712385997510586400e+00 3.852290025244540175e+02 2.356194490192261792e+00
7.022340789780321391e-01 3.861543824281651496e+02 2.356194490192261792e+00
1.350563257483667456e+00 3.872508049787793993e+02 2.356194490192261792e+00
8.790398459316355328e-01 3.883707258100536137e+02 2.356194490192261792e+00
1.572059976237113910e+00 3.893579977148383477e+02 2.356194490192261792e+00
8.025226444257658187e-01 3.899448002681575645e+02 2.356194490192261792e+00
2.224546825870527655e+00 3.914371340426333177e+02 2.356194490192261792e+00
1.116257962599160436e+00 3.919268284029635083e+02 2.356194490192261792e+00
1.367908059328467596e+00 3.933651847210963979e+02 2.356194490192261792e+00
8.615472745896480822e-01 3.943593729720225838e+02 2.356194490192261792e+00
1.288533438641197737e+00 3.954980744946224718e+02 2.356194490192261792e+00
9.806575706364809575e-01 3.960590422807553068e+02 2.356194490192261792e+00
1.584290702533488693e+00 3.976464304116449853e+02 2.356194490192261792e+00
1.508509054218345025e+00 3.980563497624237925e+02 2.356194490192261792e+00
1.287633399663802747e+00 3.995668745863057438e+02 2.356194490192261792e+00
9.078460974237576586e-01 4.004580753824656654e+02 2.356194490192261792e+00
1.132715385780111106e+00 4.016577390038853537e+02 2.356194490192261792e+00
1.129905108954836424e+00 4.022453058117685600e+02 2.356194490192261792e+00
1.157735835277408976e+00 4.038317554949745727e+02 2.356194490192261792e+00
1.828134518420623911e+00 4.042605858472317664e+02 2.356194490192261792e+00
1.170712073555380650e+00 4.057735279983068040e+02 2.356194490192261792e+00
9.957708651961874047e-01 4.065869877536386525e+02 2.356194490192261792e+00
1.048810175378348752e+00 4.078139481342559520e+02 2.356194490192261792e+00
1.331523609691366516e+00 4.084450305977163680e+02 2.356194490192261792e+00
8.106591381828185394e-01 4.099390819014617477e+02 2.356194490192261792e+00
2.191576762453513627e+00 4.104756571220147521e+02 2.356194490192261792e+00
9.905902870846893249e-01 4.119298739942689735e+02 2.356194490192261792e+00
1.150104730782008700e+00 4.127010194315510034e+02 2.356194490192261792e+00
1.002076627797222841e+00 4.139265827374610467e+02 2.356194490192261792e+00
1.617756844470272126e+00 4.146418294474359527e+02 2.356194490192261792e+00
5.617561273583104864e-01 4.157826032527752318e+02 2.356194490192261792e+00
2.619409889866262553e+00 4.166743920945275477e+02 2.356194490192261792e+00
7.092998460567202512e-01 4.178037099125053828e+02 2.356194490192261792e+00
1.329852090310923884e+00 4.187476925122495572e+02 2.356194490192261792e+00
9.162698244395086622e-01 4.198971170336369596e+02 2.356194490192261792e+00
1.681199738129610877e+00 4.208148662843407806e+02 2.356194490192261792e+00
7.513842654495419549e-01 4.214309531082117815e+02 2.356194490192261792e+00
2.438611847060102811e+00 4.228680505755901891e+02 2.356194490192261792e+00
1.018125927663642516e+00 4.234069288366155206e+02 2.356194490192261792e+00
1.398316973528521689e+00 4.248086844530577082e+02 2.356194490192261792e+00
8.676573057345546847e-01 4.258364838960617362e+02 2.356194490192261792e+00
1.368208181664865908e+00 4.269489793628753205e+02 2.356194490192261792e+00
9.792730091414861837e-01 4.274935930154661605e+02 2.356194490192261792e+00
1.708269735230729669e+00 4.290759797978922165e+02 2.356194490192261792e+00
1.483351237333867534e+00 4.294873538459003726e+02 2.356194490192261792e+00
1.354538993140473213e+00 4.310042073820860651e+02 2.356194490192261792e+00
9.043912621764079729e-01 4.319308011528209477e+02 2.356194490192261792e+00
1.200413413346730573e+00 4.331158288619323002e+02 2.356194490192261792e+00
1.128471746780332907e+00 4.336796890716441339e+02 2.356194490192261792e+00
1.268347851693473194e+00 4.352731307170406581e+02 2.356194490192261792e+00
1.809436028267926710e+00 4.356892698790973100e+02 2.356194490192261792e+00
1.259976331786123449e+00 4.372228912609727445e+02 2.356194490192261792e+00
9.691413065185566778e-01 4.380704343487451524e+02 2.356194490192261792e+00
1.102147432945073557e+00 4.392893112943309575e+02 2.356194490192261792e+00
1.288239792688854912e+00 4.398890966340564432e+02 2.356194490192261792e+00
9.352167390245753609e-01 4.414286848804532042e+02 2.356194490192261792e+00
2.113610919349963257e+00 4.419128006525551200e+02 2.356194490192261792e+00
1.104761746001340805e+00 4.434145342438605439e+02 2.356194490192261792e+00
1.086214116369614402e+00 4.441974524784754408e+02 2.356194490192261792e+00
1.037058687616161379e+00 4.454296216722838153e+02 2.356194490192261792e+00
1.528017827549202234e+00 4.460934647823506225e+02 2.356194490192261792e+00
6.339471378237272470e-01 4.474162941667375435e+02 2.356194490192261792e+00
2.499824017115576780e+00 4.481244388829647392e+02 2.356194490192261792e+00
8.198895817009879128e-01 4.494472516737350816e+02 2.356194490192261792e+00
1.287686158585761964e+00 4.502661018468264160e+02 2.356194490192261792e+00
9.679955043920080993e-01 4.514493740769905230e+02 2.356194490192261792e+00
1.763120170134448106e+00 4.522755900877683075e+02 2.356194490192261792e+00
6.558110081268748726e-01 4.529946581333941253e+02 2.356194490192261792e+00
2.668066215883922787e+00 4.543062454585058845e+02 2.356194490192261792e+00
8.568541148856820833e-01 4.549618579708476318e+02 2.356194490192261792e+00
1.392382078752594676e+00 4.562704908817251521e+02 2.356194490192261792e+00
8.664789818593930937e-01 4.573363664239040531e+02 2.356194490192261792e+00
1.448608540200301720e+00 4.584076633146143536e+02 2.356194490192261792e+00
9.231464734667855776e-01 4.589546352653561030e+02 2.356194490192261792e+00
1.897111009924331793e+00 4.605160941404829487e+02 2.356194490192261792e+00
1.357640394013587937e+00 4.609435408068129618e+02 2.356194490192261792e+00
1.374653418250385339e+00 4.624418564040315687e+02 2.356194490192261792e+00
8.898048843070093250e-01 4.633963193030053844e+02 2.356194490192261792e+00
1.241249195739234201e+00 4.645652482309589004e+02 2.356194490192261792e+00
1.084106113275209449e+00 4.651210668240719883e+02 2.356194490192261792e+00
1.385303037022495909e+00 4.667177440309128542e+02 2.356194490192261792e+00
1.716291080300088367e+00 4.671258703079090537e+02 2.356194490192261792e+00
1.293547682490351347e+00 4.686592430579178767e+02 2.356194490192261792e+00
9.454544979605377097e-01 4.695297872827079004e+02 2.356194490192261792e+00
1.127920393514886044e+00 4.707404479090071163e+02 2.356194490192261792e+00
1.233363664464558918e+00 4.713274613354336111e+02 2.356194490192261792e+00
1.034270642349967906e+00 4.728927196739899159e+02 2.356194490192261792e+00
2.014408740840247791e+00 4.733471222373260616e+02 2.356194490192261792e+00
1.162122730714455043e+00 4.748654139804238525e+02 2.356194490192261792e+00
1.041438185362982383e+00 4.756654398711567637e+02 2.356194490192261792e+00
1.054329532845451167e+00 4.768963448309679052e+02 2.356194490192261792e+00
1.441938913372309949e+00 4.775351968562669072e+02 2.356194490192261792e+00
7.192090527573512526e-01 4.789582737336432388e+02 2.356194490192261792e+00
2.369304000835567248e+00 4.795655090733196175e+02 2.356194490192261792e+00
9.235267452928989096e-01 4.809781947964983715e+02 2.356194490192261792e+00
1.222083577726210679e+00 4.817570513195507260e+02 2.356194490192261792e+00
9.951955904187181901e-01 4.829681279904647226e+02 2.356194490192261792e+00
1.725077682726933404e+00 4.837264932502416173e+02 2.356194490192261792e+00
5.705601245328537630e-01 4.846464553657138481e+02 2.356194490192261792e+00
2.725635889934531875e+00 4.857537460245234797e+02 2.356194490192261792e+00
7.138383093213295227e-01 4.866334984920893021e+02 2.356194490192261792e+00
1.356173200362213560e+00 4.877652358212827153e+02 2.356194490192261792e+00
8.738646728859708057e-01 4.888774432763178197e+02 2.356194490192261792e+00
1.549882038432814468e+00 4.898791553337111964e+02 2.356194490192261792e+00
8.174132817984987032e-01 4.904593829521884345e+02 2.356194490192261792e+00
2.174788503406661189e+00 4.919636997214059306e+02 2.356194490192261792e+00
1.145703524189283229e+00 4.924424193239373153e+02 2.356194490192261792e+00
1.364559153591776264e+00 4.938897438500569592e+02 2.356194490192261792e+00
8.632705454600276829e-01 4.948764662239409517e+02 2.356194490192261792e+00
1.275447902162636593e+00 4.960207745235230163e+02 2.356194490192261792e+00
9.897806192303320039e-01 4.965828324578631623e+02 2.356194490192261792e+00
1.552652455108017193e+00 4.981721838328358558e+02 2.356194490192261792e+00
1.529467202826881200e+00 4.985812362362089516e+02 2.356194490192261792e+00
1.280997991373862277e+00 5.000932515422611573e+02 2.356194490192261792e+00
9.120785655798954172e-01 5.009787560315251653e+02 2.356194490192261792e+00
1.125521785227426852e+00 5.021809207264537918e+02 2.356194490192261792e+00
1.140567579103866303e+00 5.027707594533404176e+02 2.356194490192261792e+00
1.133906264145065013e+00 5.043547440570948197e+02 2.356194490192261792e+00
1.849040804555643236e+00 5.047871840526047436e+02 2.356194490192261792e+00
1.161778478011718407e+00 5.062987385452859712e+02 2.356194490192261792e+00
1.003241559955382334e+00 5.071080414193306751e+02 2.356194490192261792e+00
1.045080560404228587e+00 5.083359712961078571e+02 2.356194490192261792e+00
1.347338976643540187e+00 5.089707059921256018e+02 2.356194490192261792e+00
7.901532192942338773e-01 5.104531714923238042e+02 2.356194490192261792e+00
2.217845352455219743e+00 5.110020104825130716e+02 2.356194490192261792e+00
9.746330076236502382e-01 5.124478958176721335e+02 2.356194490192261792e+00
1.162978163861623671e+00 5.132193925796499343e+02 2.356194490192261792e+00
9.989176021857415488e-01 5.144428226869073342e+02 2.356194490192261792e+00
1.636435031880225655e+00 5.151667294479603925e+02 2.356194490192261792e+00
5.568394330305517226e-01 5.162687235849022045e+02 2.356194490192261792e+00
2.641494384441299470e+00 5.171988508009793577e+02 2.356194490192261792e+00
6.997163256785731145e-01 5.182854036152415347e+02 2.356194490192261792e+00
1.334263833624355744e+00 5.192603308259311916e+02 2.356194490192261792e+00
9.067652261017637993e-01 5.204039815704120429e+02 2.356194490192261792e+00
1.657548025241521117e+00 5.213373937956646387e+02 2.356194490192261792e+00
7.618824611889055687e-01 5.219461952859401208e+02 2.356194490192261792e+00
2.393391953942774375e+00 5.233961356797996132e+02 2.356194490192261792e+00
1.037312667886902018e+00 5.239237984951168983e+02 2.356194490192261792e+00
1.391395652044667086e+00 5.253337765852306802e+02 2.356194490192261792e+00
8.652366812726580703e-01 5.263546935040507151e+02 2.356194490192261792e+00
1.349758047861755683e+00 5.274728854189960430e+02 2.356194490192261792e+00
9.763581222417702099e-01 5.280219033742266674e+02 2.356194490192261792e+00
1.684160175852932095e+00 5.296049404260033953e+02 2.356194490192261792e+00
1.482936090040969601e+00 5.300162836779899180e+02 2.356194490192261792e+00
1.337504655093137540e+00 5.315307594360757548e+02 2.356194490192261792e+00
9.034350547739433690e-01 5.324491320753505761e+02 2.356194490192261792e+00
1.182752887584224144e+00 5.336376159990578572e+02 2.356194490192261792e+00
1.123575296499174758e+00 5.342078082071303697e+02 2.356194490192261792e+00
1.246102120797893953e+00 5.358001980243545859e+02 2.356194490192261792e+00
1.804754113371782820e+00 5.362185443527667985e+02 2.356194490192261792e+00
1.236199425952932307e+00 5.377464268706788744e+02 2.356194490192261792e+00
9.735635326464247008e-01 5.385848794560379247e+02 2.356194490192261792e+00
1.086494122452863031e+00 5.398060773378114163e+02 2.356194490192261792e+00
1.293429962883360540e+00 5.404139716117500711e+02 2.356194490192261792e+00
9.058541738406077348e-01 5.419453961623130454e+02 2.356194490192261792e+00
2.124315350714563344e+00 5.424394803272779200e+02 2.356194490192261792e+00
1.075785990742251341e+00 5.439305620151500307e+02 2.356194490192261792e+00
1.100158935365971091e+00 5.447085447158899569e+02 2.356194490192261792e+00
1.026873790272153641e+00 5.459400358366810906e+02 2.356194490192261792e+00
1.547970145226234662e+00 5.466158964185536888e+02 2.356194490192261792e+00
6.110432330997092043e-01 5.479012367190080113e+02 2.356194490192261792e+00
2.528142200406759965e+00 5.486476463332338653e+02 2.356194490192261792e+00
7.871126517940135736e-01 5.499316815188561804e+02 2.356194490192261792e+00
1.301536358042320707e+00 5.507726549306287325e+02 2.356194490192261792e+00
9.563104885056383786e-01 5.519470644310287071e+02 2.356194490192261792e+00
1.753832700913001919e+00 5.527958465707234836e+02 2.356194490192261792e+00
6.845947557695506447e-01 5.534766573055825347e+02 2.356194490192261792e+00
2.619757453936474079e+00 5.548303747064774143e+02 2.356194490192261792e+00
9.049411226946588727e-01 5.554450087341285780e+02 2.356194490192261792e+00
1.401021770690642487e+00 5.567867482259570124e+02 2.356194490192261792e+00
8.690004230270930163e-01 5.578422181735799086e+02 2.356194490192261792e+00
1.430852940656449190e+00 5.589264175322930441e+02 2.356194490192261792e+00
9.508657891656385752e-01 5.594673921554591516e+02 2.356194490192261792e+00
1.836196491052004776e+00 5.610384145225506245e+02 2.356194490192261792e+00
1.413621555898738391e+00 5.614578257074997509e+02 2.356194490192261792e+00
1.382413739727119228e+00 5.629670741587170824e+02 2.356194490192261792e+00
8.980074778767387356e-01 5.639169271537817849e+02 2.356194490192261792e+00
1.241080155322679790e+00 5.650896746268692823e+02 2.356194490192261792e+00
1.111348202153459752e+00 5.656422829194026463e+02 2.356194490192261792e+00
1.352149442124083611e+00 5.672388112573087255e+02 2.356194490192261792e+00
1.767285375682958515e+00 5.676482657365652358e+02 2.356194490192261792e+00
1.304177626604691831e+00 5.691880685482407216e+02 2.356194490192261792e+00
9.530657541406186706e-01 5.700583813991181614e+02 2.356194490192261792e+00
1.134812049124555466e+00 5.712699071135666600e+02 2.356194490192261792e+00
1.256688176560141867e+00 5.718538178493383839e+02 2.356194490192261792e+00
1.019206188610610742e+00 5.734143038058856519e+02 2.356194490192261792e+00
2.054295516798374521e+00 5.738734764282179412e+02 2.356194490192261792e+00
1.168696336137577729e+00 5.753950802080127005e+02 2.356194490192261792e+00
1.048081692203656434e+00 5.761949131804261697e+02 2.356194490192261792e+00
1.059645522497109082e+00 5.774261611120454063e+02 2.356194490192261792e+00
1.461016883958534907e+00 5.780636421791219846e+02 2.356194490192261792e+00
7.103976837602199446e-01 5.794758459397711476e+02 2.356194490192261792e+00
2.399006418220909431e+00 5.800930989547874788e+02 2.356194490192261792e+00
9.171419413122604558e-01 5.815005284118885811e+02 2.356194490192261792e+00
1.232325237708276289e+00 5.822813101590519409e+02 2.356194490192261792e+00
9.956643158563029949e-01 5.834897561839441096e+02 2.356194490192261792e+00
1.740502984532866559e+00 5.842536420231176635e+02 2.356194490192261792e+00
5.790124212287250938e-01 5.851417586437327145e+02 2.356194490192261792e+00
2.735269271757954090e+00 5.862797070421165699e+02 2.356194490192261792e+00
7.271235899844530337e-01 5.871230283516488271e+02 2.356194490192261792e+00
1.362178240025804454e+00 5.882832640474404116e+02 2.356194490192261792e+00
8.713470103901078678e-01 5.893889580013430987e+02 2.356194490192261792e+00
1.534518621038585939e+00 5.904020276570679471e+02 2.356194490192261792e+00
8.332134230555897636e-01 5.909754543385383840e+02 2.356194490192261792e+00
2.133359542005203835e+00 5.924903454941324981e+02 2.356194490192261792e+00
1.176236027606809120e+00 5.929593040912142214e+02 2.356194490192261792e+00
1.365946630192693911e+00 5.944154317221414203e+02 2.356194490192261792e+00
8.668138954152894149e-01 5.953968480528266127e+02 2.356194490192261792e+00
1.269083126888029156e+00 5.965454228402046510e+02 2.356194490192261792e+00
1.003482019489948751e+00 5.971063493616659343e+02 2.356194490192261792e+00
1.526143009326761169e+00 5.986977021531170067e+02 2.356194490192261792e+00
1.557061530535177152e+00 5.991057517985941558e+02 2.356194490192261792e+00
1.282673475471423741e+00 6.006212519357632118e+02 2.356194490192261792e+00
9.171495398004000377e-01 6.015042000983279422e+02 2.356194490192261792e+00
1.125433725490889714e+00 6.027078342687321992e+02 2.356194490192261792e+00
1.154567731557378796e+00 6.032972305049503348e+02 2.356194490192261792e+00
1.118057857361867358e+00 6.048790103588643206e+02 2.356194490192261792e+00
1.874326804396476920e+00 6.053142672732238907e+02 2.356194490192261792e+00
1.162563315543039710e+00 6.068272128727558083e+02 2.356194490192261792e+00
1.008942098960283973e+00 6.076351730075626847e+02 2.356194490192261792e+00
1.046769333771137900e+00 6.088636131190706919e+02 2.356194490192261792e+00
1.361613835017470464e+00 6.094986869579573749e+02 2.356194490192261792e+00
7.793943862110965792e-01 6.109734129662687110e+02 2.356194490192261792e+00
2.241092427964058054e+00 6.115299228787914672e+02 2.356194490192261792e+00
9.687546661220339805e-01 6.129723423286633306e+02 2.356194490192261792e+00
1.171374502172758403e+00 6.137442165221299319e+02 2.356194490192261792e+00
9.990833510958745389e-01 6.149663882835938011e+02 2.356194490192261792e+00
1.650775426783332778e+00 6.156943378543807057e+02 2.356194490192261792e+00
5.556632886063934684e-01 6.167714397621240323e+02 2.356194490192261792e+00
2.658332460159607002e+00 6.177256475386751617e+02 2.356194490192261792e+00
6.962727926367829889e-01 6.187848668223692812e+02 2.356194490192261792e+00
1.337918707254600159e+00 6.197800175094625956e+02 2.356194490192261792e+00
9.017978862735631651e-01 6.209197611279859075e+02 2.356194490192261792e+00
1.644242260887164298e+00 6.218628739869732271e+02 2.356194490192261792e+00
7.707826125731885858e-01 6.224658047146931494e+02 2.356194490192261792e+00
2.364108250008376100e+00 6.239248279792199128e+02 2.356194490192261792e+00
1.053474619569774617e+00 6.244442841608238268e+02 2.356194490192261792e+00
1.389360323714303291e+00 6.258607208689911658e+02 2.356194490192261792e+00
8.651611090311728258e-01 6.268773175712614147e+02 2.356194490192261792e+00
1.340431667858837494e+00 6.279992109375741620e+02 2.356194490192261792e+00
9.794293769993968057e-01 6.285493864022181469e+02 2.356194490192261792e+00
1.666206559467482640e+00 6.301335970815817973e+02 2.356194490192261792e+00
1.491323242371956237e+00 6.305442846758563746e+02 2.356194490192261792e+00
1.331775653413488358e+00 6.320591363137442613e+02 2.356194490192261792e+00
9.045603872549307090e-01 6.329736147202028178e+02 2.356194490192261792e+00
1.176088083942781415e+00 6.341638957837899397e+02 2.356194490192261792e+00
1.126179345650807351e+00 6.347361709892021508e+02 2.356194490192261792e+00
1.232411861072294945e+00 6.363277710157483398e+02 2.356194490192261792e+00
1.811167053555879480e+00 6.367475526458764534e+02 2.356194490192261792e+00
1.228160129268838663e+00 6.382739637110628337e+02 2.356194490192261792e+00
9.768210661873999445e-01 6.391088065411873913e+02 2.356194490192261792e+00
1.081518982997054623e+00 6.403309838684216402e+02 2.356194490192261792e+00
1.299680543017931900e+00 6.409417563510787659e+02 2.356194490192261792e+00
8.918210660337879681e-01 6.424684016137447315e+02 2.356194490192261792e+00
2.135466887330241814e+00 6.429679489729495572e+02 2.356194490192261792e+00
1.064477312242263052e+00 6.444547088613215919e+02 2.356194490192261792e+00
1.107360462372713350e+00 6.452309580799317246e+02 2.356194490192261792e+00
1.023614161231805264e+00 6.464619982802074674e+02 2.356194490192261792e+00
1.559467013159916426e+00 6.471429243867713694e+02 2.356194490192261792e+00
6.015479921702991950e-01 6.484088608804830756e+02 2.356194490192261792e+00
2.544245974266871269e+00 6.491747369333270399e+02 2.356194490192261792e+00
7.730748017791233551e-01 6.504390456909015938e+02 2.356194490192261792e+00
1.307917459703390239e+00 6.512921017342508776e+02 2.356194490192261792e+00
9.511392809396338466e-01 6.524623091727156634e+02 2.356194490192261792e+00
1.748545589958033331e+00 6.533216782953742268e+02 2.356194490192261792e+00
6.991057983474383564e-01 6.539859105496951770e+02 2.356194490192261792e+00
2.594543224045421148e+00 6.553581237389267926e+02 2.356194490192261792e+00
9.291189108485693460e-01 6.559550895492271820e+02 2.356194490192261792e+00
1.405685634498634151e+00 6.573113243108634833e+02 2.356194490192261792e+00
8.709492597210632958e-01 6.583622053654883075e+02 2.356194490192261792e+00
1.424195726554392305e+00 6.594519349614787416e+02 2.356194490192261792e+00
9.652745911821942748e-01 6.599898143341339392e+02 2.356194490192261792e+00
1.808172826193418903e+00 6.615650140896378844e+02 2.356194490192261792e+00
1.442308908906557274e+00 6.619809903087018483e+02 2.356194490192261792e+00
1.388125822708837331e+00 6.634957148771480888e+02 2.356194490192261792e+00
9.023876335779761337e-01 6.644442425919795596e+02 2.356194490192261792e+00
1.243269715192215186e+00 6.656183860467084514e+02 2.356194490192261792e+00
1.126055166992528944e+00 6.661686938523963590e+02 2.356194490192261792e+00
1.337698962826532778e+00 6.677649097270350467e+02 2.356194490192261792e+00
1.794174940981054345e+00 6.681751306524599840e+02 2.356194490192261792e+00
1.312098263681924948e+00 6.697187062512041393e+02 2.356194490192261792e+00
9.565579587994109678e-01 6.705900223155223330e+02 2.356194490192261792e+00
1.140265777884048148e+00 6.718016242775433966e+02 2.356194490192261792e+00
1.268350651827859998e+00 6.723830831478768459e+02 2.356194490192261792e+00
1.014665651194288865e+00 6.739415629111045973e+02 2.356194490192261792e+00
2.073861618579816657e+00 6.744025197383990644e+02 2.356194490192261792e+00
1.174820746336570298e+00 6.759266246310685347e+02 2.356194490192261792e+00
1.050177724939882484e+00 6.767271774131089614e+02 2.356194490192261792e+00
1.063524823006203102e+00 6.779584958240869810e+02 2.356194490192261792e+00
1.468674206038168784e+00 6.785942140366273634e+02 2.356194490192261792e+00
7.091313505404226447e-01 6.800035203901892373e+02 2.356194490192261792e+00
2.410852275503999831e+00 6.806230964190734767e+02 2.356194490192261792e+00
9.174900756631573229e-01 6.820302928095676407e+02 2.356194490192261792e+00
1.235408906157539510e+00 6.828113128467061870e+02 2.356194490192261792e+00
9.968732026195531448e-01 6.840191334029867676e+02 2.356194490192261792e+00
1.746666072185290020e+00 6.847837646653874799e+02 2.356194490192261792e+00
5.820915621021109931e-01 6.856624526208299812e+02 2.356194490192261792e+00
2.739832945950253507e+00 6.868091517175680565e+02 2.356194490192261792e+00
7.319810564318078860e-01 6.876418105276179631e+02 2.356194490192261792e+00
1.364970468573121654e+00 6.888105116761921636e+02 2.356194490192261792e+00
8.714014325979704267e-01 6.899142648448553246e+02 2.356194490192261792e+00
1.531642887803163822e+00 6.909305983285936463e+02 2.356194490192261792e+00
8.402412386134522349e-01 6.915008485502307849e+02 2.356194490192261792e+00
2.120507326591395181e+00 6.930196258996509187e+02 2.356194490192261792e+00
1.189264684114968329e+00 6.934849538513963125e+02 2.356194490192261792e+00
1.369021640966954667e+00 6.949447934090036370e+02 2.356194490192261792e+00
8.690595264658017571e-01 6.959251689682783990e+02 2.356194490192261792e+00
1.269771666038521207e+00 6.970748581385327043e+02 2.356194490192261792e+00
1.011252737555861980e+00 6.976341948070470380e+02 2.356194490192261792e+00
1.517897473449711265e+00 6.992264095479556545e+02 2.356194490192261792e+00
1.571466986037889813e+00 6.996339325668583342e+02 2.356194490192261792e+00
1.287581659249087629e+00 7.011518867180002417e+02 2.356194490192261792e+00
9.194730931053323175e-01 7.020353940600442684e+02 2.356194490192261792e+00
1.128884227608573543e+00 7.032391220230044837e+02 2.356194490192261792e+00
1.161653813604755392e+00 7.038269457474459614e+02 2.356194490192261792e+00
1.115725689491119610e+00 7.054080993130597790e+02 2.356194490192261792e+00
1.886370851789238356e+00 7.058439509243830798e+02 2.356194490192261792e+00
1.167838362310801958e+00 7.073589146109251260e+02 2.356194490192261792e+00
1.010139513107681797e+00 7.081677296028716455e+02 2.356194490192261792e+00
1.050074135446476875e+00 7.093961698908566404e+02 2.356194490192261792e+00
1.366211240722809972e+00 7.100296529484696748e+02 2.356194490192261792e+00
7.799732805765394739e-01 7.115036961120562182e+02 2.356194490192261792e+00
2.248419038281534110e+00 7.120605107469051518e+02 2.356194490192261792e+00
9.717488738221750078e-01 7.135043691156389514e+02 2.356194490192261792e+00
1.172257798446528332e+00 7.142761288301663853e+02 2.356194490192261792e+00
1.000859267896997862e+00 7.154984117267728152e+02 2.356194490192261792e+00
1.654386948200988083e+00 7.162253940095071130e+02 2.356194490192261792e+00
5.560891677677797240e-01 7.173004894372822946e+02 2.356194490192261792e+00
2.663123291357430755e+00 7.182562052710111402e+02 2.356194490192261792e+00
6.965113772578348517e-01 7.193136445654537283e+02 2.356194490192261792e+00
1.339334780776648914e+00 7.203102287036389271e+02 2.356194490192261792e+00
9.022766385364314745e-01 7.214495103393093132e+02 2.356194490192261792e+00
1.645441712071866291e+00 7.223933550852461849e+02 2.356194490192261792e+00
7.743883340639671209e-01 7.229937335799037328e+02 2.356194490192261792e+00
2.361223619914885941e+00 7.244551227337875616e+02 2.356194490192261792e+00
1.059543619679091053e+00 7.249722256351579972e+02 2.356194490192261792e+00
1.392304642290231875e+00 7.263909976865267026e+02 2.356194490192261792e+00
8.667438166942756927e-01 7.274074863148337045e+02 2.356194490192261792e+00
1.342491290723959674e+00 7.285297884553853009e+02 2.356194490192261792e+00
9.851604797288356918e-01 7.290781868489500539e+02 2.356194490192261792e+00
1.662253292525306181e+00 7.306633097339314418e+02 2.356194490192261792e+00
1.501544581130208389e+00 7.310732430017591241e+02 2.356194490192261792e+00
1.337243005304961097e+00 7.325902800928569150e+02 2.356194490192261792e+00
9.063225218428699881e-01 7.335060543485529934e+02 2.356194490192261792e+00
1.180551502326637081e+00 7.346960433054147188e+02 2.356194490192261792e+00
1.132013665881784537e+00 7.352663564714299582e+02 2.356194490192261792e+00
1.232750961888353869e+00 7.368578614284017476e+02 2.356194490192261792e+00
1.820808512189900474e+00 7.372776300673814376e+02 2.356194490192261792e+00
1.235231642964488286e+00 7.388063269640322233e+02 2.356194490192261792e+00
9.771172484702969063e-01 7.396431040853495915e+02 2.356194490192261792e+00
1.086101652565312881e+00 7.408649345058026938e+02 2.356194490192261792e+00
1.302367376397466581e+00 7.414734374026633077e+02 2.356194490192261792e+00
8.960657822587217991e-01 7.430008779510956174e+02 2.356194490192261792e+00
2.139535894355649503e+00 7.434991707029809049e+02 2.356194490192261792e+00
1.071274083021368062e+00 7.449886465830470570e+02 2.356194490192261792e+00
1.105723478526715153e+00 7.457656522872562164e+02 2.356194490192261792e+00
1.026478211656118855e+00 7.469969341219089074e+02 2.356194490192261792e+00
1.558866772439390536e+00 7.476752275113412907e+02 2.356194490192261792e+00
6.046746924206670704e-01 7.489464134464964218e+02 2.356194490192261792e+00
2.543656084671896522e+00 7.497066595254434560e+02 2.356194490192261792e+00
7.777497275593820980e-01 7.509771943880173239e+02 2.356194490192261792e+00
1.307209499940096276e+00 7.518264977317934381e+02 2.356194490192261792e+00
9.534194846731254280e-01 7.529976374661646332e+02 2.356194490192261792e+00
1.752627294731132546e+00 7.538539835633328039e+02 2.356194490192261792e+00
6.975793901785016793e-01 7.545200069389247801e+02 2.356194490192261792e+00
2.601913505266862714e+00 7.558894780164549729e+02 2.356194490192261792e+00
9.265971357374077622e-01 7.564887059898401276e+02 2.356194490192261792e+00
1.407070333442349774e+00 7.578433183863917293e+02 2.356194490192261792e+00
8.718101579225320252e-01 7.588952259305235657e+02 2.356194490192261792e+00
1.427967918443875828e+00 7.599839544219896652e+02 2.356194490192261792e+00
9.671462882225636548e-01 7.605206257597950525e+02 2.356194490192261792e+00
1.811210146028428669e+00 7.620959747939626823e+02 2.356194490192261792e+00
1.444880167314492203e+00 7.625117407206890903e+02 2.356194490192261792e+00
1.392330844891626285e+00 7.640273805941292267e+02 2.356194490192261792e+00
9.033179609691012191e-01 7.649775719639670797e+02 2.356194490192261792e+00
1.247783877720044066e+00 7.661509987666993311e+02 2.356194490192261792e+00
1.129511253634902346e+00 7.666995295571497309e+02 2.356194490192261792e+00
1.340381234059661697e+00 7.682958435941477546e+02 2.356194490192261792e+00
1.799475083385281948e+00 7.687058032637398810e+02 2.356194490192261792e+00
1.318719133735571925e+00 7.702511383263039306e+02 2.356194490192261792e+00
9.564578731475350537e-01 7.711249420031284671e+02 2.356194490192261792e+00
1.145326801983474585e+00 7.723358180709570888e+02 2.356194490192261792e+00
1.269869598658248444e+00 7.729150025054860862e+02 2.356194490192261792e+00
1.020641201918748298e+00 7.744743842414826531e+02 2.356194490192261792e+00
2.075732981372959252e+00 7.749340014204044564e+02 2.356194490192261792e+00
1.182710411569507514e+00 7.764605764332222861e+02 2.356194490192261792e+00
1.047673394252123469e+00 7.772632442341529213e+02 2.356194490192261792e+00
1.067206252671491384e+00 7.784943319424065749e+02 2.356194490192261792e+00
1.465452995446081763e+00 7.791271576487711172e+02 2.356194490192261792e+00
7.164798232677893619e-01 7.805424210873311495e+02 2.356194490192261792e+00
2.405840809338881225e+00 7.811556437262720465e+02 2.356194490192261792e+00
9.268825862982926767e-01 7.825691577004350847e+02 2.356194490192261792e+00
1.230771813895264133e+00 7.833482611154196320e+02 2.356194490192261792e+00
9.997501839628869513e-01 7.845579079389906383e+02 2.356194490192261792e+00
1.744297345040095371e+00 7.853173091953682388e+02 2.356194490192261792e+00
5.782965149368995972e-01 7.862109229309677403e+02 2.356194490192261792e+00
2.742257478545595983e+00 7.873423389433714874e+02 2.356194490192261792e+00
7.255063452568754068e-01 7.881922700945526685e+02 2.356194490192261792e+00
1.364144507588658239e+00 7.893476258801485983e+02 2.356194490192261792e+00
8.738338544128604335e-01 7.904545299931811542e+02 2.356194490192261792e+00
1.542273155133388585e+00 7.914654660238627457e+02 2.356194490192261792e+00
8.373019389651236155e-01 7.920361385956219920e+02 2.356194490192261792e+00
2.139231163450951545e+00 7.935519390276814420e+02 2.356194490192261792e+00
1.182203733711278071e+00 7.940198678246495092e+02 2.356194490192261792e+00
1.373482578421356015e+00 7.954780195839391581e+02 2.356194490192261792e+00
8.696239033603342383e-01 7.964617759736822791e+02 2.356194490192261792e+00
1.277462392475352093e+00 7.976093270880274986e+02 2.356194490192261792e+00
1.012018792267969092e+00 7.981666629802448369e+02 2.356194490192261792e+00
1.529078203291424964e+00 7.997587247769874921e+02 2.356194490192261792e+00
1.570687034629953516e+00 8.001660222493231913e+02 2.356194490192261792e+00
1.295355937921296441e+00 8.016852051028477035e+02 2.356194490192261792e+00
9.187906551245769160e-01 8.025724012677054588e+02 2.356194490192261792e+00
1.135669740251394222e+00 8.037748126387294860e+02 2.356194490192261792e+00
1.161050988880710344e+00 8.043600032409415235e+02 2.356194490192261792e+00
1.127396541567127430e+00 8.059423558411536987e+02 2.356194490192261792e+00
1.883864382410406435e+00 8.063763507066527154e+02 2.356194490192261792e+00
1.177579619720722004e+00 8.078938908101104062e+02 2.356194490192261792e+00
1.006607991154862880e+00 8.087058803109880500e+02 2.356194490192261792e+00
1.054987039167590623e+00 8.099337630226865485e+02 2.356194490192261792e+00
1.360466646254691270e+00 8.105637113501626345e+02 2.356194490192261792e+00
7.924691597090040007e-01 8.120445686529452587e+02 2.356194490192261792e+00
2.238792385821110287e+00 8.125939112613965563e+02 2.356194490192261792e+00
9.843261642224846453e-01 8.140444073130439619e+02 2.356194490192261792e+00
1.165033539765173654e+00 8.148156487452405372e+02 2.356194490192261792e+00
1.004391990957752334e+00 8.160395118859831882e+02 2.356194490192261792e+00
1.646342349009640049e+00 8.167601416227644222e+02 2.356194490192261792e+00
5.580866600696825497e-01 8.178580942489455765e+02 2.356194490192261792e+00
2.655027825493409210e+00 8.187908355574414827e+02 2.356194490192261792e+00
7.005127620996663973e-01 8.198744730296460830e+02 2.356194490192261792e+00
1.338319227615065055e+00 8.208518800201139811e+02 2.356194490192261792e+00
9.086387109502280790e-01 8.219943910269801108e+02 2.356194490192261792e+00
1.662584289619155609e+00 8.229292568017514213e+02 2.356194490192261792e+00
7.723836911026692453e-01 8.235303166073163084e+02 2.356194490192261792e+00
2.387007757238518657e+00 8.249871344043320960e+02 2.356194490192261792e+00
1.054854040288599526e+00 8.255078633466105202e+02 2.356194490192261792e+00
1.400788383504898427e+00 8.269247792725407180e+02 2.356194490192261792e+00
8.702141566762744418e-01 8.279456210450147182e+02 2.356194490192261792e+00
1.356943185973067623e+00 8.290648678538079821e+02 2.356194490192261792e+00
9.945050333253698804e-01 8.296080736106756603e+02 2.356194490192261792e+00
1.672376569745147590e+00 8.311939917474898039e+02 2.356194490192261792e+00
1.515172869722440030e+00 8.316029126303901648e+02 2.356194490192261792e+00
1.355567059181261635e+00 8.331244101223746839e+02 2.356194490192261792e+00
9.090870423329531214e-01 8.340472934331579609e+02 2.356194490192261792e+00
1.197877236978448501e+00 8.352346432397898752e+02 2.356194490192261792e+00
1.142708784692198609e+00 8.357982030795648143e+02 2.356194490192261792e+00
1.247572470208442530e+00 8.373903354361367519e+02 2.356194490192261792e+00
1.836315066023774145e+00 8.378085626186776835e+02 2.356194490192261792e+00
1.260161449979662063e+00 8.393440482103716249e+02 2.356194490192261792e+00
9.743761899920099223e-01 8.401894088511826340e+02 2.356194490192261792e+00
1.102352551515981549e+00 8.414092338589587143e+02 2.356194490192261792e+00
1.302099984131006138e+00 8.420093760035539390e+02 2.356194490192261792e+00
9.210033098835612719e-01 8.435435462753024467e+02 2.356194490192261792e+00
2.137275101992869519e+00 8.440333420116751313e+02 2.356194490192261792e+00
1.099597074575832112e+00 8.455335603975140657e+02 2.356194490192261792e+00
1.093968404351511658e+00 8.463148443342452083e+02 2.356194490192261792e+00
1.036919545072336746e+00 8.475469450388922041e+02 2.356194490192261792e+00
1.544243315247271653e+00 8.482136760173839320e+02 2.356194490192261792e+00
6.236956492994448764e-01 8.495178775256810013e+02 2.356194490192261792e+00
2.523478760405026833e+00 8.502441795090360301e+02 2.356194490192261792e+00
8.057610638733863073e-01 8.515501092297771493e+02 2.356194490192261792e+00
1.297157129749774596e+00 8.523785761723910355e+02 2.356194490192261792e+00
9.643187649001763173e-01 8.535569619304163780e+02 2.356194490192261792e+00
1.765418897271725740e+00 8.543939844224643139e+02 2.356194490192261792e+00
6.753885402892281231e-01 8.550867146380375061e+02 2.356194490192261792e+00
2.646830522715170719e+00 8.564254913050923506e+02 2.356194490192261792e+00
8.896700919237104932e-01 8.570535536385675641e+02 2.356194490192261792e+00
1.402584068486726121e+00 8.583849232432831968e+02 2.356194490192261792e+00
8.706415602303364532e-01 8.594447434322004256e+02 2.356194490192261792e+00
1.443322221098630509e+00 8.605240942958450887e+02 2.356194490192261792e+00
9.501080182910153216e-01 8.610632050526733110e+02 2.356194490192261792e+00
1.855122971477614069e+00 8.626329337613482267e+02 2.356194490192261792e+00
1.409146258350390424e+00 8.630532066462034209e+02 2.356194490192261792e+00
1.390897994296775186e+00 8.645626195437679371e+02 2.356194490192261792e+00
8.988316752314282621e-01 8.655171904195054822e+02 2.356194490192261792e+00
1.251828852463134689e+00 8.666875602033119321e+02 2.356194490192261792e+00
1.114652627553404329e+00 8.672365304029207209e+02 2.356194490192261792e+00
1.364628200165399985e+00 8.688334170440572279e+02 2.356194490192261792e+00
1.770667523399658494e+00 8.692419440049164905e+02 2.356194490192261792e+00
1.317990126258177908e+00 8.707847720053512148e+02 2.356194490192261792e+00
9.516557924998549911e-01 8.716609931410243917e+02 2.356194490192261792e+00
1.145668998867105159e+00 8.728706507274155229e+02 2.356194490192261792e+00
1.256378892672089354e+00 8.734497497315710461e+02 2.356194490192261792e+00
1.036126490796650090e+00 8.750131131568329010e+02 2.356194490192261792e+00
2.052002604970776023e+00 8.754683775757451940e+02 2.356194490192261792e+00
1.186286341391336707e+00 8.769952304015176878e+02 2.356194490192261792e+00
1.041201859685119580e+00 8.778001467476321977e+02 2.356194490192261792e+00
1.067602907426215664e+00 8.790307594103779820e+02 2.356194490192261792e+00
1.450439533278303550e+00 8.796616524474371772e+02 2.356194490192261792e+00
7.295540559025819327e-01 8.810892829855768014e+02 2.356194490192261792e+00
2.382433122375466006e+00 8.816902706223376072e+02 2.356194490192261792e+00
9.404281197323716146e-01 8.831130566555932546e+02 2.356194490192261792e+00
1.219624873071363469e+00 8.838894701751933098e+02 2.356194490192261792e+00
1.002393023788678228e+00 8.851024678383413402e+02 2.356194490192261792e+00
1.731682246963893501e+00 8.858532551759998341e+02 2.356194490192261792e+00
5.701088320430410805e-01 8.867823096914877397e+02 2.356194490192261792e+00
2.737240895327123003e+00 8.878787409340484373e+02 2.356194490192261792e+00
7.122599668175038090e-01 8.887696736020013759e+02 2.356194490192261792e+00
1.359851805056078833e+00 8.898932214470027020e+02 2.356194490192261792e+00
8.785042514241010458e-01 8.910071985583443848e+02 2.356194490192261792e+00
1.563640796276513534e+00 8.920053691956932198e+02 2.356194490192261792e+00
8.255588860085786296e-01 8.925801301881034533e+02 2.356194490192261792e+00
2.183999113828239746e+00 8.940867182072593096e+02 2.356194490192261792e+00
1.157972217501620493e+00 8.945629353123387091e+02 2.356194490192261792e+00
1.378303296691651747e+00 8.960144297647286749e+02 2.356194490192261792e+00
8.687818518503600540e-01 8.970049885901546531e+02 2.356194490192261792e+00
1.290506878465599083e+00 8.981477020353885337e+02 2.356194490192261792e+00
1.006642532325285000e+00 8.987029601601615241e+02 2.356194490192261792e+00
1.555992497909564065e+00 9.002939230751388777e+02 2.356194490192261792e+00
1.556809117027825540e+00 9.007013889913918092e+02 2.356194490192261792e+00
1.304565829220504680e+00 9.022204903086064860e+02 2.356194490192261792e+00
9.158056048152747319e-01 9.031136536285039256e+02 2.356194490192261792e+00
1.144721769140442769e+00 9.043136252231537355e+02 2.356194490192261792e+00
1.154280124032061039e+00 9.048956070654768382e+02 2.356194490192261792e+00
1.149682137383135405e+00 9.064803639213838551e+02 2.356194490192261792e+00
1.869679505197167302e+00 9.069108524120040329e+02 2.356194490192261792e+00
1.189961305298309791e+00 9.084310316552470113e+02 2.356194490192261792e+00
9.997442522556398981e-01 9.092479551761294942e+02 2.356194490192261792e+00
1.060975877213736096e+00 9.104747759272910343e+02 2.356194490192261792e+00
1.347065257399993721e+00 9.111000153915247211e+02 2.356194490192261792e+00
8.139562126179624713e-01 9.125924571431352206e+02 2.356194490192261792e+00
2.216429079611589081e+00 9.131293495456677647e+02 2.356194490192261792e+00
1.003381479042191105e+00 9.145894677797452914e+02 2.356194490192261792e+00
1.151914727626094148e+00 9.153605821140903345e+02 2.356194490192261792e+00
1.009004252960846060e+00 9.165867473201589064e+02 2.356194490192261792e+00
1.628681705814523095e+00 9.172975602296008901e+02 2.356194490192261792e+00
5.634088014178831871e-01 9.184357685990140681e+02 2.356194490192261792e+00
2.634832180791683243e+00 9.193284829419679909e+02 2.356194490192261792e+00
7.107171852394057465e-01 9.204572448664457625e+02 2.356194490192261792e+00
1.334508494091948716e+00 9.214020443060297794e+02 2.356194490192261792e+00
9.190960103536911507e-01 9.225503167210614492e+02 2.356194490192261792e+00
1.689121833024669339e+00 9.234689138901262595e+02 2.356194490192261792e+00
7.637308262524553637e-01 9.240753205718402796e+02 2.356194490192261792e+00
2.433629658221160064e+00 9.255206936775582562e+02 2.356194490192261792e+00
1.038643835692995232e+00 9.260510712054449414e+02 2.356194490192261792e+00
1.410358992606552064e+00 9.274613247467199244e+02 2.356194490192261792e+00
8.740219494540483192e-01 9.284891835338191868e+02 2.356194490192261792e+00
1.378059777178999301e+00 9.296028600331632106e+02 2.356194490192261792e+00
1.003035733664410234e+00 9.301396793541586021e+02 2.356194490192261792e+00
1.692884354858196438e+00 9.317258679385766982e+02 2.356194490192261792e+00
1.525572726761546649e+00 9.321339951367735921e+02 2.356194490192261792e+00
1.378980473375662763e+00 9.336601744074068847e+02 2.356194490192261792e+00
9.120292205469404667e-01 9.345930969050648400e+02 2.356194490192261792e+00
1.221581810155728531e+00 9.357763677600194114e+02 2.356194490192261792e+00
1.155235767297429605e+00 9.363308770313602736e+02 2.356194490192261792e+00
1.269373458681431144e+00 9.379239581830879615e+02 2.356194490192261792e+00
1.853735412217198508e+00 9.383399605377876469e+02 2.356194490192261792e+00
1.293802831345638449e+00 9.398841348108237526e+02 2.356194490192261792e+00
9.703930179846455006e-01 9.407420607996009494e+02 2.356194490192261792e+00
1.125467374353756878e+00 9.419585949867494037e+02 2.356194490192261792e+00
1.301018140689806923e+00 9.425472782437041133e+02 2.356194490192261792e+00
9.568954747949196538e-01 9.440902736994186171e+02 2.356194490192261792e+00
2.132591511135318196e+00 9.445688572725192671e+02 2.356194490192261792e+00
1.139738591558569381e+00 9.460831847650492819e+02 2.356194490192261792e+00
1.076894587225754041e+00 9.468724573676832961e+02 2.356194490192261792e+00
1.052280672273685491e+00 9.481049038502573012e+02 2.356194490192261792e+00
1.520687818915239964e+00 9.487556605715128626e+02 2.356194490192261792e+00
6.560601459140098513e-01 9.501050453830615652e+02 2.356194490192261792e+00
2.489631114916581733e+00 9.507848674286431105e+02 2.356194490192261792e+00
8.515457404600687008e-01 9.521379875356632283e+02 2.356194490192261792e+00
1.277294022464625645e+00 9.529416021887481065e+02 2.356194490192261792e+00
9.797614122480942100e-01 9.541318379799548666e+02 2.356194490192261792e+00
1.772820482416218812e+00 9.549389893030117946e+02 2.356194490192261792e+00
6.371903858384890817e-01 9.556886107987694459e+02 2.356194490192261792e+00
2.704566701340368695e+00 9.569660650113323754e+02 2.356194490192261792e+00
8.254745084654224740e-01 9.576550115501198661e+02 2.356194490192261792e+00
1.389716370465605255e+00 9.589373786123302352e+02 2.356194490192261792e+00
8.678239605726753014e-01 9.600117254099662887e+02 2.356194490192261792e+00
1.468933392908687185e+00 9.610722268861493376e+02 2.356194490192261792e+00
9.107978209477787246e-01 9.616204904337462267e+02 2.356194490192261792e+00
1.942051262070824125e+00 9.631758612433600319e+02 2.356194490192261792e+00
1.330083043413545996e+00 9.636083845453902086e+02 2.356194490192261792e+00
1.379501482640942855e+00 9.651017855558944802e+02 2.356194490192261792e+00
8.873874635522330800e-01 9.660628637918323420e+02 2.356194490192261792e+00
1.252111931198697681e+00 9.672276936831786998e+02 2.356194490192261792e+00
1.075930096231969113e+00 9.677814708777397072e+02 2.356194490192261792e+00
1.412100230553498204e+00 9.693782000294098680e+02 2.356194490192261792e+00
1.698015713534943849e+00 9.697852222513292872e+02 2.356194490192261792e+00
1.302001855766213634e+00 9.713185854644937081e+02 2.356194490192261792e+00
9.410539277686801318e-01 9.721947892674777449e+02 2.356194490192261792e+00
1.135294431698589346e+00 9.734033032074105449e+02 2.356194490192261792e+00
1.223311335369503094e+00 9.739872062043225469e+02 2.356194490192261792e+00
1.056937934577891314e+00 9.755567833060663361e+02 2.356194490192261792e+00
1.995358224220910914e+00 9.760058489567617244e+02 2.356194490192261792e+00
1.175134441901262372e+00 9.775273686506496915e+02 2.356194490192261792e+00
1.032600435040923470e+00 9.783320533080689074e+02 2.356194490192261792e+00
1.059341069384737821e+00 9.795622111837240027e+02 2.356194490192261792e+00
1.424628134930958412e+00 9.801957701353156835e+02 2.356194490192261792e+00
7.406720650170175446e-01 9.816363799457328696e+02 2.356194490192261792e+00
2.341937752866912525e+00 9.822255763286603951e+02 2.356194490192261792e+00
9.464700559347984932e-01 9.836531965376535709e+02 2.356194490192261792e+00
1.206585322994179643e+00 9.844281100751065878e+02 2.356194490192261792e+00
1.000795242616450809e+00 9.856438710716888636e+02 2.356194490192261792e+00
1.709590966081515839e+00 9.863888233793645668e+02 2.356194490192261792e+00
5.624222551003706938e-01 9.873584338211065869e+02 2.356194490192261792e+00
2.718737844063483955e+00 9.884161535105990879e+02 2.356194490192261792e+00
7.011956755882889913e-01 9.893537121453199461e+02 2.356194490192261792e+00
1.352807613938283859e+00 9.904411043164994908e+02 2.356194490192261792e+00
8.831203460961303264e-01 9.915627410985641745e+02 2.356194490192261792e+00
1.584230296591874199e+00 9.925461944878197755e+02 2.356194490192261792e+00
8.076084924736698367e-01 9.931292113703627820e+02 2.356194490192261792e+00
2.235250759937302156e+00 9.946225538918725988e+02 2.356194490192261792e+00
1.123504569362340000e+00 9.951109377691709597e+02 2.356194490192261792e+00
1.378420940616079227e+00 9.965519016725232859e+02 2.356194490192261792e+00
8.657902593837377703e-01 9.975492930420031144e+02 2.356194490192261792e+00
1.300812742545826906e+00 9.986864960715183770e+02 2.356194490192261792e+00
9.933716853166688621e-01 9.992420658461436460e+02 2.356194490192261792e+00
1.588163821816996890e+00 1.000830772955077691e+03 2.356194490192261792e+00
1.528853442830777842e+00 1.001239372122665941e+03 2.356194490192261792e+00
1.306162423700812480e+00 1.002755342457220308e+03 2.356194490192261792e+00
9.108503251527620970e-01 1.003652703689663099e+03 2.356194490192261792e+00
1.148150508343503073e+00 1.004850527296235782e+03 2.356194490192261792e+00
1.140711627393723449e+00 1.005431861853098212e+03 2.356194490192261792e+00
1.170671114033825067e+00 1.007018924203808751e+03 2.356194490192261792e+00
1.844284529743762668e+00 1.007446230125717875e+03 2.356194490192261792e+00
1.193269212200602558e+00 1.008965947710772753e+03 2.356194490192261792e+00
9.931257991097715010e-01 1.009785729183934109e+03 2.356194490192261792e+00
1.061829048619046922e+00 1.011011684818150115e+03 2.356194490192261792e+00
1.331406999244813205e+00 1.011635210958244784e+03 2.356194490192261792e+00
8.303327813482885844e-01 1.013136785907472586e+03 2.356194490192261792e+00
2.190461884456529784e+00 1.013664240165324145e+03 2.356194490192261792e+00
1.013916043223789476e+00 1.015129478998466539e+03 2.356194490192261792e+00
