6.561000000000001275e-01 0.000000000000000000e+00 0.000000000000000000e+00
1.215741542589401147e+00 1.313197889730592038e+00 6.284930636431253603e+00
1.573360249420336254e+00 1.724358350908735238e+00 6.284930636431253603e+00
8.706783729284079953e-01 3.085251048844622535e+00 6.284930636431253603e+00
1.170776477817371708e+00 4.420052891924898475e+00 6.284930636431253603e+00
1.755734746066341501e+00 4.852649081071260362e+00 6.284930636431253603e+00
6.764782082629685611e-01 6.115238618963918071e+00 6.284930636431253603e+00
8.519279447320318166e-01 7.380902397582707941e+00 6.284930636431253603e+00
2.138792533652233097e+00 7.911964210107901962e+00 6.284930636431253603e+00
8.341397937157709608e-01 9.232869954464357320e+00 6.284930636431253603e+00
8.793120029039244168e-01 1.048299284852793534e+01 6.284930636431253603e+00
2.464339669492009222e+00 1.106878650995118996e+01 6.284930636431253603e+00
7.077784148773837991e-01 1.222534533390242650e+01 6.284930636431253603e+00
6.844527070378746414e-01 1.329448212213643643e+01 6.284930636431253603e+00
2.763019862512611891e+00 1.412698762082196247e+01 6.284930636431253603e+00
7.157796410845791435e-01 1.519637633192296100e+01 6.284930636431253603e+00
7.085994242026929513e-01 1.631566174637246291e+01 6.284930636431253603e+00
2.839896972180337986e+00 1.729962267351232796e+01 6.284930636431253603e+00
6.838793858651158741e-01 1.819918683330692133e+01 6.284930636431253603e+00
7.138630739488766030e-01 1.922336111398786329e+01 6.284930636431253603e+00
2.608218220074036697e+00 2.035597428942802267e+01 6.284930636431253603e+00
8.456512306295205228e-01 2.098166357496622680e+01 6.284930636431253603e+00
8.284687455812610457e-01 2.221218937393658521e+01 6.284930636431253603e+00
2.280821464262372977e+00 2.351836712881782887e+01 6.284930636431253603e+00
8.113427202392147208e-01 2.408845698304212490e+01 6.284930636431253603e+00
6.919010290338770686e-01 2.532534465267736223e+01 6.284930636431253603e+00
1.875787894866566941e+00 2.657651155143107502e+01 6.284930636431253603e+00
1.129258751004884598e+00 2.702181463630709501e+01 6.284930636431253603e+00
8.783560319320017351e-01 2.834996102901817139e+01 6.284930636431253603e+00
1.680909572869594193e+00 2.971356606595104211e+01 6.284930636431253603e+00
1.138321011029705510e+00 3.013452639831602653e+01 6.284930636431253603e+00
6.603513493152104452e-01 3.144811570732812811e+01 6.284930636431253603e+00
1.306575531722224515e+00 3.275676123800300132e+01 6.284930636431253603e+00
1.493779182116042215e+00 3.316168605599172992e+01 6.284930636431253603e+00
8.768109665510546158e-01 3.452312309407135160e+01 6.284930636431253603e+00
1.243634314568421662e+00 3.586832789097313423e+01 6.284930636431253603e+00
1.640797393494305645e+00 3.628630442862001360e+01 6.284930636431253603e+00
6.723140937327262145e-01 3.756339457981376029e+01 6.284930636431253603e+00
9.095112024193844347e-01 3.884833883668042631e+01 6.284930636431253603e+00
2.025488222317061382e+00 3.934326589642272864e+01 6.284930636431253603e+00
8.507546152532726724e-01 4.068173130548083094e+01 6.284930636431253603e+00
9.350354111419256764e-01 4.195554076988741343e+01 6.284930636431253603e+00
2.322255795313580062e+00 4.249600688644630253e+01 6.284930636431253603e+00
7.073824521352031214e-01 4.368090000160660935e+01 6.284930636431253603e+00
6.987206916977046767e-01 4.479275644906243770e+01 6.284930636431253603e+00
2.672277025124904615e+00 4.555449067773387384e+01 6.284930636431253603e+00
7.376998273598225353e-01 4.670392562501977096e+01 6.284930636431253603e+00
7.182880645192701863e-01 4.783801991579619539e+01 6.284930636431253603e+00
2.880828167532310857e+00 4.872581335496149535e+01 6.284930636431253603e+00
6.901555150870876121e-01 4.969180823414352233e+01 6.284930636431253603e+00
7.132567662093775018e-01 5.068041624173083193e+01 6.284930636431253603e+00
2.736612311536336772e+00 5.178066148377633482e+01 6.284930636431253603e+00
8.077294467833803226e-01 5.245798830010138403e+01 6.284930636431253603e+00
8.129796186369975253e-01 5.366436198263698287e+01 6.284930636431253603e+00
2.407308504252479775e+00 5.494653130186166834e+01 6.284930636431253603e+00
7.764399490323442565e-01 5.555912008271228331e+01 6.284930636431253603e+00
7.037551824373649012e-01 5.676430688933615443e+01 6.284930636431253603e+00
1.991445787751245700e+00 5.800357495842570188e+01 6.284930636431253603e+00
1.090717020850328067e+00 5.846351649605800560e+01 6.284930636431253603e+00
8.838436753272438384e-01 5.978376084577254801e+01 6.284930636431253603e+00
1.786772249848534777e+00 6.114790391189495722e+01 6.284930636431253603e+00
1.074236406225685725e+00 6.158223422615094478e+01 6.284930636431253603e+00
6.684624222995384502e-01 6.289149004178000979e+01 6.284930636431253603e+00
1.394392011055649805e+00 6.419404036716605333e+01 6.284930636431253603e+00
1.435492830356083438e+00 6.459650540071258717e+01 6.284930636431253603e+00
8.862921876739731086e-01 6.595826017413749298e+01 6.284930636431253603e+00
1.321396195423928166e+00 6.731270696352871141e+01 6.284930636431253603e+00
1.543946940809765023e+00 6.772064212275743955e+01 6.284930636431253603e+00
6.722317501186221289e-01 6.900941731362394194e+01 6.284930636431253603e+00
9.693742407573309183e-01 7.030600021011348133e+01 6.284930636431253603e+00
1.935090257237620959e+00 7.077359063722043686e+01 6.284930636431253603e+00
8.667518402573550773e-01 7.212506014685868649e+01 6.284930636431253603e+00
9.936342882712044799e-01 7.341903878323297761e+01 6.284930636431253603e+00
2.195444535239105210e+00 7.392332622754534555e+01 6.284930636431253603e+00
7.074542232866870561e-01 7.513139930984254988e+01 6.284930636431253603e+00
7.215647951288648443e-01 7.627992451975360666e+01 6.284930636431253603e+00
2.581905338790152271e+00 7.698127162983386995e+01 6.284930636431253603e+00
7.651993501272262854e-01 7.819027844314113906e+01 6.284930636431253603e+00
7.421997810669598294e-01 7.934773267818748366e+01 6.284930636431253603e+00
2.872197119964800205e+00 8.015072268763519503e+01 6.284930636431253603e+00
6.997344728824077542e-01 8.117143233032828675e+01 6.284930636431253603e+00
7.082828825748284096e-01 8.214153350362677486e+01 6.284930636431253603e+00
2.830844297174295310e+00 8.320469362827468274e+01 6.284930636431253603e+00
7.733032007225248972e-01 8.394093925511815257e+01 6.284930636431253603e+00
7.921357332505598592e-01 8.512235836611753825e+01 6.284930636431253603e+00
2.514835731980807232e+00 8.637297434980288813e+01 6.284930636431253603e+00
7.477035419477215950e-01 8.702994298972274123e+01 6.284930636431253603e+00
7.114551339665426966e-01 8.820319443358876299e+01 6.284930636431253603e+00
2.101183116422193908e+00 8.942952654255300615e+01 6.284930636431253603e+00
1.049778840118583245e+00 8.990741168969509545e+01 6.284930636431253603e+00
8.831328581447944748e-01 9.121737189814521685e+01 6.284930636431253603e+00
1.879680610174288891e+00 9.257878872200468834e+01 6.284930636431253603e+00
1.018724721711654846e+00 9.302928138087615650e+01 6.284930636431253603e+00
6.742946460953538335e-01 9.433176755324785745e+01 6.284930636431253603e+00
1.476098605696239074e+00 9.562767318170379838e+01 6.284930636431253603e+00
1.379864437680247580e+00 9.603114968523782125e+01 6.284930636431253603e+00
8.905764190441086692e-01 9.739071766750160464e+01 6.284930636431253603e+00
1.388695607082557792e+00 9.875099211837677160e+01 6.284930636431253603e+00
1.460501498373463214e+00 9.915416726266704472e+01 6.284930636431253603e+00
6.706908093163063134e-01 1.004513090013414285e+02 6.284930636431253603e+00
1.025836016260490258e+00 1.017557396092734621e+02 6.284930636431253603e+00
1.851307330510789440e+00 1.022033673535633227e+02 6.284930636431253603e+00
8.758870658253433694e-01 1.035622407465687473e+02 6.284930636431253603e+00
1.044019462118028985e+00 1.048709443787203810e+02 6.284930636431253603e+00
2.082080805677782198e+00 1.053497780463600719e+02 6.284930636431253603e+00
7.042575943006489370e-01 1.065749435625461530e+02 6.284930636431253603e+00
7.478938551663001366e-01 1.077561280623296653e+02 6.284930636431253603e+00
2.485600390526716552e+00 1.084074799052638269e+02 6.284930636431253603e+00
7.899353862256501824e-01 1.096585078756920666e+02 6.284930636431253603e+00
7.726085487844361888e-01 1.108410913099624082e+02 6.284930636431253603e+00
2.813727681436180905e+00 1.115747840271590121e+02 6.284930636431253603e+00
7.072159269357787270e-01 1.126391147238145436e+02 6.284930636431253603e+00
6.988458930992461626e-01 1.136115983059913219e+02 6.284930636431253603e+00
2.880304285373507245e+00 1.146289794382478817e+02 6.284930636431253603e+00
7.413786448777998084e-01 1.154376224979817920e+02 6.284930636431253603e+00
7.649746909835707376e-01 1.165930965954665481e+02 6.284930636431253603e+00
2.606439411866599443e+00 1.177991155380256174e+02 6.284930636431253603e+00
7.211968438430996775e-01 1.185071717595619134e+02 6.284930636431253603e+00
7.135644259066229456e-01 1.196473794538286910e+02 6.284930636431253603e+00
2.216665045276122736e+00 1.208561994272440074e+02 6.284930636431253603e+00
9.969464943871553242e-01 1.213604856173042066e+02 6.284930636431253603e+00
8.726545379669680136e-01 1.226549762922003737e+02 6.284930636431253603e+00
1.963831320093184951e+00 1.240083797965408934e+02 6.284930636431253603e+00
9.622697078374855550e-01 1.244798034636918658e+02 6.284930636431253603e+00
6.758553714134448720e-01 1.257737146705336215e+02 6.284930636431253603e+00
1.561206254450723696e+00 1.270611100323880152e+02 6.284930636431253603e+00
1.312247461646079083e+00 1.274699277744727510e+02 6.284930636431253603e+00
8.861821115199974841e-01 1.288234352755843304e+02 6.284930636431253603e+00
1.445716614887847751e+00 1.301857735662337348e+02 6.284930636431253603e+00
1.378261867302962296e+00 1.305884099822303313e+02 6.284930636431253603e+00
6.649064107137635515e-01 1.318922551130125100e+02 6.284930636431253603e+00
1.082799369743269180e+00 1.332028487302800670e+02 6.284930636431253603e+00
1.757195391253052463e+00 1.336348465375952230e+02 6.284930636431253603e+00
8.757511302456479907e-01 1.349961313306184536e+02 6.284930636431253603e+00
1.084193983961041718e+00 1.363148929305690729e+02 6.284930636431253603e+00
1.971372887471841917e+00 1.367758381528468306e+02 6.284930636431253603e+00
6.956666711233956413e-01 1.380141176396850540e+02 6.284930636431253603e+00
7.770414527434987839e-01 1.392272381772763481e+02 6.284930636431253603e+00
2.372427437173282527e+00 1.398342800092837876e+02 6.284930636431253603e+00
8.084675603015732959e-01 1.411153982060297949e+02 6.284930636431253603e+00
8.053516458110111520e-01 1.423222148257275137e+02 6.284930636431253603e+00
2.712598040275880695e+00 1.429987319273077730e+02 6.284930636431253603e+00
7.101083571981400278e-01 1.440988917486921537e+02 6.284930636431253603e+00
6.880965427043083116e-01 1.450941774851869184e+02 6.284930636431253603e+00
2.878399805437186210e+00 1.460541914325412449e+02 6.284930636431253603e+00
7.172819523555898913e-01 1.469508635590595986e+02 6.284930636431253603e+00
7.360463337124373284e-01 1.480829055040426852e+02 6.284930636431253603e+00
2.693910939785827185e+00 1.492259735181620499e+02 6.284930636431253603e+00
6.986827618196949086e-01 1.499960006793749585e+02 6.284930636431253603e+00
7.129177597631876084e-01 1.510984998609091576e+02 6.284930636431253603e+00
2.347531289273642852e+00 1.522836890301074959e+02 6.284930636431253603e+00
9.370533469506050483e-01 1.528250924872222072e+02 6.284930636431253603e+00
8.561865056970963117e-01 1.540987766244905970e+02 6.284930636431253603e+00
2.058137718721460452e+00 1.554387496646617137e+02 6.284930636431253603e+00
9.028012158761272721e-01 1.559388385979815439e+02 6.284930636431253603e+00
6.770160407774842293e-01 1.572196411092204471e+02 6.284930636431253603e+00
1.661527593010723614e+00 1.584952681955301728e+02 6.284930636431253603e+00
1.236431967759217931e+00 1.589145398035390429e+02 6.284930636431253603e+00
8.782852071003437455e-01 1.602589889462857968e+02 6.284930636431253603e+00
1.509786242812210633e+00 1.616214092283771038e+02 6.284930636431253603e+00
1.289649519972499547e+00 1.620270015699688315e+02 6.284930636431253603e+00
6.580794610109811371e-01 1.633369116497426603e+02 6.284930636431253603e+00
1.150439292729823482e+00 1.646508301735817099e+02 6.284930636431253603e+00
1.652537360966870539e+00 1.650699082997005291e+02 6.284930636431253603e+00
8.713821263686998275e-01 1.664310052591621911e+02 6.284930636431253603e+00
1.126057131023420199e+00 1.677582860443791049e+02 6.284930636431253603e+00
1.853191642131800654e+00 1.682035850860536073e+02 6.284930636431253603e+00
6.840612803560143229e-01 1.694547240139362714e+02 6.284930636431253603e+00
8.138235344503076396e-01 1.706990183727145336e+02 6.284930636431253603e+00
2.242514699046261217e+00 1.712630442749101292e+02 6.284930636431253603e+00
8.227358978090356656e-01 1.725677292062192123e+02 6.284930636431253603e+00
8.427123238192598675e-01 1.737985000415004038e+02 6.284930636431253603e+00
2.580114408694522243e+00 1.744235171207148483e+02 6.284930636431253603e+00
7.091752227190143421e-01 1.755557537525692169e+02 6.284930636431253603e+00
6.819148245508019901e-01 1.765894281231463765e+02 6.284930636431253603e+00
2.827397743017686427e+00 1.774806882428325707e+02 6.284930636431253603e+00
7.088427406877129133e-01 1.784750404423617738e+02 6.284930636431253603e+00
7.143873451966999966e-01 1.795935472147360770e+02 6.284930636431253603e+00
2.781094603175921165e+00 1.806534736422405842e+02 6.284930636431253603e+00
6.855510296293310102e-01 1.814950383049306311e+02 6.284930636431253603e+00
7.130455566740572237e-01 1.825540338472045789e+02 6.284930636431253603e+00
2.492718217577873485e+00 1.837108469467037821e+02 6.284930636431253603e+00
8.817731634801578844e-01 1.842976797250074696e+02 6.284930636431253603e+00
8.399051640980581546e-01 1.855475053921249753e+02 6.284930636431253603e+00
2.176175054559617017e+00 1.868698715697425143e+02 6.284930636431253603e+00
8.472509567750694526e-01 1.874070289133191523e+02 6.284930636431253603e+00
6.831143270369365306e-01 1.886665190517924486e+02 6.284930636431253603e+00
1.778910314619287281e+00 1.899282197629149493e+02 6.284930636431253603e+00
1.169068422805636498e+00 1.903617374147180783e+02 6.284930636431253603e+00
8.753304509064365746e-01 1.916965823293617461e+02 6.284930636431253603e+00
1.597359809752652904e+00 1.930593145815846867e+02 6.284930636431253603e+00
1.200514474035329959e+00 1.934718371594628081e+02 6.284930636431253603e+00
6.563878454817905217e-01 1.947856325268336661e+02 6.284930636431253603e+00
1.234143125422548337e+00 1.960981518193828492e+02 6.284930636431253603e+00
1.554756556833310155e+00 1.965076747569804922e+02 6.284930636431253603e+00
8.713232598614975011e-01 1.978686133069756465e+02 6.284930636431253603e+00
1.184569092675759050e+00 1.992055296446835371e+02 6.284930636431253603e+00
1.730786944748551326e+00 1.996348671075427603e+02 6.284930636431253603e+00
6.750945464813020713e-01 2.009005475645211334e+02 6.284930636431253603e+00
8.631661700538300064e-01 2.021709478527651527e+02 6.284930636431253603e+00
2.113323828111602243e+00 2.026938997251129706e+02 6.284930636431253603e+00
8.373832163855632338e-01 2.040187317199976462e+02 6.284930636431253603e+00
8.900755047566393241e-01 2.052738924733574777e+02 6.284930636431253603e+00
2.434092902916726864e+00 2.058497923099094749e+02 6.284930636431253603e+00
7.075451255581441945e-01 2.070124996869458869e+02 6.284930636431253603e+00
6.864371505023904030e-01 2.080908695764496770e+02 6.284930636431253603e+00
2.744531484169016267e+00 2.089081517349184196e+02 6.284930636431253603e+00
7.193513132107499652e-01 2.099956906924477664e+02 6.284930636431253603e+00
7.090988660792033604e-01 2.111169298273254071e+02 6.284930636431253603e+00
2.851971560544778406e+00 2.120805997969785892e+02 6.284930636431253603e+00
6.845754414509135355e-01 2.129947290351945810e+02 6.284930636431253603e+00
7.139855415452297516e-01 2.140104996370115487e+02 6.284930636431253603e+00
2.636889153572981037e+00 2.151366307378996510e+02 6.284930636431253603e+00
8.372703984464137106e-01 2.157726950951381752e+02 6.284930636431253603e+00
8.255032360750514941e-01 2.169982245990334775e+02 6.284930636431253603e+00
2.308083607558541139e+00 2.182998347748006154e+02 6.284930636431253603e+00
8.033010802988134191e-01 2.188786805514353659e+02 6.284930636431253603e+00
6.944587348694271078e-01 2.201091566852036294e+02 6.284930636431253603e+00
1.900486921518928618e+00 2.213577744832182930e+02 6.284930636431253603e+00
1.120642687578956576e+00 2.218060759997846390e+02 6.284930636431253603e+00
8.795920200364208963e-01 2.231326060556524453e+02 6.284930636431253603e+00
1.703352141560407151e+00 2.244964465996404499e+02 6.284930636431253603e+00
1.123858601310824712e+00 2.249199570010559057e+02 6.284930636431253603e+00
6.619289935981442774e-01 2.262329683844791646e+02 6.284930636431253603e+00
1.325320637846170380e+00 2.275404037296357274e+02 6.284930636431253603e+00
1.480442668846434051e+00 2.279445369235704106e+02 6.284930636431253603e+00
8.787818527449676731e-01 2.293061284260471950e+02 6.284930636431253603e+00
1.259941336303432635e+00 2.306534306942450598e+02 6.284930636431253603e+00
1.619224499167707387e+00 2.310688871739056651e+02 6.284930636431253603e+00
6.721316326872652791e-01 2.323486927938445490e+02 6.284930636431253603e+00
9.220136448973812460e-01 2.336365538414937078e+02 6.284930636431253603e+00
2.005235894426034005e+00 2.341250944557613991e+02 6.284930636431253603e+00
8.543170512446365272e-01 2.354666746032538072e+02 6.284930636431253603e+00
9.473203614330516498e-01 2.367450386823962276e+02 6.284930636431253603e+00
2.294641468998491085e+00 2.372771443846668546e+02 6.284930636431253603e+00
7.074667816912808549e-01 2.384673305155345417e+02 6.284930636431253603e+00
7.029382756524300557e-01 2.395872687487463111e+02 6.284930636431253603e+00
2.653539468204895613e+00 2.403355529972565421e+02 6.284930636431253603e+00
7.432599451442296612e-01 2.414989706094196151e+02 6.284930636431253603e+00
7.223278915421309510e-01 2.426374676835749256e+02 6.284930636431253603e+00
2.883285370906353506e+00 2.435065124414894626e+02 6.284930636431253603e+00
6.920796904363820667e-01 2.444848253790463275e+02 6.284930636431253603e+00
7.126373126266751790e-01 2.454680115028854175e+02 6.284930636431253603e+00
2.759312674869216053e+00 2.465611039259408415e+02 6.284930636431253603e+00
8.004534500707080058e-01 2.472498006375437001e+02 6.284930636431253603e+00
8.092142653211163994e-01 2.484511204096204438e+02 6.284930636431253603e+00
2.431243622641424906e+00 2.497275487000882208e+02 6.284930636431253603e+00
7.701915008438312560e-01 2.503490378654863946e+02 6.284930636431253603e+00
7.058112359261470292e-01 2.515475979035907130e+02 6.284930636431253603e+00
2.014317396311142705e+00 2.527844028309101816e+02 6.284930636431253603e+00
1.082960431466011508e+00 2.532476028653345566e+02 6.284930636431253603e+00
8.844374108920503019e-01 2.545660351345616164e+02 6.284930636431253603e+00
1.807225502812877860e+00 2.559299732314551648e+02 6.284930636431253603e+00
1.062416992487012601e+00 2.563673854841870821e+02 6.284930636431253603e+00
6.700139553628882139e-01 2.576753731859708978e+02 6.284930636431253603e+00
1.411614885528397645e+00 2.589766138096218810e+02 6.284930636431253603e+00
1.424463791955920655e+00 2.593789890958581168e+02 6.284930636431253603e+00
8.878450544127076682e-01 2.607405696656996383e+02 6.284930636431253603e+00
1.336470209496723793e+00 2.620965494893160894e+02 6.284930636431253603e+00
1.525959117949278632e+00 2.625030908443260387e+02 6.284930636431253603e+00
6.722039258565912778e-01 2.637938286105258499e+02 6.284930636431253603e+00
9.813503334776867426e-01 2.650922273028833729e+02 6.284930636431253603e+00
1.917921555708487880e+00 2.655551853813356047e+02 6.284930636431253603e+00
8.693840373907802954e-01 2.669086552788901940e+02 6.284930636431253603e+00
1.005002172345250688e+00 2.682061460375521165e+02 6.284930636431253603e+00
2.171164031092052582e+00 2.687043305168580218e+02 6.284930636431253603e+00
7.071840308509220741e-01 2.699164111430758908e+02 6.284930636431253603e+00
7.268365171461641516e-01 2.710718933684654530e+02 6.284930636431253603e+00
2.562883810874484247e+00 2.717621631366353085e+02 6.284930636431253603e+00
7.707400379097557597e-01 2.729811308221198374e+02 6.284930636431253603e+00
7.481800900038497737e-01 2.741437912401612493e+02 6.284930636431253603e+00
2.864023048494385382e+00 2.749311991555881036e+02 6.284930636431253603e+00
7.015838844929411788e-01 2.759617587124724309e+02 6.284930636431253603e+00
7.066401747520907328e-01 2.769305934772356181e+02 6.284930636431253603e+00
2.845037022180894937e+00 2.779851204166714638e+02 6.284930636431253603e+00
7.664012693542803234e-01 2.787350722177595799e+02 6.284930636431253603e+00
7.869688766719747930e-01 2.799111569978891225e+02 6.284930636431253603e+00
2.534735635136921683e+00 2.811538105116728161e+02 6.284930636431253603e+00
7.420672294951308201e-01 2.818206148396657227e+02 6.284930636431253603e+00
7.123055557543434002e-01 2.829872263672962163e+02 6.284930636431253603e+00
2.124179006893553101e+00 2.842104045973097186e+02 6.284930636431253603e+00
1.039867475385576778e+00 2.846929184917621001e+02 6.284930636431253603e+00
8.817367133749837160e-01 2.860001544985860846e+02 6.284930636431253603e+00
1.897304836162610808e+00 2.873603804021011001e+02 6.284930636431253603e+00
1.007340835565082804e+00 2.878147114701125702e+02 6.284930636431253603e+00
6.749147676303963728e-01 2.891156148429989230e+02 6.284930636431253603e+00
1.492987035119942130e+00 2.904099766915135206e+02 6.284930636431253603e+00
1.367032199518378510e+00 2.908141630079040283e+02 6.284930636431253603e+00
8.903271943067002647e-01 2.921728012613152146e+02 6.284930636431253603e+00
1.400951409757723809e+00 2.935337777535128794e+02 6.284930636431253603e+00
1.443788331848820050e+00 2.939365357412178810e+02 6.284930636431253603e+00
6.698251522496939669e-01 2.952351393145635825e+02 6.284930636431253603e+00
1.037282237818779818e+00 2.965409777666282594e+02 6.284930636431253603e+00
1.833005728776567977e+00 2.969851053833851324e+02 6.284930636431253603e+00
8.765617990069274335e-01 2.983448297190529388e+02 6.284930636431253603e+00
1.052958858551620969e+00 2.996559161648766008e+02 6.284930636431253603e+00
2.059392635222566437e+00 3.001306005417254710e+02 6.284930636431253603e+00
7.029176925356137584e-01 3.013586888055128838e+02 6.284930636431253603e+00
7.535996592370022285e-01 3.025464691440261049e+02 6.284930636431253603e+00
2.463816535519329776e+00 3.031883749642250336e+02 6.284930636431253603e+00
7.942858852033491956e-01 3.044464095057178383e+02 6.284930636431253603e+00
7.792099202936545455e-01 3.056340904733293655e+02 6.284930636431253603e+00
2.796001803394284391e+00 3.063551675633760851e+02 6.284930636431253603e+00
7.082129654196690494e-01 3.074274119385783592e+02 6.284930636431253603e+00
6.965698979062873164e-01 3.084030281024602118e+02 6.284930636431253603e+00
2.884229843038359498e+00 3.094095508292601835e+02 6.284930636431253603e+00
7.354915371277657155e-01 3.102351754036380385e+02 6.284930636431253603e+00
7.588882885739626216e-01 3.113853981927358063e+02 6.284930636431253603e+00
2.624503817104367975e+00 3.125800461982590832e+02 6.284930636431253603e+00
7.160562667467289533e-01 3.132999608173897172e+02 6.284930636431253603e+00
7.135180090227514205e-01 3.144328657274795660e+02 6.284930636431253603e+00
2.242303829639110013e+00 3.156372957627747269e+02 6.284930636431253603e+00
9.847683688344052166e-01 3.161483902840601559e+02 6.284930636431253603e+00
8.695211145937715713e-01 3.174389667270652922e+02 6.284930636431253603e+00
1.981811732339705978e+00 3.187900086125212624e+02 6.284930636431253603e+00
9.500976376687013669e-01 3.192666445975023066e+02 6.284930636431253603e+00
6.759279345132471750e-01 3.205583546634377967e+02 6.284930636431253603e+00
1.580422876452922676e+00 3.218435963807631879e+02 6.284930636431253603e+00
1.296779210176367769e+00 3.222541568821719125e+02 6.284930636431253603e+00
8.845438837183829950e-01 3.236059683203443456e+02 6.284930636431253603e+00
1.457663929842413220e+00 3.249684041157148613e+02 6.284930636431253603e+00
1.360487041203694014e+00 3.253713648158554292e+02 6.284930636431253603e+00
6.633789381618027114e-01 3.266765247617120167e+02 6.284930636431253603e+00
1.095573560787008516e+00 3.279881191132431582e+02 6.284930636431253603e+00
1.736037467824837588e+00 3.284172294688140141e+02 6.284930636431253603e+00
8.749125437171145769e-01 3.297785898953379160e+02 6.284930636431253603e+00
1.092142733274192423e+00 3.310991211374426371e+02 6.284930636431253603e+00
1.947699978160595702e+00 3.315568058747064697e+02 6.284930636431253603e+00
6.933501141920153099e-01 3.327976490262350353e+02 6.284930636431253603e+00
7.838040518289254299e-01 3.340173729745257560e+02 6.284930636431253603e+00
2.346594542599766520e+00 3.346154854529806926e+02 6.284930636431253603e+00
8.116261475192586561e-01 3.359018649506161864e+02 6.284930636431253603e+00
8.125216947573148385e-01 3.371136132043234852e+02 6.284930636431253603e+00
2.687293715127240468e+00 3.377792085030614544e+02 6.284930636431253603e+00
7.101482048268684677e-01 3.388861927440964905e+02 6.284930636431253603e+00
6.862156949122104610e-01 3.398883872797832169e+02 6.284930636431253603e+00
2.871549383966866653e+00 3.408350142811020191e+02 6.284930636431253603e+00
7.140255126141360487e-01 3.417514757775899739e+02 6.284930636431253603e+00
7.306257542823214601e-01 3.428796261299606840e+02 6.284930636431253603e+00
2.712194546051566402e+00 3.440070842276896883e+02 6.284930636431253603e+00
6.950196167654111301e-01 3.447913133741436127e+02 6.284930636431253603e+00
7.128101221842102486e-01 3.458852092385133687e+02 6.284930636431253603e+00
2.376692718230548174e+00 3.470648295999748143e+02 6.284930636431253603e+00
9.248876833526549213e-01 3.476151031579546498e+02 6.284930636431253603e+00
8.526474283318914438e-01 3.488840023360760370e+02 6.284930636431253603e+00
2.080543053536455744e+00 3.502206250176076878e+02 6.284930636431253603e+00
8.906626032973723461e-01 3.507277564642092784e+02 6.284930636431253603e+00
6.777549126559714310e-01 3.520048991449161804e+02 6.284930636431253603e+00
1.684651190479490523e+00 3.532777271298588175e+02 6.284930636431253603e+00
1.221225805499796424e+00 3.536997333277366238e+02 6.284930636431253603e+00
8.770475224946676640e-01 3.550421527788977301e+02 6.284930636431253603e+00
1.525749268342013076e+00 3.564045649945565515e+02 6.284930636431253603e+00
1.270814602845779184e+00 3.568112387850239884e+02 6.284930636431253603e+00
6.571322077842036702e-01 3.581222281809206152e+02 6.284930636431253603e+00
1.166504096231709919e+00 3.594362666962711046e+02 6.284930636431253603e+00
1.631006827500293577e+00 3.598530464864602436e+02 6.284930636431253603e+00
8.707734442138326258e-01 3.612140452317172503e+02 6.284930636431253603e+00
1.136476972448841938e+00 3.625431891748512498e+02 6.284930636431253603e+00
1.827791893646572685e+00 3.629851938448935016e+02 6.284930636431253603e+00
6.817995031977998055e-01 3.642392156422242806e+02 6.284930636431253603e+00
8.229452156407610630e-01 3.654895042133688321e+02 6.284930636431253603e+00
2.214923137020245125e+00 3.660447405736500173e+02 6.284930636431253603e+00
8.255907558243921196e-01 3.673538305509650286e+02 6.284930636431253603e+00
8.515503355474399738e-01 3.685896245731339604e+02 6.284930636431253603e+00
2.550308884629640893e+00 3.692042744436354837e+02 6.284930636431253603e+00
7.087780526674368753e-01 3.703429404559026921e+02 6.284930636431253603e+00
6.818248101066286537e-01 3.713857037578051177e+02 6.284930636431253603e+00
2.812040019155937376e+00 3.722617670186789383e+02 6.284930636431253603e+00
7.095181356701822928e-01 3.732762940663670861e+02 6.284930636431253603e+00
7.117371059706655290e-01 3.743939433134780757e+02 6.284930636431253603e+00
2.797923356512280968e+00 3.754346039311056984e+02 6.284930636431253603e+00
6.843828079185301227e-01 3.762914564869756759e+02 6.284930636431253603e+00
7.132533697591186828e-01 3.773411567598869851e+02 6.284930636431253603e+00
2.523329967192978529e+00 3.784917592884853548e+02 6.284930636431253603e+00
8.716768388629726472e-01 3.790885739608403355e+02 6.284930636431253603e+00
8.368407538292021997e-01 3.803333524483470569e+02 6.284930636431253603e+00
2.203063120449601620e+00 3.816516804151473821e+02 6.284930636431253603e+00
8.370889504632629263e-01 3.821972566095395223e+02 6.284930636431253603e+00
6.851519350618588966e-01 3.834512479505300462e+02 6.284930636431253603e+00
1.804279957355217734e+00 3.847100937013090061e+02 6.284930636431253603e+00
1.157494206259224390e+00 3.851467177100956292e+02 6.284930636431253603e+00
8.757341620198126897e-01 3.864797207426684622e+02 6.284930636431253603e+00
1.618380894644192436e+00 3.878426441487566763e+02 6.284930636431253603e+00
1.183308232920863068e+00 3.882571370155496311e+02 6.284930636431253603e+00
6.570137682748916630e-01 3.895711965015871669e+02 6.284930636431253603e+00
1.252881222703384312e+00 3.908828729202271575e+02 6.284930636431253603e+00
1.537249630622549379e+00 3.912909437605695189e+02 6.284930636431253603e+00
8.723275251325245394e-01 3.926519714754608117e+02 6.284930636431253603e+00
1.199149372937899471e+00 3.939910422179290777e+02 6.284930636431253603e+00
1.706339060868373059e+00 3.944172098374062330e+02 6.284930636431253603e+00
6.739945444321399082e-01 3.956859656429824668e+02 6.284930636431253603e+00
8.748374980521385069e-01 3.969607089128669486e+02 6.284930636431253603e+00
2.088846848342729157e+00 3.974758486102043094e+02 6.284930636431253603e+00
8.407499613554663132e-01 3.988044666621099736e+02 6.284930636431253603e+00
9.013014206066112255e-01 4.000646196248434308e+02 6.284930636431253603e+00
2.404171868824223512e+00 4.006308476712235347e+02 6.284930636431253603e+00
7.073953479867550742e-01 4.017995803827025725e+02 6.284930636431253603e+00
6.889586344535605367e-01 4.028870217745206332e+02 6.284930636431253603e+00
2.725762450366794987e+00 4.036893119901097862e+02 6.284930636431253603e+00
7.235112489866387664e-01 4.047942194177982742e+02 6.284930636431253603e+00
7.104225611762947645e-01 4.059180564371192759e+02 6.284930636431253603e+00
2.862298000848776169e+00 4.068615215921947197e+02 6.284930636431253603e+00
6.856434030498168575e-01 4.077898321035773392e+02 6.284930636431253603e+00
7.140060622053543415e-01 4.087976678644350272e+02 6.284930636431253603e+00
2.664600881011336408e+00 4.099172282539000207e+02 6.284930636431253603e+00
8.292234358045958986e-01 4.105637903949768770e+02 6.284930636431253603e+00
8.224569454772646671e-01 4.117843343308017552e+02 6.284930636431253603e+00
2.334917817716132493e+00 4.130811984840187279e+02 6.284930636431253603e+00
7.957421561945076105e-01 4.136688178683812680e+02 6.284930636431253603e+00
6.970137270100893456e-01 4.148927679393440258e+02 6.284930636431253603e+00
1.924786217779463016e+00 4.161389052202972607e+02 6.284930636431253603e+00
1.112515838858088024e+00 4.165901902252504101e+02 6.284930636431253603e+00
8.808574709942489367e-01 4.179151223699280422e+02 6.284930636431253603e+00
1.725664024333935842e+00 4.192791589687793703e+02 6.284930636431253603e+00
1.110092932145441136e+00 4.197053384036350394e+02 6.284930636431253603e+00
6.636184506843876285e-01 4.210175832514272543e+02 6.284930636431253603e+00
1.343802785884463002e+00 4.223237710055096272e+02 6.284930636431253603e+00
1.467948268864520678e+00 4.227272649898428085e+02 6.284930636431253603e+00
8.808295614001376839e-01 4.240889856223894299e+02 6.284930636431253603e+00
1.276285761228641347e+00 4.254383100258040145e+02 6.284930636431253603e+00
1.598492934152179856e+00 4.258514708686535073e+02 6.284930636431253603e+00
6.720885199435933099e-01 4.271338422633111804e+02 6.284930636431253603e+00
9.345144296183939270e-01 4.284243168977758387e+02 6.284930636431253603e+00
1.985943272597067377e+00 4.289068657691271369e+02 6.284930636431253603e+00
8.578071550830939085e-01 4.302513498317005087e+02 6.284930636431253603e+00
9.596276502880926040e-01 4.315340883637568936e+02 6.284930636431253603e+00
2.267760897252447005e+00 4.320582729041126981e+02 6.284930636431253603e+00
7.075503265006229947e-01 4.332535034420404827e+02 6.284930636431253603e+00
7.074708829163612878e-01 4.343812444326546256e+02 6.284930636431253603e+00
2.634883752226035103e+00 4.351165770409551214e+02 6.284930636431253603e+00
7.489626362770576140e-01 4.362930845731148679e+02 6.284930636431253603e+00
7.269119655336647723e-01 4.374362709836008776e+02 6.284930636431253603e+00
2.883533440043101859e+00 4.382871574680687559e+02 6.284930636431253603e+00
6.940821836783295229e-01 4.392772609778883748e+02 6.284930636431253603e+00
7.118081467250063632e-01 4.402558218330128739e+02 6.284930636431253603e+00
2.780427061373997422e+00 4.413415271229337691e+02 6.284930636431253603e+00
7.932742220969259961e-01 4.420419608967874296e+02 6.284930636431253603e+00
8.051783109050135723e-01 4.432381772881533948e+02 6.284930636431253603e+00
2.454273134298357917e+00 4.445085020905767124e+02 6.284930636431253603e+00
7.641429023934420695e-01 4.451389933627141886e+02 6.284930636431253603e+00
7.076420347927863119e-01 4.463309434889817453e+02 6.284930636431253603e+00
2.036989646998477177e+00 4.475652076307960670e+02 6.284930636431253603e+00
1.074932136040925412e+00 4.480318538783964755e+02 6.284930636431253603e+00
8.846836683587282479e-01 4.493483373188780092e+02 6.284930636431253603e+00
1.827012204964301167e+00 4.507119027459704625e+02 6.284930636431253603e+00
1.050865703919871885e+00 4.511525169886604658e+02 6.284930636431253603e+00
6.714092303628074188e-01 4.524591578319567020e+02 6.284930636431253603e+00
1.428586070561033372e+00 4.537590670245592719e+02 6.284930636431253603e+00
1.413336058808456475e+00 4.541615006801663412e+02 6.284930636431253603e+00
8.890905437115375065e-01 4.555227765607761512e+02 6.284930636431253603e+00
1.350960946935514828e+00 4.568801238993402194e+02 6.284930636431253603e+00
1.508462749593378227e+00 4.572854953132492710e+02 6.284930636431253603e+00
6.720556860373250174e-01 4.585780586030022619e+02 6.284930636431253603e+00
9.931436349332870561e-01 4.598781508185486473e+02 6.284930636431253603e+00
1.900836771790358926e+00 4.603367674894749939e+02 6.284930636431253603e+00
8.716589041324150910e-01 4.616919901035586236e+02 6.284930636431253603e+00
1.015911331491877290e+00 4.629927457289585959e+02 6.284930636431253603e+00
2.147410674857799240e+00 4.634852896181652682e+02 6.284930636431253603e+00
7.067337185435094149e-01 4.647011149738976883e+02 6.284930636431253603e+00
7.322110803505488263e-01 4.658634160647651470e+02 6.284930636431253603e+00
2.543503396091945312e+00 4.665430342876821896e+02 6.284930636431253603e+00
7.760935024507161772e-01 4.677712525618246673e+02 6.284930636431253603e+00
7.543646936821689630e-01 4.689391397994949671e+02 6.284930636431253603e+00
2.853743759392954438e+00 4.697116440515136446e+02 6.284930636431253603e+00
7.032995811552154031e-01 4.707515946725079061e+02 6.284930636431253603e+00
7.048119555907623734e-01 4.717200811909323193e+02 6.284930636431253603e+00
2.857227321496414341e+00 4.727655658657182016e+02 6.284930636431253603e+00
7.596112223769704297e-01 4.735298589472686785e+02 6.284930636431253603e+00
7.815321965633007517e-01 4.747005675226379822e+02 6.284930636431253603e+00
2.554026024084790070e+00 4.759346478871779027e+02 6.284930636431253603e+00
7.364991571229749789e-01 4.766116276019811835e+02 6.284930636431253603e+00
7.129153809432127176e-01 4.777715312957255946e+02 6.284930636431253603e+00
2.147546286128495296e+00 4.789913275612960888e+02 6.284930636431253603e+00
1.029388100901514447e+00 4.794788800090649943e+02 6.284930636431253603e+00
8.799067262394578703e-01 4.807831471768144525e+02 6.284930636431253603e+00
1.914643764443612950e+00 4.821419408245307068e+02 6.284930636431253603e+00
9.958316280429148071e-01 4.826003383949405929e+02 6.284930636431253603e+00
6.753471868258450472e-01 4.838995816668112866e+02 6.284930636431253603e+00
1.510135498016185851e+00 4.851923022909625729e+02 6.284930636431253603e+00
1.353577072016713068e+00 4.855973950196031979e+02 6.284930636431253603e+00
8.896917029515082342e-01 4.869549285089821637e+02 6.284930636431253603e+00
1.412813878393849309e+00 4.883164481624657469e+02 6.284930636431253603e+00
1.427002063404343657e+00 4.887189566979752158e+02 6.284930636431253603e+00
6.687622950457012827e-01 4.900189705294577038e+02 6.284930636431253603e+00
1.048810258216434921e+00 4.913261570443251571e+02 6.284930636431253603e+00
1.814117628646492841e+00 4.917669406100375795e+02 6.284930636431253603e+00
8.768301001354351643e-01 4.931273118446546846e+02 6.284930636431253603e+00
1.061470048860906568e+00 4.944405954981623950e+02 6.284930636431253603e+00
2.036699486156238414e+00 4.949114143601237288e+02 6.284930636431253603e+00
7.013331411216147115e-01 4.961422815796921668e+02 6.284930636431253603e+00
7.594325742563836634e-01 4.973366575248063555e+02 6.284930636431253603e+00
2.441206169989789565e+00 4.979693082257491596e+02 6.284930636431253603e+00
7.983519042244762165e-01 4.992338927730096998e+02 6.284930636431253603e+00
7.858839853216855742e-01 5.004266200624588805e+02 6.284930636431253603e+00
2.776524479215672248e+00 5.011355533045916104e+02 6.284930636431253603e+00
7.089976833565441172e-01 5.022154124462279583e+02 6.284930636431253603e+00
6.942723834584649811e-01 5.031950230920099330e+02 6.284930636431253603e+00
2.885901369960982787e+00 5.041901673740226784e+02 6.284930636431253603e+00
7.300027783560548711e-01 5.050334532614392629e+02 6.284930636431253603e+00
7.527792281184315648e-01 5.061785725794816244e+02 6.284930636431253603e+00
2.642520926692035754e+00 5.073610154917632826e+02 6.284930636431253603e+00
7.111176252994296787e-01 5.080932906033710879e+02 6.284930636431253603e+00
7.133902994144339926e-01 5.092186534847401731e+02 6.284930636431253603e+00
2.268680128353162573e+00 5.104184232728063648e+02 6.284930636431253603e+00
9.723702128418209023e-01 5.109367972967366995e+02 6.284930636431253603e+00
8.661850666345891625e-01 5.122232368565330489e+02 6.284930636431253603e+00
2.000437569565757023e+00 5.135716889640581257e+02 6.284930636431253603e+00
9.377986820478234620e-01 5.140538985342624301e+02 6.284930636431253603e+00
6.760343467410782070e-01 5.153431789968758494e+02 6.284930636431253603e+00
1.600402676948573744e+00 5.166261146862755140e+02 6.284930636431253603e+00
1.281045562327120857e+00 5.170386443308624393e+02 6.284930636431253603e+00
8.828262871158025771e-01 5.183886452434051080e+02 6.284930636431253603e+00
1.470118323717993780e+00 5.197511153466693941e+02 6.284930636431253603e+00
1.342382921862519840e+00 5.201545451392573796e+02 6.284930636431253603e+00
6.618523548902502940e-01 5.214609998918740530e+02 6.284930636431253603e+00
1.108914988853176409e+00 5.227734533942485768e+02 6.284930636431253603e+00
1.714471940554722629e+00 5.231997822634202748e+02 6.284930636431253603e+00
8.739588966908791168e-01 5.245611335611687309e+02 6.284930636431253603e+00
1.100311588775889193e+00 5.258834033838854793e+02 6.284930636431253603e+00
1.923614188678104853e+00 5.263378694760856433e+02 6.284930636431253603e+00
6.909380912103907368e-01 5.275813038335782039e+02 6.284930636431253603e+00
7.909531994042887648e-01 5.288075886273197739e+02 6.284930636431253603e+00
2.320075080675733314e+00 5.293967883941331820e+02 6.284930636431253603e+00
8.146329045446575323e-01 5.306881979334048083e+02 6.284930636431253603e+00
8.199282215936621876e-01 5.319048796701417814e+02 6.284930636431253603e+00
2.660750578786649889e+00 5.325597304134512342e+02 6.284930636431253603e+00
7.100386651423776785e-01 5.336734173189081503e+02 6.284930636431253603e+00
6.845903464811829986e-01 5.346831363367209633e+02 6.284930636431253603e+00
2.862634358919142308e+00 5.356158951297969679e+02 6.284930636431253603e+00
7.115169470056778023e-01 5.365524859142579999e+02 6.284930636431253603e+00
7.256089775754256399e-01 5.376772474171574459e+02 6.284930636431253603e+00
2.730478136908749409e+00 5.387882187586420741e+02 6.284930636431253603e+00
6.918169764157415802e-01 5.395870334863645894e+02 6.284930636431253603e+00
7.127683330245707660e-01 5.406720732391904676e+02 6.284930636431253603e+00
2.406433799687100805e+00 5.418459427264463102e+02 6.284930636431253603e+00
9.130385257680906363e-01 5.424054067647471129e+02 6.284930636431253603e+00
8.491764678647536480e-01 5.436694170868425999e+02 6.284930636431253603e+00
2.104068053091536772e+00 5.450025254449479917e+02 6.284930636431253603e+00
8.787813027952408040e-01 5.455170585020218823e+02 6.284930636431253603e+00
6.787564609259746362e-01 5.467901533193723935e+02 6.284930636431253603e+00
1.708492817041763701e+00 5.480601088585931393e+02 6.284930636431253603e+00
1.206565723166763693e+00 5.484849929097798622e+02 6.284930636431253603e+00
8.761053255768727066e-01 5.498253854772034401e+02 6.284930636431253603e+00
1.542860013920733575e+00 5.511878198903523298e+02 6.284930636431253603e+00
1.252054676742327288e+00 5.515957547885576560e+02 6.284930636431253603e+00
6.564688402192856431e-01 5.529077070004689176e+02 6.284930636431253603e+00
1.183290593045208450e+00 5.542216450013173699e+02 6.284930636431253603e+00
1.609979967773273790e+00 5.546362840266715466e+02 6.284930636431253603e+00
8.704359223658695299e-01 5.559972096455039718e+02 6.284930636431253603e+00
1.147751895689054891e+00 5.573282859213176152e+02 6.284930636431253603e+00
1.802287197825567455e+00 5.577669699112005901e+02 6.284930636431253603e+00
6.797117489297429538e-01 5.590239581337712025e+02 6.284930636431253603e+00
8.326501031832733712e-01 5.602799708204503304e+02 6.284930636431253603e+00
2.187575886516844204e+00 5.608265237499812201e+02 6.284930636431253603e+00
8.285115169320131923e-01 5.621398940310149328e+02 6.284930636431253603e+00
8.608753121142612708e-01 5.633807350886744416e+02 6.284930636431253603e+00
2.520107980035182660e+00 5.639851008683563123e+02 6.284930636431253603e+00
7.083865954208906635e-01 5.651301413557596334e+02 6.284930636431253603e+00
6.822508527179275140e-01 5.661821656167234096e+02 6.284930636431253603e+00
2.795522541173295572e+00 5.670428823483224505e+02 6.284930636431253603e+00
7.110199511695508567e-01 5.680772391289689267e+02 6.284930636431253603e+00
7.098707685517170463e-01 5.691947818775608994e+02 6.284930636431253603e+00
2.813844475742354856e+00 5.702157065006631456e+02 6.284930636431253603e+00
6.837493263683752653e-01 5.710877918017154116e+02 6.284930636431253603e+00
7.134837909546831725e-01 5.721282865066841623e+02 6.284930636431253603e+00
2.553718586986730266e+00 5.732726044016295646e+02 6.284930636431253603e+00
8.620745712005873918e-01 5.738795166784966568e+02 6.284930636431253603e+00
8.338557028779159941e-01 5.751192530276863408e+02 6.284930636431253603e+00
2.230377569107497404e+00 5.764334172842530961e+02 6.284930636431253603e+00
8.274888760244225594e-01 5.769875594384197939e+02 6.284930636431253603e+00
6.873989995330107572e-01 5.782357431257466942e+02 6.284930636431253603e+00
1.829662776750085929e+00 5.794918032171325422e+02 6.284930636431253603e+00
1.146798847826946632e+00 5.799315190558569384e+02 6.284930636431253603e+00
8.764456382424483660e-01 5.812627504372517251e+02 6.284930636431253603e+00
1.640070434962733303e+00 5.826258996253800433e+02 6.284930636431253603e+00
1.166769690463070885e+00 5.830425332657447370e+02 6.284930636431253603e+00
6.579527975381669336e-01 5.843566326386273886e+02 6.284930636431253603e+00
1.271811628139396744e+00 5.856673302814934914e+02 6.284930636431253603e+00
1.520886874099967478e+00 5.860741316055406287e+02 6.284930636431253603e+00
8.736636664123105245e-01 5.874352847153063522e+02 6.284930636431253603e+00
1.214401645982502664e+00 5.887765293509737603e+02 6.284930636431253603e+00
1.682523772401999906e+00 5.891996531244524249e+02 6.284930636431253603e+00
6.731729043443698268e-01 5.904714336232683536e+02 6.284930636431253603e+00
8.868584682240566730e-01 5.917501238623724475e+02 6.284930636431253603e+00
2.065459600903297499e+00 5.922577896078835238e+02 6.284930636431253603e+00
8.442223183932715536e-01 5.935900401598244116e+02 6.284930636431253603e+00
9.129301768122831673e-01 5.948551120698679142e+02 6.284930636431253603e+00
2.374719047108933445e+00 5.954119419943029925e+02 6.284930636431253603e+00
7.073286986492782757e-01 5.965865484048248391e+02 6.284930636431253603e+00
6.919874476138835329e-01 5.976828438355264552e+02 6.284930636431253603e+00
2.706875463863426479e+00 5.984704579874462524e+02 6.284930636431253603e+00
7.281697554588690835e-01 5.995918896614671212e+02 6.284930636431253603e+00
7.125353275902840400e-01 6.007189026787171997e+02 6.284930636431253603e+00
2.870719378557893720e+00 6.016423853457613404e+02 6.284930636431253603e+00
6.870228031773003563e-01 6.025844378517227824e+02 6.284930636431253603e+00
7.138939730743989465e-01 6.035848937227688111e+02 6.284930636431253603e+00
2.691193994874062856e+00 6.046977735991141572e+02 6.284930636431253603e+00
8.214524820897561863e-01 6.053549902742200857e+02 6.284930636431253603e+00
8.192825633905846949e-01 6.065705495218403485e+02 6.284930636431253603e+00
2.361153370891622583e+00 6.078624606910696002e+02 6.284930636431253603e+00
7.886113265004159878e-01 6.084588658221979358e+02 6.284930636431253603e+00
6.995083132097512646e-01 6.096762199875007582e+02 6.284930636431253603e+00
1.948663430130510132e+00 6.109199240621994704e+02 6.284930636431253603e+00
1.104718414991872955e+00 6.113742054847124336e+02 6.284930636431253603e+00
8.820643373696023248e-01 6.126975302033132493e+02 6.284930636431253603e+00
1.747667891611454527e+00 6.140616969826426157e+02 6.284930636431253603e+00
1.096961307821071818e+00 6.144906553360960970e+02 6.284930636431253603e+00
6.653555091816228950e-01 6.158019682709236804e+02 6.284930636431253603e+00
1.361964744724785126e+00 6.171068855214397217e+02 6.284930636431253603e+00
1.456120108193151852e+00 6.175098862870086123e+02 6.284930636431253603e+00
8.828670196711159157e-01 6.188716888522936870e+02 6.284930636431253603e+00
1.292497471180985791e+00 6.202229361929547622e+02 6.284930636431253603e+00
1.578574992025369994e+00 6.206340356074528017e+02 6.284930636431253603e+00
6.721292349767991059e-01 6.219188134865186157e+02 6.284930636431253603e+00
9.469411816938977378e-01 6.232116379123750676e+02 6.284930636431253603e+00
1.967465050479078714e+00 6.236885794739426956e+02 6.284930636431253603e+00
8.611616371915451484e-01 6.250357441569923367e+02 6.284930636431253603e+00
9.718408330143015750e-01 6.263226544864116931e+02 6.284930636431253603e+00
2.241612717166933333e+00 6.268393810453810602e+02 6.284930636431253603e+00
7.075964121249825878e-01 6.280393925591631614e+02 6.284930636431253603e+00
7.122633141524172817e-01 6.291746742999339403e+02 6.284930636431253603e+00
2.616261089046209243e+00 6.298975621060719732e+02 6.284930636431253603e+00
7.547242528106609116e-01 6.310862908606120527e+02 6.284930636431253603e+00
7.319638395068198689e-01 6.322343834582809450e+02 6.284930636431253603e+00
2.881559241287078965e+00 6.330677520701627827e+02 6.284930636431253603e+00
6.961094507920659868e-01 6.340691212830870427e+02 6.284930636431253603e+00
7.107624548173934187e-01 6.350438940180407599e+02 6.284930636431253603e+00
2.799859878258297741e+00 6.361219398521260473e+02 6.284930636431253603e+00
7.861689316996381960e-01 6.368345412527994540e+02 6.284930636431253603e+00
8.008522650504451557e-01 6.380255955161169368e+02 6.284930636431253603e+00
2.476406268866155447e+00 6.392894052062081300e+02 6.284930636431253603e+00
7.582462203829938296e-01 6.399290448541262322e+02 6.284930636431253603e+00
7.092256257308342526e-01 6.411143999693287014e+02 6.284930636431253603e+00
2.059574183669708347e+00 6.423460097586340680e+02 6.284930636431253603e+00
1.066514455006077444e+00 6.428163422020313646e+02 6.284930636431253603e+00
8.845342270042888533e-01 6.441307091007639656e+02 6.284930636431253603e+00
1.846136728315117548e+00 6.454937119783471644e+02 6.284930636431253603e+00
1.039481458790266988e+00 6.459376633294721159e+02 6.284930636431253603e+00
6.726173831193843489e-01 6.472428919226157404e+02 6.284930636431253603e+00
1.445386101606599194e+00 6.485414366344828068e+02 6.284930636431253603e+00
1.401937144033007066e+00 6.489440841734001424e+02 6.284930636431253603e+00
8.899781809515615594e-01 6.503049077589018907e+02 6.284930636431253603e+00
1.364830401006437155e+00 6.516634492228985209e+02 6.284930636431253603e+00
1.491341130687696026e+00 6.520678640926851131e+02 6.284930636431253603e+00
6.717489775413904018e-01 6.533621320466381803e+02 6.284930636431253603e+00
1.004774543784671348e+00 6.546638216718022250e+02 6.284930636431253603e+00
1.883648916499762072e+00 6.551183575330388749e+02 6.284930636431253603e+00
8.735385065505180124e-01 6.564750866767151365e+02 6.284930636431253603e+00
1.026312310301815467e+00 6.577788614019583520e+02 6.284930636431253603e+00
2.124091163700464691e+00 6.582662040521372546e+02 6.284930636431253603e+00
7.060748511493289969e-01 6.594855263415876152e+02 6.284930636431253603e+00
7.376703685630019436e-01 6.606545442262938650e+02 6.284930636431253603e+00
2.523644722426464426e+00 6.613238947214400696e+02 6.284930636431253603e+00
7.812187627534582512e-01 6.625607036987541960e+02 6.284930636431253603e+00
7.607030187880817751e-01 6.637338079878130657e+02 6.284930636431253603e+00
2.841420160418394847e+00 6.644920633252518201e+02 6.284930636431253603e+00
7.048536759740251512e-01 6.655409736228752990e+02 6.284930636431253603e+00
7.028211676424529486e-01 6.665100328101759715e+02 6.284930636431253603e+00
2.867343457229680315e+00 6.675460362476279670e+02 6.284930636431253603e+00
7.529746025880854621e-01 6.683253390930539126e+02 6.284930636431253603e+00
7.758573763764997633e-01 6.694906521988226586e+02 6.284930636431253603e+00
2.572823844061157939e+00 6.707154976060521676e+02 6.284930636431253603e+00
7.310066512606893108e-01 6.714030390477691981e+02 6.284930636431253603e+00
7.133076715959910663e-01 6.725561321956211032e+02 6.284930636431253603e+00
2.171389495218800203e+00 6.737722987798747454e+02 6.284930636431253603e+00
1.018368649463641473e+00 6.742653289495502804e+02 6.284930636431253603e+00
8.776706100081586026e-01 6.755663763564406281e+02 6.284930636431253603e+00
1.931870895196330817e+00 6.769234926007084141e+02 6.284930636431253603e+00
9.841589321174928351e-01 6.773862143696055682e+02 6.284930636431253603e+00
6.756218663052085960e-01 6.786836996521367382e+02 6.284930636431253603e+00
1.527666241784447543e+00 6.799746642334666831e+02 6.284930636431253603e+00
1.339503495595869120e+00 6.803808706882762181e+02 6.284930636431253603e+00
8.887073282209784209e-01 6.817371287654211756e+02 6.284930636431253603e+00
1.424432522595648898e+00 6.830990474334931832e+02 6.284930636431253603e+00
1.410047320316466957e+00 6.835014644397039092e+02 6.284930636431253603e+00
6.675229311972079582e-01 6.848028516077173435e+02 6.284930636431253603e+00
1.060516257416817210e+00 6.861113189173682940e+02 6.284930636431253603e+00
1.794602190852546686e+00 6.865488947104358886e+02 6.284930636431253603e+00
8.767274695391157335e-01 6.879097290035859942e+02 6.284930636431253603e+00
1.069647047255368966e+00 6.892250523120823118e+02 6.284930636431253603e+00
2.013885074936865305e+00 6.896922374552788142e+02 6.284930636431253603e+00
6.995171759378631116e-01 6.909257754502928037e+02 6.284930636431253603e+00
7.654321529479715114e-01 6.921267567436627814e+02 6.284930636431253603e+00
2.417732411931905911e+00 6.927502938807293731e+02 6.284930636431253603e+00
8.021446734283631530e-01 6.940210240360681837e+02 6.284930636431253603e+00
7.926424226813916230e-01 6.952187517421374423e+02 6.284930636431253603e+00
2.755384191630607216e+00 6.959159498666414265e+02 6.284930636431253603e+00
7.095718869842406740e-01 6.970031637875131310e+02 6.284930636431253603e+00
6.920030331502815546e-01 6.979875967489713275e+02 6.284930636431253603e+00
2.885309812985846989e+00 6.989708333309529280e+02 6.284930636431253603e+00
7.249891310671101596e-01 6.998324263023500862e+02 6.284930636431253603e+00
7.467251196369327770e-01 7.009726537948979512e+02 6.284930636431253603e+00
2.660570944480129540e+00 7.021420250251595689e+02 6.284930636431253603e+00
7.064327447375291502e-01 7.028871677132508466e+02 6.284930636431253603e+00
7.132204873427656633e-01 7.040047237320328577e+02 6.284930636431253603e+00
2.295814372443554685e+00 7.051995716273580683e+02 6.284930636431253603e+00
9.598680566606977438e-01 7.057256816925174689e+02 6.284930636431253603e+00
8.627111949864247897e-01 7.070077807768464027e+02 6.284930636431253603e+00
2.019883017324911378e+00 7.083534258074647596e+02 6.284930636431253603e+00
9.254291667250313935e-01 7.088415872258060517e+02 6.284930636431253603e+00
6.762326788636462416e-01 7.101281689006224269e+02 6.284930636431253603e+00
1.621198379484863894e+00 7.114086493810737011e+02 6.284930636431253603e+00
1.265203824814033373e+00 7.118233693196978038e+02 6.284930636431253603e+00
8.811167469463910829e-01 7.131714675875209650e+02 6.284930636431253603e+00
1.483274644919802876e+00 7.145339318035269116e+02 6.284930636431253603e+00
1.323977843630002926e+00 7.149379795958485602e+02 6.284930636431253603e+00
6.603890856412342192e-01 7.162456998601392115e+02 6.284930636431253603e+00
1.122904695053754232e+00 7.175588468985774853e+02 6.284930636431253603e+00
1.692647113055874897e+00 7.179825049381629469e+02 6.284930636431253603e+00
8.729758834189781380e-01 7.193437895946914296e+02 6.284930636431253603e+00
1.108864201470127098e+00 7.206677976160657408e+02 6.284930636431253603e+00
1.899109304850699731e+00 7.211190512098690988e+02 6.284930636431253603e+00
6.884837005591064596e-01 7.223651315455518898e+02 6.284930636431253603e+00
7.985497134704363509e-01 7.235978972197618759e+02 6.284930636431253603e+00
2.293006746130282103e+00 7.241781947767580050e+02 6.284930636431253603e+00
8.175332924579928884e-01 7.254744371368169595e+02 6.284930636431253603e+00
8.276285794602005197e-01 7.266960664501292513e+02 6.284930636431253603e+00
2.633113424113488144e+00 7.273403056111553724e+02 6.284930636431253603e+00
7.098078040954731716e-01 7.284606004909057901e+02 6.284930636431253603e+00
6.832837425272537679e-01 7.294783814437158753e+02 6.284930636431253603e+00
2.851782406150377369e+00 7.303968330478594453e+02 6.284930636431253603e+00
7.098060180449395906e-01 7.313537683181981492e+02 6.284930636431253603e+00
7.210902638948837318e-01 7.324757185249085296e+02 6.284930636431253603e+00
2.748643206328129640e+00 7.335693677304013818e+02 6.284930636431253603e+00
6.891156816760769521e-01 7.343830800167069128e+02 6.284930636431253603e+00
7.128012005475876656e-01 7.354590526124549115e+02 6.284930636431253603e+00
2.436633628635508142e+00 7.366270164613621318e+02 6.284930636431253603e+00
9.015843402631373849e-01 7.371959426575022007e+02 6.284930636431253603e+00
8.458026040100709020e-01 7.384549882899221984e+02 6.284930636431253603e+00
2.128662137710263025e+00 7.397844319882567561e+02 6.284930636431253603e+00
8.672479111910083027e-01 7.403066947041476169e+02 6.284930636431253603e+00
6.800380053118889601e-01 7.415753450861499232e+02 6.284930636431253603e+00
1.732942822486452927e+00 7.428423871738108346e+02 6.284930636431253603e+00
1.192591132227908801e+00 7.432702586198273593e+02 6.284930636431253603e+00
8.755010037235557707e-01 7.446086495634523317e+02 6.284930636431253603e+00
1.561116232389124558e+00 7.459711465971944335e+02 6.284930636431253603e+00
1.233511035594153205e+00 7.463805281282291162e+02 6.284930636431253603e+00
6.561255131805296958e-01 7.476932968536223143e+02 6.284930636431253603e+00
1.200738499370282764e+00 7.490069173574698880e+02 6.284930636431253603e+00
1.589656571532397145e+00 7.494195856330408105e+02 6.284930636431253603e+00
8.704205310299144571e-01 7.507804750865751657e+02 6.284930636431253603e+00
1.159925743111614782e+00 7.521135545058426715e+02 6.284930636431253603e+00
1.776829191991284862e+00 7.525489115413030277e+02 6.284930636431253603e+00
6.778436045877249683e-01 7.538089339981918329e+02 6.284930636431253603e+00
8.429297566206590542e-01 7.550703543689027128e+02 6.284930636431253603e+00
2.160703035637906222e+00 7.556083785326409270e+02 6.284930636431253603e+00
8.315299995359596297e-01 7.569259076894785494e+02 6.284930636431253603e+00
8.707100558271577695e-01 7.581718088868296945e+02 6.284930636431253603e+00
2.489713492226680369e+00 7.587659949836764781e+02 6.284930636431253603e+00
7.080306225812630361e-01 7.599173464192216443e+02 6.284930636431253603e+00
6.832195556723439367e-01 7.609787045481141377e+02 6.284930636431253603e+00
2.778091735916359717e+00 7.618240247409028143e+02 6.284930636431253603e+00
7.133083992068145474e-01 7.628777273207192593e+02 6.284930636431253603e+00
7.088268195047586762e-01 7.639959145042627142e+02 6.284930636431253603e+00
2.828616218859273168e+00 7.649967717361483892e+02 6.284930636431253603e+00
6.836236793448522420e-01 7.658839355228088834e+02 6.284930636431253603e+00
7.137066854697121654e-01 7.669154149596002981e+02 6.284930636431253603e+00
2.583680948446990477e+00 7.680533811300398384e+02 6.284930636431253603e+00
8.529420406699534940e-01 7.686704890579269431e+02 6.284930636431253603e+00
8.309164503474512076e-01 7.699051975801407934e+02 6.284930636431253603e+00
2.257884762777027543e+00 7.712150674824915768e+02 6.284930636431253603e+00
8.184566638488544044e-01 7.717778759457428350e+02 6.284930636431253603e+00
6.898073253169179075e-01 7.730199909447829896e+02 6.284930636431253603e+00
1.854910081683809109e+00 7.742733478692157405e+02 6.284930636431253603e+00
1.136929283515920819e+00 7.747161244280079018e+02 6.284930636431253603e+00
8.774092111414111272e-01 7.760456506975639286e+02 6.284930636431253603e+00
1.662222442755856733e+00 7.774090466605963456e+02 6.284930636431253603e+00
1.150953301314455723e+00 7.778279785776654762e+02 6.284930636431253603e+00
6.591657115536716516e-01 7.791418917471231680e+02 6.284930636431253603e+00
1.290791549782869918e+00 7.804515041743522943e+02 6.284930636431253603e+00
1.505660537380742792e+00 7.808572123350548964e+02 6.284930636431253603e+00
8.752848675922111354e-01 7.822185157148479675e+02 6.284930636431253603e+00
1.230180666932974010e+00 7.835619303723213989e+02 6.284930636431253603e+00
1.659444775162653540e+00 7.839821703220644622e+02 6.284930636431253603e+00
6.726097364807551715e-01 7.852568915337855060e+02 6.284930636431253603e+00
8.991363039158345449e-01 7.865391431528825024e+02 6.284930636431253603e+00
2.043204594064095936e+00 7.870397037366933546e+02 6.284930636431253603e+00
8.477688781709823429e-01 7.883754182501005516e+02 6.284930636431253603e+00
9.248819935446689344e-01 7.896453068356348695e+02 6.284930636431253603e+00
2.345847621004406136e+00 7.901930632810557427e+02 6.284930636431253603e+00
7.073350174107286836e-01 7.913733628302231864e+02 6.284930636431253603e+00
6.954824278339990506e-01 7.924782559503128141e+02 6.284930636431253603e+00
2.687988460876960861e+00 7.932515806165123422e+02 6.284930636431253603e+00
7.332328608276315052e-01 7.943886525845329061e+02 6.284930636431253603e+00
7.153869246313546704e-01 7.955193456513343335e+02 6.284930636431253603e+00
2.877112198305892488e+00 7.964231901128092659e+02 6.284930636431253603e+00
6.886510893612015627e-01 7.973785042778069965e+02 6.284930636431253603e+00
7.136222364177498001e-01 7.983722120389602424e+02 6.284930636431253603e+00
2.716526244654617006e+00 7.994782746600908467e+02 6.284930636431253603e+00
8.139011938924173295e-01 8.001463475388769666e+02 6.284930636431253603e+00
8.159352429908087734e-01 8.013569104013685092e+02 6.284930636431253603e+00
2.386655567584118565e+00 8.026436275422661311e+02 6.284930636431253603e+00
7.818481600062959780e-01 8.032488380643209211e+02 6.284930636431253603e+00
7.018892033573862488e-01 8.044595631718019604e+02 6.284930636431253603e+00
1.972133687423151871e+00 8.057008537445728962e+02 6.284930636431253603e+00
1.097083798462150650e+00 8.061581818339532219e+02 6.284930636431253603e+00
8.831264660231384900e-01 8.074798579930222786e+02 6.284930636431253603e+00
1.769216753955460186e+00 8.088440616236572396e+02 6.284930636431253603e+00
1.084381712822638733e+00 8.092759040933972301e+02 6.284930636431253603e+00
6.670778623177876510e-01 8.105861446862870707e+02 6.284930636431253603e+00
1.379781590758000442e+00 8.118897768663731540e+02 6.284930636431253603e+00
1.444761773703948649e+00 8.122924266161767264e+02 6.284930636431253603e+00
8.848072449901616121e-01 8.136542412227868226e+02 6.284930636431253603e+00
1.308421715885693670e+00 8.150072905137542421e+02 6.284930636431253603e+00
1.559414901357456085e+00 8.154165664122132284e+02 6.284930636431253603e+00
6.721963335091170055e-01 8.167035890737491854e+02 6.284930636431253603e+00
9.592379358045137749e-01 8.179985398959094027e+02 6.284930636431253603e+00
1.949627066115588558e+00 8.184702407121748138e+02 6.284930636431253603e+00
8.643163916386761292e-01 8.198198524054826066e+02 6.284930636431253603e+00
9.838471143384978079e-01 8.211107133347053377e+02 6.284930636431253603e+00
2.216171253084689319e+00 8.216204589954838866e+02 6.284930636431253603e+00
7.075661512366274719e-01 8.228249792762748029e+02 6.284930636431253603e+00
7.172641914322389622e-01 8.239675656152120382e+02 6.284930636431253603e+00
2.597593044569070919e+00 8.246785099133127233e+02 6.284930636431253603e+00
7.604682945454629417e-01 8.258786244838584025e+02 6.284930636431253603e+00
7.374079451772003191e-01 8.270317773040990232e+02 6.284930636431253603e+00
2.877370568346434787e+00 8.278483005192342716e+02 6.284930636431253603e+00
6.981126770059110642e-01 8.288604204037194449e+02 6.284930636431253603e+00
7.094995181658068084e-01 8.298322743519056530e+02 6.284930636431253603e+00
2.817521380149052845e+00 8.309023504886791898e+02 6.284930636431253603e+00
7.791279638011265885e-01 8.316276116041822206e+02 6.284930636431253603e+00
7.962262869584599834e-01 8.328134402452600398e+02 6.284930636431253603e+00
2.497683673876654797e+00 8.340702721248549096e+02 6.284930636431253603e+00
7.524632050490206447e-01 8.347192554857548430e+02 6.284930636431253603e+00
7.105500017497060616e-01 8.358980192740200437e+02 6.284930636431253603e+00
2.082191550873898400e+00 8.371268267181470719e+02 6.284930636431253603e+00
1.057616915122353562e+00 8.376011359660083144e+02 6.284930636431253603e+00
8.839561378217455356e-01 8.389131913076067804e+02 6.284930636431253603e+00
1.864644741633237013e+00 8.402754228534502090e+02 6.284930636431253603e+00
1.028170229231335719e+00 8.407228659642503317e+02 6.284930636431253603e+00
6.736198508494157799e-01 8.420266239621303157e+02 6.284930636431253603e+00
1.462113217942670795e+00 8.433237566278795612e+02 6.284930636431253603e+00
1.390123053873917547e+00 8.437267829605052611e+02 6.284930636431253603e+00
8.904741475775701520e-01 8.450869931271315636e+02 6.284930636431253603e+00
1.378080592266525572e+00 8.464465522104304682e+02 6.284930636431253603e+00
1.474473266000753569e+00 8.468502121039470012e+02 6.284930636431253603e+00
6.712562338773830906e-01 8.481460819481991393e+02 6.284930636431253603e+00
1.016282970201846547e+00 8.494492924650768373e+02 6.284930636431253603e+00
1.866190071020200181e+00 8.498999780641265716e+02 6.284930636431253603e+00
8.749980753484704055e-01 8.512579728720007779e+02 6.284930636431253603e+00
1.036182806420229863e+00 8.525645284084723698e+02 6.284930636431253603e+00
2.101100390007314189e+00 8.530470779030945323e+02 6.284930636431253603e+00
7.051858410131581767e-01 8.542696699219970924e+02 6.284930636431253603e+00
7.432080158310258033e-01 8.554453362106514760e+02 6.284930636431253603e+00
2.503194756446640579e+00 8.561047556435891011e+02 6.284930636431253603e+00
7.860855477184470752e-01 8.573495475793080232e+02 6.284930636431253603e+00
7.671555556057676473e-01 8.585278373242347243e+02 6.284930636431253603e+00
2.827120976706208211e+00 8.592724634190852839e+02 6.284930636431253603e+00
7.062242157442597534e-01 8.603299327825641285e+02 6.284930636431253603e+00
7.006966498285899236e-01 8.613004808357699176e+02 6.284930636431253603e+00
2.875321548674348193e+00 8.623265373805925265e+02 6.284930636431253603e+00
7.465438917799517293e-01 8.631215405090296144e+02 6.284930636431253603e+00
7.699867537081896973e-01 8.642814700896636850e+02 6.284930636431253603e+00
2.591252253739561251e+00 8.654963692456632316e+02 6.284930636431253603e+00
7.256086679946303075e-01 8.661949002673989071e+02 6.284930636431253603e+00
7.135122332622008123e-01 8.673410430870851542e+02 6.284930636431253603e+00
2.195800348423500026e+00 8.685533180362490384e+02 6.284930636431253603e+00
1.006864116031393142e+00 8.690522863144074108e+02 6.284930636431253603e+00
8.750690022039513405e-01 8.703498626983360964e+02 6.284930636431253603e+00
1.949178336453052829e+00 8.717050563193256494e+02 6.284930636431253603e+00
9.723038352509294491e-01 8.721723898234241688e+02 6.284930636431253603e+00
6.757790902286663348e-01 8.734679920599950265e+02 6.284930636431253603e+00
1.545696604233291582e+00 8.747570703883463921e+02 6.284930636431253603e+00
1.324855545212476393e+00 8.751646070815271514e+02 6.284930636431253603e+00
8.874277286276798238e-01 8.765194281527052453e+02 6.284930636431253603e+00
1.435984397142114233e+00 8.778816199059275505e+02 6.284930636431253603e+00
1.392846737176681060e+00 8.782840957246252174e+02 6.284930636431253603e+00
6.661397807676593397e-01 8.795868305542871894e+02 6.284930636431253603e+00
1.072503247133501425e+00 8.808964978321484978e+02 6.284930636431253603e+00
1.774459293351641209e+00 8.813309868653054764e+02 6.284930636431253603e+00
8.763042550823449961e-01 8.826921236445585919e+02 6.284930636431253603e+00
1.077609972539863792e+00 8.840093604943223227e+02 6.284930636431253603e+00
1.990843380790914940e+00 8.844730905268712604e+02 6.284930636431253603e+00
6.974927776217173525e-01 8.857092280971464788e+02 6.284930636431253603e+00
7.716476184713177977e-01 8.869168252116821805e+02 6.284930636431253603e+00
2.393389753653343721e+00 8.875313457520242082e+02 6.284930636431253603e+00
8.056849920469532078e-01 8.888078672602492816e+02 6.284930636431253603e+00
7.995100069854789160e-01 8.900105591883152556e+02 6.284930636431253603e+00
2.732676159603663280e+00 8.906963662554600205e+02 6.284930636431253603e+00
7.099434937937438850e-01 8.917907139022120191e+02 6.284930636431253603e+00
6.898162587526548428e-01 8.927807546218815560e+02 6.284930636431253603e+00
2.882467925320028268e+00 8.937515523358094924e+02 6.284930636431253603e+00
7.205279752865086929e-01 8.946320459621705368e+02 6.284930636431253603e+00
7.408106425529897843e-01 8.957676640225109850e+02 6.284930636431253603e+00
2.678703608091060229e+00 8.969230739404283668e+02 6.284930636431253603e+00
7.020571539953377460e-01 8.976815821103524513e+02 6.284930636431253603e+00
7.130451461771655230e-01 8.987910502347267538e+02 6.284930636431253603e+00
2.323701755586214723e+00 8.999807290110217082e+02 6.284930636431253603e+00
9.473806299743223747e-01 9.005150074742955439e+02 6.284930636431253603e+00
8.591627698184325368e-01 9.017925852400363738e+02 6.284930636431253603e+00
2.040291419103968718e+00 9.031352185640379275e+02 6.284930636431253603e+00
9.130614248043587011e-01 9.036297194019746257e+02 6.284930636431253603e+00
6.765784307471044423e-01 9.049132937754511659e+02 6.284930636431253603e+00
1.642833495874000960e+00 9.061911800839786792e+02 6.284930636431253603e+00
1.249425222934817059e+00 9.066083002548650711e+02 6.284930636431253603e+00
8.795017829990761093e-01 9.079544279356250627e+02 6.284930636431253603e+00
1.497305149765458365e+00 9.093168679585045311e+02 6.284930636431253603e+00
1.305332009887702371e+00 9.097216893752387250e+02 6.284930636431253603e+00
6.590528306509111367e-01 9.110306302991543816e+02 6.284930636431253603e+00
1.137603187656284431e+00 9.123442832477098818e+02 6.284930636431253603e+00
1.670740509179369893e+00 9.127653901686779818e+02 6.284930636431253603e+00
8.720502122549500523e-01 9.141265764868173846e+02 6.284930636431253603e+00
1.117955843646609493e+00 9.154523489566822718e+02 6.284930636431253603e+00
1.874216430828054669e+00 9.159003706640032760e+02 6.284930636431253603e+00
6.860439922338102958e-01 9.171491720885126142e+02 6.284930636431253603e+00
8.066480901078737498e-01 9.183882936154994923e+02 6.284930636431253603e+00
2.265562551864247709e+00 9.189597067194800957e+02 6.284930636431253603e+00
8.203748889856355975e-01 9.202606127637116060e+02 6.284930636431253603e+00
8.356812295471830465e-01 9.214872130021226440e+02 6.284930636431253603e+00
2.604544271141494338e+00 9.221209408564839123e+02 6.284930636431253603e+00
7.094871781228021534e-01 9.232477699711180321e+02 6.284930636431253603e+00
6.823568936304600374e-01 9.242740631635433601e+02 6.284930636431253603e+00
2.839155621429632070e+00 9.251778253438372985e+02 6.284930636431253603e+00
7.089270485792603660e-01 9.261551815996856476e+02 6.284930636431253603e+00
7.171592477738184535e-01 9.272749646221268449e+02 6.284930636431253603e+00
2.766527049720229225e+00 9.283505204812770444e+02 6.284930636431253603e+00
6.869449765277129138e-01 9.291793570596206564e+02 6.284930636431253603e+00
7.129076969669932984e-01 9.302461103550166399e+02 6.284930636431253603e+00
2.467142616037480529e+00 9.314080403597247368e+02 6.284930636431253603e+00
8.905828143565730493e-01 9.319866516869492443e+02 6.284930636431253603e+00
8.425408433838276201e-01 9.332406831848292086e+02 6.284930636431253603e+00
2.154218950671907162e+00 9.345663235618939098e+02 6.284930636431253603e+00
8.561432178077504895e-01 9.350966034741472868e+02 6.284930636431253603e+00
6.816018635257983238e-01 9.363604174964466438e+02 6.284930636431253603e+00
1.757863490409681928e+00 9.376245386649646889e+02 6.284930636431253603e+00
1.179410240582286828e+00 9.380554710131633556e+02 6.284930636431253603e+00
8.752569698023126010e-01 9.393919047536463722e+02 6.284930636431253603e+00
1.580460084387769193e+00 9.407545104374980838e+02 6.284930636431253603e+00
1.215324850150622416e+00 9.411655264198026316e+02 6.284930636431253603e+00
6.561236884324624929e-01 9.424789371255377546e+02 6.284930636431253603e+00
1.218755379222860036e+00 9.437920352407383007e+02 6.284930636431253603e+00
1.570211811159287318e+00 9.442029121246338264e+02 6.284930636431253603e+00
8.707596776155578366e-01 9.455638092553427896e+02 6.284930636431253603e+00
1.172999092281310496e+00 9.468989572589853196e+02 6.284930636431253603e+00
1.751581104321195070e+00 9.473310100376135097e+02 6.284930636431253603e+00
6.762300563639506157e-01 9.485941103057829196e+02 6.284930636431253603e+00
8.537533322743628972e-01 9.498605839735646441e+02 6.284930636431253603e+00
2.134518216922035805e+00 9.503902861075790724e+02 6.284930636431253603e+00
8.346673057856818234e-01 9.517118502934707749e+02 6.284930636431253603e+00
8.810581193924388321e-01 9.529628083214577146e+02 6.284930636431253603e+00
2.459322308839185123e+00 9.535469527054262926e+02 6.284930636431253603e+00
7.077343516708486382e-01 9.547045356390864299e+02 6.284930636431253603e+00
6.847429456583360441e-01 9.557752075472459410e+02 6.284930636431253603e+00
2.759990011735445226e+00 9.566051836106722703e+02 6.284930636431253603e+00
7.163260944819012099e-01 9.576776243107686923e+02 6.284930636431253603e+00
7.086241638695145451e-01 9.587971859002326482e+02 6.284930636431253603e+00
2.842006701183155126e+00 9.597777915864612623e+02 6.284930636431253603e+00
6.839663932985230455e-01 9.606797879789760373e+02 6.284930636431253603e+00
7.138889847866177751e-01 9.617025441353465567e+02 6.284930636431253603e+00
2.613018276407589990e+00 9.628340908363977633e+02 6.284930636431253603e+00
8.442399166599577898e-01 9.634614883711457196e+02 6.284930636431253603e+00
8.279819157032911603e-01 9.646911869240863098e+02 6.284930636431253603e+00
2.285350963522740031e+00 9.659966206591112723e+02 6.284930636431253603e+00
8.099775919157506943e-01 9.665681565664968957e+02 6.284930636431253603e+00
6.923216538200679393e-01 9.678039939848481481e+02 6.284930636431253603e+00
1.879897673543204029e+00 9.690547339536338995e+02 6.284930636431253603e+00
1.127793887634910730e+00 9.695005347509497824e+02 6.284930636431253603e+00
8.785547066950895045e-01 9.708284115545800432e+02 6.284930636431253603e+00
1.684621525338824366e+00 9.721920571982052479e+02 6.284930636431253603e+00
1.135879458020642829e+00 9.726134305159868063e+02 6.284930636431253603e+00
6.606018259586036168e-01 9.739269381502010674e+02 6.284930636431253603e+00
1.309690065026821948e+00 9.752353869329735971e+02 6.284930636431253603e+00
1.491509160530673395e+00 9.756401699951464934e+02 6.284930636431253603e+00
8.771280007380669597e-01 9.770016334464569354e+02 6.284930636431253603e+00
1.246320853137117046e+00 9.783471892344196021e+02 6.284930636431253603e+00
1.637171756559524294e+00 9.787647341733828625e+02 6.284930636431253603e+00
6.722720937596489144e-01 9.800422830636916842e+02 6.284930636431253603e+00
9.115752848428223531e-01 9.813277321458828055e+02 6.284930636431253603e+00
2.022067985303516391e+00 9.818215757240003541e+02 6.284930636431253603e+00
8.513461308851276721e-01 9.831605701630151088e+02 6.284930636431253603e+00
9.370604486637660324e-01 9.844351441724846836e+02 6.284930636431253603e+00
2.317639521547111059e+00 9.849741987755694481e+02 6.284930636431253603e+00
7.073950194570034489e-01 9.861599835196429922e+02 6.284930636431253603e+00
6.993940022136219126e-01 9.872731960383175647e+02 6.284930636431253603e+00
2.669171888822652772e+00 9.880326725698637347e+02 6.284930636431253603e+00
7.386057100785596852e-01 9.891844820074136351e+02 6.284930636431253603e+00
7.189153560733982928e-01 9.903192814663881336e+02 6.284930636431253603e+00
2.881385690047760573e+00 9.912039365043984844e+02 6.284930636431253603e+00
6.904659090883519257e-01 9.921720045878571455e+02 6.284930636431253603e+00
7.131683383819032995e-01 9.931596630168917272e+02 6.284930636431253603e+00
2.740471290367343382e+00 9.942587400394995711e+02 6.284930636431253603e+00
8.065182583377628056e-01 9.949379243428006703e+02 6.284930636431253603e+00
8.123745553004532161e-01 9.961434652172233655e+02 6.284930636431253603e+00
2.411328336512978510e+00 9.974247082000126738e+02 6.284930636431253603e+00
7.753906299045681960e-01 9.980387634441076443e+02 6.284930636431253603e+00
7.041095042374125867e-01 9.992428534820165851e+02 6.284930636431253603e+00
1.995245943457554905e+00 1.000481718066973258e+03 6.284930636431253603e+00
1.089447442237694297e+00 1.000942187690544756e+03 6.284930636431253603e+00
8.839633791024867904e-01 1.002262140439010750e+03 6.284930636431253603e+00
1.790199382336856937e+00 1.003626260163788743e+03 6.284930636431253603e+00
1.072259033924972016e+00 1.004061092320788589e+03 6.284930636431253603e+00
6.687281265951232623e-01 1.005370144601895845e+03 6.284930636431253603e+00
1.397260161558426361e+00 1.006672479489917578e+03 6.284930636431253603e+00
1.433667892967150026e+00 1.007074919700429632e+03 6.284930636431253603e+00
8.865676091008013460e-01 1.008436653859612420e+03 6.284930636431253603e+00
1.323926381587860801e+00 1.009791365111055143e+03 6.284930636431253603e+00
1.540933819301961050e+00 1.010199053958001514e+03 6.284930636431253603e+00
6.722335801654090170e-01 1.011488163741390053e+03 6.284930636431253603e+00
9.713675091273408224e-01 1.012785056623449577e+03 6.284930636431253603e+00
1.932237128724523467e+00 1.013251859694516725e+03 6.284930636431253603e+00
8.672098214836109209e-01 1.014603677038933711e+03 6.284930636431253603e+00
