7.621290000000000564e-01 0.000000000000000000e+00 0.000000000000000000e+00
1.261264829493989659e+00 1.293591875366598476e+00 6.284930636431253603e+00
1.875210899616708726e+00 1.694673710391047194e+00 6.284930636431253603e+00
1.033106721834523567e+00 3.106871929667731624e+00 6.284930636431253603e+00
1.480822584999304414e+00 4.498887565762683671e+00 6.284930636431253603e+00
1.697312392986631835e+00 4.886187263524010227e+00 6.284930636431253603e+00
7.680252467208824596e-01 6.172562540312192425e+00 6.284930636431253603e+00
9.377465287990457421e-01 7.408689597752993627e+00 6.284930636431253603e+00
2.341542771414339974e+00 7.911779953555512002e+00 6.284930636431253603e+00
9.602535743409550406e-01 9.291028078786743194e+00 6.284930636431253603e+00
1.066412415823960735e+00 1.060164471634547922e+01 6.284930636431253603e+00
2.429028218131756844e+00 1.108843826748791273e+01 6.284930636431253603e+00
7.782180834747615128e-01 1.230289341081332033e+01 6.284930636431253603e+00
7.190085277721829371e-01 1.332673019266430359e+01 6.284930636431253603e+00
2.966859223583834915e+00 1.413003754271303514e+01 6.284930636431253603e+00
7.522283268532929945e-01 1.524708068020189877e+01 6.284930636431253603e+00
7.333404222088075741e-01 1.636665093325705556e+01 6.284930636431253603e+00
3.114617176692488165e+00 1.730447832489762305e+01 6.284930636431253603e+00
7.181100818908654482e-01 1.823474840598515101e+01 6.284930636431253603e+00
7.865721108482855994e-01 1.916151877062527120e+01 6.284930636431253603e+00
2.699872234330877863e+00 2.034409926112087774e+01 6.284930636431253603e+00
9.878039584942936990e-01 2.087993219448904725e+01 6.284930636431253603e+00
9.469027678354235977e-01 2.216051485367515994e+01 6.284930636431253603e+00
2.569559632088432632e+00 2.352276397907888850e+01 6.284930636431253603e+00
8.767663198748331110e-01 2.407661544154447952e+01 6.284930636431253603e+00
7.992780829874610582e-01 2.526463759953475829e+01 6.284930636431253603e+00
1.831129757977450367e+00 2.654456469228559357e+01 6.284930636431253603e+00
1.457419241409572797e+00 2.693208963941868461e+01 6.284930636431253603e+00
1.065936494791961175e+00 2.832543008458272382e+01 6.284930636431253603e+00
2.092461992635389123e+00 2.974879974808801464e+01 6.284930636431253603e+00
1.161700345946541590e+00 3.016954529385292361e+01 6.284930636431253603e+00
7.895088191890761165e-01 3.144609411974672852e+01 6.284930636431253603e+00
1.377716730458574457e+00 3.273829886358647201e+01 6.284930636431253603e+00
1.832792920074316489e+00 3.312501502833190870e+01 6.284930636431253603e+00
1.080401821482015023e+00 3.454737806697796287e+01 6.284930636431253603e+00
1.700231508923659263e+00 3.596377658716944836e+01 6.284930636431253603e+00
1.509566805140249102e+00 3.634344604268655843e+01 6.284930636431253603e+00
7.865157199107838393e-01 3.763686909605369380e+01 6.284930636431253603e+00
1.058742620272907109e+00 3.889703628069997166e+01 6.284930636431253603e+00
2.215558438800692365e+00 3.934806927169266544e+01 6.284930636431253603e+00
1.029445059598200762e+00 4.075874938845900175e+01 6.284930636431253603e+00
1.281080370906817478e+00 4.212281685680902399e+01 6.284930636431253603e+00
2.079563575648234242e+00 4.253875235292795765e+01 6.284930636431253603e+00
7.929917712640263128e-01 4.379801979716184945e+01 6.284930636431253603e+00
7.862960091144557406e-01 4.492137204877576551e+01 6.284930636431253603e+00
2.761914637386454707e+00 4.557117969670807156e+01 6.284930636431253603e+00
8.541636516309312199e-01 4.685518711499103262e+01 6.284930636431253603e+00
8.248803319431828873e-01 4.805311087034548478e+01 6.284930636431253603e+00
3.055222972256142366e+00 4.874460296969990480e+01 6.284930636431253603e+00
7.538531534962484848e-01 4.982700718571427956e+01 6.284930636431253603e+00
7.595298198038781257e-01 5.068678701417619692e+01 6.284930636431253603e+00
3.036287544514492343e+00 5.178389290467373485e+01 6.284930636431253603e+00
8.436704689183173178e-01 5.245231534373408522e+01 6.284930636431253603e+00
8.697162583664319602e-01 5.366093865880875313e+01 6.284930636431253603e+00
2.767184026377310424e+00 5.495834691528862237e+01 6.284930636431253603e+00
7.974754724650091608e-01 5.559777815178332361e+01 6.284930636431253603e+00
8.035207673926001437e-01 5.672281260203252629e+01 6.284930636431253603e+00
2.047513173184018154e+00 5.798717025851519935e+01 6.284930636431253603e+00
1.322282750088657366e+00 5.839482787843144962e+01 6.284930636431253603e+00
1.046839890448509225e+00 5.976709294259008942e+01 6.284930636431253603e+00
2.238145466065877276e+00 6.118363933202213900e+01 6.284930636431253603e+00
1.066657278952311438e+00 6.163312668710964459e+01 6.284930636431253603e+00
7.947644850264795613e-01 6.289138304196460894e+01 6.284930636431253603e+00
1.499362524784229489e+00 6.418396026410238164e+01 6.284930636431253603e+00
1.725780624244742656e+00 6.456319429692784695e+01 6.284930636431253603e+00
1.087185435200351824e+00 6.598212355257609829e+01 6.284930636431253603e+00
1.837293756750695728e+00 6.740626793541582629e+01 6.284930636431253603e+00
1.380575658610792456e+00 6.779252886471856243e+01 6.284930636431253603e+00
7.890875783678592548e-01 6.908498026155020000e+01 6.284930636431253603e+00
1.159159125830129256e+00 7.036124807814202597e+01 6.284930636431253603e+00
2.086689692482370351e+00 7.078245975526792222e+01 6.284930636431253603e+00
1.058678290357765839e+00 7.220350158513883798e+01 6.284930636431253603e+00
1.435493693395639259e+00 7.359351301386229238e+01 6.284930636431253603e+00
1.845148508959226774e+00 7.398358232608310914e+01 6.284930636431253603e+00
7.923820813605120250e-01 7.526202743861831834e+01 6.284930636431253603e+00
8.696748739724089461e-01 7.645080951160265670e+01 6.284930636431253603e+00
2.558478332607020622e+00 7.700796174597094534e+01 6.284930636431253603e+00
9.353683692806764594e-01 7.836394352113359218e+01 6.284930636431253603e+00
9.686700309082677540e-01 7.963741617174167686e+01 6.284930636431253603e+00
2.721349528767348591e+00 8.018476114681659794e+01 6.284930636431253603e+00
7.808575858049211504e-01 8.135954927187509611e+01 6.284930636431253603e+00
7.180583721592008750e-01 8.228326034559539437e+01 6.284930636431253603e+00
3.119913288455810285e+00 8.322513589290993252e+01 6.284930636431253603e+00
7.359638684107381312e-01 8.414427606003843607e+01 6.284930636431253603e+00
7.581732523070804364e-01 8.526701069905615782e+01 6.284930636431253603e+00
2.965402270081300973e+00 8.639961965216684803e+01 6.284930636431253603e+00
7.238028038634932715e-01 8.719207085222022613e+01 6.284930636431253603e+00
7.863006690711014102e-01 8.821782990988590711e+01 6.284930636431253603e+00
2.405026437520881633e+00 8.943950159108671016e+01 6.284930636431253603e+00
1.093595876835310898e+00 8.991532577377387270e+01 6.284930636431253603e+00
9.745803593478368221e-01 9.123375588532560698e+01 6.284930636431253603e+00
2.358015017167886640e+00 9.261924856162745812e+01 6.284930636431253603e+00
9.460181861335901221e-01 9.311974236785157188e+01 6.284930636431253603e+00
7.755611325099476261e-01 9.435446449474784458e+01 6.284930636431253603e+00
1.686047976447268004e+00 9.564176474445234533e+01 6.284930636431253603e+00
1.503987518696135783e+00 9.602709401911124587e+01 6.284930636431253603e+00
1.040743913678588761e+00 9.742227291174454251e+01 6.284930636431253603e+00
1.881996319558070230e+00 9.883676331043047014e+01 6.284930636431253603e+00
1.264184403790226785e+00 9.923734099203524295e+01 6.284930636431253603e+00
7.627424410224833418e-01 1.005310505917092456e+02 6.284930636431253603e+00
1.261655543188834994e+00 1.018245122359734296e+02 6.284930636431253603e+00
1.876732912075920190e+00 1.022255275680613238e+02 6.284930636431253603e+00
1.034059109051721936e+00 1.036380011659134794e+02 6.284930636431253603e+00
1.483160752848964758e+00 1.050303769429881697e+02 6.284930636431253603e+00
1.696117232282758458e+00 1.054174677378423581e+02 6.284930636431253603e+00
7.685000745883238116e-01 1.067039437778302897e+02 6.284930636431253603e+00
9.385264952168385078e-01 1.079400630541615982e+02 6.284930636431253603e+00
2.341916488601983204e+00 1.084428168660707144e+02 6.284930636431253603e+00
9.610853741146400120e-01 1.098224367352840005e+02 6.284930636431253603e+00
1.068082494256568538e+00 1.111335529109370270e+02 6.284930636431253603e+00
2.427101030684074345e+00 1.116196195298615805e+02 6.284930636431253603e+00
7.785664620252106261e-01 1.128345046502600297e+02 6.284930636431253603e+00
7.192937552632604481e-01 1.138586599472916276e+02 6.284930636431253603e+00
2.966812412571983248e+00 1.146611217492472719e+02 6.284930636431253603e+00
7.526823497765389170e-01 1.157792568681886252e+02 6.284930636431253603e+00
7.335475562930897642e-01 1.168990159239515378e+02 6.284930636431253603e+00
3.116263855746983946e+00 1.178355564274480827e+02 6.284930636431253603e+00
7.183371314671216368e-01 1.187666141079567552e+02 6.284930636431253603e+00
7.869147193370901183e-01 1.196924937888771439e+02 6.284930636431253603e+00
2.701417133341951438e+00 1.208750853327790509e+02 6.284930636431253603e+00
9.881468517394067508e-01 1.214108161245276705e+02 6.284930636431253603e+00
9.473867489987225499e-01 1.226914731851403104e+02 6.284930636431253603e+00
2.572299839780771702e+00 1.240538430531870802e+02 6.284930636431253603e+00
8.768027137585714392e-01 1.246079086289933713e+02 6.284930636431253603e+00
8.000565765174003641e-01 1.257953897211541374e+02 6.284930636431253603e+00
1.831169450009781041e+00 1.270753735013606160e+02 6.284930636431253603e+00
1.459525837307999785e+00 1.274626421493302502e+02 6.284930636431253603e+00
1.067291001048968013e+00 1.288563801893274103e+02 6.284930636431253603e+00
2.096828942733985901e+00 1.302801462030083428e+02 6.284930636431253603e+00
1.161063262215146885e+00 1.307011119034071669e+02 6.284930636431253603e+00
7.905990915842021627e-01 1.319771897842688304e+02 6.284930636431253603e+00
1.378523216180424837e+00 1.332692130601519409e+02 6.284930636431253603e+00
1.835276786118891890e+00 1.336557841557767006e+02 6.284930636431253603e+00
1.082149219600105683e+00 1.350786113542820885e+02 6.284930636431253603e+00
1.705538279335419460e+00 1.364956328964865406e+02 6.284930636431253603e+00
1.507001050848201684e+00 1.368752236676056384e+02 6.284930636431253603e+00
7.874734138935939320e-01 1.381685876560162001e+02 6.284930636431253603e+00
1.060651883943674267e+00 1.394287308809774686e+02 6.284930636431253603e+00
2.216017911473125324e+00 1.398791964965272996e+02 6.284930636431253603e+00
1.031190357821343051e+00 1.412904752772926997e+02 6.284930636431253603e+00
1.285843085054810819e+00 1.426555108107696697e+02 6.284930636431253603e+00
2.074232304197615395e+00 1.430704119543108845e+02 6.284930636431253603e+00
7.935810858353128383e-01 1.443303132020152191e+02 6.284930636431253603e+00
7.879135365494577270e-01 1.454547944072700716e+02 6.284930636431253603e+00
2.759613629040858385e+00 1.461025208981231174e+02 6.284930636431253603e+00
8.562138925924316357e-01 1.473885293440895623e+02 6.284930636431253603e+00
8.274717371224853402e-01 1.485880749430169772e+02 6.284930636431253603e+00
3.051568679215894253e+00 1.492759960827939096e+02 6.284930636431253603e+00
7.546732729226383052e-01 1.503606053377489218e+02 6.284930636431253603e+00
7.588739599027722882e-01 1.512201210472022979e+02 6.284930636431253603e+00
3.040913243840736246e+00 1.523152639348672324e+02 6.284930636431253603e+00
8.412875542588915678e-01 1.529867660020170774e+02 6.284930636431253603e+00
8.680115509884358538e-01 1.541939194272436282e+02 6.284930636431253603e+00
2.770311683135481928e+00 1.554896670444503002e+02 6.284930636431253603e+00
7.961032968109138519e-01 1.561309447544444140e+02 6.284930636431253603e+00
8.033687678043416325e-01 1.572547327853835952e+02 6.284930636431253603e+00
2.052083592477552010e+00 1.585186741422266437e+02 6.284930636431253603e+00
1.319075778723153514e+00 1.589269660506124069e+02 6.284930636431253603e+00
1.046001936633673912e+00 1.602986283525692386e+02 6.284930636431253603e+00
2.239793666492798874e+00 1.617148710452383398e+02 6.284930636431253603e+00
1.064987800292819031e+00 1.621649295542488289e+02 6.284930636431253603e+00
7.945434674815080589e-01 1.634229251099098121e+02 6.284930636431253603e+00
1.501683456611494716e+00 1.647155123408879831e+02 6.284930636431253603e+00
1.722892733223494899e+00 1.650947071865173825e+02 6.284930636431253603e+00
1.086720544134535560e+00 1.665133917039737526e+02 6.284930636431253603e+00
1.838232321239929856e+00 1.679374713063118634e+02 6.284930636431253603e+00
1.378895609845138592e+00 1.683238964518346563e+02 6.284930636431253603e+00
7.888163154626276485e-01 1.696163551679038903e+02 6.284930636431253603e+00
1.160570699323087762e+00 1.708929053825756057e+02 6.284930636431253603e+00
2.083982086837883330e+00 1.713137568298933786e+02 6.284930636431253603e+00
1.058589231389530649e+00 1.727347707830787726e+02 6.284930636431253603e+00
1.436742352406779055e+00 1.741249289372471765e+02 6.284930636431253603e+00
1.842585236588285325e+00 1.745148639352867121e+02 6.284930636431253603e+00
7.921530264957306056e-01 1.757934639812810360e+02 6.284930636431253603e+00
8.707633645790392452e-01 1.769830390008703489e+02 6.284930636431253603e+00
2.555381814941173335e+00 1.775392054261251360e+02 6.284930636431253603e+00
9.360894241947473882e-01 1.788957681297328861e+02 6.284930636431253603e+00
9.705094578077346767e-01 1.801700264740062494e+02 6.284930636431253603e+00
2.716416877204992364e+00 1.807160446678789754e+02 6.284930636431253603e+00
7.810098683423984944e-01 1.818916913053089672e+02 6.284930636431253603e+00
7.177818591021919437e-01 1.828168444806509569e+02 6.284930636431253603e+00
3.118779017895693784e+00 1.837564275236449305e+02 6.284930636431253603e+00
7.355337810357522876e-01 1.846791653602692520e+02 6.284930636431253603e+00
7.571553469547429582e-01 1.858012219708822954e+02 6.284930636431253603e+00
2.968779728980253552e+00 1.869309382128936932e+02 6.284930636431253603e+00
7.233484621762881206e-01 1.877257223641992425e+02 6.284930636431253603e+00
7.863797641138651207e-01 1.887497367473806662e+02 6.284930636431253603e+00
2.410016984777686666e+00 1.899708306584682873e+02 6.284930636431253603e+00
1.091674428427537924e+00 1.904475416155208620e+02 6.284930636431253603e+00
9.741839458174139654e-01 1.917653852041300695e+02 6.284930636431253603e+00
2.361657883827331883e+00 1.931505654173967628e+02 6.284930636431253603e+00
9.446326857054881954e-01 1.936519248260658230e+02 6.284930636431253603e+00
7.759297199969844572e-01 1.948859353408564346e+02 6.284930636431253603e+00
1.688673947924232532e+00 1.961731007057940701e+02 6.284930636431253603e+00
1.502895348019662736e+00 1.965584634846796916e+02 6.284930636431253603e+00
1.041112670628376646e+00 1.979535910502297611e+02 6.284930636431253603e+00
1.885410509877884389e+00 1.993682385480091170e+02 6.284930636431253603e+00
1.262149778731615157e+00 1.997691025660254809e+02 6.284930636431253603e+00
7.630816344243467331e-01 2.010626234293572736e+02 6.284930636431253603e+00
1.263797554665295531e+00 2.023561134509551493e+02 6.284930636431253603e+00
1.875367651130633861e+00 2.027568183012704992e+02 6.284930636431253603e+00
1.034718807778257643e+00 2.041694406860500521e+02 6.284930636431253603e+00
1.486491440645018924e+00 2.055622327813786967e+02 6.284930636431253603e+00
1.692604361323314599e+00 2.059490743871287179e+02 6.284930636431253603e+00
7.686649381283782168e-01 2.072357771967886890e+02 6.284930636431253603e+00
9.405059714498331669e-01 2.084725006735945101e+02 6.284930636431253603e+00
2.339112542553989815e+00 2.089741631389437941e+02 6.284930636431253603e+00
9.622363110060923042e-01 2.103544268921818343e+02 6.284930636431253603e+00
1.071330068450183859e+00 2.116665465846429299e+02 6.284930636431253603e+00
2.420877221115093736e+00 2.121511053591366078e+02 6.284930636431253603e+00
7.788204843998135507e-01 2.133669311768955481e+02 6.284930636431253603e+00
7.199252372553089918e-01 2.143929276578038809e+02 6.284930636431253603e+00
2.963727846513347863e+00 2.151925127613868938e+02 6.284930636431253603e+00
7.539369005997086370e-01 2.163142681536523924e+02 6.284930636431253603e+00
7.340292122945504261e-01 2.174347441751990573e+02 6.284930636431253603e+00
3.118865557096718977e+00 2.183669144404231020e+02 6.284930636431253603e+00
7.187544439039922350e-01 2.193007272345792273e+02 6.284930636431253603e+00
7.870923842660086933e-01 2.202244836037352229e+02 6.284930636431253603e+00
2.707276736872995304e+00 2.214063557913941906e+02 6.284930636431253603e+00
9.868104599871168059e-01 2.219431154473805066e+02 6.284930636431253603e+00
9.472181313327661112e-01 2.232231612952168405e+02 6.284930636431253603e+00
2.577653210760741054e+00 2.245851567329538057e+02 6.284930636431253603e+00
8.759026252032564575e-01 2.251402711433536865e+02 6.284930636431253603e+00
8.010388234850271960e-01 2.263265299868400859e+02 6.284930636431253603e+00
1.833352571658775076e+00 2.276064505651389140e+02 6.284930636431253603e+00
1.460603134990983820e+00 2.279935601475020235e+02 6.284930636431253603e+00
1.068751974890249201e+00 2.293875840155441779e+02 6.284930636431253603e+00
2.103621844996278245e+00 2.308117800788402008e+02 6.284930636431253603e+00
1.159219229462049139e+00 2.312332824026357798e+02 6.284930636431253603e+00
7.919586597162310282e-01 2.325086285919965974e+02 6.284930636431253603e+00
1.380750408154143516e+00 2.338004587326678063e+02 6.284930636431253603e+00
1.837077093700887120e+00 2.341867437877373561e+02 6.284930636431253603e+00
1.084348189589666056e+00 2.356101070250128657e+02 6.284930636431253603e+00
1.713445730899935571e+00 2.370279794333604286e+02 6.284930636431253603e+00
1.502393750607915690e+00 2.374075224654717431e+02 6.284930636431253603e+00
7.886447911632614716e-01 2.387008218595299809e+02 6.284930636431253603e+00
1.064036865917502572e+00 2.399611578824310243e+02 6.284930636431253603e+00
2.215062922334592788e+00 2.404105593231920466e+02 6.284930636431253603e+00
1.033664827412104525e+00 2.418227063023843186e+02 6.284930636431253603e+00
1.293341920186476646e+00 2.431892395785185101e+02 6.284930636431253603e+00
2.064938882965814848e+00 2.436025316708026764e+02 6.284930636431253603e+00
7.942879278885236483e-01 2.448634500787757133e+02 6.284930636431253603e+00
7.907086268648330085e-01 2.459901506936720637e+02 6.284930636431253603e+00
2.754464785008611472e+00 2.466341759209830684e+02 6.284930636431253603e+00
8.596829183582910261e-01 2.479236299424975698e+02 6.284930636431253603e+00
8.320228002086463848e-01 2.491260435483250149e+02 6.284930636431253603e+00
3.043950187974019617e+00 2.498077335551752753e+02 6.284930636431253603e+00
7.560045241432330476e-01 2.508962387974012813e+02 6.284930636431253603e+00
7.574376823413649928e-01 2.517557607078500439e+02 6.284930636431253603e+00
3.048811237658932249e+00 2.528470151930578425e+02 6.284930636431253603e+00
8.365161685467376040e-01 2.535247037631989429e+02 6.284930636431253603e+00
8.644465793993725278e-01 2.547289402005136481e+02 6.284930636431253603e+00
2.775215046977725031e+00 2.560213041120251205e+02 6.284930636431253603e+00
7.933072921723803850e-01 2.566662016562056579e+02 6.284930636431253603e+00
8.026614597502856885e-01 2.577877904708306573e+02 6.284930636431253603e+00
2.061343787608978850e+00 2.590508011451284460e+02 6.284930636431253603e+00
1.311571792102225409e+00 2.594605906785134835e+02 6.284930636431253603e+00
1.043603714038312091e+00 2.608308058595234797e+02 6.284930636431253603e+00
2.240857309634107786e+00 2.622462242996477926e+02 6.284930636431253603e+00
1.061729250609166675e+00 2.626973258383906682e+02 6.284930636431253603e+00
7.934655637612301193e-01 2.639550993016108578e+02 6.284930636431253603e+00
1.506206789828404169e+00 2.652477688011560986e+02 6.284930636431253603e+00
1.715362383048023576e+00 2.656269859721123794e+02 6.284930636431253603e+00
1.084728389046424990e+00 2.670448859791246150e+02 6.284930636431253603e+00
1.836956555665162583e+00 2.684684948405338787e+02 6.284930636431253603e+00
1.376572718618483071e+00 2.688552057711741554e+02 6.284930636431253603e+00
7.876053939206769661e-01 2.701478294064748411e+02 6.284930636431253603e+00
1.162473287816051970e+00 2.714250543003225857e+02 6.284930636431253603e+00
2.077586834464255627e+00 2.718453764190556399e+02 6.284930636431253603e+00
1.057317364121920455e+00 2.732660136742635473e+02 6.284930636431253603e+00
1.436133274205710464e+00 2.746559642644141377e+02 6.284930636431253603e+00
1.840040455577080181e+00 2.750460025975167468e+02 6.284930636431253603e+00
7.912575146453613151e-01 2.763246918026750336e+02 6.284930636431253603e+00
8.717645060458713013e-01 2.775154925951460427e+02 6.284930636431253603e+00
2.550020780253696717e+00 2.780705368901327574e+02 6.284930636431253603e+00
9.363373934340398774e-01 2.794275360756831788e+02 6.284930636431253603e+00
9.719524060424469258e-01 2.807024722717402483e+02 6.284930636431253603e+00
2.710306109659426532e+00 2.812473312977485307e+02 6.284930636431253603e+00
7.808423125597171444e-01 2.824237770906427727e+02 6.284930636431253603e+00
7.173107281303396920e-01 2.833511104619857406e+02 6.284930636431253603e+00
3.116175379612436735e+00 2.842878043676922744e+02 6.284930636431253603e+00
7.349350589554423108e-01 2.852151188813101612e+02 6.284930636431253603e+00
7.557711137157396841e-01 2.863363607794647692e+02 6.284930636431253603e+00
2.971982811620863973e+00 2.874623442132849505e+02 6.284930636431253603e+00
7.226614181068752307e-01 2.882600962859394826e+02 6.284930636431253603e+00
7.861304045606635205e-01 2.892821671614642014e+02 6.284930636431253603e+00
2.416545410337801680e+00 2.905023394640369929e+02 6.284930636431253603e+00
1.088312484719651474e+00 2.909805283744619260e+02 6.284930636431253603e+00
9.730537477568085292e-01 2.922973668231549595e+02 6.284930636431253603e+00
2.364744829551274741e+00 2.936819229319060014e+02 6.284930636431253603e+00
9.426448901724557849e-01 2.941843962501906731e+02 6.284930636431253603e+00
7.758554180886791940e-01 2.954177383619942248e+02 6.284930636431253603e+00
1.692240480961049398e+00 2.967046990443993195e+02 6.284930636431253603e+00
1.499776682419341922e+00 2.970902693481655774e+02 6.284930636431253603e+00
1.040627289768630392e+00 2.984850330636959939e+02 6.284930636431253603e+00
1.887319091594532150e+00 2.998995891841270804e+02 6.284930636431253603e+00
1.259895610226920093e+00 3.003007834692276674e+02 6.284930636431253603e+00
7.628742069770596546e-01 3.015942364616965392e+02 6.284930636431253603e+00
1.265994004491562075e+00 3.028878892161838507e+02 6.284930636431253603e+00
1.872191072891929764e+00 3.032882892854810848e+02 6.284930636431253603e+00
1.034553540378500669e+00 3.047008126705910058e+02 6.284930636431253603e+00
1.488148315029225399e+00 3.060937429458409156e+02 6.284930636431253603e+00
1.689582319863881521e+00 3.064804951838755187e+02 6.284930636431253603e+00
7.683858073423245338e-01 3.077673701285158927e+02 6.284930636431253603e+00
9.421086647782552781e-01 3.090048246677411043e+02 6.284930636431253603e+00
2.335362992590989784e+00 3.095055156028115562e+02 6.284930636431253603e+00
9.627793143525645858e-01 3.108861765731874698e+02 6.284930636431253603e+00
1.073554147258058311e+00 3.121989974710285765e+02 6.284930636431253603e+00
2.415343635465791117e+00 3.126824794505928367e+02 6.284930636431253603e+00
7.787728321150964028e-01 3.138990009427685095e+02 6.284930636431253603e+00
7.204098227103715724e-01 3.149268880902305909e+02 6.284930636431253603e+00
2.960045766609789020e+00 3.157238702648400022e+02 6.284930636431253603e+00
7.550026508552551974e-01 3.168488578079603712e+02 6.284930636431253603e+00
7.344248087775915312e-01 3.179700247726917723e+02 6.284930636431253603e+00
3.120258599456751547e+00 3.188982377653304638e+02 6.284930636431253603e+00
7.190338273391451152e-01 3.198345655114198394e+02 6.284930636431253603e+00
7.869463714382042285e-01 3.207566859289732406e+02 6.284930636431253603e+00
2.712767590292685327e+00 3.219376685502321607e+02 6.284930636431253603e+00
9.848335568292930775e-01 3.224757909771532240e+02 6.284930636431253603e+00
9.465029872035826131e-01 3.237550143623953431e+02 6.284930636431253603e+00
2.581274391197207585e+00 3.251164247183184557e+02 6.284930636431253603e+00
8.747762443712582270e-01 3.256725902144212910e+02 6.284930636431253603e+00
8.014134354635382707e-01 3.268579306018364150e+02 6.284930636431253603e+00
1.835968794368650459e+00 3.281377154383873744e+02 6.284930636431253603e+00
1.459695501875080570e+00 3.285249013544622017e+02 6.284930636431253603e+00
1.069100913763104233e+00 3.299188538889190454e+02 6.284930636431253603e+00
2.107268446413931517e+00 3.313431551149869847e+02 6.284930636431253603e+00
1.157658056331378083e+00 3.317650770173208343e+02 6.284930636431253603e+00
7.924618123955448068e-01 3.330400307460955673e+02 6.284930636431253603e+00
1.382610883743910835e+00 3.343318176308679313e+02 6.284930636431253603e+00
1.836646859101877860e+00 3.347179083457031084e+02 6.284930636431253603e+00
1.085177838984143550e+00 3.361414337480341601e+02 6.284930636431253603e+00
1.717446718274910689e+00 3.375596831143905661e+02 6.284930636431253603e+00
1.499513454239927324e+00 3.379392489040297392e+02 6.284930636431253603e+00
7.890584112601929379e-01 3.392325343472240888e+02 6.284930636431253603e+00
1.066135499752204785e+00 3.404931273387721831e+02 6.284930636431253603e+00
2.213425473814221611e+00 3.409418363340797669e+02 6.284930636431253603e+00
1.034827846897300674e+00 3.423544062733758437e+02 6.284930636431253603e+00
1.297412876233898560e+00 3.437217363334216316e+02 6.284930636431253603e+00
2.059300372976530902e+00 3.441341641212636091e+02 6.284930636431253603e+00
7.945261454048582195e-01 3.453956501615986667e+02 6.284930636431253603e+00
7.923935185218071720e-01 3.465238455442765257e+02 6.284930636431253603e+00
2.750661470534594866e+00 3.471655806838635954e+02 6.284930636431253603e+00
8.617238363878181318e-01 3.484570981721859653e+02 6.284930636431253603e+00
8.348068570842991365e-01 3.496612753257406894e+02 6.284930636431253603e+00
3.038584527090070431e+00 3.503391832393865002e+02 6.284930636431253603e+00
7.567536921564158581e-01 3.514300811745126225e+02 6.284930636431253603e+00
7.563984581472187330e-01 3.522898902039787004e+02 6.284930636431253603e+00
3.053471266516977867e+00 3.533785030261149132e+02 6.284930636431253603e+00
8.332761335987473039e-01 3.540604403161066784e+02 6.284930636431253603e+00
8.619404584113262713e-01 3.552626995875250486e+02 6.284930636431253603e+00
2.777913523080602687e+00 3.565527105622710451e+02 6.284930636431253603e+00
7.913775367783921766e-01 3.572000536630745842e+02 6.284930636431253603e+00
8.019837090868229268e-01 3.583202785065975604e+02 6.284930636431253603e+00
2.067734944579267875e+00 3.595825989356720811e+02 6.284930636431253603e+00
1.305929136734018670e+00 3.599935329825077019e+02 6.284930636431253603e+00
1.041616751510948680e+00 3.613626395678552399e+02 6.284930636431253603e+00
2.240530225891469662e+00 3.627773878422851226e+02 6.284930636431253603e+00
1.059528289098652820e+00 3.632291596758558967e+02 6.284930636431253603e+00
7.924244878976162143e-01 3.644869233215369491e+02 6.284930636431253603e+00
1.509251725070524852e+00 3.657796734485299908e+02 6.284930636431253603e+00
1.709371241671085340e+00 3.661589592791679593e+02 6.284930636431253603e+00
1.082854128847838382e+00 3.675761790570862786e+02 6.284930636431253603e+00
1.834582681824336925e+00 3.689993017926692005e+02 6.284930636431253603e+00
1.375460973294501565e+00 3.693861888792141599e+02 6.284930636431253603e+00
7.864545197125090148e-01 3.706789975657309810e+02 6.284930636431253603e+00
1.163338122935319241e+00 3.719567369212795711e+02 6.284930636431253603e+00
2.072726460596877818e+00 3.723767874266663966e+02 6.284930636431253603e+00
1.055918540783667092e+00 3.737970116083089920e+02 6.284930636431253603e+00
1.434226949792321015e+00 3.751865798210207572e+02 6.284930636431253603e+00
1.839515745588629958e+00 3.755768668466512850e+02 6.284930636431253603e+00
7.904306505247630232e-01 3.768555116903325484e+02 6.284930636431253603e+00
8.718868804463869582e-01 3.780469864133957572e+02 6.284930636431253603e+00
2.546724066602266134e+00 3.786016627301962103e+02 6.284930636431253603e+00
9.359350346112144114e-01 3.799586169225442518e+02 6.284930636431253603e+00
9.718664144413630135e-01 3.812335923052816611e+02 6.284930636431253603e+00
2.707901792112548112e+00 3.817783655482031691e+02 6.284930636431253603e+00
7.805005542046173916e-01 3.829549244081418351e+02 6.284930636431253603e+00
7.170182160664513304e-01 3.838834167972412388e+02 6.284930636431253603e+00
3.114243138259731314e+00 3.848189371446526366e+02 6.284930636431253603e+00
7.346301012080669324e-01 3.857481467422121000e+02 6.284930636431253603e+00
7.551191415440769994e-01 3.868690762875518772e+02 6.284930636431253603e+00
2.972471459963985652e+00 3.879934855077443672e+02 6.284930636431253603e+00
7.222834871741388163e-01 3.887924652779174153e+02 6.284930636431253603e+00
7.857560428326172408e-01 3.898139477590839306e+02 6.284930636431253603e+00
2.419384787167209172e+00 3.910335930065160142e+02 6.284930636431253603e+00
1.086205080437943504e+00 3.915126663740052777e+02 6.284930636431253603e+00
9.721000759307818484e-01 3.928288874464504374e+02 6.284930636431253603e+00
2.364824467076685366e+00 3.942130094006905665e+02 6.284930636431253603e+00
9.416377221470736414e-01 3.947159547513031725e+02 6.284930636431253603e+00
7.754009369425862719e-01 3.959492060520673817e+02 6.284930636431253603e+00
1.693901598373812600e+00 3.972360542382083395e+02 6.284930636431253603e+00
1.497129442292490564e+00 3.976218405821526289e+02 6.284930636431253603e+00
1.039681200520484294e+00 3.990162199205411753e+02 6.284930636431253603e+00
1.886215464563800293e+00 4.004305115265293011e+02 6.284930636431253603e+00
1.259206502907206149e+00 4.008318149656037690e+02 6.284930636431253603e+00
7.622874708337206151e-01 4.021253768884710666e+02 6.284930636431253603e+00
1.266499489125064271e+00 4.034191968549205285e+02 6.284930636431253603e+00
1.869732665870379007e+00 4.038195384812599400e+02 6.284930636431253603e+00
1.033699368347627656e+00 4.052317958200584940e+02 6.284930636431253603e+00
1.486820853387285757e+00 4.066244794007107544e+02 6.284930636431253603e+00
1.689436407761460757e+00 4.070113678953489966e+02 6.284930636431253603e+00
7.678848994084086499e-01 4.082982267804035246e+02 6.284930636431253603e+00
9.420597728387649639e-01 4.095359632788467366e+02 6.284930636431253603e+00
2.333639794069409579e+00 4.100365668752537545e+02 6.284930636431253603e+00
9.622884205443372752e-01 4.114170692743245468e+02 6.284930636431253603e+00
1.072984209032979974e+00 4.127297378039545492e+02 6.284930636431253603e+00
2.414885559729687881e+00 4.132134157869751903e+02 6.284930636431253603e+00
7.784650480020535168e-01 4.144298433506897368e+02 6.284930636431253603e+00
7.203462997718769190e-01 4.154581686301726791e+02 6.284930636431253603e+00
2.958721670195824327e+00 4.162548823891888787e+02 6.284930636431253603e+00
7.550110047668636692e-01 4.173801722848593840e+02 6.284930636431253603e+00
7.343866094204344330e-01 4.185014284135031630e+02 6.284930636431253603e+00
3.119442212211557930e+00 4.194292424103505823e+02 6.284930636431253603e+00
7.189452684536452587e-01 4.203658534408636456e+02 6.284930636431253603e+00
7.866131945402256020e-01 4.212881008048260583e+02 6.284930636431253603e+00
2.713524926457888675e+00 4.224687445945496052e+02 6.284930636431253603e+00
9.838248059046654781e-01 4.230074570698245111e+02 6.284930636431253603e+00
9.458433756270369086e-01 4.242863152371747901e+02 6.284930636431253603e+00
2.580370056768487075e+00 4.256474097772591563e+02 6.284930636431253603e+00
8.743243180513786683e-01 4.262037918571191426e+02 6.284930636431253603e+00
8.009106576026979729e-01 4.273892366535373526e+02 6.284930636431253603e+00
1.836929765711119655e+00 4.286689226917513906e+02 6.284930636431253603e+00
1.457608841468712280e+00 4.290563508591839081e+02 6.284930636431253603e+00
1.068109867450524719e+00 4.304499468557747832e+02 6.284930636431253603e+00
2.104999623874860060e+00 4.318739602602810805e+02 6.284930636431253603e+00
1.157593931817854749e+00 4.322958534876328258e+02 6.284930636431253603e+00
7.917395028594103046e-01 4.335710581730122612e+02 6.284930636431253603e+00
1.382664320960604876e+00 4.348629803029641039e+02 6.284930636431253603e+00
1.834384092146963630e+00 4.352491172627189258e+02 6.284930636431253603e+00
1.084027539779788052e+00 4.366723157421945416e+02 6.284930636431253603e+00
1.714487829228133808e+00 4.380901889590145970e+02 6.284930636431253603e+00
1.500559949064139031e+00 4.384698159981095955e+02 6.284930636431253603e+00
7.884052269600594354e-01 4.397631591945386731e+02 6.284930636431253603e+00
1.065335960850058550e+00 4.410238757473520081e+02 6.284930636431253603e+00
2.212383793198902993e+00 4.414727876515017897e+02 6.284930636431253603e+00
1.033800413367638615e+00 4.428850210382465775e+02 6.284930636431253603e+00
1.294909984975311401e+00 4.442518462733994511e+02 6.284930636431253603e+00
2.061640492304573691e+00 4.446647898202594433e+02 6.284930636431253603e+00
7.941209937098946403e-01 4.459259738203321035e+02 6.284930636431253603e+00
7.916371843405018982e-01 4.470537955867714572e+02 6.284930636431253603e+00
2.751175292316882626e+00 4.476963948029872995e+02 6.284930636431253603e+00
8.607558821533732862e-01 4.489870493025532596e+02 6.284930636431253603e+00
8.335914248432834128e-01 4.501905112052475033e+02 6.284930636431253603e+00
3.039927176558530508e+00 4.508699629988583979e+02 6.284930636431253603e+00
7.563399942365784945e-01 4.519599232379963496e+02 6.284930636431253603e+00
7.565827333772809915e-01 4.528199569829567395e+02 6.284930636431253603e+00
3.051462993881070229e+00 4.539093159645733522e+02 6.284930636431253603e+00
8.340758915818700103e-01 4.545901111846486060e+02 6.284930636431253603e+00
8.624934049213843767e-01 4.557929059038434616e+02 6.284930636431253603e+00
2.776246251815224664e+00 4.570835315983471787e+02 6.284930636431253603e+00
7.918311289772289596e-01 4.577301555935909505e+02 6.284930636431253603e+00
8.018796736274542702e-01 4.588509634381749152e+02 6.284930636431253603e+00
2.066097810979162119e+00 4.601134055117606181e+02 6.284930636431253603e+00
1.306646609148424343e+00 4.605241835178453584e+02 6.284930636431253603e+00
1.041638422085016114e+00 4.618934195500632427e+02 6.284930636431253603e+00
2.239034308017103125e+00 4.633081972120637033e+02 6.284930636431253603e+00
1.060164702836258410e+00 4.637597146436505682e+02 6.284930636431253603e+00
7.922513274813264283e-01 4.650176965997418961e+02 6.284930636431253603e+00
1.508344938561740012e+00 4.663104733621707965e+02 6.284930636431253603e+00
1.709723800875505795e+00 4.666898064318933734e+02 6.284930636431253603e+00
1.082607260620488843e+00 4.681070014968090618e+02 6.284930636431253603e+00
1.833003974537045666e+00 4.695300148486771263e+02 6.284930636431253603e+00
1.376477664291810843e+00 4.699168246231851072e+02 6.284930636431253603e+00
7.862910988761132591e-01 4.712096888734155300e+02 6.284930636431253603e+00
1.162457053580869593e+00 4.724873730996714585e+02 6.284930636431253603e+00
2.073327060323374660e+00 4.729076254742626020e+02 6.284930636431253603e+00
1.055529845758841567e+00 4.743277370300257303e+02 6.284930636431253603e+00
1.432576636776684564e+00 4.757170591506590540e+02 6.284930636431253603e+00
1.841436173036015589e+00 4.761075389511119624e+02 6.284930636431253603e+00
7.903448910326068555e-01 4.773860412562002580e+02 6.284930636431253603e+00
8.710332733541977790e-01 4.785770961369972838e+02 6.284930636431253603e+00
2.548164712212278360e+00 4.791324519371485735e+02 6.284930636431253603e+00
9.352226960943277323e-01 4.804889242534145524e+02 6.284930636431253603e+00
9.703417783100962701e-01 4.817632774626025594e+02 6.284930636431253603e+00
2.711116777830203883e+00 4.823090936114170404e+02 6.284930636431253603e+00
7.802691660888164682e-01 4.834849975277618341e+02 6.284930636431253603e+00
7.171287953999305742e-01 4.844126911582309276e+02 6.284930636431253603e+00
3.114596287123317264e+00 4.853496917527468213e+02 6.284930636431253603e+00
7.348327410540823612e-01 4.862766110521609448e+02 6.284930636431253603e+00
7.556979666430134746e-01 4.873979567347710713e+02 6.284930636431253603e+00
2.969872679469305776e+00 4.885242216916558391e+02 6.284930636431253603e+00
7.225008976491129609e-01 4.893217072000812777e+02 6.284930636431253603e+00
7.855545262559742170e-01 4.903444256364609828e+02 6.284930636431253603e+00
2.416270686982754157e+00 4.915643634353524476e+02 6.284930636431253603e+00
1.087015610708112368e+00 4.920430148603791736e+02 6.284930636431253603e+00
9.720802409661709609e-01 4.933595001609705832e+02 6.284930636431253603e+00
2.361812815387697384e+00 4.947437267986217080e+02 6.284930636431253603e+00
9.424104596958675639e-01 4.952461202325588374e+02 6.284930636431253603e+00
7.749234986783896106e-01 4.964799365894864422e+02 6.284930636431253603e+00
1.692322081353535346e+00 4.977668569086768571e+02 6.284930636431253603e+00
1.497050794955595565e+00 4.981526924377960199e+02 6.284930636431253603e+00
1.039023055810994078e+00 4.995469729163395414e+02 6.284930636431253603e+00
1.882961281623326100e+00 5.009610364930383639e+02 6.284930636431253603e+00
1.260636063286932007e+00 5.013621398768299855e+02 6.284930636431253603e+00
7.617854181358487686e-01 5.026559011346731722e+02 6.284930636431253603e+00
1.264900051915515133e+00 5.039497624886741391e+02 6.284930636431253603e+00
1.869948076173197471e+00 5.043503373860407351e+02 6.284930636431253603e+00
1.032834415140085893e+00 5.057623732165369006e+02 6.284930636431253603e+00
1.483561103440473650e+00 5.071546203722032828e+02 6.284930636431253603e+00
1.692288454307851353e+00 5.075417648095530581e+02 6.284930636431253603e+00
7.675604125729825755e-01 5.088284298562115850e+02 6.284930636431253603e+00
9.403936623490627422e-01 5.100657760230585041e+02 6.284930636431253603e+00
2.335317494098484215e+00 5.105672468776871824e+02 6.284930636431253603e+00
9.611564685254619933e-01 5.119471612032439225e+02 6.284930636431253603e+00
1.070079520825162334e+00 5.132589456820371652e+02 6.284930636431253603e+00
2.419856600888568021e+00 5.137439376460157519e+02 6.284930636431253603e+00
7.781428967633127192e-01 5.149595557307297895e+02 6.284930636431253603e+00
7.197825201128943418e-01 5.159865223620042798e+02 6.284930636431253603e+00
2.960810070396798555e+00 5.167855116944085694e+02 6.284930636431253603e+00
7.539545322034165720e-01 5.179079448478611312e+02 6.284930636431253603e+00
7.339391124482436135e-01 5.190286140702083912e+02 6.284930636431253603e+00
3.117088618883637530e+00 5.199598971090204031e+02 6.284930636431253603e+00
7.185580341278077210e-01 5.208943388370997809e+02 6.284930636431253603e+00
7.863617273392771168e-01 5.218183652874130303e+02 6.284930636431253603e+00
2.708953931420699401e+00 5.229994955359380810e+02 6.284930636431253603e+00
9.845894375609143268e-01 5.235375471637887586e+02 6.284930636431253603e+00
9.457706653710100664e-01 5.248167916971323166e+02 6.284930636431253603e+00
2.575677254513548675e+00 5.261780956908422695e+02 6.284930636431253603e+00
8.749097551248208315e-01 5.267336840650810927e+02 6.284930636431253603e+00
7.999391580691994630e-01 5.279201710100270475e+02 6.284930636431253603e+00
1.835447684049749562e+00 5.291998755887110519e+02 6.284930636431253603e+00
1.456040424287625701e+00 5.295875141610133596e+02 6.284930636431253603e+00
1.066586244067740941e+00 5.309807588449233435e+02 6.284930636431253603e+00
2.098682757957174072e+00 5.324043254374113303e+02 6.284930636431253603e+00
1.159075616996411373e+00 5.328257679075503574e+02 6.284930636431253603e+00
7.903851615193692171e-01 5.341016575084197484e+02 6.284930636431253603e+00
1.380855641544408208e+00 5.353937824455493910e+02 6.284930636431253603e+00
1.832154822300076757e+00 5.357801685476208604e+02 6.284930636431253603e+00
1.081843733934577223e+00 5.372028194101231975e+02 6.284930636431253603e+00
1.707027759201080519e+00 5.386198714457284495e+02 6.284930636431253603e+00
1.504667803151154892e+00 5.389995559656219939e+02 6.284930636431253603e+00
7.872263363989890905e-01 5.402929729575848796e+02 6.284930636431253603e+00
1.062296850876673693e+00 5.415535768871191067e+02 6.284930636431253603e+00
2.212805316459457217e+00 5.420034230039404974e+02 6.284930636431253603e+00
1.031433441157677100e+00 5.434148355348092991e+02 6.284930636431253603e+00
1.287935220266160696e+00 5.447802694720315912e+02 6.284930636431253603e+00
2.070004868984619328e+00 5.451946955859853006e+02 6.284930636431253603e+00
7.934062919720367146e-01 5.464549498100758456e+02 6.284930636431253603e+00
7.890875074485117491e-01 5.475808420318746812e+02 6.284930636431253603e+00
2.755549848350015818e+00 5.482267450857724498e+02 6.284930636431253603e+00
8.575962672126093977e-01 5.495143134385884878e+02 6.284930636431253603e+00
8.294388028819594805e-01 5.507151901453737537e+02 6.284930636431253603e+00
3.046683497398324114e+00 5.514002324387504359e+02 6.284930636431253603e+00
7.551118166714760882e-01 5.524867055809125986e+02 6.284930636431253603e+00
7.578163300469612507e-01 5.533467722311100943e+02 6.284930636431253603e+00
3.044417632525729278e+00 5.544395870522523637e+02 6.284930636431253603e+00
8.382169073692373740e-01 5.551148960872012594e+02 6.284930636431253603e+00
8.655954645605764552e-01 5.563202599477483545e+02 6.284930636431253603e+00
2.771611626033253284e+00 5.576138938038220658e+02 6.284930636431253603e+00
7.942647331501474506e-01 5.582572846960100605e+02 6.284930636431253603e+00
8.024118694487474279e-01 5.593801131120621903e+02 6.284930636431253603e+00
2.057929207385995607e+00 5.606433688562889301e+02 6.284930636431253603e+00
1.312997040492763112e+00 5.610528536471423422e+02 6.284930636431253603e+00
1.043591861242160190e+00 5.624233196297632276e+02 6.284930636431253603e+00
2.237547953565370840e+00 5.638387812374304531e+02 6.284930636431253603e+00
1.063074735355754363e+00 5.642893437659231495e+02 6.284930636431253603e+00
7.930536363731996996e-01 5.655475964134545848e+02 6.284930636431253603e+00
1.504300754097296355e+00 5.668403254367372028e+02 6.284930636431253603e+00
1.715967384331481771e+00 5.672196513986214086e+02 6.284930636431253603e+00
1.084126708955218010e+00 5.686374758455235678e+02 6.284930636431253603e+00
1.833393012431013824e+00 5.700608279675435597e+02 6.284930636431253603e+00
1.378793600868468472e+00 5.704473735037696542e+02 6.284930636431253603e+00
7.872102662032413045e-01 5.717401258249325338e+02 6.284930636431253603e+00
1.160554029890374705e+00 5.730172415321551398e+02 6.284930636431253603e+00
2.078773587752116736e+00 5.734380045548579119e+02 6.284930636431253603e+00
1.056412947682704884e+00 5.748583790916137559e+02 6.284930636431253603e+00
1.432415381585693925e+00 5.762477720651939990e+02 6.284930636431253603e+00
1.844290689307130693e+00 5.766382452926404767e+02 6.284930636431253603e+00
7.910430983873386612e-01 5.779166176878860597e+02 6.284930636431253603e+00
8.698789280307589467e-01 5.791065024022663010e+02 6.284930636431253603e+00
2.553122063016174170e+00 5.796630471918441572e+02 6.284930636431253603e+00
9.347398443811284485e-01 5.810189703879470926e+02 6.284930636431253603e+00
9.685675557760317078e-01 5.822925230378676815e+02 6.284930636431253603e+00
2.717378081965652559e+00 5.828397027964662129e+02 6.284930636431253603e+00
7.803154343111627922e-01 5.840146921246130205e+02 6.284930636431253603e+00
7.175622609238635485e-01 5.849402919764104354e+02 6.284930636431253603e+00
3.116853040914782547e+00 5.858802368215550587e+02 6.284930636431253603e+00
7.354130322569972789e-01 5.868025127465930382e+02 6.284930636431253603e+00
7.570639294882905990e-01 5.879246948046354646e+02 6.284930636431253603e+00
2.966238093666208719e+00 5.890547354007952663e+02 6.284930636431253603e+00
7.231552673556064237e-01 5.898492057488401770e+02 6.284930636431253603e+00
7.856834822479149549e-01 5.908739942405226202e+02 6.284930636431253603e+00
2.409705829201224780e+00 5.920948054993600635e+02 6.284930636431253603e+00
1.090096652106434583e+00 5.925720740670985833e+02 6.284930636431253603e+00
9.730049695636803220e-01 5.938894897812079989e+02 6.284930636431253603e+00
2.358117260135589976e+00 5.952742718591605353e+02 6.284930636431253603e+00
9.443523355458178781e-01 5.957755344246339746e+02 6.284930636431253603e+00
7.748050652117246528e-01 5.970101157555382088e+02 6.284930636431253603e+00
1.688767993431572245e+00 5.982972351836369853e+02 6.284930636431253603e+00
1.499606363657129071e+00 5.986829149782486184e+02 6.284930636431253603e+00
1.039177766966578487e+00 6.000774604020548395e+02 6.284930636431253603e+00
1.880154250965848872e+00 6.014915135015762644e+02 6.284930636431253603e+00
1.263054260544273610e+00 6.018922695082900418e+02 6.284930636431253603e+00
7.617708317262772422e-01 6.031861588774727352e+02 6.284930636431253603e+00
1.262472486691893714e+00 6.044799007682998990e+02 6.284930636431253603e+00
1.872677124742473165e+00 6.048808174781039497e+02 6.284930636431253603e+00
1.032649216184613916e+00 6.062928524703852418e+02 6.284930636431253603e+00
1.480969812081988968e+00 6.076848201926802631e+02 6.284930636431253603e+00
1.695881331363831679e+00 6.080721394015688475e+02 6.284930636431253603e+00
7.676738487109087128e-01 6.093585853687905001e+02 6.284930636431253603e+00
9.384411305071229670e-01 6.105951722511293838e+02 6.284930636431253603e+00
2.339077263627557191e+00 6.110977820907370415e+02 6.284930636431253603e+00
9.602813147120266013e-01 6.124771415895937707e+02 6.284930636431253603e+00
1.067156786288852022e+00 6.137880090135254250e+02 6.284930636431253603e+00
2.426319289378451760e+00 6.142743985831642703e+02 6.284930636431253603e+00
7.780608034859103350e-01 6.154891290140105866e+02 6.284930636431253603e+00
7.191853895584049416e-01 6.165140163766031947e+02 6.284930636431253603e+00
2.964626875197674316e+00 6.173160249472128953e+02 6.284930636431253603e+00
7.526963672628942392e-01 6.184346821865030961e+02 6.284930636431253603e+00
7.334753613336838507e-01 6.195545835411356848e+02 6.284930636431253603e+00
3.114958910583535356e+00 6.204904476205681476e+02 6.284930636431253603e+00
7.181896481745490002e-01 6.214219835104746608e+02 6.284930636431253603e+00
7.863719194954540415e-01 6.223480535495506274e+02 6.284930636431253603e+00
2.702686326084627222e+00 6.235300935964232849e+02 6.284930636431253603e+00
9.864863169711849400e-01 6.240667843676890243e+02 6.284930636431253603e+00
9.463098554975553078e-01 6.253468446354841035e+02 6.284930636431253603e+00
2.570845521381345922e+00 6.267087010388792123e+02 6.284930636431253603e+00
8.760618002361580947e-01 6.272631195362565677e+02 6.284930636431253603e+00
7.992433097175249967e-01 6.284507676151297346e+02 6.284930636431253603e+00
1.832718671059743620e+00 6.297305912968358825e+02 6.284930636431253603e+00
1.456148292475851980e+00 6.301182509200183404e+02 6.284930636431253603e+00
1.065690321844046551e+00 6.315114126628832310e+02 6.284930636431253603e+00
2.093200856604256366e+00 6.329347129905102065e+02 6.284930636431253603e+00
1.160950877554659755e+00 6.333556377624610150e+02 6.284930636431253603e+00
7.894410121556640902e-01 6.346321122126888667e+02 6.284930636431253603e+00
1.378594123138528138e+00 6.359243526903052270e+02 6.284930636431253603e+00
1.831656598976263650e+00 6.363109981473883181e+02 6.284930636431253603e+00
1.080307250392159357e+00 6.377333007259569513e+02 6.284930636431253603e+00
1.700843357932042332e+00 6.391497178355964479e+02 6.284930636431253603e+00
1.508665222712653131e+00 6.395294201471999713e+02 6.284930636431253603e+00
7.864332772681853490e-01 6.408228633623427868e+02 6.284930636431253603e+00
1.059375918129144667e+00 6.420832033608444362e+02 6.284930636431253603e+00
2.214361680073800187e+00 6.425339975410870466e+02 6.284930636431253603e+00
1.029554990443332319e+00 6.439447349288806208e+02 6.284930636431253603e+00
1.281909216858096334e+00 6.453089625881652864e+02 6.284930636431253603e+00
2.077923625368860439e+00 6.457247067473639390e+02 6.284930636431253603e+00
7.929328310853775985e-01 6.469841143237719052e+02 6.284930636431253603e+00
7.867464012048314137e-01 6.481080083822414508e+02 6.284930636431253603e+00
2.760373630799719979e+00 6.487571091646865398e+02 6.284930636431253603e+00
8.547008844729451216e-01 6.500417278511188215e+02 6.284930636431253603e+00
8.256304520190771434e-01 6.512401643460841569e+02 6.284930636431253603e+00
3.053399643856386181e+00 6.519305366404046254e+02 6.284930636431253603e+00
7.540248747172068056e-01 6.530136639243971786e+02 6.284930636431253603e+00
7.591291679837021134e-01 6.538736300747468704e+02 6.284930636431253603e+00
3.037674686950734060e+00 6.549698591864946593e+02 6.284930636431253603e+00
8.424930708709218452e-01 6.556397131849073503e+02 6.284930636431253603e+00
8.688012095784692912e-01 6.568476573012918607e+02 6.284930636431253603e+00
2.767681141265247557e+00 6.581442750727052271e+02 6.284930636431253603e+00
7.967756575793389917e-01 6.587845002203829381e+02 6.284930636431253603e+00
8.031606639678775528e-01 6.599091735072508982e+02 6.284930636431253603e+00
2.049717221751263807e+00 6.611732762851844427e+02 6.284930636431253603e+00
1.319983136619905739e+00 6.615813777204015196e+02 6.284930636431253603e+00
1.045932097086870627e+00 6.629531935401423652e+02 6.284930636431253603e+00
2.237294960129569965e+00 6.643694470319170478e+02 6.284930636431253603e+00
1.065938998967697948e+00 6.648191222943280536e+02 6.284930636431253603e+00
7.942028790033599517e-01 6.660774761339721408e+02 6.284930636431253603e+00
1.500345970188515787e+00 6.673701096197463585e+02 6.284930636431253603e+00
1.723169544188852598e+00 6.677493900737821377e+02 6.284930636431253603e+00
1.086210176880592515e+00 6.691679965571107687e+02 6.284930636431253603e+00
1.835471423963947801e+00 6.705918675693720843e+02 6.284930636431253603e+00
1.380542331942666401e+00 6.709781735474178959e+02 6.284930636431253603e+00
7.884840303234429415e-01 6.722707351818058896e+02 6.284930636431253603e+00
1.159152747428799923e+00 6.735472165363853492e+02 6.284930636431253603e+00
2.084732754692268930e+00 6.739683943404937736e+02 6.284930636431253603e+00
1.057862499735630291e+00 6.753891966494204553e+02 6.284930636431253603e+00
1.433871736907180505e+00 6.767789211198200974e+02 6.284930636431253603e+00
1.845791141210386010e+00 6.771691925249585893e+02 6.284930636431253603e+00
7.919664588294693663e-01 6.784475521459675065e+02 6.284930636431253603e+00
8.693442338830187355e-01 6.796364499172589149e+02 6.284930636431253603e+00
2.557633132571115020e+00 6.801937443781164347e+02 6.284930636431253603e+00
9.348640796745402159e-01 6.815494865746459254e+02 6.284930636431253603e+00
9.679462004835844846e-01 6.828226953184770309e+02 6.284930636431253603e+00
2.721705605713952814e+00 6.833704755601124816e+02 6.284930636431253603e+00
7.805980889153925073e-01 6.845450173971472623e+02 6.284930636431253603e+00
7.179767049347418606e-01 6.854688973174535249e+02 6.284930636431253603e+00
3.119191001756267401e+00 6.864109066685248308e+02 6.284930636431253603e+00
7.359198428011327620e-01 6.873298768630095310e+02 6.284930636431253603e+00
7.581388684203026473e-01 6.884526586288351382e+02 6.284930636431253603e+00
2.964454929644729564e+00 6.895853858579222333e+02 6.284930636431253603e+00
7.237312309670534960e-01 6.903777209807843747e+02 6.284930636431253603e+00
7.860409001058068501e-01 6.914037673692899943e+02 6.284930636431253603e+00
2.404913231092895565e+00 6.926253342091033574e+02 6.284930636431253603e+00
1.093005752656051932e+00 6.931013654121928766e+02 6.284930636431253603e+00
9.741402797053475560e-01 6.944196360217320034e+02 6.284930636431253603e+00
2.356693371658332481e+00 6.958049804323895842e+02 6.284930636431253603e+00
9.459152998121383993e-01 6.963054375339039552e+02 6.284930636431253603e+00
7.751419857942213332e-01 6.975403722854382522e+02 6.284930636431253603e+00
1.686080218009352594e+00 6.988276562753541157e+02 6.284930636431253603e+00
1.502763224883996163e+00 6.992131027687743199e+02 6.284930636431253603e+00
1.040023263898171235e+00 7.006080651340054146e+02 6.284930636431253603e+00
1.880037168460875208e+00 7.020223340303347186e+02 6.284930636431253603e+00
1.264525562292045491e+00 7.024228717865340741e+02 6.284930636431253603e+00
7.622548579669496949e-01 7.037167177822040003e+02 6.284930636431253603e+00
1.261159348207833153e+00 7.050102732575099935e+02 6.284930636431253603e+00
1.875736081214459228e+00 7.054113679422051746e+02 6.284930636431253603e+00
1.033289219793917635e+00 7.068236229255862781e+02 6.284930636431253603e+00
1.481106002141872713e+00 7.082156913863436785e+02 6.284930636431253603e+00
1.697343074717691191e+00 7.086029614358704976e+02 6.284930636431253603e+00
7.681321962360351252e-01 7.098893406830076174e+02 6.284930636431253603e+00
9.377575520172437562e-01 7.111254070915331340e+02 6.284930636431253603e+00
2.341910467081977920e+00 7.116285161671838750e+02 6.284930636431253603e+00
9.603574285626406137e-01 7.130077979182321997e+02 6.284930636431253603e+00
1.066531630181518198e+00 7.143184466130276178e+02 6.284930636431253603e+00
2.429130591783579707e+00 7.148051984824751344e+02 6.284930636431253603e+00
7.782834714517026242e-01 7.160196735714565648e+02 6.284930636431253603e+00
7.190226081601556185e-01 7.170434151932673785e+02 6.284930636431253603e+00
2.967142422323107542e+00 7.178467817157184072e+02 6.284930636431253603e+00
7.522264228555759491e-01 7.189637563582773510e+02 6.284930636431253603e+00
7.333499864597929907e-01 7.200833082736489814e+02 6.284930636431253603e+00
3.114784794398206547e+00 7.210212240454017092e+02 6.284930636431253603e+00
7.181291851466964360e-01 7.219514317181725573e+02 6.284930636431253603e+00
7.866421839585692188e-01 7.228781781044701802e+02 6.284930636431253603e+00
2.699706965158072069e+00 7.240608298521123061e+02 6.284930636431253603e+00
9.880189299584221096e-01 7.245965387781117215e+02 6.284930636431253603e+00
9.470418929038938449e-01 7.258771985936873534e+02 6.284930636431253603e+00
2.569746474886376753e+00 7.272395140238003250e+02 6.284930636431253603e+00
8.768621901727036150e-01 7.277933198258588163e+02 6.284930636431253603e+00
7.993828602159308572e-01 7.289813206041724243e+02 6.284930636431253603e+00
1.830929970273204255e+00 7.302612683553242050e+02 6.284930636431253603e+00
1.457854690473355808e+00 7.306487429249175420e+02 6.284930636431253603e+00
1.066142693460947921e+00 7.320421576408919009e+02 6.284930636431253603e+00
2.092928095169027891e+00 7.334655873153235461e+02 6.284930636431253603e+00
1.161715235399844115e+00 7.338863379465151411e+02 6.284930636431253603e+00
7.896577524972093753e-01 7.351628359501764862e+02 6.284930636431253603e+00
1.377707801834927359e+00 7.364550127466063714e+02 6.284930636431253603e+00
1.833258500709140204e+00 7.368417193592074455e+02 6.284930636431253603e+00
1.080638641566548319e+00 7.382641498861502214e+02 6.284930636431253603e+00
1.700833777722986939e+00 7.396806261617526843e+02 6.284930636431253603e+00
1.509353405402579451e+00 7.400602809099309525e+02 6.284930636431253603e+00
7.866493067855175880e-01 7.413536941254512840e+02 6.284930636431253603e+00
1.058906376421393736e+00 7.426138359968824716e+02 6.284930636431253603e+00
2.215771363035349051e+00 7.430648267113213024e+02 6.284930636431253603e+00
1.029655010903906209e+00 7.444755764821771891e+02 6.284930636431253603e+00
1.281583932055556430e+00 7.458397477543860532e+02 6.284930636431253603e+00
2.079090966658901696e+00 7.462555744693213455e+02 6.284930636431253603e+00
7.930751176294135174e-01 7.475149056074621967e+02 6.284930636431253603e+00
7.864447758956708556e-01 7.486383328856469461e+02 6.284930636431253603e+00
2.761819041919797435e+00 7.492879643058739703e+02 6.284930636431253603e+00
8.543570235298861837e-01 7.505721504261201744e+02 6.284930636431253603e+00
8.251140955869443738e-01 7.517702156459375828e+02 6.284930636431253603e+00
3.054996515735568074e+00 7.524613935241219451e+02 6.284930636431253603e+00
7.539360885318467931e-01 7.535439875192234922e+02 6.284930636431253603e+00
7.594982388434174947e-01 7.544037070412869070e+02 6.284930636431253603e+00
3.036703828301414276e+00 7.555006763645375258e+02 6.284930636431253603e+00
8.435179889718252833e-01 7.561693055692092003e+02 6.284930636431253603e+00
8.696176121032972439e-01 7.573778292259440832e+02 6.284930636431253603e+00
2.767521444205010450e+00 7.586751287688142611e+02 6.284930636431253603e+00
7.973907314190232798e-01 7.593146925673599981e+02 6.284930636431253603e+00
8.035488441296819717e-01 7.604396144637655652e+02 6.284930636431253603e+00
2.047810058316517523e+00 7.617039523089579234e+02 6.284930636431253603e+00
1.322173533735563344e+00 7.621116327191343771e+02 6.284930636431253603e+00
1.046852109067272218e+00 7.634838796465741098e+02 6.284930636431253603e+00
2.238470498213408266e+00 7.649004257383063532e+02 6.284930636431253603e+00
1.066536908286536578e+00 7.653499617407761662e+02 6.284930636431253603e+00
7.948103155643879703e-01 7.666081716620407178e+02 6.284930636431253603e+00
1.499531278173316995e+00 7.679007427757270534e+02 6.284930636431253603e+00
1.725753937851213227e+00 7.682799655243715051e+02 6.284930636431253603e+00
1.087254691717396637e+00 7.696989060004644898e+02 6.284930636431253603e+00
1.837656442770396303e+00 7.711230782657218015e+02 6.284930636431253603e+00
1.380363039535674963e+00 7.715093544032619093e+02 6.284930636431253603e+00
7.891325385424737826e-01 7.728017921203585274e+02 6.284930636431253603e+00
1.159341943584487611e+00 7.740780681780319128e+02 6.284930636431253603e+00
2.086599547850005454e+00 7.744992377629132534e+02 6.284930636431253603e+00
1.058775030704212528e+00 7.759203077893511136e+02 6.284930636431253603e+00
1.435870211907792626e+00 7.773103762577839007e+02 6.284930636431253603e+00
1.844731802201907911e+00 7.777004014134012095e+02 6.284930636431253603e+00
7.924076024183885902e-01 7.789788778540348630e+02 6.284930636431253603e+00
8.698591830054273055e-01 7.801677472380812333e+02 6.284930636431253603e+00
2.558190209951779703e+00 7.807247530551896944e+02 6.284930636431253603e+00
9.355286528941352264e-01 7.820808419157303888e+02 6.284930636431253603e+00
9.690036956329856066e-01 7.833544512820803902e+02 6.284930636431253603e+00
2.720664497943982685e+00 7.839015666684560983e+02 6.284930636431253603e+00
7.809118276034177075e-01 7.850764986899489486e+02 6.284930636431253603e+00
7.180328311828991783e-01 7.860003735065644150e+02 6.284930636431253603e+00
3.119864664609903748e+00 7.869419350254632946e+02 6.284930636431253603e+00
7.359124941321522062e-01 7.878615631487879227e+02 6.284930636431253603e+00
7.580450840115059430e-01 7.889842028058096730e+02 6.284930636431253603e+00
2.965963917758727586e+00 7.901164228946050798e+02 6.284930636431253603e+00
7.237525939079154647e-01 7.909091910430151984e+02 6.284930636431253603e+00
7.863448227995241124e-01 7.919346869021269413e+02 6.284930636431253603e+00
2.405686918424582821e+00 7.931562975851282999e+02 6.284930636431253603e+00
1.093423694424007442e+00 7.936322093620377700e+02 6.284930636431253603e+00
9.745864344422893177e-01 7.949505844204542200e+02 6.284930636431253603e+00
2.358658604027631611e+00 7.963360560855539916e+02 6.284930636431253603e+00
9.458518101559476587e-01 7.968366666084059489e+02 6.284930636431253603e+00
7.756633323467059249e-01 7.980712691187021619e+02 6.284930636431253603e+00
1.686383746093214064e+00 7.993585540116540642e+02 6.284930636431253603e+00
1.504005061441702207e+00 7.997438723366714157e+02 6.284930636431253603e+00
1.040885386356186215e+00 8.011390727548350696e+02 6.284930636431253603e+00
1.882693299444709645e+00 8.025536123412130110e+02 6.284930636431253603e+00
1.263875990538584126e+00 8.029542322124563043e+02 6.284930636431253603e+00
7.628496787187609707e-01 8.042478997389357573e+02 6.284930636431253603e+00
1.261997537373361400e+00 8.055413529492709586e+02 6.284930636431253603e+00
1.876685117211126075e+00 8.059423176112227338e+02 6.284930636431253603e+00
1.034244650873504590e+00 8.073548389331234603e+02 6.284930636431253603e+00
1.483859403708096103e+00 8.087473086654473491e+02 6.284930636431253603e+00
1.695501941525091816e+00 8.091343437257179403e+02 6.284930636431253603e+00
7.685691469420118382e-01 8.104208618216021023e+02 6.284930636431253603e+00
9.388828553240412544e-01 8.116570666043336360e+02 6.284930636431253603e+00
2.341553136204456376e+00 8.121596324398753950e+02 6.284930636431253603e+00
9.613293572359620232e-01 8.135393799707627522e+02 6.284930636431253603e+00
1.068704897892787997e+00 8.148506872284274323e+02 6.284930636431253603e+00
2.426029578029220257e+00 8.153364687904877428e+02 6.284930636431253603e+00
7.786362794825645306e-01 8.165515294660237942e+02 6.284930636431253603e+00
7.194100649072282527e-01 8.175759774201388836e+02 6.284930636431253603e+00
2.966370691525328063e+00 8.183779482402241001e+02 6.284930636431253603e+00
7.529032497857136574e-01 8.194967049887309258e+02 6.284930636431253603e+00
7.336340542754175020e-01 8.206165826656500712e+02 6.284930636431253603e+00
3.116798311290366552e+00 8.215523776826928497e+02 6.284930636431253603e+00
7.184178458204771855e-01 8.224839034612912201e+02 6.284930636431253603e+00
7.869740700910327069e-01 8.234093939955826045e+02 6.284930636431253603e+00
2.702399279562720302e+00 8.245918851049157183e+02 6.284930636431253603e+00
9.879916942376330002e-01 8.251277510273656617e+02 6.284930636431253603e+00
9.474111711684989334e-01 8.264083291438223569e+02 6.284930636431253603e+00
2.573329515139449519e+00 8.277706582315928472e+02 6.284930636431253603e+00
8.766785063329645133e-01 8.283248934432583610e+02 6.284930636431253603e+00
8.002727560467551848e-01 8.295121480610125673e+02 6.284930636431253603e+00
1.831482895656565857e+00 8.307921284153092074e+02 6.284930636431253603e+00
1.459886683462046530e+00 8.311793492440963291e+02 6.284930636431253603e+00
1.067631962062084661e+00 8.325731670866008471e+02 6.284930636431253603e+00
2.098222946383243137e+00 8.339970332777368185e+02 6.284930636431253603e+00
1.160738246710880439e+00 8.344180966571068438e+02 6.284930636431253603e+00
7.908992568464153772e-01 8.356940245970076830e+02 6.284930636431253603e+00
1.378919322845206574e+00 8.369860025937006185e+02 6.284930636431253603e+00
1.835775796219805134e+00 8.373725187431380164e+02 6.284930636431253603e+00
1.082633132102649665e+00 8.387954676819696260e+02 6.284930636431253603e+00
1.707181849299788112e+00 8.402126713828205311e+02 6.284930636431253603e+00
1.506093684260514820e+00 8.405922471962062446e+02 6.284930636431253603e+00
7.877335319746798792e-01 8.418855966539596238e+02 6.284930636431253603e+00
1.061320296261256901e+00 8.431457652778516376e+02 6.284930636431253603e+00
2.215925704707225830e+00 8.435960235150342896e+02 6.284930636431253603e+00
1.031713134287913780e+00 8.450074846347820312e+02 6.284930636431253603e+00
1.287374433948393682e+00 8.463728282500333080e+02 6.284930636431253603e+00
2.072387737838806476e+00 8.467873983120388175e+02 6.284930636431253603e+00
7.937392607592335114e-01 8.480475068342943814e+02 6.284930636431253603e+00
7.884679226514065276e-01 8.491724149161807418e+02 6.284930636431253603e+00
2.758656369626287130e+00 8.498194102571594613e+02 6.284930636431253603e+00
8.569075208383336584e-01 8.511061065708255455e+02 6.284930636431253603e+00
8.283689960074083203e-01 8.523062182428758433e+02 6.284930636431253603e+00
3.050139435328544035e+00 8.529929019463384066e+02 6.284930636431253603e+00
7.549426106370109579e-01 8.540782819772185803e+02 6.284930636431253603e+00
7.586061026668439178e-01 8.549377680418946284e+02 6.284930636431253603e+00
3.042496467612438416e+00 8.560321696885661140e+02 6.284930636431253603e+00
8.403750370229562394e-01 8.567048464306523101e+02 6.284930636431253603e+00
8.673396683646827920e-01 8.579114426885862486e+02 6.284930636431253603e+00
2.771310324954497695e+00 8.592065512312667579e+02 6.284930636431253603e+00
7.955719849601237126e-01 8.598485203874407716e+02 6.284930636431253603e+00
8.032534386487178990e-01 8.609718763565069821e+02 6.284930636431253603e+00
2.053839702184565574e+00 8.622356460841534727e+02 6.284930636431253603e+00
1.317697789915709849e+00 8.626442107417360603e+02 6.284930636431253603e+00
1.045580050791176774e+00 8.640156095631127755e+02 6.284930636431253603e+00
2.240101101328264122e+00 8.654317060750756809e+02 6.284930636431253603e+00
1.064364356063213224e+00 8.658819672536383223e+02 6.284930636431253603e+00
7.943684985900074658e-01 8.671399065339287517e+02 6.284930636431253603e+00
1.502548954193379416e+00 8.684325070763431995e+02 6.284930636431253603e+00
1.721542902402379172e+00 8.688117007178911990e+02 6.284930636431253603e+00
1.086392418814268401e+00 8.702302502714265984e+02 6.284930636431253603e+00
1.838139752917880898e+00 8.716542566864164883e+02 6.284930636431253603e+00
1.378405154662571075e+00 8.720407381619512535e+02 6.284930636431253603e+00
7.886179923375691292e-01 8.733332210270822316e+02 6.284930636431253603e+00
1.160976356450042823e+00 8.746098945624147518e+02 6.284930636431253603e+00
2.082812852629141176e+00 8.750306360148771319e+02 6.284930636431253603e+00
1.058400170110505689e+00 8.764515938743584229e+02 6.284930636431253603e+00
1.436776177499618168e+00 8.778417366880106556e+02 6.284930636431253603e+00
1.841977714885892237e+00 8.782316734824875084e+02 6.284930636431253603e+00
7.920039519177322074e-01 8.795103010539640991e+02 6.284930636431253603e+00
8.710103223229982428e-01 8.807001264639543479e+02 6.284930636431253603e+00
2.554323035932210662e+00 8.812560386517840243e+02 6.284930636431253603e+00
9.361945352051291858e-01 8.826127194464063450e+02 6.284930636431253603e+00
9.708921996691338707e-01 8.838871499158485676e+02 6.284930636431253603e+00
2.715073435330624729e+00 8.844328755022935411e+02 6.284930636431253603e+00
7.810010178463928643e-01 8.856087184631176115e+02 6.284930636431253603e+00
7.176880558451016467e-01 8.865343200907068422e+02 6.284930636431253603e+00
3.118301638228210049e+00 8.874732719070955227e+02 6.284930636431253603e+00
7.354065345915736795e-01 8.883970067889443953e+02 6.284930636431253603e+00
7.568600155856699541e-01 8.895188817204816587e+02 6.284930636431253603e+00
2.969560513000021107e+00 8.906477893420850478e+02 6.284930636431253603e+00
7.232067003343680689e-01 8.914432197864675800e+02 6.284930636431253603e+00
7.863519158372851425e-01 8.924667899515582121e+02 6.284930636431253603e+00
2.411425255234288745e+00 8.936876974815310177e+02 6.284930636431253603e+00
1.091011109135504586e+00 8.941647035030310917e+02 6.284930636431253603e+00
9.739850642795200297e-01 8.954823478596696305e+02 6.284930636431253603e+00
2.362446463778423045e+00 8.968674094109767339e+02 6.284930636431253603e+00
9.442168973414948319e-01 8.973690102039922749e+02 6.284930636431253603e+00
7.759545115604092880e-01 8.986028573952281704e+02 6.284930636431253603e+00
1.689432947445756783e+00 8.998899808473403255e+02 6.284930636431253603e+00
1.502346861408793144e+00 9.002753761626630649e+02 6.284930636431253603e+00
1.041079105313498898e+00 9.016704471213523675e+02 6.284930636431253603e+00
1.886009896088526316e+00 9.030850967321363214e+02 6.284930636431253603e+00
1.261634080901899768e+00 9.034860352409964435e+02 6.284930636431253603e+00
7.630848031315968782e-01 9.047795282182891015e+02 6.284930636431253603e+00
1.264315346846575538e+00 9.060730441747657551e+02 6.284930636431253603e+00
1.874785284885862380e+00 9.064736758259163025e+02 6.284930636431253603e+00
1.034758899922264774e+00 9.078862984858174059e+02 6.284930636431253603e+00
1.487047660920570946e+00 9.092791502520381073e+02 6.284930636431253603e+00
1.691837298522665956e+00 9.096659553519132260e+02 6.284930636431253603e+00
7.686412563734652537e-01 9.109527042917418385e+02 6.284930636431253603e+00
9.409242015107898149e-01 9.121895896872497360e+02 6.284930636431253603e+00
2.338310482958824821e+00 9.126910092478445904e+02 6.284930636431253603e+00
9.624243887950819643e-01 9.140713913368088015e+02 6.284930636431253603e+00
1.071959308234776032e+00 9.153837072297721988e+02 6.284930636431253603e+00
2.419491515105480772e+00 9.158679681211717707e+02 6.284930636431253603e+00
7.788381994171512668e-01 9.170839831785439173e+02 6.284930636431253603e+00
7.200552121357007840e-01 9.181104256861673321e+02 6.284930636431253603e+00
2.962907222435952725e+00 9.189093639757354595e+02 6.284930636431253603e+00
7.542096655586442155e-01 9.200319270120768351e+02 6.284930636431253603e+00
7.341323966309243332e-01 9.211525707637273399e+02 6.284930636431253603e+00
3.119312631334194563e+00 9.220837576115534375e+02 6.284930636431253603e+00
7.188345096443218285e-01 9.230181930294265840e+02 6.284930636431253603e+00
7.870884990468424158e-01 9.239415126099107738e+02 6.284930636431253603e+00
2.708621391937474421e+00 9.251231890791349315e+02 6.284930636431253603e+00
9.864003380211342487e-01 9.256602415083792721e+02 6.284930636431253603e+00
9.470999139728661920e-01 9.269401115240840454e+02 6.284930636431253603e+00
2.578682254499320425e+00 9.283019876863604622e+02 6.284930636431253603e+00
8.756560288995239860e-01 9.288573522882875295e+02 6.284930636431253603e+00
8.011864768603202958e-01 9.300433630600986135e+02 6.284930636431253603e+00
1.833933529495699322e+00 9.313232583261482205e+02 6.284930636431253603e+00
1.460578026664826279e+00 9.317103633732053822e+02 6.284930636431253603e+00
1.068942135937064775e+00 9.331044046464731991e+02 6.284930636431253603e+00
2.104794350111770740e+00 9.345286569835596993e+02 6.284930636431253603e+00
1.158820377000632895e+00 9.349502707070012093e+02 6.284930636431253603e+00
7.921613397233047138e-01 9.362254903610852352e+02 6.284930636431253603e+00
1.381227779495340036e+00 9.375172957130895384e+02 6.284930636431253603e+00
1.837191415083499590e+00 9.379035256947045127e+02 6.284930636431253603e+00
1.084678314518125131e+00 9.393269637079519043e+02 6.284930636431253603e+00
1.714777981817907637e+00 9.407449716045616697e+02 6.284930636431253603e+00
1.501541259464461264e+00 9.411245138752721004e+02 6.284930636431253603e+00
7.888169886220867122e-01 9.424178043913800593e+02 6.284930636431253603e+00
1.064660884733576118e+00 9.436781951040223930e+02 6.284930636431253603e+00
2.214740778383046393e+00 9.441273961553501977e+02 6.284930636431253603e+00
1.034068992614183280e+00 9.455396867186547070e+02 6.284930636431253603e+00
1.294645786989626624e+00 9.469064773703875062e+02 6.284930636431253603e+00
2.063241917638181988e+00 9.473194926881041056e+02 6.284930636431253603e+00
7.943900893220176007e-01 9.485805891060689419e+02 6.284930636431253603e+00
7.912192183921746835e-01 9.497077155385236438e+02 6.284930636431253603e+00
2.753427523851585068e+00 9.503510593966921078e+02 6.284930636431253603e+00
8.603082970498074911e-01 9.516411370486832766e+02 6.284930636431253603e+00
8.328615942669219674e-01 9.528440787130128911e+02 6.284930636431253603e+00
3.042439193177580492e+00 9.535246317409794301e+02 6.284930636431253603e+00
7.562397733470000993e-01 9.546138521279665383e+02 6.284930636431253603e+00
7.571503722400378944e-01 9.554734203057530522e+02 6.284930636431253603e+00
3.050229537069984787e+00 9.565639200976247594e+02 6.284930636431253603e+00
8.355948201466708580e-01 9.572428162921404464e+02 6.284930636431253603e+00
8.637436696645993672e-01 9.584464883411050096e+02 6.284930636431253603e+00
2.776074287937876139e+00 9.597381866366672512e+02 6.284930636431253603e+00
7.927621671826320382e-01 9.603837849667577302e+02 6.284930636431253603e+00
8.024959293357599721e-01 9.615049654819949865e+02 6.284930636431253603e+00
2.063154553811760827e+00 9.627677868465199253e+02 6.284930636431253603e+00
1.310039614767724014e+00 9.631778859345870387e+02 6.284930636431253603e+00
1.043087154953896034e+00 9.645478021798990085e+02 6.284930636431253603e+00
2.240913328027710261e+00 9.659630447009833460e+02 6.284930636431253603e+00
1.061099293415751710e+00 9.664143433606180906e+02 6.284930636431253603e+00
7.932122582323771764e-01 9.676720938100995681e+02 6.284930636431253603e+00
1.507080570465151315e+00 9.689647824665495364e+02 6.284930636431253603e+00
1.713776665426592682e+00 9.693440120669340558e+02 6.284930636431253603e+00
1.084266958565417882e+00 9.707617386089982574e+02 6.284930636431253603e+00
1.836491988906894690e+00 9.721852321643114010e+02 6.284930636431253603e+00
1.376189397801765191e+00 9.725719959616524193e+02 6.284930636431253603e+00
7.873232456071113106e-01 9.738646621391420695e+02 6.284930636431253603e+00
1.162780826128356093e+00 9.751420257227448474e+02 6.284930636431253603e+00
2.076272330685185796e+00 9.755622580886915785e+02 6.284930636431253603e+00
1.056993198520846500e+00 9.769827994709224868e+02 6.284930636431253603e+00
1.435798815018793917e+00 9.783726748191504612e+02 6.284930636431253603e+00
1.839721630090786597e+00 9.787627590222118670e+02 6.284930636431253603e+00
7.910521937322659847e-01 9.800414503648428308e+02 6.284930636431253603e+00
8.718779869812112171e-01 9.812324655516900975e+02 6.284930636431253603e+00
2.549031383732989653e+00 9.817873496473763453e+02 6.284930636431253603e+00
9.363022674540427692e-01 9.831443835970893588e+02 6.284930636431253603e+00
9.720772993091731928e-01 9.844193898262093398e+02 6.284930636431253603e+00
2.709375533197068364e+00 9.849641264219496861e+02 6.284930636431253603e+00
7.807765042292150737e-01 9.861406644233810539e+02 6.284930636431253603e+00
7.172242568417155351e-01 9.870683739806214589e+02 6.284930636431253603e+00
3.115643821834075400e+00 9.880046223527375560e+02 6.284930636431253603e+00
7.348359871929740494e-01 9.889326471541701267e+02 6.284930636431253603e+00
7.555462990999762818e-01 9.900537676773784597e+02 6.284930636431253603e+00
2.972359262815849057e+00 9.911791661779014930e+02 6.284930636431253603e+00
7.225424428979837499e-01 9.919773790926420816e+02 6.284930636431253603e+00
7.860529608901846155e-01 9.929991790168705847e+02 6.284930636431253603e+00
2.417578702914960687e+00 9.942191872407688606e+02 6.284930636431253603e+00
1.087689180065273931e+00 9.946976448839973273e+02 6.284930636431253603e+00
9.728090077391251533e-01 9.960142984530244803e+02 6.284930636431253603e+00
2.365053761792059284e+00 9.973987324170213924e+02 6.284930636431253603e+00
9.423104864973809169e-01 9.979013804639691898e+02 6.284930636431253603e+00
7.757836689319753676e-01 9.991346450021212604e+02 6.284930636431253603e+00
1.692820733567051317e+00 1.000421569895497214e+03 6.284930636431253603e+00
1.499099905577356395e+00 1.000807191068675138e+03 6.284930636431253603e+00
1.040445907445163298e+00 1.002201864998147585e+03 6.284930636431253603e+00
1.887345878650958486e+00 1.003616374630668588e+03 6.284930636431253603e+00
1.259580911645016066e+00 1.004017616351870856e+03 6.284930636431253603e+00
7.627708204903396183e-01 1.005311078226913537e+03 6.284930636431253603e+00
1.266277588342859861e+00 1.006604770311161701e+03 6.284930636431253603e+00
1.871535767339763234e+00 1.007005132882455655e+03 6.284930636431253603e+00
1.034416004549977730e+00 1.008417608821062004e+03 6.284930636431253603e+00
1.488118650732203951e+00 1.009810517209338855e+03 6.284930636431253603e+00
1.689271456147091177e+00 1.010197280336637959e+03 6.284930636431253603e+00
7.682877079891869965e-01 1.011484169522479078e+03 6.284930636431253603e+00
9.422560154208670102e-01 1.012721734199921912e+03 6.284930636431253603e+00
2.334757549760145601e+00 1.013222319584822003e+03 6.284930636431253603e+00
9.627613411831014156e-01 1.014602995911942571e+03 6.284930636431253603e+00
1.073686691755700640e+00 1.015915862265404826e+03 6.284930636431253603e+00
