1.142428369989827219e+00 1.173823906132954176e-01 2.356194490192261792e+00
1.143646845831087555e+00 1.702146226275274454e+00 2.356194490192261792e+00
1.850832172510712637e+00 2.133215356106154648e+00 2.356194490192261792e+00
1.172077775199810379e+00 3.647667043784305285e+00 2.356194490192261792e+00
1.000648847710984723e+00 4.460053173622486433e+00 2.356194490192261792e+00
1.050569943562991826e+00 5.687481662715929254e+00 2.356194490192261792e+00
1.343992120749083474e+00 6.318608845241272753e+00 2.356194490192261792e+00
8.014486119460416669e-01 7.806546043787026434e+00 2.356194490192261792e+00
2.212028968582905541e+00 8.349183045757571975e+00 2.356194490192261792e+00
9.865121646887053952e-01 9.801147652573746427e+00 2.356194490192261792e+00
1.157079143931618370e+00 1.057231694535900068e+01 2.356194490192261792e+00
1.002598769230454545e+00 1.179705338443853080e+01 2.356194490192261792e+00
1.630534466616274880e+00 1.251522423402732009e+01 2.356194490192261792e+00
5.594978596162129003e-01 1.363597812958153810e+01 2.356194490192261792e+00
2.635446673151212504e+00 1.454705834313341839e+01 2.356194490192261792e+00
7.044730653743003224e-01 1.565506557137514143e+01 2.356194490192261792e+00
1.333632126885524682e+00 1.661451547259710892e+01 2.356194490192261792e+00
9.124259549869166985e-01 1.776073731658381760e+01 2.356194490192261792e+00
1.672131134096368044e+00 1.868658857491973890e+01 2.356194490192261792e+00
7.607176524177967636e-01 1.929578105742280769e+01 2.356194490192261792e+00
2.414629268748761604e+00 2.074204938514715479e+01 2.356194490192261792e+00
1.034413204819100152e+00 2.127252104799692134e+01 2.356194490192261792e+00
1.398907270972341133e+00 2.268119618080007172e+01 2.356194490192261792e+00
8.685109234883278129e-01 2.370566426489453704e+01 2.356194490192261792e+00
1.362278121864355374e+00 2.482136015749783553e+01 2.356194490192261792e+00
9.853278169290865529e-01 2.536566399991437848e+01 2.356194490192261792e+00
1.691836118347408213e+00 2.694960146434481629e+01 2.356194490192261792e+00
1.496386607477473429e+00 2.735990784801211007e+01 2.356194490192261792e+00
1.353817735141011225e+00 2.887853713851199089e+01 2.356194490192261792e+00
9.062478812552797747e-01 2.980303802828892046e+01 2.356194490192261792e+00
1.198145510141149783e+00 3.098926861265998056e+01 2.356194490192261792e+00
1.133963606396920953e+00 3.155343201436921774e+01 2.356194490192261792e+00
1.258302527924769265e+00 3.314629924259035221e+01 2.356194490192261792e+00
1.820131004551547971e+00 3.356341353107644210e+01 2.356194490192261792e+00
1.258464737020015045e+00 3.509742865151890356e+01 2.356194490192261792e+00
9.715782555521088604e-01 3.594345090263419706e+01 2.356194490192261792e+00
1.101158503880534711e+00 3.716288404921517952e+01 2.356194490192261792e+00
1.294253283078452776e+00 3.776335710458335626e+01 2.356194490192261792e+00
9.273968266340342215e-01 3.930022514525046518e+01 2.356194490192261792e+00
2.124023390170182157e+00 3.978729318148738514e+01 2.356194490192261792e+00
1.100741484777372214e+00 4.128773455196082409e+01 2.356194490192261792e+00
1.090309305512181526e+00 4.206961527595418460e+01 2.356194490192261792e+00
1.036316756300884379e+00 4.330173313714072236e+01 2.356194490192261792e+00
1.536024543554010746e+00 4.396753699367906165e+01 2.356194490192261792e+00
6.280819195528574150e-01 4.528037685216121133e+01 2.356194490192261792e+00
2.511499441652309095e+00 4.599837669019428432e+01 2.356194490192261792e+00
8.118225297380203820e-01 4.731189620385799799e+01 2.356194490192261792e+00
1.292617175791835438e+00 4.813594923552287952e+01 2.356194490192261792e+00
9.657359619534663375e-01 4.931661556435899030e+01 2.356194490192261792e+00
1.763809136886506979e+00 5.014876928985243154e+01 2.356194490192261792e+00
6.657474763804492879e-01 5.085399236243785026e+01 2.356194490192261792e+00
2.656669910017079861e+00 5.217998787000499306e+01 2.356194490192261792e+00
8.735158131786094904e-01 5.282101105670992780e+01 2.356194490192261792e+00
1.397178402465084845e+00 5.414159547811856044e+01 2.356194490192261792e+00
8.682846020722861935e-01 5.520418314994737585e+01 2.356194490192261792e+00
1.444980482005521427e+00 5.627981887973559338e+01 2.356194490192261792e+00
9.361408238688654349e-01 5.682307108991259526e+01 2.356194490192261792e+00
1.875361484722736005e+00 5.838875856886124893e+01 2.356194490192261792e+00
1.382669879807511881e+00 5.881253453771855533e+01 2.356194490192261792e+00
1.381688110127971658e+00 6.031622658578142904e+01 2.356194490192261792e+00
8.940917357464603921e-01 6.127027340677157241e+01 2.356194490192261792e+00
1.245311265867360406e+00 6.244014373254244532e+01 2.356194490192261792e+00
1.098466839931801609e+00 6.299299225898086263e+01 2.356194490192261792e+00
1.374267114272576418e+00 6.458982478221709300e+01 2.356194490192261792e+00
1.742087856730832884e+00 6.499815477770616212e+01 2.356194490192261792e+00
1.304061123915462250e+00 6.653582242947196335e+01 2.356194490192261792e+00
9.486191007713553613e-01 6.740852540823988193e+01 2.356194490192261792e+00
1.135452488337414634e+00 6.861889665407147731e+01 2.356194490192261792e+00
1.244494382613843264e+00 6.920255510952856071e+01 2.356194490192261792e+00
1.033656689076845936e+00 7.076666256561129842e+01 2.356194490192261792e+00
2.032766354295343803e+00 7.122181870083306876e+01 2.356194490192261792e+00
1.172197393728490855e+00 7.274378661785216593e+01 2.356194490192261792e+00
1.042001590831229452e+00 7.354566232784883084e+01 2.356194490192261792e+00
1.060012936682728890e+00 7.477650569959527616e+01 2.356194490192261792e+00
1.447117930675092090e+00 7.541211334600598093e+01 2.356194490192261792e+00
7.223809791766350186e-01 7.683596304818932765e+01 2.356194490192261792e+00
2.377342523649751627e+00 7.744167903372333228e+01 2.356194490192261792e+00
9.295032621147953922e-01 7.885786579405781538e+01 2.356194490192261792e+00
1.222177892044623126e+00 7.963587805199388470e+01 2.356194490192261792e+00
9.980755805326064767e-01 8.084746289971319300e+01 2.356194490192261792e+00
1.729330900074139032e+00 8.160339259222196517e+01 2.356194490192261792e+00
5.711266281531868216e-01 8.252364753743046322e+01 2.356194490192261792e+00
2.731395892748937015e+00 8.362981784828454579e+01 2.356194490192261792e+00
7.143592054276238779e-01 8.451019886424671768e+01 2.356194490192261792e+00
1.358205991237281918e+00 8.564165187019860070e+01 2.356194490192261792e+00
8.753657218119232919e-01 8.675392610241361524e+01 2.356194490192261792e+00
1.553643184900412422e+00 8.775541497781252076e+01 2.356194490192261792e+00
8.220635844058694630e-01 8.833286203783180213e+01 2.356194490192261792e+00
2.174325457624682656e+00 8.983910625283161266e+01 2.356194490192261792e+00
1.153327036847157983e+00 9.031589266256543169e+01 2.356194490192261792e+00
1.369935225611450980e+00 9.176568166452956632e+01 2.356194490192261792e+00
8.656896827174527242e-01 9.275335639493098938e+01 2.356194490192261792e+00
1.280522919288300532e+00 9.389747969741556233e+01 2.356194490192261792e+00
9.974051670933442582e-01 9.445686487072585180e+01 2.356194490192261792e+00
1.551517938697527299e+00 9.604703027676636395e+01 2.356194490192261792e+00
1.542313498786862080e+00 9.645537270123681139e+01 2.356194490192261792e+00
1.290010577643441625e+00 9.797038807243835379e+01 2.356194490192261792e+00
9.139439877844222071e-01 9.885850271396314781e+01 2.356194490192261792e+00
1.132659581195469611e+00 1.000600066431014312e+02 2.356194490192261792e+00
1.146939911588288341e+00 1.006468758789613389e+02 2.356194490192261792e+00
1.138424237928418181e+00 1.022309706895399586e+02 2.356194490192261792e+00
1.859014482414784508e+00 1.026629113120157797e+02 2.356194490192261792e+00
1.172351942207365827e+00 1.041778377056003251e+02 2.356194490192261792e+00
1.002460459113948543e+00 1.049897770843879670e+02 2.356194490192261792e+00
1.051093091091474196e+00 1.062173808508222805e+02 2.356194490192261792e+00
1.348564093308055822e+00 1.068486025161341075e+02 2.356194490192261792e+00
7.979117654250102998e-01 1.083341638714388608e+02 2.356194490192261792e+00
2.219511935352727505e+00 1.088791651532553431e+02 2.356194490192261792e+00
9.847029808119717176e-01 1.103301272330898826e+02 2.356194490192261792e+00
1.159748235798159000e+00 1.111013337824946774e+02 2.356194490192261792e+00
1.002676383456013953e+00 1.123257190014010547e+02 2.356194490192261792e+00
1.635246680569392153e+00 1.130451167526584868e+02 2.356194490192261792e+00
5.587687868108184297e-01 1.141580751246783905e+02 2.356194490192261792e+00
2.641214730362890784e+00 1.150766906477959139e+02 2.356194490192261792e+00
7.028266957741760024e-01 1.161762679576000323e+02 2.356194490192261792e+00
1.334939629178572229e+00 1.171418741473300713e+02 2.356194490192261792e+00
9.108670265625706808e-01 1.182868750073080264e+02 2.356194490192261792e+00
1.668253652416596067e+00 1.192158411932490907e+02 2.356194490192261792e+00
7.639239538633718629e-01 1.198227842461627972e+02 2.356194490192261792e+00
2.405350764222920379e+00 1.212722488247273702e+02 2.356194490192261792e+00
1.040087930509911773e+00 1.217998227413136192e+02 2.356194490192261792e+00
1.398700716063967953e+00 1.232108399229403801e+02 2.356194490192261792e+00
8.686419602469842571e-01 1.242340069315250872e+02 2.356194490192261792e+00
1.359654608722989710e+00 1.253508922476243583e+02 2.356194490192261792e+00
9.868889461539190888e-01 1.258953503464607167e+02 2.356194490192261792e+00
1.685959672115659780e+00 1.274797418261902493e+02 2.356194490192261792e+00
1.500050823566921432e+00 1.278897646984328560e+02 2.356194490192261792e+00
1.352708505075494116e+00 1.294087596487761118e+02 2.356194490192261792e+00
9.067250160595309305e-01 1.303322360165788893e+02 2.356194490192261792e+00
1.196572362038113679e+00 1.315189865455378708e+02 2.356194490192261792e+00
1.135245905551921064e+00 1.320835777608481862e+02 2.356194490192261792e+00
1.254318254412952749e+00 1.336762161445320771e+02 2.356194490192261792e+00
1.822879165143630686e+00 1.340937325086411818e+02 2.356194490192261792e+00
1.256750086168988645e+00 1.356275445810305484e+02 2.356194490192261792e+00
9.725046972571298465e-01 1.364726426490588551e+02 2.356194490192261792e+00
1.100028204256052966e+00 1.376923599955103157e+02 2.356194490192261792e+00
1.296223330500579696e+00 1.382934687926122308e+02 2.356194490192261792e+00
9.236169458517268227e-01 1.398291193349975003e+02 2.356194490192261792e+00
2.127522788797686637e+00 1.403175653682961013e+02 2.356194490192261792e+00
1.098007039041744681e+00 1.418170563073716437e+02 2.356194490192261792e+00
1.092235266808215810e+00 1.425983645038475061e+02 2.356194490192261792e+00
1.035544333904013570e+00 1.438304318595458255e+02 2.356194490192261792e+00
1.539389574975106756e+00 1.444974512693180202e+02 2.356194490192261792e+00
6.251769050545046280e-01 1.458053835340636510e+02 2.356194490192261792e+00
2.516351817180308093e+00 1.465282916297831548e+02 2.356194490192261792e+00
8.077228495999946301e-01 1.478370127408073245e+02 2.356194490192261792e+00
1.294774265389630585e+00 1.486637821724245896e+02 2.356194490192261792e+00
9.644511683113928813e-01 1.498432146073053559e+02 2.356194490192261792e+00
1.763454513600360984e+00 1.506783037294674443e+02 2.356194490192261792e+00
6.702288866754831931e-01 1.513775431464004555e+02 2.356194490192261792e+00
2.650615216963828402e+00 1.527098974870480106e+02 2.356194490192261792e+00
8.810156191648166324e-01 1.533446071291517114e+02 2.356194490192261792e+00
1.399084576353058162e+00 1.546703562897677102e+02 2.356194490192261792e+00
8.689945721268663714e-01 1.557314673997660748e+02 2.356194490192261792e+00
1.443107524820076648e+00 1.568090071741106613e+02 2.356194490192261792e+00
9.414935305296054935e-01 1.573508494480483080e+02 2.356194490192261792e+00
1.865836800920407157e+00 1.589182332540583786e+02 2.356194490192261792e+00
1.393102684536329905e+00 1.593405575563094487e+02 2.356194490192261792e+00
1.384325123506927158e+00 1.608464148283091220e+02 2.356194490192261792e+00
8.958037053572287522e-01 1.618001790371434083e+02 2.356194490192261792e+00
1.246685154380678062e+00 1.629704854474346689e+02 2.356194490192261792e+00
1.104242608554011795e+00 1.635222300753844138e+02 2.356194490192261792e+00
1.369389629619555127e+00 1.651190704803322262e+02 2.356194490192261792e+00
1.752533891820972967e+00 1.655275473758764520e+02 2.356194490192261792e+00
1.307950388235784134e+00 1.670668700599549936e+02 2.356194490192261792e+00
9.499143925501857266e-01 1.679403029443282094e+02 2.356194490192261792e+00
1.138217999916085521e+00 1.691505985436461685e+02 2.356194490192261792e+00
1.249009256397335843e+00 1.697330182271109322e+02 2.356194490192261792e+00
1.032914667425408828e+00 1.712965709345201901e+02 2.356194490192261792e+00
2.040257900093628507e+00 1.717521456565166318e+02 2.356194490192261792e+00
1.175778034398067939e+00 1.732754479602630795e+02 2.356194490192261792e+00
1.042389278384440399e+00 1.740779484295240991e+02 2.356194490192261792e+00
1.062082523843725479e+00 1.753087771060889963e+02 2.356194490192261792e+00
1.449444812878601940e+00 1.759432547595262406e+02 2.356194490192261792e+00
7.231499599680646373e-01 1.773670225605974906e+02 2.356194490192261792e+00
2.380955963236509820e+00 1.779725459780652841e+02 2.356194490192261792e+00
9.312968108254139343e-01 1.793897345071760583e+02 2.356194490192261792e+00
1.222516984617920244e+00 1.801675282411229375e+02 2.356194490192261792e+00
9.990439998156268597e-01 1.813792040799500285e+02 2.356194490192261792e+00
1.731215767562303220e+00 1.821344914047168686e+02 2.356194490192261792e+00
5.715432514378950835e-01 1.830538678056829553e+02 2.356194490192261792e+00
2.733626489848475671e+00 1.841606063888631297e+02 2.356194490192261792e+00
7.148863480537178683e-01 1.850400698691268815e+02 2.356194490192261792e+00
1.359046838705988192e+00 1.861723056699752306e+02 2.356194490192261792e+00
8.757652478493272996e-01 1.872844050594678720e+02 2.356194490192261792e+00
1.554387351911248105e+00 1.882861732752447494e+02 2.356194490192261792e+00
8.240604176592548624e-01 1.888625070329942162e+02 2.356194490192261792e+00
2.172883112603723355e+00 1.903697023543642786e+02 2.356194490192261792e+00
1.156741267074741453e+00 1.908455614758529748e+02 2.356194490192261792e+00
1.371733156503033069e+00 1.922964232137412637e+02 2.356194490192261792e+00
8.665816762456035605e-01 1.932842501856490003e+02 2.356194490192261792e+00
1.281987758875470673e+00 1.944284416030139084e+02 2.356194490192261792e+00
1.000322972629402951e+00 1.949869173796768678e+02 2.356194490192261792e+00
1.550306560702219061e+00 1.965774043474506243e+02 2.356194490192261792e+00
1.547375102642342348e+00 1.969854879400711525e+02 2.356194490192261792e+00
1.293029740748090628e+00 1.985015947673166750e+02 2.356194490192261792e+00
9.147009694903668331e-01 1.993905002343030901e+02 2.356194490192261792e+00
1.135016453126304059e+00 2.005918252100017867e+02 2.356194490192261792e+00
1.149462754793092234e+00 2.011776961218078839e+02 2.356194490192261792e+00
1.139417017403346666e+00 2.027617617448258613e+02 2.356194490192261792e+00
1.863067149549581858e+00 2.031936216564329527e+02 2.356194490192261792e+00
1.175879853460546798e+00 2.047097021113613948e+02 2.356194490192261792e+00
1.002357096542468184e+00 2.055224934701388690e+02 2.356194490192261792e+00
1.053142281578153483e+00 2.067499958687805304e+02 2.356194490192261792e+00
1.349365375541535572e+00 2.073800623387718076e+02 2.356194490192261792e+00
8.001872782263896866e-01 2.088664284491602245e+02 2.356194490192261792e+00
2.220706362284032398e+00 2.094103795595773363e+02 2.356194490192261792e+00
9.879035652849257332e-01 2.108629206591357104e+02 2.356194490192261792e+00
1.158881040176053423e+00 2.116340688515788884e+02 2.356194490192261792e+00
1.003929242213417394e+00 2.128587324101027605e+02 2.356194490192261792e+00
1.635184342353674714e+00 2.135767406731850144e+02 2.356194490192261792e+00
5.594009962475026132e-01 2.146927199810012326e+02 2.356194490192261792e+00
2.641503834192971745e+00 2.156081173871754402e+02 2.356194490192261792e+00
7.038104226336725500e-01 2.167113420657038887e+02 2.356194490192261792e+00
1.335234022848124757e+00 2.176743595676041707e+02 2.356194490192261792e+00
9.120984412010060272e-01 2.188197042755327004e+02 2.356194490192261792e+00
1.671455525693666733e+00 2.197474328305715403e+02 2.356194490192261792e+00
7.648009474080968984e-01 2.203536232569459514e+02 2.356194490192261792e+00
2.408566650647570029e+00 2.218031508166788797e+02 2.356194490192261792e+00
1.041385553491729343e+00 2.223304934378354005e+02 2.356194490192261792e+00
1.401054371674388399e+00 2.237420106458204714e+02 2.356194490192261792e+00
8.697681848244732672e-01 2.247658041888474827e+02 2.356194490192261792e+00
1.362698032106192336e+00 2.258823524339468349e+02 2.356194490192261792e+00
9.905191831269866132e-01 2.264253163246461895e+02 2.356194490192261792e+00
1.685962080826286291e+00 2.280101855188437128e+02 2.356194490192261792e+00
1.506068962185237226e+00 2.284197549651135546e+02 2.356194490192261792e+00
1.357678359667927381e+00 2.299402810454907069e+02 2.356194490192261792e+00
9.078745690600211748e-01 2.308653809230758611e+02 2.356194490192261792e+00
1.201098948092010676e+00 2.320515829342153893e+02 2.356194490192261792e+00
1.139372415309041209e+00 2.326143112895112210e+02 2.356194490192261792e+00
1.256551243563791997e+00 2.342069980974601435e+02 2.356194490192261792e+00
1.829388482505541313e+00 2.346242900240976610e+02 2.356194490192261792e+00
1.263566600609878021e+00 2.361600845536591180e+02 2.356194490192261792e+00
9.722569328665023880e-01 2.370074068559988802e+02 2.356194490192261792e+00
1.104602533307653678e+00 2.382266124442616899e+02 2.356194490192261792e+00
1.297448166978650397e+00 2.388254657791184172e+02 2.356194490192261792e+00
9.292771063214865235e-01 2.403623665557909987e+02 2.356194490192261792e+00
2.129071137222259047e+00 2.408491031656199652e+02 2.356194490192261792e+00
1.105388828531458811e+00 2.423513156321359929e+02 2.356194490192261792e+00
1.089693207954383292e+00 2.431338531950556217e+02 2.356194490192261792e+00
1.038497362954856618e+00 2.443660559138716906e+02 2.356194490192261792e+00
1.536633576042309324e+00 2.450301865619366311e+02 2.356194490192261792e+00
6.300679927091876742e-01 2.463452578084528284e+02 2.356194490192261792e+00
2.512511871933483576e+00 2.470607178193550340e+02 2.356194490192261792e+00
8.147889507237309203e-01 2.483772408721653164e+02 2.356194490192261792e+00
1.292315672038338636e+00 2.491997053433581186e+02 2.356194490192261792e+00
9.671086810256654953e-01 2.503808448549556545e+02 2.356194490192261792e+00
1.766065065507967491e+00 2.512113674410012436e+02 2.356194490192261792e+00
6.652215569226738179e-01 2.519174841998648731e+02 2.356194490192261792e+00
2.660380978798530638e+00 2.532420708448283619e+02 2.356194490192261792e+00
8.726540046368600478e-01 2.538842073016610925e+02 2.356194490192261792e+00
1.398105253242980739e+00 2.552040271612522417e+02 2.356194490192261792e+00
8.689144411183568062e-01 2.562670992590316814e+02 2.356194490192261792e+00
1.447194656991072526e+00 2.573422383443532340e+02 2.356194490192261792e+00
9.376910517423738822e-01 2.578846363494644152e+02 2.356194490192261792e+00
1.876572594086785228e+00 2.594505609769225885e+02 2.356194490192261792e+00
1.385027632481759419e+00 2.598740842492985621e+02 2.356194490192261792e+00
1.384406758985929020e+00 2.613784921308334219e+02 2.356194490192261792e+00
8.948448852011045007e-01 2.623334905065207181e+02 2.356194490192261792e+00
1.248149494960760109e+00 2.635029695097443891e+02 2.356194490192261792e+00
1.101070984320503099e+00 2.640546606045379008e+02 2.356194490192261792e+00
1.375491955100504038e+00 2.656515694575092539e+02 2.356194490192261792e+00
1.746211040475936560e+00 2.660597495342677803e+02 2.356194490192261792e+00
1.308357312504795811e+00 2.675986132747467536e+02 2.356194490192261792e+00
9.487497906544775095e-01 2.684728493363286930e+02 2.356194490192261792e+00
1.138745516684434245e+00 2.696827850920834635e+02 2.356194490192261792e+00
1.245912643222137683e+00 2.702649907876702287e+02 2.356194490192261792e+00
1.037159128231234462e+00 2.718295263552273582e+02 2.356194490192261792e+00
2.034717900263070867e+00 2.722839822836528469e+02 2.356194490192261792e+00
1.177199494152433745e+00 2.738075228594482269e+02 2.356194490192261792e+00
1.040652481140001751e+00 2.746107130181324010e+02 2.356194490192261792e+00
1.062438322753554099e+00 2.758414097525594002e+02 2.356194490192261792e+00
1.445612267720711719e+00 2.764752179734488777e+02 2.356194490192261792e+00
7.268446734842768375e-01 2.779023178951085811e+02 2.356194490192261792e+00
2.374950316494525815e+00 2.785045029526645521e+02 2.356194490192261792e+00
9.351284841030499395e-01 2.799242756938126035e+02 2.356194490192261792e+00
1.219536641286258938e+00 2.807013382258236334e+02 2.356194490192261792e+00
9.998470818307446661e-01 2.819139049349237212e+02 2.356194490192261792e+00
1.727939385445368847e+00 2.826668194112205583e+02 2.356194490192261792e+00
5.695866448286678319e-01 2.835956877577054911e+02 2.356194490192261792e+00
2.732197870697378406e+00 2.846930261316284714e+02 2.356194490192261792e+00
7.117729449102391248e-01 2.855834981984679644e+02 2.356194490192261792e+00
1.358080936232147540e+00 2.867072278360977293e+02 2.356194490192261792e+00
8.772058801058403299e-01 2.878211935523304987e+02 2.356194490192261792e+00
1.560406211916425034e+00 2.888195130380825049e+02 2.356194490192261792e+00
8.213691829223097596e-01 2.893967643415383577e+02 2.356194490192261792e+00
2.184713307857162778e+00 2.909015978498177333e+02 2.356194490192261792e+00
1.151060357905553833e+00 2.913795732021226286e+02 2.356194490192261792e+00
1.373517612752612083e+00 2.928288386778415315e+02 2.356194490192261792e+00
8.666033509253429079e-01 2.938185816176056733e+02 2.356194490192261792e+00
1.285980213305114139e+00 2.949614439903648417e+02 2.356194490192261792e+00
9.996135147041929070e-01 2.955191297156988526e+02 2.356194490192261792e+00
1.557431391755510708e+00 2.971093640789192705e+02 2.356194490192261792e+00
1.544883985011616057e+00 2.975174620082740375e+02 2.356194490192261792e+00
1.296322168413421405e+00 2.990338120342928505e+02 2.356194490192261792e+00
9.140778354850230825e-01 2.999245580604175530e+02 2.356194490192261792e+00
1.138100772617630652e+00 3.011251657199284182e+02 2.356194490192261792e+00
1.148240561903719703e+00 3.017099119050654963e+02 2.356194490192261792e+00
1.145812907040206774e+00 3.032946044330068389e+02 2.356194490192261792e+00
1.860184115113589609e+00 3.037255030659826502e+02 2.356194490192261792e+00
1.180119564504781282e+00 3.052425831678950203e+02 2.356194490192261792e+00
1.000458258371602183e+00 3.060569217583740169e+02 2.356194490192261792e+00
1.055271731788219425e+00 3.072841125552918129e+02 2.356194490192261792e+00
1.345906456051262801e+00 3.079126130571746671e+02 2.356194490192261792e+00
8.066146583921987023e-01 3.094023125843293087e+02 2.356194490192261792e+00
2.214888087305245001e+00 3.099426283297279383e+02 2.356194490192261792e+00
9.938188372504505042e-01 3.113981520732411354e+02 2.356194490192261792e+00
1.155124294345628577e+00 3.121692436121567198e+02 2.356194490192261792e+00
1.005472543332907476e+00 3.133945925751889376e+02 2.356194490192261792e+00
1.630383177127784133e+00 3.141096153051773285e+02 2.356194490192261792e+00
5.610602023668684879e-01 3.152371740971797180e+02 2.356194490192261792e+00
2.636043730732849699e+00 3.161410005036956932e+02 2.356194490192261792e+00
7.069029032007743130e-01 3.172572215962283622e+02 2.356194490192261792e+00
1.334257189457910053e+00 3.182108755171714165e+02 2.356194490192261792e+00
9.152207334374428127e-01 3.193578628322815121e+02 2.356194490192261792e+00
1.679319836104332220e+00 3.202808929553456778e+02 2.356194490192261792e+00
7.626091202155869109e-01 3.208884476112590960e+02 2.356194490192261792e+00
2.421924916733881883e+00 3.223348097621599777e+02 2.356194490192261792e+00
1.037224914827997280e+00 3.228647922385144398e+02 2.356194490192261792e+00
1.404130191983513187e+00 3.242745532754889268e+02 2.356194490192261792e+00
8.710357078675527998e-01 3.253003993046533537e+02 2.356194490192261792e+00
1.369085090590152154e+00 3.264153446532203020e+02 2.356194490192261792e+00
9.935114769350213981e-01 3.269562843124870142e+02 2.356194490192261792e+00
1.691698217032787444e+00 3.285413099924616063e+02 2.356194490192261792e+00
1.509981504888225690e+00 3.289505845570577094e+02 2.356194490192261792e+00
1.364995664713394730e+00 3.304726656597765100e+02 2.356194490192261792e+00
9.088808964934973478e-01 3.314008116347150121e+02 2.356194490192261792e+00
1.208389773730693673e+00 3.325858003974753956e+02 2.356194490192261792e+00
1.143453542870893846e+00 3.331457348060176287e+02 2.356194490192261792e+00
1.263084438781121976e+00 3.347386967176161647e+02 2.356194490192261792e+00
1.835151723689498526e+00 3.351553295547907396e+02 2.356194490192261792e+00
1.273941083378104411e+00 3.366938418259585433e+02 2.356194490192261792e+00
9.710984508640135848e-01 3.375449568062942944e+02 2.356194490192261792e+00
1.111654674627728046e+00 3.387631944828701194e+02 2.356194490192261792e+00
1.297259804029687658e+00 3.393585377474171878e+02 2.356194490192261792e+00
9.401429411156557725e-01 3.408981125168714357e+02 2.356194490192261792e+00
2.127889896501898637e+00 3.413814378331064177e+02 2.356194490192261792e+00
1.117573712212295511e+00 3.428879950106913270e+02 2.356194490192261792e+00
1.084587500648874103e+00 3.436728356332770318e+02 2.356194490192261792e+00
1.043138350644952972e+00 3.449051907118989106e+02 2.356194490192261792e+00
1.529759013014390323e+00 3.455644592554411929e+02 2.356194490192261792e+00
6.395745528471760144e-01 3.468931877000307509e+02 2.356194490192261792e+00
2.502680626940970043e+00 3.475945840805599119e+02 2.356194490192261792e+00
8.282891820007163286e-01 3.489254348665953671e+02 2.356194490192261792e+00
1.286660832406371302e+00 3.497401967382003818e+02 2.356194490192261792e+00
9.717673300206445264e-01 3.509248221588097181e+02 2.356194490192261792e+00
1.768899906575709391e+00 3.517464859284970657e+02 2.356194490192261792e+00
6.540799416254013954e-01 3.524686692779640111e+02 2.356194490192261792e+00
2.678102554018589654e+00 3.537757840727629173e+02 2.356194490192261792e+00
8.539727820574302131e-01 3.544351094578406673e+02 2.356194490192261792e+00
1.394590733386573245e+00 3.557410950625692863e+02 2.356194490192261792e+00
8.681102773569135955e-01 3.568083658556910223e+02 2.356194490192261792e+00
1.454661596090710107e+00 3.578781449235057721e+02 2.356194490192261792e+00
9.266756665980204755e-01 3.584230004197345920e+02 2.356194490192261792e+00
1.901356391263516965e+00 3.599849365900038833e+02 2.356194490192261792e+00
1.362763875141255632e+00 3.604118428048383862e+02 2.356194490192261792e+00
1.381468605886168044e+00 3.619118158968777266e+02 2.356194490192261792e+00
8.916494009065714099e-01 3.628687594853219593e+02 2.356194490192261792e+00
1.248504316584832852e+00 3.640366369713924541e+02 2.356194490192261792e+00
1.090332325956776094e+00 3.645895575234939088e+02 2.356194490192261792e+00
1.389058171864055335e+00 3.661864598189493449e+02 2.356194490192261792e+00
1.726001619742028259e+00 3.665941655829079764e+02 2.356194490192261792e+00
1.304309455183125577e+00 3.681304860535903458e+02 2.356194490192261792e+00
9.457349981188418742e-01 3.690048958891528059e+02 2.356194490192261792e+00
1.136170738417655812e+00 3.702144568816998458e+02 2.356194490192261792e+00
1.236659312330436133e+00 3.707978511692885490e+02 2.356194490192261792e+00
1.043454665764229405e+00 3.723642389762924836e+02 2.356194490192261792e+00
2.018828162939098725e+00 3.728168196155255032e+02 2.356194490192261792e+00
1.174671708021279848e+00 3.743390502766029044e+02 2.356194490192261792e+00
1.038011350831508084e+00 3.751423479840067898e+02 2.356194490192261792e+00
1.060391231392920020e+00 3.763728969938675846e+02 2.356194490192261792e+00
1.438031744716035565e+00 3.770072276021318203e+02 2.356194490192261792e+00
7.305599858181598405e-01 3.784385261359666970e+02 2.356194490192261792e+00
2.363079432498188748e+00 3.790368245314045907e+02 2.356194490192261792e+00
9.376527248953056004e-01 3.804585285796937910e+02 2.356194490192261792e+00
1.215442724125435303e+00 3.812349841145079949e+02 2.356194490192261792e+00
9.996449226637796892e-01 3.824485095661579521e+02 2.356194490192261792e+00
1.721520203452138631e+00 3.831993063235408385e+02 2.356194490192261792e+00
5.669174185621992379e-01 3.841409604360243861e+02 2.356194490192261792e+00
2.727363720871483821e+00 3.852260059481887993e+02 2.356194490192261792e+00
7.077718029892603457e-01 3.861311944208912905e+02 2.356194490192261792e+00
1.355970272924785558e+00 3.872434944146673388e+02 2.356194490192261792e+00
8.786456357325573840e-01 3.883599360385061914e+02 2.356194490192261792e+00
1.567092231775809141e+00 3.893536319304975564e+02 2.356194490192261792e+00
8.159006446170707916e-01 3.899332949485830113e+02 2.356194490192261792e+00
2.200931515949605455e+00 3.914340934272458981e+02 2.356194490192261792e+00
1.140429761482332438e+00 3.919157708039763293e+02 2.356194490192261792e+00
1.373820782255656736e+00 3.933618579646450826e+02 2.356194490192261792e+00
8.657151157715897716e-01 3.943538276098474853e+02 2.356194490192261792e+00
1.289436365128672879e+00 3.954949446191168931e+02 2.356194490192261792e+00
9.956656077574836949e-01 3.960526194809893923e+02 2.356194490192261792e+00
1.567620843436674960e+00 3.976421739235823338e+02 2.356194490192261792e+00
1.536456056603501485e+00 3.980505919190426312e+02 2.356194490192261792e+00
1.297213323337558233e+00 3.995660762175675131e+02 2.356194490192261792e+00
9.125212174008292543e-01 4.004582736241173961e+02 2.356194490192261792e+00
1.139452892866891887e+00 4.016581749742176726e+02 2.356194490192261792e+00
1.144076140468771596e+00 4.022425883845639873e+02 2.356194490192261792e+00
1.152726911408802568e+00 4.038280601438981989e+02 2.356194490192261792e+00
1.852340305324452707e+00 4.042578788365485138e+02 2.356194490192261792e+00
1.181614811415384159e+00 4.057749627540012511e+02 2.356194490192261792e+00
9.982391350439498989e-01 4.065903102064594350e+02 2.356194490192261792e+00
1.055741247891688328e+00 4.078172215873487403e+02 2.356194490192261792e+00
1.340814994640033841e+00 4.084450169720226427e+02 2.356194490192261792e+00
8.121633328300862376e-01 4.099379197682025620e+02 2.356194490192261792e+00
2.206465754699749482e+00 4.104749124421493320e+02 2.356194490192261792e+00
9.976694049235986794e-01 4.119323927268983994e+02 2.356194490192261792e+00
1.151444930265150379e+00 4.127035014162631796e+02 2.356194490192261792e+00
1.006036965848303488e+00 4.139293764379085019e+02 2.356194490192261792e+00
1.624527070436501575e+00 4.146422290942696236e+02 2.356194490192261792e+00
5.625907686875910585e-01 4.157806972528364895e+02 2.356194490192261792e+00
2.628897743540219434e+00 4.166738274569670466e+02 2.356194490192261792e+00
7.098908278692355189e-01 4.178019492469542797e+02 2.356194490192261792e+00
1.332677428218109972e+00 4.187470329284299737e+02 2.356194490192261792e+00
9.177270862223997350e-01 4.198956726312908359e+02 2.356194490192261792e+00
1.685364684792620693e+00 4.208142411150961379e+02 2.356194490192261792e+00
7.587859480241002652e-01 4.214244989762078717e+02 2.356194490192261792e+00
2.434882573026154073e+00 4.228667192151382892e+02 2.356194490192261792e+00
1.030443589087390421e+00 4.234003715109324162e+02 2.356194490192261792e+00
1.405167687311594138e+00 4.248072708920998366e+02 2.356194490192261792e+00
8.712988070283279596e-01 4.258349505299736961e+02 2.356194490192261792e+00
1.373505411578344049e+00 4.269482677802322428e+02 2.356194490192261792e+00
9.929132258230267682e-01 4.274884528356756164e+02 2.356194490192261792e+00
1.698995862331686535e+00 4.290731013813325490e+02 2.356194490192261792e+00
1.507655277735199473e+00 4.294825515074793998e+02 2.356194490192261792e+00
1.368222213379241659e+00 4.310047432010914576e+02 2.356194490192261792e+00
9.087794646204445659e-01 4.319347636309768177e+02 2.356194490192261792e+00
1.212116145679797086e+00 4.331188878047814228e+02 2.356194490192261792e+00
1.143612065228630570e+00 4.336775578086209748e+02 2.356194490192261792e+00
1.268676331117587264e+00 4.352708069582224084e+02 2.356194490192261792e+00
1.834540412752565963e+00 4.356868826356731574e+02 2.356194490192261792e+00
1.278765053478552183e+00 4.372264218597530316e+02 2.356194490192261792e+00
9.699583619492910813e-01 4.380796066190171132e+02 2.356194490192261792e+00
1.114995943125586031e+00 4.392972534570429275e+02 2.356194490192261792e+00
1.295563824128889596e+00 4.398909104464006532e+02 2.356194490192261792e+00
9.469837101976669169e-01 4.414323238871103285e+02 2.356194490192261792e+00
2.124563881117464081e+00 4.419134341979426495e+02 2.356194490192261792e+00
1.123944866821138477e+00 4.434221656778883016e+02 2.356194490192261792e+00
1.081282962147154025e+00 4.442083860463202427e+02 2.356194490192261792e+00
1.045402310593183337e+00 4.454407751911513174e+02 2.356194490192261792e+00
1.524543530775050337e+00 4.460974321673416512e+02 2.356194490192261792e+00
6.455730479816789158e-01 4.474345927265073328e+02 2.356194490192261792e+00
2.495090674677308495e+00 4.481274100921104946e+02 2.356194490192261792e+00
8.366124271346655483e-01 4.494667290130470292e+02 2.356194490192261792e+00
1.282592415027250077e+00 4.502770774509245371e+02 2.356194490192261792e+00
9.743992021300866835e-01 4.514639736452410261e+02 2.356194490192261792e+00
1.769306200869176893e+00 4.522801014380145830e+02 2.356194490192261792e+00
6.464254402029524504e-01 4.530140364285108490e+02 2.356194490192261792e+00
2.688191843306953821e+00 4.543087111473950017e+02 2.356194490192261792e+00
8.410855135263689553e-01 4.549805933391141934e+02 2.356194490192261792e+00
1.391584253233274282e+00 4.562764495965007541e+02 2.356194490192261792e+00
8.673532295868812136e-01 4.573466306894583795e+02 2.356194490192261792e+00
1.459341967195464163e+00 4.584125691954610033e+02 2.356194490192261792e+00
9.179285642046871585e-01 4.589597098337527541e+02 2.356194490192261792e+00
1.919213928357974108e+00 4.605184315827911519e+02 2.356194490192261792e+00
1.345454637701480438e+00 4.609481190598327203e+02 2.356194490192261792e+00
1.378232076414868557e+00 4.624444462363474599e+02 2.356194490192261792e+00
8.889691956068116463e-01 4.634025084055764410e+02 2.356194490192261792e+00
1.247714198694940491e+00 4.645693108067541743e+02 2.356194490192261792e+00
1.081317881849134688e+00 4.651236208908305798e+02 2.356194490192261792e+00
1.398742123220189981e+00 4.667203951453237210e+02 2.356194490192261792e+00
1.709318300494950593e+00 4.671278865850397324e+02 2.356194490192261792e+00
1.299558039420530164e+00 4.686618080983399182e+02 2.356194490192261792e+00
9.433825788553782399e-01 4.695357516930869792e+02 2.356194490192261792e+00
1.132918248282164031e+00 4.707451969738054913e+02 2.356194490192261792e+00
1.229116397080459278e+00 4.713300613182645407e+02 2.356194490192261792e+00
1.046771489830006230e+00 4.728976361690014301e+02 2.356194490192261792e+00
2.006055161783804053e+00 4.733491114422994315e+02 2.356194490192261792e+00
1.170662871774694525e+00 4.748696932566592750e+02 2.356194490192261792e+00
1.036548991925784202e+00 4.756725217428378301e+02 2.356194490192261792e+00
1.057808641829999230e+00 4.769030202406482317e+02 2.356194490192261792e+00
1.432893968303928789e+00 4.775384964148672680e+02 2.356194490192261792e+00
7.314870030831692738e-01 4.789716182685729109e+02 2.356194490192261792e+00
2.355035316267172441e+00 4.795684450564691588e+02 2.356194490192261792e+00
9.371301328589488611e-01 4.809900850630822333e+02 2.356194490192261792e+00
1.213464404675259622e+00 4.817664657587827151e+02 2.356194490192261792e+00
9.987135986965183232e-01 4.829802967721624327e+02 2.356194490192261792e+00
1.717239327854519049e+00 4.837307852821125493e+02 2.356194490192261792e+00
5.655726849816919977e-01 4.846784253783000054e+02 2.356194490192261792e+00
2.723293771584998968e+00 4.857579502412808665e+02 2.356194490192261792e+00
7.059023337733191239e-01 4.866699305329359504e+02 2.356194490192261792e+00
1.354434789246306003e+00 4.877769106734369871e+02 2.356194490192261792e+00
8.789542910865116854e-01 4.888945093036854246e+02 2.356194490192261792e+00
1.569241598125011183e+00 4.898860579160398743e+02 2.356194490192261792e+00
8.120598235218687844e-01 4.904676710353114686e+02 2.356194490192261792e+00
2.208738365919188595e+00 4.919659751705188455e+02 2.356194490192261792e+00
1.133367889668627226e+00 4.924499934045256282e+02 2.356194490192261792e+00
1.372529709620681659e+00 4.938938723535493978e+02 2.356194490192261792e+00
8.646451167907593938e-01 4.948866668868230363e+02 2.356194490192261792e+00
1.289741381846347235e+00 4.960269849653058145e+02 2.356194490192261792e+00
9.916916376744088213e-01 4.965853947084396509e+02 2.356194490192261792e+00
1.572900495053878966e+00 4.981743754141755858e+02 2.356194490192261792e+00
1.528893127022366238e+00 4.985831653796120690e+02 2.356194490192261792e+00
1.295175352459337459e+00 5.000974050358197474e+02 2.356194490192261792e+00
9.112486832162950412e-01 5.009895826777823231e+02 2.356194490192261792e+00
1.138125272813980127e+00 5.021893305311086806e+02 2.356194490192261792e+00
1.140273653692055911e+00 5.027744105829219166e+02 2.356194490192261792e+00
1.154872025732786245e+00 5.043602208738199124e+02 2.356194490192261792e+00
1.845738169754687075e+00 5.047896570243776182e+02 2.356194490192261792e+00
1.179369985725884362e+00 5.063058072926269233e+02 2.356194490192261792e+00
9.973751106273259781e-01 5.071208689686037019e+02 2.356194490192261792e+00
1.054248287709948828e+00 5.083477535203202251e+02 2.356194490192261792e+00
1.338003642524446812e+00 5.089761907294970911e+02 2.356194490192261792e+00
8.126231339417284705e-01 5.104698037947079570e+02 2.356194490192261792e+00
2.201923346374770940e+00 5.110062330311842516e+02 2.356194490192261792e+00
9.966246435790335756e-01 5.124632571172581947e+02 2.356194490192261792e+00
1.150630465545898096e+00 5.132343755031230330e+02 2.356194490192261792e+00
1.005231331380098903e+00 5.144602537299357436e+02 2.356194490192261792e+00
1.622186460663106011e+00 5.151733381590101999e+02 2.356194490192261792e+00
5.626376707187857873e-01 5.163138516624009071e+02 2.356194490192261792e+00
2.625760200990678861e+00 5.172051813327892660e+02 2.356194490192261792e+00
7.102059635792635772e-01 5.183352360608157596e+02 2.356194490192261792e+00
1.331818035077435791e+00 5.192788790769490106e+02 2.356194490192261792e+00
9.177558948840841557e-01 5.204279291946290869e+02 2.356194490192261792e+00
1.685272575620930802e+00 5.213456817369934697e+02 2.356194490192261792e+00
7.565635648118164136e-01 5.219576446897068536e+02 2.356194490192261792e+00
2.437570713995025784e+00 5.233981183321080835e+02 2.356194490192261792e+00
1.026687053399238936e+00 5.239334711864690917e+02 2.356194490192261792e+00
1.403749249259090170e+00 5.253387996065723655e+02 2.356194490192261792e+00
8.705072438326323381e-01 5.263667596821080679e+02 2.356194490192261792e+00
1.372911406814932622e+00 5.274796643430737504e+02 2.356194490192261792e+00
9.897026182430832542e-01 5.280207532556649994e+02 2.356194490192261792e+00
1.702165826977260377e+00 5.296048430862042551e+02 2.356194490192261792e+00
1.501751319128728612e+00 5.300147476125150661e+02 2.356194490192261792e+00
1.365522696849282624e+00 5.315357326656534269e+02 2.356194490192261792e+00
9.077637618865265212e-01 5.324652170842194892e+02 2.356194490192261792e+00
1.209926662925711494e+00 5.336494356166321040e+02 2.356194490192261792e+00
1.140130863139528161e+00 5.342091333236766104e+02 2.356194490192261792e+00
1.269417997240237295e+00 5.358024737075052144e+02 2.356194490192261792e+00
1.828640952469908765e+00 5.362184811802702598e+02 2.356194490192261792e+00
1.275085846399139466e+00 5.377567974469415049e+02 2.356194490192261792e+00
9.696189528577557892e-01 5.386089452248027101e+02 2.356194490192261792e+00
1.112464919324078316e+00 5.398268062471038320e+02 2.356194490192261792e+00
1.293630841829630063e+00 5.404216544771053350e+02 2.356194490192261792e+00
9.452097438533547669e-01 5.419629045276288934e+02 2.356194490192261792e+00
2.121566809648061991e+00 5.424443977312831748e+02 2.356194490192261792e+00
1.120355427169769769e+00 5.439518166723121340e+02 2.356194490192261792e+00
1.081992829957840740e+00 5.447374222106858497e+02 2.356194490192261792e+00
1.043764570466876540e+00 5.459697786527887047e+02 2.356194490192261792e+00
1.524696764735659515e+00 5.466277441526508483e+02 2.356194490192261792e+00
6.436200327256167419e-01 5.479627235835714600e+02 2.356194490192261792e+00
2.495248021693818874e+00 5.486579295885489955e+02 2.356194490192261792e+00
8.337669636569110532e-01 5.499945791504026147e+02 2.356194490192261792e+00
1.283312651606875354e+00 5.508062551084010465e+02 2.356194490192261792e+00
9.732679749313295492e-01 5.519925909804497905e+02 2.356194490192261792e+00
1.768070901084748625e+00 5.528103558363844741e+02 2.356194490192261792e+00
6.476943418467631108e-01 5.535421555796705206e+02 2.356194490192261792e+00
2.684918270676329044e+00 5.548393304514161173e+02 2.356194490192261792e+00
8.432217344549227667e-01 5.555088506689887708e+02 2.356194490192261792e+00
1.391478659418263986e+00 5.568065354135245570e+02 2.356194490192261792e+00
8.670790107527857060e-01 5.578760692947686266e+02 2.356194490192261792e+00
1.457454886533370741e+00 5.589428069558512107e+02 2.356194490192261792e+00
9.182120439060950101e-01 5.594901298186343865e+02 2.356194490192261792e+00
1.916137151253561655e+00 5.610491377951408367e+02 2.356194490192261792e+00
1.346416769366386657e+00 5.614786043854752506e+02 2.356194490192261792e+00
1.377144868193441507e+00 5.629750130328918658e+02 2.356194490192261792e+00
8.888811546360101401e-01 5.639324057759763491e+02 2.356194490192261792e+00
1.246228124476898680e+00 5.650995661471351923e+02 2.356194490192261792e+00
1.081028763183679908e+00 5.656543404069794860e+02 2.356194490192261792e+00
1.396778525473001187e+00 5.672510818158704069e+02 2.356194490192261792e+00
1.709179296595755959e+00 5.676586879235863989e+02 2.356194490192261792e+00
1.297786521125132486e+00 5.691922555310558209e+02 2.356194490192261792e+00
9.435891157136552243e-01 5.700654148734809041e+02 2.356194490192261792e+00
1.131503677534895225e+00 5.712751143105487017e+02 2.356194490192261792e+00
1.229272187968156738e+00 5.718605893461362939e+02 2.356194490192261792e+00
1.044390880086115025e+00 5.734277905702679163e+02 2.356194490192261792e+00
2.006574784667083389e+00 5.738797796299802485e+02 2.356194490192261792e+00
1.168414600324082508e+00 5.753997066778699718e+02 2.356194490192261792e+00
1.037449962891076938e+00 5.762018734747471171e+02 2.356194490192261792e+00
1.056786135548837713e+00 5.774324595381098106e+02 2.356194490192261792e+00
1.434322600659657887e+00 5.780687775371335420e+02 2.356194490192261792e+00
7.288986785467740370e-01 5.794999486511757141e+02 2.356194490192261792e+00
2.357304912026591648e+00 5.800988427136759356e+02 2.356194490192261792e+00
9.341335863793233107e-01 5.815185784017871811e+02 2.356194490192261792e+00
1.215139021996090918e+00 5.822954445428439385e+02 2.356194490192261792e+00
9.978614367122075057e-01 5.835087263823651256e+02 2.356194490192261792e+00
1.718571328372728191e+00 5.842608733774964094e+02 2.356194490192261792e+00
5.664035688342070607e-01 5.852030910375331132e+02 2.356194490192261792e+00
2.723567765942812358e+00 5.862880972085829399e+02 2.356194490192261792e+00
7.072269113998107537e-01 5.871937328071119282e+02 2.356194490192261792e+00
1.354629659878545667e+00 5.883055641625140879e+02 2.356194490192261792e+00
8.778185455558108474e-01 5.894221375828276450e+02 2.356194490192261792e+00
1.565183664742065162e+00 5.904156881599639064e+02 2.356194490192261792e+00
8.127205905343966030e-01 5.909972465370069585e+02 2.356194490192261792e+00
2.202215422921788068e+00 5.924965669702604600e+02 2.356194490192261792e+00
1.135115769448757694e+00 5.929797125030706866e+02 2.356194490192261792e+00
1.370561481173412588e+00 5.944240633242205831e+02 2.356194490192261792e+00
8.641574370354426771e-01 5.954156232382310918e+02 2.356194490192261792e+00
1.286549468470698399e+00 5.965567253425182344e+02 2.356194490192261792e+00
9.906205471261715356e-01 5.971160768895630326e+02 2.356194490192261792e+00
1.569177712144357084e+00 5.987050506007412878e+02 2.356194490192261792e+00
1.527806571070273733e+00 5.991139562483033387e+02 2.356194490192261792e+00
1.291650384796975803e+00 6.006274995636189260e+02 2.356194490192261792e+00
9.112077372557072508e-01 6.015181614036533801e+02 2.356194490192261792e+00
1.135033181083296538e+00 6.027184393920861112e+02 2.356194490192261792e+00
1.139669590305665503e+00 6.033047062729397112e+02 2.356194490192261792e+00
1.150506841675966951e+00 6.048901770267939355e+02 2.356194490192261792e+00
1.845329259813108802e+00 6.053202082453765343e+02 2.356194490192261792e+00
1.175008280103157388e+00 6.068351741277257361e+02 2.356194490192261792e+00
9.985308274417282748e-01 6.076488561369859553e+02 2.356194490192261792e+00
1.051883023397182315e+00 6.088759878162487666e+02 2.356194490192261792e+00
1.339601808175854725e+00 6.095059526321937255e+02 2.356194490192261792e+00
8.075672942399869658e-01 6.109972414970942509e+02 2.356194490192261792e+00
2.204715457907877152e+00 6.115363082249408535e+02 2.356194490192261792e+00
9.914570027967996024e-01 6.129907970018084598e+02 2.356194490192261792e+00
1.153296986331186380e+00 6.137619167880213809e+02 2.356194490192261792e+00
1.003657069429135795e+00 6.149872758560840111e+02 2.356194490192261792e+00
1.625128187475007646e+00 6.157028243935856153e+02 2.356194490192261792e+00
5.610929301452342033e-01 6.168350060554449783e+02 2.356194490192261792e+00
2.629048198139765091e+00 6.177347676812659074e+02 2.356194490192261792e+00
7.075161873793460732e-01 6.188554079198171394e+02 2.356194490192261792e+00
1.332348064043382019e+00 6.198057509649403301e+02 2.356194490192261792e+00
9.152853196321288909e-01 6.209536532260676722e+02 2.356194490192261792e+00
1.679195710375429362e+00 6.218748581496221277e+02 2.356194490192261792e+00
7.576877580543808222e-01 6.224861268856601555e+02 2.356194490192261792e+00
2.427977115573463518e+00 6.239286694230793273e+02 2.356194490192261792e+00
1.028890475134225380e+00 6.244623670790473398e+02 2.356194490192261792e+00
1.401022935122211210e+00 6.258686879739389042e+02 2.356194490192261792e+00
8.692920556409480248e-01 6.268951530305012056e+02 2.356194490192261792e+00
1.367796264439209653e+00 6.280091936626902225e+02 2.356194490192261792e+00
9.864988674820199810e-01 6.285520979918634339e+02 2.356194490192261792e+00
1.698600395257563012e+00 6.301359073594425126e+02 2.356194490192261792e+00
1.497090376508399823e+00 6.305461676266284030e+02 2.356194490192261792e+00
1.359141201243733166e+00 6.320656226075254835e+02 2.356194490192261792e+00
9.066710334953750339e-01 6.329926193840963151e+02 2.356194490192261792e+00
1.203676343957695627e+00 6.341778010215213044e+02 2.356194490192261792e+00
1.135943525805000798e+00 6.347399428790018874e+02 2.356194490192261792e+00
1.264636891744926883e+00 6.363331039846376598e+02 2.356194490192261792e+00
1.822433258313216786e+00 6.367495873198897698e+02 2.356194490192261792e+00
1.266040200027417129e+00 6.382854628967330655e+02 2.356194490192261792e+00
9.703637362296987368e-01 6.391343868957510495e+02 2.356194490192261792e+00
1.106267489455085240e+00 6.403530619237352539e+02 2.356194490192261792e+00
1.293117041374399756e+00 6.409509517382402919e+02 2.356194490192261792e+00
9.363570446389846147e-01 6.424901667270726193e+02 2.356194490192261792e+00
2.121458956333143853e+00 6.429743262956857279e+02 2.356194490192261792e+00
1.109952606651086304e+00 6.444780576821556224e+02 2.356194490192261792e+00
1.086065112049644066e+00 6.452616688035125208e+02 2.356194490192261792e+00
1.039680129659011243e+00 6.464939242828070292e+02 2.356194490192261792e+00
1.529953994033125042e+00 6.471559829342850207e+02 2.356194490192261792e+00
6.356072975057383001e-01 6.484800746162088672e+02 2.356194490192261792e+00
2.502799337268353685e+00 6.491865548194838311e+02 2.356194490192261792e+00
8.224758833705594352e-01 6.505117002997297959e+02 2.356194490192261792e+00
1.287976305777252195e+00 6.513294009848224277e+02 2.356194490192261792e+00
9.693765817487447478e-01 6.525128999727520522e+02 2.356194490192261792e+00
1.765922157977023899e+00 6.533379281759453079e+02 2.356194490192261792e+00
6.565011223834472665e-01 6.540562674308804390e+02 2.356194490192261792e+00
2.671031900503041623e+00 6.553680398601871957e+02 2.356194490192261792e+00
8.580245639283252679e-01 6.560230793178342310e+02 2.356194490192261792e+00
1.394117895406289831e+00 6.573323569666365529e+02 2.356194490192261792e+00
8.674806482338981439e-01 6.583983681288518710e+02 2.356194490192261792e+00
1.450790015013508238e+00 6.594696445339960746e+02 2.356194490192261792e+00
9.267053813356355141e-01 6.600150857348731961e+02 2.356194490192261792e+00
1.895744191744246132e+00 6.615774157788001730e+02 2.356194490192261792e+00
1.363731161638241041e+00 6.620040465186498295e+02 2.356194490192261792e+00
1.378794231245658475e+00 6.635039317888016512e+02 2.356194490192261792e+00
8.912833306708031200e-01 6.644594479809667291e+02 2.356194490192261792e+00
1.245125942209555525e+00 6.656280494868718733e+02 2.356194490192261792e+00
1.089068952581299987e+00 6.661821136837137374e+02 2.356194490192261792e+00
1.385348586638939006e+00 6.677789250830293213e+02 2.356194490192261792e+00
1.724541202446327359e+00 6.681868839062029792e+02 2.356194490192261792e+00
1.299981986911086684e+00 6.697222351929375463e+02 2.356194490192261792e+00
9.460563839534199548e-01 6.705948397129793648e+02 2.356194490192261792e+00
1.132759822330336563e+00 6.718049667782290726e+02 2.356194490192261792e+00
1.236509323943848271e+00 6.723898473862082028e+02 2.356194490192261792e+00
1.038328463910531907e+00 6.739554516847276773e+02 2.356194490192261792e+00
2.019141773476591961e+00 6.744091363485418924e+02 2.356194490192261792e+00
1.169290404667900685e+00 6.759297626885602313e+02 2.356194490192261792e+00
1.039977327019968145e+00 6.767315235635222734e+02 2.356194490192261792e+00
1.057902468935805196e+00 6.779622670527080572e+02 2.356194490192261792e+00
1.440961063748522175e+00 6.785985919675466675e+02 2.356194490192261792e+00
7.247669637632849771e-01 6.800255175844807809e+02 2.356194490192261792e+00
2.367722945395854151e+00 6.806284704988440808e+02 2.356194490192261792e+00
9.307674907668832542e-01 6.820457775044936852e+02 2.356194490192261792e+00
1.219137608691144292e+00 6.828233789488493812e+02 2.356194490192261792e+00
9.976343094249429111e-01 6.840356453180244216e+02 2.356194490192261792e+00
1.724212211512786252e+00 6.847902328340244367e+02 2.356194490192261792e+00
5.689204481502468935e-01 6.857199072492351206e+02 2.356194490192261792e+00
2.727464981283128420e+00 6.868171016587385793e+02 2.356194490192261792e+00
7.110300512590264077e-01 6.877082740171888418e+02 2.356194490192261792e+00
1.356377992206114325e+00 6.888313053674592084e+02 2.356194490192261792e+00
8.761794372634834627e-01 6.899454422277361800e+02 2.356194490192261792e+00
1.558088178068992802e+00 6.909435494598419609e+02 2.356194490192261792e+00
8.173527075821703791e-01 6.915231421261196374e+02 2.356194490192261792e+00
2.186460838381962368e+00 6.930261486069856574e+02 2.356194490192261792e+00
1.144327041407380952e+00 6.935059310284431149e+02 2.356194490192261792e+00
1.369428185958628807e+00 6.949530330548171833e+02 2.356194490192261792e+00
8.646608877849977226e-01 6.959422480426181892e+02 2.356194490192261792e+00
1.282367813858626082e+00 6.970851004028509124e+02 2.356194490192261792e+00
9.933340972571610417e-01 6.976448617916543071e+02 2.356194490192261792e+00
1.559325762877321164e+00 6.992344021248425179e+02 2.356194490192261792e+00
1.534123907428257105e+00 6.996430812711303133e+02 2.356194490192261792e+00
1.289389830995651298e+00 7.011570218110015276e+02 2.356194490192261792e+00
9.124746921543176459e-01 7.020458488816856288e+02 2.356194490192261792e+00
1.132616688354720180e+00 7.032469250342303440e+02 2.356194490192261792e+00
1.142827336783681202e+00 7.038339730560903718e+02 2.356194490192261792e+00
1.142991995486527079e+00 7.054186619146029216e+02 2.356194490192261792e+00
1.851581933281323256e+00 7.058498349353385493e+02 2.356194490192261792e+00
1.171938581908870569e+00 7.073642859135462686e+02 2.356194490192261792e+00
1.000862851055629443e+00 7.081765789971753975e+02 2.356194490192261792e+00
1.050530716471663295e+00 7.094040327672756803e+02 2.356194490192261792e+00
1.344481167241528663e+00 7.100352266944649955e+02 2.356194490192261792e+00
8.009282184974001462e-01 7.115228523556265827e+02 2.356194490192261792e+00
2.212835804062073475e+00 7.120658117200636070e+02 2.356194490192261792e+00
9.861500728539637217e-01 7.135175859055598266e+02 2.356194490192261792e+00
1.157428516913013405e+00 7.142887612916489388e+02 2.356194490192261792e+00
1.002547584302302175e+00 7.155134445904740232e+02 2.356194490192261792e+00
1.631082671315922106e+00 7.162318230407410056e+02 2.356194490192261792e+00
5.593769697825045073e-01 7.173515354184521584e+02 2.356194490192261792e+00
2.636104171881819003e+00 7.182636368030293852e+02 2.356194490192261792e+00
7.042264453005463443e-01 7.193705022506092064e+02 2.356194490192261792e+00
1.333771295939558676e+00 7.203307807822676523e+02 2.356194490192261792e+00
9.121874135500935843e-01 7.214768453542073985e+02 2.356194490192261792e+00
1.671537106230446934e+00 7.224031158635997372e+02 2.356194490192261792e+00
7.610524481827983800e-01 7.230120770344316270e+02 2.356194490192261792e+00
2.413405204807850701e+00 7.244587176423058281e+02 2.356194490192261792e+00
1.035015703247757157e+00 7.249888598010828673e+02 2.356194490192261792e+00
1.398778659664926094e+00 7.263977871399387141e+02 2.356194490192261792e+00
8.684751140879387599e-01 7.274220758902966963e+02 2.356194490192261792e+00
1.361835623042801036e+00 7.285379257803089104e+02 2.356194490192261792e+00
9.853469894453070754e-01 7.290823144785020986e+02 2.356194490192261792e+00
1.691150496344515641e+00 7.306662833912057522e+02 2.356194490192261792e+00
1.496543929314755328e+00 7.310765770038310620e+02 2.356194490192261792e+00
1.353466694050066810e+00 7.325951805518261608e+02 2.356194490192261792e+00
9.062512053062747874e-01 7.335194898723842698e+02 2.356194490192261792e+00
1.197759800353046744e+00 7.347058054809972418e+02 2.356194490192261792e+00
1.133927432600029039e+00 7.352701018067194809e+02 2.356194490192261792e+00
1.257738801562625852e+00 7.368629404402263390e+02 2.356194490192261792e+00
1.820158468606306368e+00 7.372801112370261762e+02 2.356194490192261792e+00
1.257960756881542963e+00 7.388140142152244607e+02 2.356194490192261792e+00
9.716959688188844257e-01 7.396598297975643845e+02 2.356194490192261792e+00
1.100822220342678071e+00 7.408793188154539848e+02 2.356194490192261792e+00
1.294425730418633957e+00 7.414799663792489355e+02 2.356194490192261792e+00
9.267045866873027116e-01 7.430166384706610643e+02 2.356194490192261792e+00
2.124358294116591939e+00 7.435039417129088406e+02 2.356194490192261792e+00
1.100094810029605075e+00 7.450041517240955500e+02 2.356194490192261792e+00
1.090645021103662682e+00 7.457859108154502792e+02 2.356194490192261792e+00
1.036094680481946195e+00 7.470180170751800688e+02 2.356194490192261792e+00
1.536536106454860384e+00 7.476840905450328592e+02 2.356194490192261792e+00
6.275243251079654083e-01 7.489960470835796968e+02 2.356194490192261792e+00
2.512232223199460712e+00 7.497149444859473988e+02 2.356194490192261792e+00
8.110307322118948115e-01 7.510275647636018448e+02 2.356194490192261792e+00
1.292978298106912227e+00 7.518521199388468403e+02 2.356194490192261792e+00
9.654686808328759584e-01 7.530325672569045992e+02 2.356194490192261792e+00
1.763657679924369059e+00 7.538652644372336908e+02 2.356194490192261792e+00
6.664871453546760138e-01 7.545694794215124830e+02 2.356194490192261792e+00
2.655545065821470541e+00 7.558965655187006405e+02 2.356194490192261792e+00
8.747533849317628007e-01 7.565365162309597054e+02 2.356194490192261792e+00
1.397441325973023840e+00 7.578579704205571943e+02 2.356194490192261792e+00
8.683676841243158639e-01 7.589202973349218837e+02 2.356194490192261792e+00
1.444573629208636634e+00 7.599962640886108147e+02 2.356194490192261792e+00
9.369279107953113472e-01 7.605393277214348018e+02 2.356194490192261792e+00
1.873772127381271080e+00 7.621052800523244741e+02 2.356194490192261792e+00
1.384234416214516816e+00 7.625288311316948011e+02 2.356194490192261792e+00
1.381982620615846979e+00 7.640328388974584186e+02 2.356194490192261792e+00
8.943321418438351378e-01 7.649867937334026919e+02 2.356194490192261792e+00
1.245396073512437640e+00 7.661567536986174218e+02 2.356194490192261792e+00
1.099273411271867618e+00 7.667094793161995767e+02 2.356194490192261792e+00
1.373421705324386899e+00 7.683063113097610994e+02 2.356194490192261792e+00
1.743574980007439823e+00 7.687146706320410203e+02 2.356194490192261792e+00
1.304483603446243922e+00 7.702525485177740165e+02 2.356194490192261792e+00
9.488232159453433567e-01 7.711252956298487788e+02 2.356194490192261792e+00
1.135741810687773246e+00 7.723356756767276465e+02 2.356194490192261792e+00
1.245156838194219961e+00 7.729192037519999303e+02 2.356194490192261792e+00
1.033369696815222172e+00 7.744832013425686910e+02 2.356194490192261792e+00
2.033884967308386305e+00 7.749384585523995383e+02 2.356194490192261792e+00
1.172538289715959969e+00 7.764605673002513413e+02 2.356194490192261792e+00
1.042129786876204500e+00 7.772624814213262425e+02 2.356194490192261792e+00
1.060232823840946637e+00 7.784933293711952729e+02 2.356194490192261792e+00
1.447567976224763520e+00 7.791288401398815040e+02 2.356194490192261792e+00
7.222931334284498073e-01 7.805525198145072636e+02 2.356194490192261792e+00
2.378043919377586857e+00 7.811583746949626175e+02 2.356194490192261792e+00
9.295259202428868273e-01 7.825745514970943759e+02 2.356194490192261792e+00
1.222359014155259826e+00 7.833525751110913689e+02 2.356194490192261792e+00
9.981483301251096174e-01 7.845641273424135989e+02 2.356194490192261792e+00
1.729701533332641317e+00 7.853200972035758696e+02 2.356194490192261792e+00
5.712711281841656996e-01 7.862397994017005658e+02 2.356194490192261792e+00
2.731715092695384151e+00 7.873464827570672924e+02 2.356194490192261792e+00
7.145739787053246861e-01 7.882262351586424529e+02 2.356194490192261792e+00
1.358349356566810551e+00 7.893581826807128436e+02 2.356194490192261792e+00
8.753447822049695848e-01 7.904703469746323208e+02 2.356194490192261792e+00
1.553444188963964745e+00 7.914720319540588207e+02 2.356194490192261792e+00
8.224244054709453078e-01 7.920493055234691155e+02 2.356194490192261792e+00
2.173594973402867669e+00 7.935557731328318596e+02 2.356194490192261792e+00
1.153995889233025096e+00 7.940323504332997118e+02 2.356194490192261792e+00
1.370059469834641108e+00 7.954823405209633620e+02 2.356194490192261792e+00
8.657935165842703951e-01 7.964699410617388367e+02 2.356194490192261792e+00
1.280503813460853291e+00 7.976141358132871346e+02 2.356194490192261792e+00
9.977813944358632225e-01 7.981734519934993841e+02 2.356194490192261792e+00
1.551034788826564759e+00 7.997636676046555522e+02 2.356194490192261792e+00
1.543026395493534375e+00 8.001719787010573555e+02 2.356194490192261792e+00
1.290206704081480638e+00 8.016871103497450122e+02 2.356194490192261792e+00
9.140637232278030488e-01 8.025752294940272122e+02 2.356194490192261792e+00
1.132789091909744750e+00 8.037767466559107561e+02 2.356194490192261792e+00
1.147296531138088271e+00 8.043635526345734661e+02 2.356194490192261792e+00
1.138233361518244058e+00 8.059476134753472252e+02 2.356194490192261792e+00
1.859631425655618120e+00 8.063795913663733472e+02 2.356194490192261792e+00
1.172563379996708344e+00 8.078946051639719599e+02 2.356194490192261792e+00
1.002540807984177773e+00 8.087065710952099380e+02 2.356194490192261792e+00
1.051233165365245581e+00 8.099341775364426894e+02 2.356194490192261792e+00
1.348826664466343361e+00 8.105653387530304599e+02 2.356194490192261792e+00
7.978718320480424619e-01 8.120508317441718873e+02 2.356194490192261792e+00
2.219934818708344526e+00 8.125958869022621229e+02 2.356194490192261792e+00
9.847955063501431239e-01 8.140468893961343610e+02 2.356194490192261792e+00
1.159827144969069135e+00 8.148180943907644860e+02 2.356194490192261792e+00
1.002750086458411127e+00 8.160424782659649736e+02 2.356194490192261792e+00
1.635467814221369665e+00 8.167618569718769095e+02 2.356194490192261792e+00
5.587712553791484016e-01 8.178746112588123651e+02 2.356194490192261792e+00
2.641504431836507738e+00 8.187934072745559888e+02 2.356194490192261792e+00
7.028058257784085550e-01 8.198927839846019197e+02 2.356194490192261792e+00
1.335017897731848979e+00 8.208585413339918659e+02 2.356194490192261792e+00
9.108613812646452201e-01 8.220035032173160516e+02 2.356194490192261792e+00
1.668245291840223743e+00 8.229325487748280921e+02 2.356194490192261792e+00
7.641240176323854660e-01 8.235393452085211266e+02 2.356194490192261792e+00
2.405087302818626149e+00 8.249889634350541883e+02 2.356194490192261792e+00
1.040428423339758934e+00 8.255163885367728653e+02 2.356194490192261792e+00
1.398820073060893288e+00 8.269275433099077190e+02 2.356194490192261792e+00
8.687101862430673949e-01 8.279506832907890157e+02 2.356194490192261792e+00
1.359697856159996832e+00 8.290676061323830481e+02 2.356194490192261792e+00
9.871612793545103681e-01 8.296119897868866246e+02 2.356194490192261792e+00
1.685683990398723298e+00 8.311964287629251658e+02 2.356194490192261792e+00
1.500552785625925312e+00 8.316064135563906348e+02 2.356194490192261792e+00
1.352927726567241251e+00 8.331255093986092106e+02 2.356194490192261792e+00
9.068103949946088038e-01 8.340490260208539439e+02 2.356194490192261792e+00
1.196744996557365326e+00 8.352357712418739766e+02 2.356194490192261792e+00
1.135530677239857900e+00 8.358002812693180203e+02 2.356194490192261792e+00
1.254254305972511085e+00 8.373929115163684855e+02 2.356194490192261792e+00
1.823362156700433445e+00 8.378104345523372558e+02 2.356194490192261792e+00
1.257040195247790537e+00 8.393443450187546659e+02 2.356194490192261792e+00
9.725348129865151181e-01 8.401895199471696287e+02 2.356194490192261792e+00
1.100222992218488072e+00 8.414092232326661360e+02 2.356194490192261792e+00
1.296382145101700800e+00 8.420102394511872035e+02 2.356194490192261792e+00
9.237470735980329861e-01 8.435459010058119702e+02 2.356194490192261792e+00
2.127770939620275747e+00 8.440343185149881720e+02 2.356194490192261792e+00
1.098278364779114114e+00 8.455339129585462388e+02 2.356194490192261792e+00
1.092188474166867040e+00 8.463152593934446486e+02 2.356194490192261792e+00
1.035667657878029502e+00 8.475473322619626515e+02 2.356194490192261792e+00
1.539400472018628951e+00 8.482142520479578707e+02 2.356194490192261792e+00
6.253024756629029790e-01 8.495223406654877181e+02 2.356194490192261792e+00
2.516375184899750206e+00 8.502450755457828109e+02 2.356194490192261792e+00
8.079089566681526557e-01 8.515539944624825921e+02 2.356194490192261792e+00
1.294746014853910498e+00 8.523806563688150391e+02 2.356194490192261792e+00
9.645347214676379677e-01 8.535601220784643601e+02 2.356194490192261792e+00
1.763584917885781422e+00 8.543951037081221784e+02 2.356194490192261792e+00
6.701746041993662528e-01 8.550944236147238371e+02 2.356194490192261792e+00
2.650859050901740677e+00 8.564266661868703068e+02 2.356194490192261792e+00
8.809259893902615657e-01 8.570614706757968406e+02 2.356194490192261792e+00
1.399126920589696343e+00 8.583871504181016689e+02 2.356194490192261792e+00
8.690257650525873290e-01 8.594482969409413045e+02 2.356194490192261792e+00
1.443241625879448264e+00 8.605257988004276513e+02 2.356194490192261792e+00
9.415519824569031915e-01 8.610676007359666073e+02 2.356194490192261792e+00
1.865955262587907448e+00 8.626349885701445146e+02 2.356194490192261792e+00
1.393179359468364575e+00 8.630573066380410410e+02 2.356194490192261792e+00
1.384464268853067725e+00 8.645631925750932396e+02 2.356194490192261792e+00
8.958364285796931448e-01 8.655170121889897246e+02 2.356194490192261792e+00
1.246837645486666757e+00 8.666872941189544690e+02 2.356194490192261792e+00
1.104357730373594970e+00 8.672389794719211977e+02 2.356194490192261792e+00
1.369484888660953636e+00 8.688358239366724547e+02 2.356194490192261792e+00
1.752709167730854167e+00 8.692442916800642934e+02 2.356194490192261792e+00
1.308171595775512230e+00 8.707836727991827956e+02 2.356194490192261792e+00
9.499140304455292450e-01 8.716571884169428586e+02 2.356194490192261792e+00
1.138388598171699018e+00 8.728674597696228830e+02 2.356194490192261792e+00
1.249063735811092535e+00 8.734498040819399876e+02 2.356194490192261792e+00
1.033116356872431973e+00 8.750133844359280602e+02 2.356194490192261792e+00
2.040325718942208599e+00 8.754689168848942700e+02 2.356194490192261792e+00
1.176041037956709223e+00 8.769923007768737762e+02 2.356194490192261792e+00
1.042310052385547525e+00 8.777948722046043031e+02 2.356194490192261792e+00
1.062207838433837370e+00 8.790256926780268714e+02 2.356194490192261792e+00
1.449345231577189308e+00 8.796600747188286959e+02 2.356194490192261792e+00
7.233979807353611013e-01 8.810840287290410515e+02 2.356194490192261792e+00
2.380798593005291064e+00 8.816893517506557600e+02 2.356194490192261792e+00
9.316059821801320195e-01 8.831067392314874951e+02 2.356194490192261792e+00
1.222364860877337867e+00 8.838844791973680231e+02 2.356194490192261792e+00
9.991389661808546263e-01 8.850962108692481252e+02 2.356194490192261792e+00
1.731127129954498578e+00 8.858513301063630934e+02 2.356194490192261792e+00
5.714489659225330254e-01 8.867712007197676485e+02 2.356194490192261792e+00
2.733664683408327356e+00 8.878774343788248871e+02 2.356194490192261792e+00
7.147284072774999775e-01 8.887574755732576932e+02 2.356194490192261792e+00
1.359033119799723854e+00 8.898892682556482896e+02 2.356194490192261792e+00
8.758648473898382747e-01 8.910014656398927855e+02 2.356194490192261792e+00
1.554763904647923578e+00 8.920030526189801776e+02 2.356194490192261792e+00
8.240041708349282734e-01 8.925793838672670972e+02 2.356194490192261792e+00
2.173483751866297720e+00 8.940864920224581738e+02 2.356194490192261792e+00
1.156583046717436059e+00 8.945624256542857893e+02 2.356194490192261792e+00
1.371921139995912142e+00 8.960132491428648791e+02 2.356194490192261792e+00
8.666251043013023514e-01 8.970011923153331281e+02 2.356194490192261792e+00
1.282283964497917150e+00 8.981453117934992179e+02 2.356194490192261792e+00
1.000421818072148250e+00 8.987036992379264575e+02 2.356194490192261792e+00
1.550652879680449292e+00 9.002941872840201540e+02 2.356194490192261792e+00
1.547475155326719642e+00 9.007022591778303422e+02 2.356194490192261792e+00
1.293361231679748480e+00 9.022184321387633190e+02 2.356194490192261792e+00
9.147009808368407047e-01 9.031074799929473329e+02 2.356194490192261792e+00
1.135303734781728302e+00 9.043087557782286012e+02 2.356194490192261792e+00
1.149512476520643478e+00 9.048945150327238025e+02 2.356194490192261792e+00
1.139828176193067755e+00 9.064786154589307898e+02 2.356194490192261792e+00
1.863094867725494597e+00 9.069104162481049798e+02 2.356194490192261792e+00
1.176289304975957295e+00 9.084266088419027483e+02 2.356194490192261792e+00
1.002243188956346120e+00 9.092395285526054067e+02 2.356194490192261792e+00
1.053360362701017516e+00 9.104670085869352079e+02 2.356194490192261792e+00
1.349205096231354206e+00 9.110969306962457495e+02 2.356194490192261792e+00
8.006609390699686024e-01 9.125835271079638460e+02 2.356194490192261792e+00
2.220430041208698135e+00 9.131272191657421899e+02 2.356194490192261792e+00
9.883934520793469236e-01 9.145800069522128979e+02 2.356194490192261792e+00
1.158625113350527647e+00 9.153511475431517965e+02 2.356194490192261792e+00
1.004076714320883079e+00 9.165758642563757803e+02 2.356194490192261792e+00
1.634908959594174149e+00 9.172936353345100997e+02 2.356194490192261792e+00
5.595200365321959524e-01 9.184104216202262023e+02 2.356194490192261792e+00
2.641211011528484143e+00 9.193250031978969901e+02 2.356194490192261792e+00
7.040250461623844824e-01 9.204291474512157265e+02 2.356194490192261792e+00
1.335194706550733468e+00 9.213915027818784438e+02 2.356194490192261792e+00
9.123356343338863139e-01 9.225369578261423840e+02 2.356194490192261792e+00
1.672062416424734854e+00 9.234643599098387767e+02 2.356194490192261792e+00
7.647240686641143537e-01 9.240705861837618613e+02 2.356194490192261792e+00
2.409482012352129221e+00 9.255199410651566723e+02 2.356194490192261792e+00
1.041219234111375957e+00 9.260474187506589487e+02 2.356194490192261792e+00
1.401349373495895723e+00 9.274588642240228182e+02 2.356194490192261792e+00
8.698968385426770755e-01 9.284828060134960879e+02 2.356194490192261792e+00
1.363213329519903372e+00 9.295992468505735360e+02 2.356194490192261792e+00
9.908725690612607551e-01 9.301420205707505602e+02 2.356194490192261792e+00
1.686287129060723755e+00 9.317269226584159014e+02 2.356194490192261792e+00
1.506595401676323887e+00 9.321364525759362323e+02 2.356194490192261792e+00
1.358344403549236690e+00 9.336571443280363383e+02 2.356194490192261792e+00
9.079886217072350441e-01 9.345824989742668549e+02 2.356194490192261792e+00
1.201739505618080850e+00 9.357686047498252719e+02 2.356194490192261792e+00
1.139808628503515608e+00 9.363310812446588898e+02 2.356194490192261792e+00
1.257037659910456462e+00 9.379237863754466389e+02 2.356194490192261792e+00
1.830037677239957805e+00 9.383410291325623120e+02 2.356194490192261792e+00
1.264496553500589204e+00 9.398770773052765435e+02 2.356194490192261792e+00
9.721769211729293092e-01 9.407247254077268508e+02 2.356194490192261792e+00
1.105229411596026168e+00 9.419438510879086834e+02 2.356194490192261792e+00
1.297494183589638084e+00 9.425423924357048691e+02 2.356194490192261792e+00
9.301785508836207805e-01 9.440795104589411721e+02 2.356194490192261792e+00
2.129074581681372536e+00 9.445659649249763561e+02 2.356194490192261792e+00
1.106448789324858462e+00 9.460685616092832788e+02 2.356194490192261792e+00
1.089274607352799018e+00 9.468512881735839528e+02 2.356194490192261792e+00
1.038906094991862705e+00 9.480835077753841915e+02 2.356194490192261792e+00
1.536104598965162049e+00 9.487472172125023917e+02 2.356194490192261792e+00
6.308441039212944190e-01 9.500634294305264120e+02 2.356194490192261792e+00
2.511762648816131538e+00 9.507777103663074740e+02 2.356194490192261792e+00
8.159009326176148713e-01 9.520954472761985699e+02 2.356194490192261792e+00
1.291879215347991217e+00 9.529172473140581587e+02 2.356194490192261792e+00
9.675062749974372434e-01 9.540986689490067647e+02 2.356194490192261792e+00
1.766375753622281053e+00 9.549284617887819877e+02 2.356194490192261792e+00
6.643403760065479391e-01 9.556358056113442672e+02 2.356194490192261792e+00
2.661898994539726893e+00 9.569590385772628451e+02 2.356194490192261792e+00
8.711798402270491959e-01 9.576024899920391817e+02 2.356194490192261792e+00
1.397861049424615532e+00 9.589212527642607711e+02 2.356194490192261792e+00
8.688618287264738838e-01 9.599846557290378541e+02 2.356194490192261792e+00
1.447809228717317653e+00 9.610593800727032203e+02 2.356194490192261792e+00
9.368859076843911726e-01 9.616019397983312729e+02 2.356194490192261792e+00
1.878484232919373387e+00 9.631675747009143151e+02 2.356194490192261792e+00
1.383380136476336064e+00 9.635913407877826558e+02 2.356194490192261792e+00
1.384243299246883163e+00 9.650954312248620681e+02 2.356194490192261792e+00
8.946186259437918231e-01 9.660505964239305285e+02 2.356194490192261792e+00
1.248236143281004962e+00 9.672199469727077030e+02 2.356194490192261792e+00
1.100312854963980458e+00 9.677717047214702006e+02 2.356194490192261792e+00
1.376545116288872661e+00 9.693686193267004683e+02 2.356194490192261792e+00
1.744768640981245955e+00 9.697767560587160460e+02 2.356194490192261792e+00
1.308148500469453968e+00 9.713154551724214798e+02 2.356194490192261792e+00
9.485256478504736632e-01 9.721897386932735117e+02 2.356194490192261792e+00
1.138625579389590081e+00 9.733996365048495818e+02 2.356194490192261792e+00
1.245245258358269602e+00 9.739818990035244042e+02 2.356194490192261792e+00
1.037715119461659175e+00 9.755465867267058684e+02 2.356194490192261792e+00
2.033561853525591712e+00 9.760008830620428171e+02 2.356194490192261792e+00
1.177128348431847327e+00 9.775243624282928749e+02 2.356194490192261792e+00
1.040421463007966230e+00 9.783275922946392029e+02 2.356194490192261792e+00
1.062342285283763399e+00 9.795582743691986707e+02 2.356194490192261792e+00
1.445004190757560369e+00 9.801920790229846716e+02 2.356194490192261792e+00
7.272318624076360427e-01 9.816195755305337798e+02 2.356194490192261792e+00
2.373998446659514983e+00 9.822213811785795770e+02 2.356194490192261792e+00
9.354586588987802154e-01 9.836413888331156841e+02 2.356194490192261792e+00
1.219162740276481971e+00 9.844183818619807198e+02 2.356194490192261792e+00
9.998762235123855868e-01 9.856310459793603513e+02 2.356194490192261792e+00
1.727422928387810197e+00 9.863837254448184240e+02 2.356194490192261792e+00
5.693395891653529883e-01 9.873137715403142920e+02 2.356194490192261792e+00
2.731863952189649947e+00 9.884099640095548693e+02 2.356194490192261792e+00
7.113921894540723434e-01 9.893017962476332059e+02 2.356194490192261792e+00
1.357915302860187134e+00 9.904244713075806885e+02 2.356194490192261792e+00
8.773555811185723696e-01 9.915386666527540456e+02 2.356194490192261792e+00
1.561073420145797197e+00 9.925365597912319799e+02 2.356194490192261792e+00
8.209310887802485635e-01 9.931139896536502647e+02 2.356194490192261792e+00
2.186198266143366542e+00 9.946184835962424131e+02 2.356194490192261792e+00
1.150186274758685290e+00 9.950967678644447005e+02 2.356194490192261792e+00
1.373620296052600054e+00 9.965457782462689238e+02 2.356194490192261792e+00
8.665540866662463371e-01 9.975357384237149745e+02 2.356194490192261792e+00
1.286366278422294451e+00 9.986784389331352259e+02 2.356194490192261792e+00
9.993570769053053970e-01 9.992360856940088070e+02 2.356194490192261792e+00
1.558346650219161189e+00 1.000826270363805179e+03 2.356194490192261792e+00
1.544289775048009128e+00 1.001234386284343259e+03 2.356194490192261792e+00
1.296530941608614373e+00 1.002750699584414065e+03 2.356194490192261792e+00
9.139605699510187087e-01 1.003641615838192820e+03 2.356194490192261792e+00
1.138325651580649467e+00 1.004842149232180759e+03 2.356194490192261792e+00
1.147948352461572785e+00 1.005426822309820182e+03 2.356194490192261792e+00
1.146508985651643941e+00 1.007011589143477067e+03 2.356194490192261792e+00
1.859605733683028284e+00 1.007442380570700834e+03 2.356194490192261792e+00
1.180409138193798224e+00 1.008959509367566852e+03 2.356194490192261792e+00
1.000242263584227631e+00 1.009773979862877582e+03 2.356194490192261792e+00
1.055401873278650982e+00 1.011001139732482557e+03 2.356194490192261792e+00
1.345454169855010651e+00 1.011629524785572357e+03 2.356194490192261792e+00
8.072374564160784693e-01 1.013119564972108492e+03 2.356194490192261792e+00
2.214135215988904282e+00 1.013659518755733302e+03 2.356194490192261792e+00
9.943227413947082205e-01 1.015115296663509298e+03 2.356194490192261792e+00
