9.603845557385363163e-01 2.921515302140238052e-02 1.570796326794862363e+00
1.334231297875351441e+00 1.625610632122701293e+00 1.570796326794862363e+00
2.129023694039623216e+00 1.951716691586170782e+00 1.570796326794862363e+00
1.063876919053430736e+00 3.447796528950414441e+00 1.570796326794862363e+00
9.874623707129627226e-01 4.504148403456841976e+00 1.570796326794862363e+00
1.106431410219556710e+00 5.395955400091023257e+00 1.570796326794862363e+00
1.108593124489962278e+00 6.222257617567493959e+00 1.570796326794862363e+00
8.709776678079010903e-01 7.740933460891426421e+00 1.570796326794862363e+00
2.716171168500312483e+00 8.170952344592899763e+00 1.570796326794862363e+00
9.336879020887792757e-01 9.609140758400231519e+00 1.570796326794862363e+00
9.657633909658294158e-01 1.058183669669176652e+01 1.570796326794862363e+00
1.240514214496874823e+00 1.152434098909978566e+01 1.570796326794862363e+00
1.297878939589931724e+00 1.241005976830803448e+01 1.570796326794862363e+00
5.455713733830628298e-01 1.356614284545074156e+01 1.570796326794862363e+00
3.468284451933314028e+00 1.438908481568357978e+01 1.570796326794862363e+00
6.960855329470844177e-01 1.548601480819249510e+01 1.570796326794862363e+00
9.996834146385130682e-01 1.650613155238590224e+01 1.570796326794862363e+00
1.324822490809123954e+00 1.760065345878650334e+01 1.570796326794862363e+00
1.279537911124544847e+00 1.853724542817114695e+01 1.570796326794862363e+00
6.842343318597675639e-01 1.921852494093721830e+01 1.570796326794862363e+00
3.152452598160026209e+00 2.062061557418059365e+01 1.570796326794862363e+00
1.052900493259045112e+00 2.110257602129880894e+01 1.570796326794862363e+00
1.149226553204448775e+00 2.249164620706562090e+01 1.570796326794862363e+00
1.183861411611806913e+00 2.368452084271608271e+01 1.570796326794862363e+00
1.104901761888722023e+00 2.459526473300977045e+01 1.570796326794862363e+00
8.490469154210473768e-01 2.528749516055732016e+01 1.570796326794862363e+00
2.093786451712643881e+00 2.685322138896884780e+01 1.570796326794862363e+00
1.610127316048235668e+00 2.718111536459417010e+01 1.570796326794862363e+00
1.167645125246949522e+00 2.867562002031420576e+01 1.570796326794862363e+00
1.083151562031440918e+00 2.982879874386841124e+01 1.570796326794862363e+00
1.064233781864327488e+00 3.071594333935549059e+01 1.570796326794862363e+00
9.546180979167457892e-01 3.146704245151248713e+01 1.570796326794862363e+00
1.474422436458341146e+00 3.306490288739784233e+01 1.570796326794862363e+00
2.065828319972244032e+00 3.338063773225378128e+01 1.570796326794862363e+00
1.116528388320212173e+00 3.489046514773324503e+01 1.570796326794862363e+00
1.017610607041392612e+00 3.597854791870241797e+01 1.570796326794862363e+00
1.092644394940093244e+00 3.686310604452539508e+01 1.570796326794862363e+00
1.078451721280809128e+00 3.766639844086377309e+01 1.570796326794862363e+00
1.010355712260642802e+00 3.922232992515158401e+01 1.570796326794862363e+00
2.572971006988935994e+00 3.960353811133311552e+01 1.570796326794862363e+00
1.008349385617539173e+00 4.108050593054835531e+01 1.570796326794862363e+00
9.784116548573784655e-01 4.208527025032731927e+01 1.570796326794862363e+00
1.194573839056263909e+00 4.300095859959048994e+01 1.570796326794862363e+00
1.253289444076503445e+00 4.386168184492291999e+01 1.570796326794862363e+00
6.198807679341137300e-01 4.518214578525635261e+01 1.570796326794862363e+00
3.275450120759160200e+00 4.582518500890260071e+01 1.570796326794862363e+00
7.710330056549413724e-01 4.710078848893327574e+01 1.570796326794862363e+00
9.844937616567739358e-01 4.805689537195104322e+01 1.570796326794862363e+00
1.348262585166363214e+00 4.908415834736273808e+01 1.570796326794862363e+00
1.350723142819973743e+00 5.001352559473119896e+01 1.570796326794862363e+00
6.300233969377074805e-01 5.073793205473068468e+01 1.570796326794862363e+00
3.477915337098758108e+00 5.204585444672674299e+01 1.570796326794862363e+00
9.191788312268965866e-01 5.261738544514324190e+01 1.570796326794862363e+00
1.133642633709031067e+00 5.394852882570023667e+01 1.570796326794862363e+00
1.227617763303369580e+00 5.514172257696314006e+01 1.570796326794862363e+00
1.140838801695952309e+00 5.606104734034691717e+01 1.570796326794862363e+00
8.386360260261148669e-01 5.672951325419958124e+01 1.570796326794862363e+00
2.288013579265526953e+00 5.828034771089135546e+01 1.570796326794862363e+00
1.535379086784715019e+00 5.861888316161701340e+01 1.570796326794862363e+00
1.196019502753997044e+00 6.010974159997156363e+01 1.570796326794862363e+00
1.123255250506547398e+00 6.128342779495948633e+01 1.570796326794862363e+00
1.080526109179388961e+00 6.217505593546390230e+01 1.570796326794862363e+00
9.539096627103069714e-01 6.290161984844485943e+01 1.570796326794862363e+00
1.607692364743345648e+00 6.449827596324919909e+01 1.570796326794862363e+00
2.018888477418021132e+00 6.480773143660114499e+01 1.570796326794862363e+00
1.166835872737838287e+00 6.632855265486111307e+01 1.570796326794862363e+00
1.053702472088455799e+00 6.744729774962675606e+01 1.570796326794862363e+00
1.089059665041758995e+00 6.832912244358060150e+01 1.570796326794862363e+00
1.059489457927172307e+00 6.910771911286899183e+01 1.570796326794862363e+00
1.150818376490543304e+00 7.068460001729395970e+01 1.570796326794862363e+00
2.465537447681959815e+00 7.103406275395001046e+01 1.570796326794862363e+00
1.078419532202066655e+00 7.253857119715627277e+01 1.570796326794862363e+00
1.000663087163449871e+00 7.358049628177087698e+01 1.570796326794862363e+00
1.156652276243105737e+00 7.447711756426755869e+01 1.570796326794862363e+00
1.205028419061268563e+00 7.531138589949460993e+01 1.570796326794862363e+00
7.407910211819517254e-01 7.674844279504415567e+01 1.570796326794862363e+00
3.060704918063465563e+00 7.726150772504823294e+01 1.570796326794862363e+00
8.779476783313310273e-01 7.865284599826310341e+01 1.570796326794862363e+00
9.795618579827858330e-01 7.960476262935574709e+01 1.570796326794862363e+00
1.314449761487082924e+00 8.057671506091880076e+01 1.570796326794862363e+00
1.367565896232974865e+00 8.148484565325219364e+01 1.570796326794862363e+00
5.505325318648073285e-01 8.238153537366224555e+01 1.570796326794862363e+00
3.667064674057158413e+00 8.347877466424611725e+01 1.570796326794862363e+00
7.373881182551602631e-01 8.427228724111638769e+01 1.570796326794862363e+00
1.061423163494292554e+00 8.546072585001881805e+01 1.570796326794862363e+00
1.264636177948562201e+00 8.662644874391882865e+01 1.570796326794862363e+00
1.184722924791564269e+00 8.755738083991919041e+01 1.570796326794862363e+00
7.539364256690042065e-01 8.822773950702122647e+01 1.570796326794862363e+00
2.675663908407904135e+00 8.971925099057121145e+01 1.570796326794862363e+00
1.263139565286511834e+00 9.011484098020928002e+01 1.570796326794862363e+00
1.157480338134003084e+00 9.155988803004511567e+01 1.570796326794862363e+00
1.128841124872220325e+00 9.273966241828883028e+01 1.570796326794862363e+00
1.070576781998581639e+00 9.363869773826024812e+01 1.570796326794862363e+00
8.762164519714166211e-01 9.436103696586718570e+01 1.570796326794862363e+00
1.821878258855843979e+00 9.594581726702458013e+01 1.570796326794862363e+00
1.754348687363016079e+00 9.626243643657615223e+01 1.570796326794862363e+00
1.134104570567726178e+00 9.776213250945151856e+01 1.570796326794862363e+00
1.040740363792455936e+00 9.888499689155612771e+01 1.570796326794862363e+00
1.060511795736338359e+00 9.976856667040183879e+01 1.570796326794862363e+00
9.859859357915066180e-01 1.005473074213215199e+02 1.570796326794862363e+00
1.269284060331755004e+00 1.021400728026580396e+02 1.570796326794862363e+00
2.220399899237997410e+00 1.024722634301624851e+02 1.570796326794862363e+00
1.062525998597283694e+00 1.039693034328480934e+02 1.570796326794862363e+00
9.882018713623268447e-01 1.050187352637820055e+02 1.570796326794862363e+00
1.121248179109536336e+00 1.059127696071290217e+02 1.570796326794862363e+00
1.137104598153738211e+00 1.067432708294504664e+02 1.570796326794862363e+00
8.225710060754333197e-01 1.082386564238649669e+02 1.570796326794862363e+00
2.820620805330291248e+00 1.086936798852464960e+02 1.570796326794862363e+00
9.146324655389256320e-01 1.101180028191917017e+02 1.570796326794862363e+00
9.685460252479288767e-01 1.110823284716025228e+02 1.570796326794862363e+00
1.264068641283975225e+00 1.120345107708623260e+02 1.570796326794862363e+00
1.322160936194522129e+00 1.129279256123993065e+02 1.570796326794862363e+00
5.344346804964086317e-01 1.140025654094699377e+02 1.570796326794862363e+00
3.553353562252516973e+00 1.149115335790229295e+02 1.570796326794862363e+00
6.881760663774599829e-01 1.159166359593653226e+02 1.570796326794862363e+00
1.013596056511165910e+00 1.169826103977749341e+02 1.570796326794862363e+00
1.305624285557104969e+00 1.181036639236444756e+02 1.570796326794862363e+00
1.245793537000316142e+00 1.190400048294285256e+02 1.570796326794862363e+00
7.016862938261846372e-01 1.197172234707309002e+02 1.570796326794862363e+00
3.006661475392827576e+00 1.211476882068363068e+02 1.570796326794862363e+00
1.103988411736944508e+00 1.216027864145926003e+02 1.570796326794862363e+00
1.147373616778819772e+00 1.230084767429596440e+02 1.570796326794862363e+00
1.161427729565380096e+00 1.241973411566485339e+02 1.570796326794862363e+00
1.088468983194116557e+00 1.251043986814329969e+02 1.570796326794862363e+00
8.470505436051551929e-01 1.258095772562310657e+02 1.570796326794862363e+00
2.015758459732601704e+00 1.273796710620142534e+02 1.570796326794862363e+00
1.626911978348943855e+00 1.277055740159683666e+02 1.570796326794862363e+00
1.146681938265412981e+00 1.291980634938527146e+02 1.570796326794862363e+00
1.061244705995513460e+00 1.303389487342628286e+02 1.570796326794862363e+00
1.055963643269632657e+00 1.312245893926107669e+02 1.570796326794862363e+00
9.524743218255873334e-01 1.319885275045895128e+02 1.570796326794862363e+00
1.408520771248602754e+00 1.335862509770104509e+02 1.570796326794862363e+00
2.082630086149213522e+00 1.339065282677572952e+02 1.570796326794862363e+00
1.086837225277146324e+00 1.354085280211828319e+02 1.570796326794862363e+00
9.996617714697147994e-01 1.364798414920029757e+02 1.570796326794862363e+00
1.096800837267527751e+00 1.373676463438138740e+02 1.570796326794862363e+00
1.089255556054222751e+00 1.381834700935657452e+02 1.570796326794862363e+00
9.398751635343526312e-01 1.397238881812785110e+02 1.570796326794862363e+00
2.631844442704047271e+00 1.401267722278687131e+02 1.570796326794862363e+00
9.692717712566932819e-01 1.415851170142884428e+02 1.570796326794862363e+00
9.697768605274592613e-01 1.425724195957580207e+02 1.570796326794862363e+00
1.216085345074950030e+00 1.435010060969178198e+02 1.570796326794862363e+00
1.274849680204731772e+00 1.443748247769341049e+02 1.570796326794862363e+00
5.755958210700646838e-01 1.456195548903700683e+02 1.570796326794862363e+00
3.372623276613643473e+00 1.463461325874776833e+02 1.570796326794862363e+00
7.263544154122351104e-01 1.475409969402898582e+02 1.570796326794862363e+00
9.900799550520124059e-01 1.485205089338872710e+02 1.570796326794862363e+00
1.343348835935502139e+00 1.495807749399868953e+02 1.570796326794862363e+00
1.320103963644015055e+00 1.505153265458885414e+02 1.570796326794862363e+00
6.635216274758529709e-01 1.512065432043977466e+02 1.570796326794862363e+00
3.319849448529951896e+00 1.525715094360576245e+02 1.570796326794862363e+00
9.974471518520153790e-01 1.530878990636745129e+02 1.570796326794862363e+00
1.150176516498607526e+00 1.544554806834512988e+02 1.570796326794862363e+00
1.210936465234831783e+00 1.556512131940849031e+02 1.570796326794862363e+00
1.126361932490696383e+00 1.565661179751099894e+02 1.570796326794862363e+00
8.559313246118096519e-01 1.572419163491636880e+02 1.570796326794862363e+00
2.176422546177712913e+00 1.588038795113063202e+02 1.570796326794862363e+00
1.604346791306583420e+00 1.591329944616803971e+02 1.570796326794862363e+00
1.195619646930971447e+00 1.606313335980687214e+02 1.570796326794862363e+00
1.112989138359565811e+00 1.617990381996708891e+02 1.570796326794862363e+00
1.078710030820380306e+00 1.626884237025587083e+02 1.570796326794862363e+00
9.666220276892750762e-01 1.634219757577927226e+02 1.570796326794862363e+00
1.542829570055234578e+00 1.650194628344949308e+02 1.570796326794862363e+00
2.073863336918411182e+00 1.653305505597910496e+02 1.570796326794862363e+00
1.158851084083770688e+00 1.668515909381846143e+02 1.570796326794862363e+00
1.045889206393178394e+00 1.679618246651130278e+02 1.570796326794862363e+00
1.093737457490191467e+00 1.688438086493274568e+02 1.570796326794862363e+00
1.074783461495589565e+00 1.696291011102742630e+02 1.570796326794862363e+00
1.096884414354799109e+00 1.711979111740475332e+02 1.570796326794862363e+00
2.528951219541049067e+00 1.715582738089051702e+02 1.570796326794862363e+00
1.060920386963058570e+00 1.730565667436891886e+02 1.570796326794862363e+00
9.952628237430598546e-01 1.740865696640849194e+02 1.570796326794862363e+00
1.171637631928592160e+00 1.749882754331956676e+02 1.570796326794862363e+00
1.228156182114996442e+00 1.758308190687956483e+02 1.570796326794862363e+00
6.926967939741431879e-01 1.772287888299873657e+02 1.570796326794862363e+00
3.155539607244752798e+00 1.777844957060971751e+02 1.570796326794862363e+00
8.396963047407796088e-01 1.791407303367810471e+02 1.570796326794862363e+00
9.818037681373892323e-01 1.800885757375715457e+02 1.570796326794862363e+00
1.334895101828751152e+00 1.810784425109112021e+02 1.570796326794862363e+00
1.371952356014586094e+00 1.819959950393175916e+02 1.570796326794862363e+00
5.783654150779448111e-01 1.828076532461270460e+02 1.570796326794862363e+00
3.635093787268028898e+00 1.840019858689573482e+02 1.570796326794862363e+00
8.023761644749362043e-01 1.846895546213481509e+02 1.570796326794862363e+00
1.093104303179161629e+00 1.859447692983601144e+02 1.570796326794862363e+00
1.246689687519213940e+00 1.871259111550881755e+02 1.570796326794862363e+00
1.161696278349031664e+00 1.880520964263298822e+02 1.570796326794862363e+00
7.900534449798829462e-01 1.887201387480397443e+02 1.570796326794862363e+00
2.499782829917005511e+00 1.902409856106779387e+02 1.570796326794862363e+00
1.376468458708417941e+00 1.906079851762449664e+02 1.570796326794862363e+00
1.172583704942185889e+00 1.920744355292342789e+02 1.570796326794862363e+00
1.123172585536480694e+00 1.932508825599724958e+02 1.570796326794862363e+00
1.072243382331062866e+00 1.941462685758773148e+02 1.570796326794862363e+00
9.080707227481029653e-01 1.948717257169806771e+02 1.570796326794862363e+00
1.721557195807972063e+00 1.964635133385140477e+02 1.570796326794862363e+00
1.864824790249998809e+00 1.967755595280963234e+02 1.570796326794862363e+00
1.145496793368660393e+00 1.982841886116186174e+02 1.570796326794862363e+00
1.043984174955030264e+00 1.994037022404535833e+02 1.570796326794862363e+00
1.072262761968890032e+00 2.002864772526590684e+02 1.570796326794862363e+00
1.017716516725704068e+00 2.010664463665767130e+02 1.570796326794862363e+00
1.210836568200708063e+00 2.026532119369992984e+02 1.570796326794862363e+00
2.327779204996417661e+00 2.029927045909496712e+02 1.570796326794862363e+00
1.067714198991963848e+00 2.044926083370657750e+02 1.570796326794862363e+00
9.927918031822180467e-01 2.055376482981675963e+02 1.570796326794862363e+00
1.137461007077495756e+00 2.064332087014225010e+02 1.570796326794862363e+00
1.168089860033034943e+00 2.072660772659201314e+02 1.570796326794862363e+00
7.816318993975436280e-01 2.087357454503093379e+02 1.570796326794862363e+00
2.930907193182371806e+00 2.092168602810213258e+02 1.570796326794862363e+00
8.978017274429760386e-01 2.106269588126883150e+02 1.570796326794862363e+00
9.731369642672608178e-01 2.115847317015496856e+02 1.570796326794862363e+00
1.287640612674028739e+00 2.125460200428276210e+02 1.570796326794862363e+00
1.344890152950732665e+00 2.134464082318358464e+02 1.570796326794862363e+00
5.351795607061250459e-01 2.144383047380900678e+02 1.570796326794862363e+00
3.621021135336093710e+00 2.154344642836419723e+02 1.570796326794862363e+00
6.986036678898995822e-01 2.163425541871184805e+02 1.570796326794862363e+00
1.032230809387913562e+00 2.174623817284616507e+02 1.570796326794862363e+00
1.284801672635474512e+00 2.186064360412783572e+02 1.570796326794862363e+00
1.213953796422944542e+00 2.195409754352258460e+02 1.570796326794862363e+00
7.208186573513586382e-01 2.202163656512827004e+02 1.570796326794862363e+00
2.856827158679219547e+00 2.216739381138819738e+02 1.570796326794862363e+00
1.163346385724266074e+00 2.221029244425889715e+02 1.570796326794862363e+00
1.146615721189597314e+00 2.235249618298459495e+02 1.570796326794862363e+00
1.141111098221555986e+00 2.247088558344426872e+02 1.570796326794862363e+00
1.075159237587965277e+00 2.256121258015267586e+02 1.570796326794862363e+00
8.513631125601806016e-01 2.263284620832650091e+02 1.570796326794862363e+00
1.929823649249099216e+00 2.279042773252932079e+02 1.570796326794862363e+00
1.661740330004730870e+00 2.282270661022531328e+02 1.570796326794862363e+00
1.131025303323219378e+00 2.297195780918095238e+02 1.570796326794862363e+00
1.044280099896614411e+00 2.308491133347160087e+02 1.570796326794862363e+00
1.052669430032265652e+00 2.317336637926565857e+02 1.570796326794862363e+00
9.591742007253239999e-01 2.325079866071997969e+02 1.570796326794862363e+00
1.339180635170998279e+00 2.341045419643979528e+02 1.570796326794862363e+00
2.124097468629790875e+00 2.344302367179664373e+02 1.570796326794862363e+00
1.064697361414340904e+00 2.359264828089270623e+02 1.570796326794862363e+00
9.878287467084082563e-01 2.369835903917235385e+02 1.570796326794862363e+00
1.105542946473498933e+00 2.378751685708335799e+02 1.570796326794862363e+00
1.106875523661554173e+00 2.387009708537315760e+02 1.570796326794862363e+00
8.750648168132040272e-01 2.402212427205990934e+02 1.570796326794862363e+00
2.709449838339167194e+00 2.406494171189401357e+02 1.570796326794862363e+00
9.355454593149273856e-01 2.420887904576148060e+02 1.570796326794862363e+00
9.657722354251438990e-01 2.430622588571947347e+02 1.570796326794862363e+00
1.238836928009450444e+00 2.440039366933407905e+02 1.570796326794862363e+00
1.296224111679483482e+00 2.448889887939188839e+02 1.570796326794862363e+00
5.469467189344803248e-01 2.460510207346064249e+02 1.570796326794862363e+00
3.461955257728331237e+00 2.468675892319345451e+02 1.570796326794862363e+00
6.973859269596179855e-01 2.479711455464872927e+02 1.570796326794862363e+00
9.988700292837269235e-01 2.489882045164106614e+02 1.570796326794862363e+00
1.326208755834272113e+00 2.500806109264232191e+02 1.570796326794862363e+00
1.282170660386930505e+00 2.510171541316873345e+02 1.570796326794862363e+00
6.830263023526164101e-01 2.516987914102357138e+02 1.570796326794862363e+00
3.163248933157324583e+00 2.530987307791693013e+02 1.570796326794862363e+00
1.049451127488312041e+00 2.535826943149925796e+02 1.570796326794862363e+00
1.149454308122725088e+00 2.549705369791941507e+02 1.570796326794862363e+00
1.185664622411823244e+00 2.561636815138776342e+02 1.570796326794862363e+00
1.106285726378756440e+00 2.570746956531978640e+02 1.570796326794862363e+00
8.495391626426803677e-01 2.577658430568396852e+02 1.570796326794862363e+00
2.099189629950610758e+00 2.593313318095497380e+02 1.570796326794862363e+00
1.609829249619669778e+00 2.596592893780688200e+02 1.570796326794862363e+00
1.169541910496692427e+00 2.611540743529893120e+02 1.570796326794862363e+00
1.085084483495647456e+00 2.623082446197379340e+02 1.570796326794862363e+00
1.065116568528856389e+00 2.631955194486229743e+02 1.570796326794862363e+00
9.552704961173597020e-01 2.639454982125337779e+02 1.570796326794862363e+00
1.479169763138745486e+00 2.655433434025517840e+02 1.570796326794862363e+00
2.065921476472724727e+00 2.658587483614006146e+02 1.570796326794862363e+00
1.119243729247583863e+00 2.673693078844078173e+02 1.570796326794862363e+00
1.019331183086695125e+00 2.684588244940099457e+02 1.570796326794862363e+00
1.092568336586658084e+00 2.693431583759434602e+02 1.570796326794862363e+00
1.078009152379352020e+00 2.701453337203435581e+02 1.570796326794862363e+00
1.016024114879611417e+00 2.717022713556492590e+02 1.570796326794862363e+00
2.569493189723914384e+00 2.720819475124097835e+02 1.570796326794862363e+00
1.011716615192751467e+00 2.735603889328850187e+02 1.570796326794862363e+00
9.793411885211239509e-01 2.745666962089051708e+02 1.570796326794862363e+00
1.192985810617603448e+00 2.754813891099827856e+02 1.570796326794862363e+00
1.251669402644280726e+00 2.763409848404720606e+02 1.570796326794862363e+00
6.240274690731746343e-01 2.776669901528695732e+02 1.570796326794862363e+00
3.267811303423653779e+00 2.783038404436265978e+02 1.570796326794862363e+00
7.751191517366674555e-01 2.795852921815105105e+02 1.570796326794862363e+00
9.842007062243562920e-01 2.805401967029007437e+02 1.570796326794862363e+00
1.348073634910547103e+00 2.815648991097836529e+02 1.570796326794862363e+00
1.352732320225526585e+00 2.824936940506011069e+02 1.570796326794862363e+00
6.268842466106744338e-01 2.832220152754628657e+02 1.570796326794862363e+00
3.489922013017270341e+00 2.845242075064314236e+02 1.570796326794862363e+00
9.120572721054438503e-01 2.851013957031181576e+02 1.570796326794862363e+00
1.131626054435608486e+00 2.864287867685481501e+02 1.570796326794862363e+00
1.228723551538719372e+00 2.876215385603077266e+02 1.570796326794862363e+00
1.141899017394125249e+00 2.885412521787960713e+02 1.570796326794862363e+00
8.362484411565094256e-01 2.892094640780496775e+02 1.570796326794862363e+00
2.298965376663570925e+00 2.907589663556043433e+02 1.570796326794862363e+00
1.527149578301583821e+00 2.910987218761848681e+02 1.570796326794862363e+00
1.195042399323286597e+00 2.925884765231224947e+02 1.570796326794862363e+00
1.123407931131559234e+00 2.937623885504851273e+02 1.570796326794862363e+00
1.080176612477969034e+00 2.946542077459059215e+02 1.570796326794862363e+00
9.517451709365631896e-01 2.953805906111676904e+02 1.570796326794862363e+00
1.613550555452805124e+00 2.969771102791090129e+02 1.570796326794862363e+00
2.011339233578644858e+00 2.972865691509030057e+02 1.570796326794862363e+00
1.166128015876475521e+00 2.988069042569682097e+02 1.570796326794862363e+00
1.053467509432794991e+00 2.999258445337488297e+02 1.570796326794862363e+00
1.088298909863008257e+00 3.008077069648756492e+02 1.570796326794862363e+00
1.057506187347082349e+00 3.015862231772865130e+02 1.570796326794862363e+00
1.154313641497815679e+00 3.031637057356254559e+02 1.570796326794862363e+00
2.458693975166380774e+00 3.035125141769492529e+02 1.570796326794862363e+00
1.078422292158882856e+00 3.050169910169917671e+02 1.570796326794862363e+00
1.000502544188464293e+00 3.060593174489210355e+02 1.570796326794862363e+00
1.155582760063185832e+00 3.069557879919698280e+02 1.570796326794862363e+00
1.203080569874428463e+00 3.077898046851410072e+02 1.570796326794862363e+00
7.435004525814807863e-01 3.092290376410215345e+02 1.570796326794862363e+00
3.053522612271766690e+00 3.097398717405408775e+02 1.570796326794862363e+00
8.796895761855965112e-01 3.111327782415612546e+02 1.570796326794862363e+00
9.792777378660952881e-01 3.120850502710347882e+02 1.570796326794862363e+00
1.312903275014090321e+00 3.130561628577830220e+02 1.570796326794862363e+00
1.366604238901614865e+00 3.139637506201862038e+02 1.570796326794862363e+00
5.491665620877458354e-01 3.148662487959074383e+02 1.570796326794862363e+00
3.666262732376678546e+00 3.159571568433146922e+02 1.570796326794862363e+00
7.341089696940598097e-01 3.167577781035026874e+02 1.570796326794862363e+00
1.059453422576156267e+00 3.179418376413373721e+02 1.570796326794862363e+00
1.265851904091362945e+00 3.191063717825495587e+02 1.570796326794862363e+00
1.186390941840464786e+00 3.200375736745559152e+02 1.570796326794862363e+00
7.517051857136393123e-01 3.207081819092244359e+02 1.570796326794862363e+00
2.687101173595495052e+00 3.221976498351167493e+02 1.570796326794862363e+00
1.256301497315802651e+00 3.225952470480355032e+02 1.570796326794862363e+00
1.156629492743045606e+00 3.240388598494565713e+02 1.570796326794862363e+00
1.129397692197143588e+00 3.252188721934758746e+02 1.570796326794862363e+00
1.070651582869994289e+00 3.261181609955777958e+02 1.570796326794862363e+00
8.743619550296691800e-01 3.268402235304835131e+02 1.570796326794862363e+00
1.828576618202886417e+00 3.284244734394195007e+02 1.570796326794862363e+00
1.747754280971848040e+00 3.287414537916682775e+02 1.570796326794862363e+00
1.133594899754559515e+00 3.302406159929140017e+02 1.570796326794862363e+00
1.040712999535147842e+00 3.313637895252910539e+02 1.570796326794862363e+00
1.059852573456068425e+00 3.322474146863312967e+02 1.570796326794862363e+00
9.840614809329707446e-01 3.330259910821371818e+02 1.570796326794862363e+00
1.273377966575336417e+00 3.346190697659692432e+02 1.570796326794862363e+00
2.213754604914512036e+00 3.349508216465068813e+02 1.570796326794862363e+00
1.062363134525053043e+00 3.364477229745411364e+02 1.570796326794862363e+00
9.880023969417195406e-01 3.374975175813612509e+02 1.570796326794862363e+00
1.120206982609015300e+00 3.383914290178826718e+02 1.570796326794862363e+00
1.135112651898291691e+00 3.392217227128958825e+02 1.570796326794862363e+00
8.255063045350833351e-01 3.407187262048867069e+02 1.570796326794862363e+00
2.813457105680320147e+00 3.411720676734414610e+02 1.570796326794862363e+00
9.157787414516165292e-01 3.425972956652779544e+02 1.570796326794862363e+00
9.682889160646593885e-01 3.435621083480518223e+02 1.570796326794862363e+00
1.262504933714802879e+00 3.445136793623615858e+02 1.570796326794862363e+00
1.320581553141425335e+00 3.454066167085949814e+02 1.570796326794862363e+00
5.347940933409830455e-01 3.464866923464339834e+02 1.570796326794862363e+00
3.548164863239670286e+00 3.473899369338864176e+02 1.570796326794862363e+00
6.881605043892266016e-01 3.484012865793073388e+02 1.570796326794862363e+00
1.012540891313670866e+00 3.494639615722999793e+02 1.570796326794862363e+00
1.306981300285931180e+00 3.505833646816758460e+02 1.570796326794862363e+00
1.247996881823639104e+00 3.515197731642649046e+02 1.570796326794862363e+00
7.005480315409096104e-01 3.521971390324903837e+02 1.570796326794862363e+00
3.016371355550909517e+00 3.536258169571313488e+02 1.570796326794862363e+00
1.100512072686486320e+00 3.540826176126946621e+02 1.570796326794862363e+00
1.147534124815240641e+00 3.554872600811394818e+02 1.570796326794862363e+00
1.162898137016338929e+00 3.566764352150941022e+02 1.570796326794862363e+00
1.089504630741371827e+00 3.575837394569172716e+02 1.570796326794862363e+00
8.470863828153104569e-01 3.582880837943109782e+02 1.570796326794862363e+00
2.021104531622821998e+00 3.598578638223910957e+02 1.570796326794862363e+00
1.625501849592727144e+00 3.601839150180858269e+02 1.570796326794862363e+00
1.148009766604124460e+00 3.616765129105461938e+02 1.570796326794862363e+00
1.062613483555290061e+00 3.628182148369966171e+02 1.570796326794862363e+00
1.056406620246342465e+00 3.637039420470654818e+02 1.570796326794862363e+00
9.524238741459305491e-01 3.644670745054240797e+02 1.570796326794862363e+00
1.413047280204342337e+00 3.660648295972171695e+02 1.570796326794862363e+00
2.080955718492154549e+00 3.663847777661143823e+02 1.570796326794862363e+00
1.088674262097986123e+00 3.678872665484230424e+02 1.570796326794862363e+00
1.000715623498624973e+00 3.689596494163296825e+02 1.570796326794862363e+00
1.096399828586051228e+00 3.698472097190908698e+02 1.570796326794862363e+00
1.088362960905715049e+00 3.706622568891456808e+02 1.570796326794862363e+00
9.444620813764864620e-01 3.722038493828245578e+02 1.570796326794862363e+00
2.627433665176348132e+00 3.726051639473323007e+02 1.570796326794862363e+00
9.717730374512295599e-01 3.740647907773465590e+02 1.570796326794862363e+00
9.702256999441577490e-01 3.750531601700156443e+02 1.570796326794862363e+00
1.214611651585791652e+00 3.759808585009018884e+02 1.570796326794862363e+00
1.273440564659166441e+00 3.768538515019926081e+02 1.570796326794862363e+00
5.780763583701622466e-01 3.781038945500880573e+02 1.570796326794862363e+00
3.366410499243492449e+00 3.788246425379787752e+02 1.570796326794862363e+00
7.289017276330334028e-01 3.800252708030139388e+02 1.570796326794862363e+00
9.896230338536625704e-01 3.810027530063164249e+02 1.570796326794862363e+00
1.344126748245588088e+00 3.820608041939188411e+02 1.570796326794862363e+00
1.322458985585792002e+00 3.829951209305726252e+02 1.570796326794862363e+00
6.617856969953639368e-01 3.836876243987034627e+02 1.570796326794862363e+00
3.330472077577925294e+00 3.850496568587482784e+02 1.570796326794862363e+00
9.931859873220172386e-01 3.855688111948387018e+02 1.570796326794862363e+00
1.149711033559679851e+00 3.869346007520422290e+02 1.570796326794862363e+00
1.212348207372616393e+00 3.881303489950798280e+02 1.570796326794862363e+00
1.127521706034544602e+00 3.890455236342627359e+02 1.570796326794862363e+00
8.557205476003829636e-01 3.897205185274287942e+02 1.570796326794862363e+00
2.182318934910562280e+00 3.912820698883894579e+02 1.570796326794862363e+00
1.602299530496628321e+00 3.916114593199654337e+02 1.570796326794862363e+00
1.196642443695149050e+00 3.931097441002668802e+02 1.570796326794862363e+00
1.114373794771853721e+00 3.942781230559313599e+02 1.570796326794862363e+00
1.079325429742418185e+00 3.951676564500069730e+02 1.570796326794862363e+00
9.668242881000201905e-01 3.959003561966642337e+02 1.570796326794862363e+00
1.546849349270986052e+00 3.974978148335183050e+02 1.570796326794862363e+00
2.073016218118928666e+00 3.978086893312584493e+02 1.570796326794862363e+00
1.160684280540200675e+00 3.993301529294697048e+02 1.570796326794862363e+00
1.047230757399259193e+00 4.004414472739493931e+02 1.570796326794862363e+00
1.093743812292705453e+00 4.013233614995055518e+02 1.570796326794862363e+00
1.074381992290607268e+00 4.021077650126106278e+02 1.570796326794862363e+00
1.101482790639839893e+00 4.036771885706334615e+02 1.570796326794862363e+00
2.526047672470027372e+00 4.040365693562413867e+02 1.570796326794862363e+00
1.063414900956673792e+00 4.055357942115587093e+02 1.570796326794862363e+00
9.961462383004676679e-01 4.065671216893093742e+02 1.570796326794862363e+00
1.170441256438979671e+00 4.074682153303214704e+02 1.570796326794862363e+00
1.226615293013501029e+00 4.083098171910586984e+02 1.570796326794862363e+00
6.970143509180892760e-01 4.097114727892495125e+02 1.570796326794862363e+00
3.148512780552399803e+00 4.102630318223683048e+02 1.570796326794862363e+00
8.434978234707413147e-01 4.116229349038116538e+02 1.570796326794862363e+00
9.817136661399820108e-01 4.125709234735628570e+02 1.570796326794862363e+00
1.333499652742342390e+00 4.135589750208026771e+02 1.570796326794862363e+00
1.372309388115330986e+00 4.144757209974265493e+02 1.570796326794862363e+00
5.756331796569361670e-01 4.152938767740058097e+02 1.570796326794862363e+00
3.640784774461896411e+00 4.164804507486063017e+02 1.570796326794862363e+00
7.961142387799784448e-01 4.171762532487463773e+02 1.570796326794862363e+00
1.090459549656940030e+00 4.184261840638635022e+02 1.570796326794862363e+00
1.248042194493230284e+00 4.196062766701854798e+02 1.570796326794862363e+00
1.163334483436107902e+00 4.205328792798729296e+02 1.570796326794862363e+00
7.869758694228716767e-01 4.212010359221894191e+02 1.570796326794862363e+00
2.513921778637736359e+00 4.227196550516363232e+02 1.570796326794862363e+00
1.366672003300077209e+00 4.230888090931970851e+02 1.570796326794862363e+00
1.171171355875529452e+00 4.245535601696085450e+02 1.570796326794862363e+00
1.123383058927129863e+00 4.257302297807593732e+02 1.570796326794862363e+00
1.071887239844409256e+00 4.266258898623323148e+02 1.570796326794862363e+00
9.052272815241260151e-01 4.273512004482433326e+02 1.570796326794862363e+00
1.729418262736895695e+00 4.289425098813682666e+02 1.570796326794862363e+00
1.855183411944384186e+00 4.292548575800989283e+02 1.570796326794862363e+00
1.144264403150855758e+00 4.307626961335872693e+02 1.570796326794862363e+00
1.043483286659325993e+00 4.318823513916945558e+02 1.570796326794862363e+00
1.071195862512844155e+00 4.327651897905647047e+02 1.570796326794862363e+00
1.014996522827024572e+00 4.335451765433015225e+02 1.570796326794862363e+00
1.215146134199573291e+00 4.351325029008800698e+02 1.570796326794862363e+00
2.318755432927692706e+00 4.354713849059483550e+02 1.570796326794862363e+00
1.067046289743359244e+00 4.369709836223974548e+02 1.570796326794862363e+00
9.922917692810637735e-01 4.380162644775978720e+02 1.570796326794862363e+00
1.136161218985288102e+00 4.389117413653028166e+02 1.570796326794862363e+00
1.165590000858010900e+00 4.397444981641256732e+02 1.570796326794862363e+00
7.845474798342028100e-01 4.412162380385617553e+02 1.570796326794862363e+00
2.922125457110378743e+00 4.416953048416037291e+02 1.570796326794862363e+00
8.990259500096791090e-01 4.431065148811843528e+02 1.570796326794862363e+00
9.727195243402761982e-01 4.440647346736847680e+02 1.570796326794862363e+00
1.285809520515953208e+00 4.450253424036240517e+02 1.570796326794862363e+00
1.343174907281208252e+00 4.459252138752093515e+02 1.570796326794862363e+00
5.347004950212390639e-01 4.469235373863623977e+02 1.570796326794862363e+00
3.616467897258588415e+00 4.479129289865282431e+02 1.570796326794862363e+00
6.970687804435992119e-01 4.488286529314268023e+02 1.570796326794862363e+00
1.030574847519996728e+00 4.499440832108829795e+02 1.570796326794862363e+00
1.286344464277490385e+00 4.510864961601150185e+02 1.570796326794862363e+00
1.216236426572082863e+00 4.520212226830414011e+02 1.570796326794862363e+00
7.190714013052065257e-01 4.526968246923505035e+02 1.570796326794862363e+00
2.868659782846070261e+00 4.541522181486054137e+02 1.570796326794862363e+00
1.157986222322946457e+00 4.545833286121290939e+02 1.570796326794862363e+00
1.146402302898747116e+00 4.560039920795733792e+02 1.570796326794862363e+00
1.142423439568573507e+00 4.571882486904283383e+02 1.570796326794862363e+00
1.075923637633711794e+00 4.580918129558410214e+02 1.570796326794862363e+00
8.505025895507770661e-01 4.588074621585760156e+02 1.570796326794862363e+00
1.936843846537421365e+00 4.603827434050015199e+02 1.570796326794862363e+00
1.657636685255792219e+00 4.607058640153321107e+02 1.570796326794862363e+00
1.131702048262534399e+00 4.621981825795891154e+02 1.570796326794862363e+00
1.045176296762965196e+00 4.633284478608920836e+02 1.570796326794862363e+00
1.052595023006879682e+00 4.642130702457249072e+02 1.570796326794862363e+00
9.580995016794097152e-01 4.649867876481434905e+02 1.570796326794862363e+00
1.344415019136145029e+00 4.665834939037702611e+02 1.570796326794862363e+00
2.119439829840768841e+00 4.669087548436087900e+02 1.570796326794862363e+00
1.065785174665156099e+00 4.684052517294412041e+02 1.570796326794862363e+00
9.883440322872227846e-01 4.694632313575373246e+02 1.570796326794862363e+00
1.104667605508739880e+00 4.703545488392931020e+02 1.570796326794862363e+00
1.105183050770662367e+00 4.711797645249642414e+02 1.570796326794862363e+00
8.795217870688987194e-01 4.727017032482368109e+02 1.570796326794862363e+00
2.702657483663582383e+00 4.731279133101513708e+02 1.570796326794862363e+00
9.376695528691834092e-01 4.745686070364547504e+02 1.570796326794862363e+00
9.658485954166878829e-01 4.755429392197664811e+02 1.570796326794862363e+00
1.237081004206658674e+00 4.764837034857011417e+02 1.570796326794862363e+00
1.294535572051545902e+00 4.773680165248408116e+02 1.570796326794862363e+00
5.485106046783249090e-01 4.785363552418187965e+02 1.570796326794862363e+00
3.455365197202824756e+00 4.793461357328184818e+02 1.570796326794862363e+00
6.988890986982398967e-01 4.804567276221911811e+02 1.570796326794862363e+00
9.980520370913082973e-01 4.814705831676404273e+02 1.570796326794862363e+00
1.327704333757338206e+00 4.825607107443336190e+02 1.570796326794862363e+00
1.285023394140795139e+00 4.834971917117434259e+02 1.570796326794862363e+00
6.817952009715799733e-01 4.841791774149328944e+02 1.570796326794862363e+00
3.174744090694541221e+00 4.855768533188211791e+02 1.570796326794862363e+00
1.045917744761688750e+00 4.860629117944241102e+02 1.570796326794862363e+00
1.149761259108146749e+00 4.874494794278220411e+02 1.570796326794862363e+00
1.187645991558925918e+00 4.886429175977174850e+02 1.570796326794862363e+00
1.107817751308198817e+00 4.895542184298154211e+02 1.570796326794862363e+00
8.501997505294588420e-01 4.902441612855770927e+02 1.570796326794862363e+00
2.104803836886258495e+00 4.918094324558765038e+02 1.570796326794862363e+00
1.609876582162943937e+00 4.921374203831719001e+02 1.570796326794862363e+00
1.171709854605419432e+00 4.936325609403705812e+02 1.570796326794862363e+00
1.087263325484834731e+00 4.947878280420507053e+02 1.570796326794862363e+00
1.066148649897207479e+00 4.956752453902504953e+02 1.570796326794862363e+00
9.561363961198017236e-01 4.964239652770247062e+02 1.570796326794862363e+00
1.484211802248518897e+00 4.980217907111497766e+02 1.570796326794862363e+00
2.066472133005277101e+00 4.983368364388354053e+02 1.570796326794862363e+00
1.122340586297475129e+00 4.998482400246381872e+02 1.570796326794862363e+00
1.021303782503447888e+00 5.009393622127700496e+02 1.570796326794862363e+00
1.092552358811417879e+00 5.018234536119127256e+02 1.570796326794862363e+00
1.077646452830542501e+00 5.026243668961975573e+02 1.570796326794862363e+00
1.022245260300352010e+00 5.041823631394444760e+02 1.570796326794862363e+00
2.566030223308773284e+00 5.045603916233102382e+02 1.570796326794862363e+00
1.015503010842881526e+00 5.060404680509170703e+02 1.570796326794862363e+00
9.804257473486305274e-01 5.070485071850719692e+02 1.570796326794862363e+00
1.191276666293772157e+00 5.079621065941973370e+02 1.570796326794862363e+00
1.249939839094329708e+00 5.088204397938527563e+02 1.570796326794862363e+00
6.286898610282471989e-01 5.101524368288130518e+02 1.570796326794862363e+00
3.259541845804410531e+00 5.107825719469278738e+02 1.570796326794862363e+00
7.796975141546349519e-01 5.120703583104236714e+02 1.570796326794862363e+00
9.839138598017201920e-01 5.130240503935954166e+02 1.570796326794862363e+00
1.347785163288631294e+00 5.140459517792957058e+02 1.570796326794862363e+00
1.354882774149663405e+00 5.149740891302927821e+02 1.570796326794862363e+00
6.234077343406586591e-01 5.157069103004412227e+02 1.570796326794862363e+00
3.502948367115895856e+00 5.170026187252119598e+02 1.570796326794862363e+00
9.041846017964642046e-01 5.175862265892495770e+02 1.570796326794862363e+00
1.129341632359600389e+00 5.189093655487642991e+02 1.570796326794862363e+00
1.229952447297216755e+00 5.201015955781236926e+02 1.570796326794862363e+00
1.143095544847766654e+00 5.210217428323288686e+02 1.570796326794862363e+00
8.335444860419100044e-01 5.216896971527752385e+02 1.570796326794862363e+00
2.311294925892796392e+00 5.232376733963341167e+02 1.570796326794862363e+00
1.517885525914828948e+00 5.235788332878221354e+02 1.570796326794862363e+00
1.193908440214272781e+00 5.250673252197165084e+02 1.570796326794862363e+00
1.123555592150338178e+00 5.262414786568342606e+02 1.570796326794862363e+00
1.079771615204080604e+00 5.271335130251547980e+02 1.570796326794862363e+00
9.492813158103905469e-01 5.278597099584169428e+02 1.570796326794862363e+00
1.620139743288133483e+00 5.294560622808000971e+02 1.570796326794862363e+00
2.002786777240672222e+00 5.297655415543936215e+02 1.570796326794862363e+00
1.165273661036777542e+00 5.312853094455526843e+02 1.570796326794862363e+00
1.053164310103142931e+00 5.324044452259338414e+02 1.570796326794862363e+00
1.087430321259494237e+00 5.332863520515803657e+02 1.570796326794862363e+00
1.055253918387802914e+00 5.340648005273325225e+02 1.570796326794862363e+00
1.158182439922949447e+00 5.356429456400161371e+02 1.570796326794862363e+00
2.450968480421178874e+00 5.359910399169631319e+02 1.570796326794862363e+00
1.078344707534573343e+00 5.374954507900200724e+02 1.570796326794862363e+00
1.000288426185343305e+00 5.385381929282289093e+02 1.570796326794862363e+00
1.154396400600164352e+00 5.394345090088194183e+02 1.570796326794862363e+00
1.200901610045298940e+00 5.402682691748200341e+02 1.570796326794862363e+00
7.464605059954572130e-01 5.417098669893902070e+02 1.570796326794862363e+00
3.045534523791256998e+00 5.422182874966018744e+02 1.570796326794862363e+00
8.815435768649712012e-01 5.436128613917575194e+02 1.570796326794862363e+00
9.789549150753886764e-01 5.445655312668130819e+02 1.570796326794862363e+00
1.311186557532093788e+00 5.455357445194849788e+02 1.570796326794862363e+00
1.365487047134844145e+00 5.464427412688585264e+02 1.570796326794862363e+00
5.477310554073584470e-01 5.473516495503798751e+02 1.570796326794862363e+00
3.665080176984260252e+00 5.484355941241905157e+02 1.570796326794862363e+00
7.306417033279164475e-01 5.492440495457699399e+02 1.570796326794862363e+00
1.057316251876488256e+00 5.504233004597964509e+02 1.570796326794862363e+00
1.267212116148296541e+00 5.515865023663412785e+02 1.570796326794862363e+00
1.188264534924859284e+00 5.525179951808953547e+02 1.570796326794862363e+00
7.493005105984839043e-01 5.531888718836308954e+02 1.570796326794862363e+00
2.699657338773367332e+00 5.546760909292235056e+02 1.570796326794862363e+00
1.248929780288457803e+00 5.550758967710158913e+02 1.570796326794862363e+00
1.155749704502601505e+00 5.565179441388247596e+02 1.570796326794862363e+00
1.130066551240260342e+00 5.576982297213860420e+02 1.570796326794862363e+00
1.070784831764330480e+00 5.585977997456793673e+02 1.570796326794862363e+00
8.724026774839721554e-01 5.593195285934100411e+02 1.570796326794862363e+00
1.835950947095400076e+00 5.609031928535466704e+02 1.570796326794862363e+00
1.740710974766741526e+00 5.612205697579123580e+02 1.570796326794862363e+00
1.133126453380171705e+00 5.627191720113587508e+02 1.570796326794862363e+00
1.040751026761686626e+00 5.638427181987606218e+02 1.570796326794862363e+00
1.059168589895372437e+00 5.647264043149234567e+02 1.570796326794862363e+00
9.820077634350152795e-01 5.655047674889849532e+02 1.570796326794862363e+00
1.277960681583967695e+00 5.670981780976876507e+02 1.570796326794862363e+00
2.206596430538021458e+00 5.674294474470426621e+02 1.570796326794862363e+00
1.062275417161798297e+00 5.689262258337781759e+02 1.570796326794862363e+00
9.878322356436916030e-01 5.699764561599617991e+02 1.570796326794862363e+00
1.119070222155438943e+00 5.708702205197282638e+02 1.570796326794862363e+00
1.132941697233968537e+00 5.717002589927777763e+02 1.570796326794862363e+00
8.288381165840340570e-01 5.731990504379125468e+02 1.570796326794862363e+00
2.805600424072806298e+00 5.736505164080142549e+02 1.570796326794862363e+00
9.171075533000964120e-01 5.750767723934706055e+02 1.570796326794862363e+00
9.680267594943634535e-01 5.760421439649107924e+02 1.570796326794862363e+00
1.260772159375346924e+00 5.769930196424569431e+02 1.570796326794862363e+00
1.318840912075613270e+00 5.778854146309322459e+02 1.570796326794862363e+00
5.352612635212035119e-01 5.789715351833150407e+02 1.570796326794862363e+00
3.542371719817529740e+00 5.798684041562354423e+02 1.570796326794862363e+00
6.882412553061085791e-01 5.808866905143014492e+02 1.570796326794862363e+00
1.011398537542784082e+00 5.819457296579316790e+02 1.570796326794862363e+00
1.308501983415978343e+00 5.830632744616532364e+02 1.570796326794862363e+00
1.250478862370399069e+00 5.839997508352564637e+02 1.570796326794862363e+00
6.993172035320681657e-01 5.846772667872884313e+02 1.570796326794862363e+00
3.027162266015701597e+00 5.861039691452943998e+02 1.570796326794862363e+00
1.096742562530124143e+00 5.865626463033789832e+02 1.570796326794862363e+00
1.147752071467016632e+00 5.879661395481746240e+02 1.570796326794862363e+00
1.164573379981934220e+00 5.891556632650226675e+02 1.570796326794862363e+00
1.090696202207544596e+00 5.900632416533026117e+02 1.570796326794862363e+00
8.472089695534503750e-01 5.907666278723476125e+02 1.570796326794862363e+00
2.026983238576009594e+00 5.923360772333031719e+02 1.570796326794862363e+00
1.624153238199923077e+00 5.926622745163107311e+02 1.570796326794862363e+00
1.149573870660886676e+00 5.941550252865254151e+02 1.570796326794862363e+00
1.064206074512613842e+00 5.952976597737599604e+02 1.570796326794862363e+00
1.056954201945546679e+00 5.961834857435942467e+02 1.570796326794862363e+00
9.524634796242261725e-01 5.969456862849210665e+02 1.570796326794862363e+00
1.418093124989113774e+00 5.985434706861627774e+02 1.570796326794862363e+00
2.079342230967552219e+00 5.988630517889373550e+02 1.570796326794862363e+00
1.090829269028119386e+00 6.003661190196846746e+02 1.570796326794862363e+00
1.001962051814342614e+00 6.014397334004135018e+02 1.570796326794862363e+00
1.095989370574947275e+00 6.023270182991784623e+02 1.570796326794862363e+00
1.087427909111637003e+00 6.031411655239676293e+02 1.570796326794862363e+00
9.496684751000964431e-01 6.046840507704972651e+02 1.570796326794862363e+00
2.622658878154453532e+00 6.050836162837008487e+02 1.570796326794862363e+00
9.746538571892657821e-01 6.065447000092298140e+02 1.570796326794862363e+00
9.707713130001052182e-01 6.075342994144689328e+02 1.570796326794862363e+00
1.212965549006290278e+00 6.084609914180158512e+02 1.570796326794862363e+00
1.271873052326626619e+00 6.093330374495706110e+02 1.570796326794862363e+00
5.809620169775836507e-01 6.105890254732026960e+02 1.570796326794862363e+00
3.359429250196195316e+00 6.113032370115454341e+02 1.570796326794862363e+00
7.318635503557527899e-01 6.125103094114302849e+02 1.570796326794862363e+00
9.891318271833655640e-01 6.134855792555874814e+02 1.570796326794862363e+00
1.344949558010388291e+00 6.145411273075264944e+02 1.570796326794862363e+00
1.325088416608251718e+00 6.154751623336477451e+02 1.570796326794862363e+00
6.597710215667037525e-01 6.161692212251316505e+02 1.570796326794862363e+00
3.342461601038792196e+00 6.175278472968286678e+02 1.570796326794862363e+00
9.882784320606965434e-01 6.180502178015681238e+02 1.570796326794862363e+00
1.149115389381294650e+00 6.194139168499649486e+02 1.570796326794862363e+00
1.213908224974221906e+00 6.206096602220023897e+02 1.570796326794862363e+00
1.128810880022690366e+00 6.215251413689300080e+02 1.570796326794862363e+00
8.553913586881407571e-01 6.221992600092358998e+02 1.570796326794862363e+00
2.189107814173876232e+00 6.237603178439378553e+02 1.570796326794862363e+00
1.599744115848169779e+00 6.240900486618536434e+02 1.570796326794862363e+00
1.197696334693056919e+00 6.255882292129973621e+02 1.570796326794862363e+00
1.115868640283664615e+00 6.267573385512147297e+02 1.570796326794862363e+00
1.079976767548453953e+00 6.276470394586901875e+02 1.570796326794862363e+00
9.669644656083464795e-01 6.283788134451606311e+02 1.570796326794862363e+00
1.551381036431378480e+00 6.299762384617118869e+02 1.570796326794862363e+00
2.071832450148069160e+00 6.302868829151399268e+02 1.570796326794862363e+00
1.162632819315808197e+00 6.318087834827324514e+02 1.570796326794862363e+00
1.048675800016892978e+00 6.329212270995360541e+02 1.570796326794862363e+00
1.093733991814510587e+00 6.338030720604474482e+02 1.570796326794862363e+00
1.073891547700431603e+00 6.345865104985034577e+02 1.570796326794862363e+00
1.106560974065220915e+00 6.361566072685127438e+02 1.570796326794862363e+00
2.522711583060799345e+00 6.365149170801071250e+02 1.570796326794862363e+00
1.066109291322486774e+00 6.380151400088769833e+02 1.570796326794862363e+00
9.971080743686415726e-01 6.390479174646919773e+02 1.570796326794862363e+00
1.169123240043532297e+00 6.399483534374016926e+02 1.570796326794862363e+00
1.224885711395594878e+00 6.407889253780319905e+02 1.570796326794862363e+00
7.018150575931056956e-01 6.421945922767100683e+02 1.570796326794862363e+00
3.140676766106473394e+00 6.427416399544505339e+02 1.570796326794862363e+00
8.476838653138345503e-01 6.441055105772308025e+02 1.570796326794862363e+00
9.816188963209907525e-01 6.450537176285749865e+02 1.570796326794862363e+00
1.331888885191945482e+00 6.460397924761649620e+02 1.570796326794862363e+00
1.372602163104349460e+00 6.469556309195410222e+02 1.570796326794862363e+00
5.726753796028712928e-01 6.477811586539999098e+02 1.570796326794862363e+00
3.646618472722332527e+00 6.489589915594590366e+02 1.570796326794862363e+00
7.893070021649013501e-01 6.496641124730158481e+02 1.570796326794862363e+00
1.087525294992117031e+00 6.509080829488266318e+02 1.570796326794862363e+00
1.249612865201769951e+00 6.520869608863416715e+02 1.570796326794862363e+00
1.165247661663924239e+00 6.530140270004658305e+02 1.570796326794862363e+00
7.836026799238261509e-01 6.536822975221500656e+02 1.570796326794862363e+00
2.529797702105160973e+00 6.551984036220951566e+02 1.570796326794862363e+00
1.355920509848161259e+00 6.555699893489146461e+02 1.570796326794862363e+00
1.169685594812224005e+00 6.570328504383809332e+02 1.570796326794862363e+00
1.123720546448442770e+00 6.582097977615558193e+02 1.570796326794862363e+00
1.071569267831753880e+00 6.591057713740484587e+02 1.570796326794862363e+00
9.021566869702392077e-01 6.598308665027344659e+02 1.570796326794862363e+00
1.738300396067168130e+00 6.614216239056141831e+02 1.570796326794862363e+00
1.844672314735819718e+00 6.617343160362460139e+02 1.570796326794862363e+00
1.143032568565222507e+00 6.632413093908693327e+02 1.570796326794862363e+00
1.043030268267693295e+00 6.643611840492704914e+02 1.570796326794862363e+00
1.070049379361455166e+00 6.652440917409727490e+02 1.570796326794862363e+00
1.012019732927399884e+00 6.660240423070008546e+02 1.570796326794862363e+00
1.220152101420169943e+00 6.676119833280781677e+02 1.570796326794862363e+00
2.308789157153652738e+00 6.679501710159667027e+02 1.570796326794862363e+00
1.066440344548998498e+00 6.694494751094537150e+02 1.570796326794862363e+00
9.918005859263415713e-01 6.704950892458101634e+02 1.570796326794862363e+00
1.134693229845229689e+00 6.713904487851411886e+02 1.570796326794862363e+00
1.162784090474379806e+00 6.722230348726723150e+02 1.570796326794862363e+00
7.880080954115107339e-01 6.736971504998280125e+02 1.570796326794862363e+00
2.912192002016303238e+00 6.741738408184435229e+02 1.570796326794862363e+00
9.005226754893561614e-01 6.755863706145327114e+02 1.570796326794862363e+00
9.722737364706047769e-01 6.765451282963718995e+02 1.570796326794862363e+00
1.283712769447019841e+00 6.775049242838488226e+02 1.570796326794862363e+00
1.341231915821347043e+00 6.784041840907211736e+02 1.570796326794862363e+00
5.342447640019329924e-01 6.794099177142232975e+02 1.570796326794862363e+00
3.611186156299248662e+00 6.803914885630819072e+02 1.570796326794862363e+00
6.954637381368073967e-01 6.813160108168590341e+02 1.570796326794862363e+00
1.028729508124189174e+00 6.824264048485814556e+02 1.570796326794862363e+00
1.288183659638525880e+00 6.835668928458949267e+02 1.570796326794862363e+00
1.218950800438681314e+00 6.845018272041360206e+02 1.570796326794862363e+00
7.171793178491228105e-01 6.851776089886236605e+02 1.570796326794862363e+00
2.882255302975702982e+00 6.866305425754125054e+02 1.570796326794862363e+00
1.152111604156214053e+00 6.870640417342540331e+02 1.570796326794862363e+00
1.146294267547786294e+00 6.884831808887010993e+02 1.570796326794862363e+00
1.144059333485243801e+00 6.896678810523779930e+02 1.570796326794862363e+00
1.076915625159752476e+00 6.905717858254735120e+02 1.570796326794862363e+00
8.497237324718178719e-01 6.912865632203260020e+02 1.570796326794862363e+00
1.944846526886854443e+00 6.928612630409330677e+02 1.570796326794862363e+00
1.653455163685259910e+00 6.931847280100954549e+02 1.570796326794862363e+00
1.132720321541688335e+00 6.946769064820771291e+02 1.570796326794862363e+00
1.046386294601805655e+00 6.958080878627054062e+02 1.570796326794862363e+00
1.052631701256522279e+00 6.966927947268643493e+02 1.570796326794862363e+00
9.570624354798724642e-01 6.974657289103882931e+02 1.570796326794862363e+00
1.350574603597789691e+00 6.990625923350090716e+02 1.570796326794862363e+00
2.114570180933513566e+00 6.993873450547937409e+02 1.570796326794862363e+00
1.067308216126432674e+00 7.008842187637002326e+02 1.570796326794862363e+00
9.890941479322498120e-01 7.019433055829780415e+02 1.570796326794862363e+00
1.103711319824708381e+00 7.028342974305356847e+02 1.570796326794862363e+00
1.103330030462044364e+00 7.036587579810354782e+02 1.570796326794862363e+00
8.849212085249023030e-01 7.051826296002363961e+02 1.570796326794862363e+00
2.695017542306567204e+00 7.056065185333678755e+02 1.570796326794862363e+00
9.403465896384014533e-01 7.070488363380250121e+02 1.570796326794862363e+00
9.660157619827052233e-01 7.080242411681819021e+02 1.570796326794862363e+00
1.235032763696308988e+00 7.089638883806950389e+02 1.570796326794862363e+00
1.292609890962230113e+00 7.098472924483080533e+02 1.570796326794862363e+00
5.504915417054528914e-01 7.110230678763509786e+02 1.570796326794862363e+00
3.447693355311148622e+00 7.118248107846670791e+02 1.570796326794862363e+00
7.008224168502888984e-01 7.129437047606830902e+02 1.570796326794862363e+00
9.971381121008394688e-01 7.139538391801301032e+02 1.570796326794862363e+00
1.329481647652650977e+00 7.150412344558217228e+02 1.570796326794862363e+00
1.288448675085233752e+00 7.159776269244243849e+02 1.570796326794862363e+00
6.803764437102861606e-01 7.166600129360023175e+02 1.570796326794862363e+00
3.188370610473496569e+00 7.180550166517838306e+02 1.570796326794862363e+00
1.041845125521190241e+00 7.185435358348878481e+02 1.570796326794862363e+00
1.150171677785699398e+00 7.199286119326924336e+02 1.570796326794862363e+00
1.190045065536827540e+00 7.211223977659439015e+02 1.570796326794862363e+00
1.109685520790203661e+00 7.220340371164068074e+02 1.570796326794862363e+00
8.511053770008922825e-01 7.227225068931683154e+02 1.570796326794862363e+00
2.111314602311445743e+00 7.242875532266043592e+02 1.570796326794862363e+00
1.610266343727756011e+00 7.246155428282891080e+02 1.570796326794862363e+00
1.174409517970550043e+00 7.261111556480408353e+02 1.570796326794862363e+00
1.089957078764658860e+00 7.272677564707087186e+02 1.570796326794862363e+00
1.067461097771617240e+00 7.281553475022014936e+02 1.570796326794862363e+00
9.573325352813764066e-01 7.289025126558362899e+02 1.570796326794862363e+00
1.490143569612155661e+00 7.305003111540994496e+02 1.570796326794862363e+00
2.067582374319958838e+00 7.308149257331667741e+02 1.570796326794862363e+00
1.126204602166546387e+00 7.323273893357833231e+02 1.570796326794862363e+00
1.023782099182569238e+00 7.334204883285219694e+02 1.570796326794862363e+00
1.092605615405069619e+00 7.343042940492497337e+02 1.570796326794862363e+00
1.077334149901336247e+00 7.351036392285111560e+02 1.570796326794862363e+00
1.029785988818248788e+00 7.366628648116724207e+02 1.570796326794862363e+00
2.562199304023187629e+00 7.370389397393123545e+02 1.570796326794862363e+00
1.020182785042990314e+00 7.385210078859242913e+02 1.570796326794862363e+00
9.818133568443626613e-01 7.395311917655413936e+02 1.570796326794862363e+00
1.189240005400358458e+00 7.404434712855323824e+02 1.570796326794862363e+00
1.247881759603944429e+00 7.413002452094123100e+02 1.570796326794862363e+00
6.344962340666246980e-01 7.426393922710690276e+02 1.570796326794862363e+00
3.249591115186322376e+00 7.432614893698003016e+02 1.570796326794862363e+00
7.853715229280299193e-01 7.445568384470141154e+02 1.570796326794862363e+00
9.836057323078730708e-01 7.455092109846002586e+02 1.570796326794862363e+00
1.347303462213996772e+00 7.465277317218718736e+02 1.570796326794862363e+00
1.357391985971718507e+00 7.474550283520499079e+02 1.570796326794862363e+00
6.191281151181347031e-01 7.481936391256938350e+02 1.570796326794862363e+00
3.518505810106325793e+00 7.494811661187027312e+02 1.570796326794862363e+00
8.945121182786903713e-01 7.500729078716260574e+02 1.570796326794862363e+00
1.126442467418685256e+00 7.513906672349623932e+02 1.570796326794862363e+00
1.231454772585509172e+00 7.525822039610765160e+02 1.570796326794862363e+00
1.144587645162990386e+00 7.535028885176387803e+02 1.570796326794862363e+00
8.301009280430843296e-01 7.541705762180603188e+02 1.570796326794862363e+00
2.326779485023704908e+00 7.557165897826089349e+02 1.570796326794862363e+00
1.506197624158714277e+00 7.560595675395786657e+02 1.570796326794862363e+00
1.192402652441550082e+00 7.575464325054127812e+02 1.570796326794862363e+00
1.123677858479112057e+00 7.587208601404763613e+02 1.570796326794862363e+00
1.079226719436653159e+00 7.596131638459849000e+02 1.570796326794862363e+00
9.461133307853678565e-01 7.603391696852379482e+02 1.570796326794862363e+00
1.628397618456612017e+00 7.619352902594021089e+02 1.570796326794862363e+00
1.991883947561678081e+00 7.622448238481169938e+02 1.570796326794862363e+00
1.164068708400398666e+00 7.637638351549809386e+02 1.570796326794862363e+00
1.052693495313612226e+00 7.648831618282961244e+02 1.570796326794862363e+00
1.086307590932352740e+00 7.657651281898663456e+02 1.570796326794862363e+00
1.052374205421278353e+00 7.665435431625278397e+02 1.570796326794862363e+00
1.162894385243372852e+00 7.681224974083933148e+02 1.570796326794862363e+00
2.441191593375502400e+00 7.684697358125923756e+02 1.570796326794862363e+00
1.078076715233110328e+00 7.699740010335484612e+02 1.570796326794862363e+00
9.999461304743362255e-01 7.710171893162496417e+02 1.570796326794862363e+00
1.152937969404607799e+00 7.719133424566583699e+02 1.570796326794862363e+00
1.198187900245873960e+00 7.727468365315432948e+02 1.570796326794862363e+00
7.499815833408850496e-01 7.741912487082084908e+02 1.570796326794862363e+00
3.035684349419316863e+00 7.746968217089864766e+02 1.570796326794862363e+00
8.836584614913365332e-01 7.760933069507162827e+02 1.570796326794862363e+00
9.785383353474605972e-01 7.770464615509339410e+02 1.570796326794862363e+00
1.309084052759035721e+00 7.780156347970396382e+02 1.570796326794862363e+00
1.364030321499187348e+00 7.789219322140777422e+02 1.570796326794862363e+00
5.460863667981620262e-01 7.798386117406317908e+02 1.570796326794862363e+00
3.663169397833779595e+00 7.809141563278639069e+02 1.570796326794862363e+00
7.266444016585335008e-01 7.817320866308901941e+02 1.570796326794862363e+00
1.054766078478448499e+00 7.829055459363249838e+02 1.570796326794862363e+00
1.268865878264960889e+00 7.840671041812850035e+02 1.570796326794862363e+00
1.190561952204229001e+00 7.849989391598778639e+02 1.570796326794862363e+00
7.464347925705915321e-01 7.856701525021753696e+02 1.570796326794862363e+00
2.714789107009653257e+00 7.871546405013494905e+02 1.570796326794862363e+00
1.240167452628135436e+00 7.875571298132814491e+02 1.570796326794862363e+00
1.154727274176798657e+00 7.889972875789734417e+02 1.570796326794862363e+00
1.130920993761424409e+00 7.901779085238742937e+02 1.570796326794862363e+00
1.070992026049281343e+00 7.910778206488890874e+02 1.570796326794862363e+00
8.701034712668617166e-01 7.917991250545235289e+02 1.570796326794862363e+00
1.844866207766951316e+00 7.933820742782543221e+02 1.570796326794862363e+00
1.732385527034855155e+00 7.936999362790342047e+02 1.570796326794862363e+00
1.132630991607268545e+00 7.951978811528709912e+02 1.570796326794862363e+00
1.040851025965316090e+00 7.963219016029044042e+02 1.570796326794862363e+00
1.058378198359299915e+00 7.972056622599532147e+02 1.570796326794862363e+00
9.795805226519829212e-01 7.979837435106860539e+02 1.570796326794862363e+00
1.283556047978237080e+00 7.995775380826448782e+02 1.570796326794862363e+00
2.198085311000840480e+00 7.999082316242503339e+02 1.570796326794862363e+00
1.062233610685226592e+00 8.014048809103516078e+02 1.570796326794862363e+00
9.876636518843014967e-01 8.024556626772010759e+02 1.570796326794862363e+00
1.117708553719705344e+00 8.033492422130636896e+02 1.570796326794862363e+00
1.130340279586174779e+00 8.041789540339701716e+02 1.570796326794862363e+00
8.329359070172965840e-01 8.056798927844952232e+02 1.570796326794862363e+00
2.796153215524357361e+00 8.061290930547161224e+02 1.570796326794862363e+00
9.187458834923689643e-01 8.075565982074077738e+02 1.570796326794862363e+00
9.677270742728527608e-01 8.085226623709454543e+02 1.570796326794862363e+00
1.258675851825354242e+00 8.094726882696671737e+02 1.570796326794862363e+00
1.316728917973947643e+00 8.103644188298138715e+02 1.570796326794862363e+00
5.359151427741430940e-01 8.114578503189314915e+02 1.570796326794862363e+00
3.535254425518028043e+00 8.123470038244287252e+02 1.570796326794862363e+00
6.884702202707152496e-01 8.133736540650376128e+02 1.570796326794862363e+00
1.010049747611701854e+00 8.144283488661436650e+02 1.570796326794862363e+00
1.310332310842418080e+00 8.155436168475058594e+02 1.570796326794862363e+00
1.253499985501998371e+00 8.164801641147323608e+02 1.570796326794862363e+00
6.978387420075844449e-01 8.171578756073695331e+02 1.570796326794862363e+00
3.040206388872828569e+00 8.185821780488168997e+02 1.570796326794862363e+00
1.092235562331097087e+00 8.190431306773593860e+02 1.570796326794862363e+00
1.148024777315595824e+00 8.204452315607169339e+02 1.570796326794862363e+00
1.166618292229513409e+00 8.216351704324653156e+02 1.570796326794862363e+00
1.092162417289357590e+00 8.225430799301263960e+02 1.570796326794862363e+00
8.474073119704873536e-01 8.232452909101494924e+02 1.570796326794862363e+00
2.034035105660126685e+00 8.248143520780621429e+02 1.570796326794862363e+00
1.622662328344065319e+00 8.251407155355976784e+02 1.570796326794862363e+00
1.151511430993094498e+00 8.266336685927635699e+02 1.570796326794862363e+00
1.066175120153207256e+00 8.277774404815552316e+02 1.570796326794862363e+00
1.057656959312607503e+00 8.286633893317539332e+02 1.570796326794862363e+00
9.525832993762474166e-01 8.294244403722460675e+02 1.570796326794862363e+00
1.424173708330237931e+00 8.310222537417489548e+02 1.570796326794862363e+00
2.077587903926345625e+00 8.313413956089639214e+02 1.570796326794862363e+00
1.093503338139391712e+00 8.328451812916546260e+02 1.570796326794862363e+00
1.003523135808869204e+00 8.339203096227655578e+02 1.570796326794862363e+00
1.095528871625023104e+00 8.348072653306229540e+02 1.570796326794862363e+00
1.086350138530533194e+00 8.356203001591954944e+02 1.570796326794862363e+00
9.560241552870705206e-01 8.371647174281966954e+02 1.570796326794862363e+00
2.617022616103488630e+00 8.375621899123681260e+02 1.570796326794862363e+00
9.781932662404808632e-01 8.390250390403376741e+02 1.570796326794862363e+00
9.714711732753097406e-01 8.400161601764801844e+02 1.570796326794862363e+00
1.210978663376966358e+00 8.409416333479663308e+02 1.570796326794862363e+00
1.269971231872974782e+00 8.418125150085209043e+02 1.570796326794862363e+00
5.845846348977902229e-01 8.430756600828583487e+02 1.570796326794862363e+00
3.350906434955148505e+00 8.437819927589373492e+02 1.570796326794862363e+00
7.355759586509730275e-01 8.449968024378634937e+02 1.570796326794862363e+00
9.885595105254210146e-01 8.459694984254060728e+02 1.570796326794862363e+00
1.345848805035381179e+00 8.470220046561338449e+02 1.570796326794862363e+00
1.328218667969143008e+00 8.479556723269611211e+02 1.570796326794862363e+00
6.572082878168467035e-01 8.486518132761168545e+02 1.570796326794862363e+00
3.357033665730660310e+00 8.500061224647137124e+02 1.570796326794862363e+00
9.820985925309134723e-01 8.505325842730992463e+02 1.570796326794862363e+00
1.148248625228189379e+00 8.518936121331161075e+02 1.570796326794862363e+00
1.215728194817448315e+00 8.530893084649641196e+02 1.570796326794862363e+00
1.130326096269108183e+00 8.540051662074339447e+02 1.570796326794862363e+00
8.547863562172974827e-01 8.546782900631742450e+02 1.570796326794862363e+00
2.197651196507734550e+00 8.562386843977332092e+02 1.570796326794862363e+00
1.596087602307656672e+00 8.565688995319497963e+02 1.570796326794862363e+00
1.198753022008672620e+00 8.580668587560132892e+02 1.570796326794862363e+00
1.117526432065371278e+00 8.592367895713358621e+02 1.570796326794862363e+00
1.080661265876784682e+00 8.601266939297601084e+02 1.570796326794862363e+00
9.669176554220341169e-01 8.608574291196800914e+02 1.570796326794862363e+00
1.556903131180568334e+00 8.624548106511690548e+02 1.570796326794862363e+00
2.069823662698410782e+00 8.627651975353126090e+02 1.570796326794862363e+00
1.164717289151606661e+00 8.642875347573922227e+02 1.570796326794862363e+00
1.050258507942456676e+00 8.654012641998616573e+02 1.570796326794862363e+00
1.093665456083481979e+00 8.662830413995951631e+02 1.570796326794862363e+00
1.073183798312520532e+00 8.670654017701626799e+02 1.570796326794862363e+00
1.112482873390462146e+00 8.686362890982004501e+02 1.570796326794862363e+00
2.518444054419064937e+00 8.689933659909802373e+02 1.570796326794862363e+00
1.069096726400461383e+00 8.704946844226701614e+02 1.570796326794862363e+00
9.981754293190445715e-01 8.715291112876608395e+02 1.570796326794862363e+00
1.167579782132950106e+00 8.724288150989141286e+02 1.570796326794862363e+00
1.222797801188536759e+00 8.732682179730908274e+02 1.570796326794862363e+00
7.074251927817266639e-01 8.746784782087286203e+02 1.570796326794862363e+00
3.131353948170371826e+00 8.752203746306959147e+02 1.570796326794862363e+00
8.525058637418849727e-01 8.765887331828602100e+02 1.570796326794862363e+00
9.815023831857736525e-01 8.775372710679448574e+02 1.570796326794862363e+00
1.329909168372394701e+00 8.785210929511622453e+02 1.570796326794862363e+00
1.372777870778854270e+00 8.794358565489316106e+02 1.570796326794862363e+00
5.693091179589602202e-01 8.802702466589173582e+02 1.570796326794862363e+00
3.652727778491436261e+00 8.814376637100498328e+02 1.570796326794862363e+00
7.815225580544405970e-01 8.821539511426716444e+02 1.570796326794862363e+00
1.084078093504056373e+00 8.833908058592323869e+02 1.570796326794862363e+00
1.251531923707573712e+00 8.845681880536037625e+02 1.570796326794862363e+00
1.167606018546176960e+00 8.854957965796676262e+02 1.570796326794862363e+00
7.796821306320067535e-01 8.861641981559763508e+02 1.570796326794862363e+00
2.548661874460176335e+00 8.876772948470242000e+02 1.570796326794862363e+00
1.343427260435880122e+00 8.880517956773493324e+02 1.570796326794862363e+00
1.168024211434560256e+00 8.895124237321845158e+02 1.570796326794862363e+00
1.124231746987564007e+00 8.906897283446974143e+02 1.570796326794862363e+00
1.071284047528057171e+00 8.915860813594449610e+02 1.570796326794862363e+00
8.986412665917133946e-01 8.923108671242622449e+02 1.570796326794862363e+00
1.748919643102434973e+00 8.939009472049465330e+02 1.570796326794862363e+00
1.832529724575269192e+00 8.942140605630995651e+02 1.570796326794862363e+00
1.141728907004788018e+00 8.957200927346514163e+02 1.570796326794862363e+00
1.042608751760596419e+00 8.968402913240128100e+02 1.570796326794862363e+00
1.068744387436466381e+00 8.977232800049404204e+02 1.570796326794862363e+00
1.008567274089357868e+00 8.985031289309733893e+02 1.570796326794862363e+00
1.226277802523639604e+00 9.000917782315761997e+02 1.570796326794862363e+00
2.297134396185315008e+00 9.004291376336306030e+02 1.570796326794862363e+00
1.065866123231220319e+00 9.019281389749005484e+02 1.570796326794862363e+00
9.912898408214889656e-01 9.029742125277294917e+02 1.570796326794862363e+00
1.132943833793953470e+00 9.038694094164800390e+02 1.570796326794862363e+00
1.159454936482843923e+00 9.047017472174193244e+02 1.570796326794862363e+00
7.923133430765065821e-01 9.061787207899163832e+02 1.570796326794862363e+00
2.900330737074852117e+00 9.066525239300368639e+02 1.570796326794862363e+00
9.024130151192681915e-01 9.080666802184075550e+02 1.570796326794862363e+00
9.717694591809761251e-01 9.090261164402928671e+02 1.570796326794862363e+00
1.281182424790338725e+00 9.099849048875777271e+02 1.570796326794862363e+00
1.338895809778134938e+00 9.108834075823949661e+02 1.570796326794862363e+00
5.338256716720917172e-01 9.118981235882995406e+02 1.570796326794862363e+00
3.604658658795703907e+00 9.128702007707870507e+02 1.570796326794862363e+00
6.937474994291544794e-01 9.138053728608019810e+02 1.570796326794862363e+00
1.026571226609527931e+00 9.149097167451709538e+02 1.570796326794862363e+00
1.290471692079174559e+00 9.160478254160763072e+02 1.570796326794862363e+00
1.222333042629299982e+00 9.169829991064671049e+02 1.570796326794862363e+00
7.150199600434018476e-01 9.176589357939695901e+02 1.570796326794862363e+00
2.898669492741473785e+00 9.191089420566261197e+02 1.570796326794862363e+00
1.145337813726613474e+00 9.195452728103430218e+02 1.570796326794862363e+00
1.146311026941070343e+00 9.209626276637103501e+02 1.570796326794862363e+00
1.146176253584788363e+00 9.221478888226001800e+02 1.570796326794862363e+00
1.078243173768446361e+00 9.230522071094000012e+02 1.570796326794862363e+00
8.490237506805433654e-01 9.237658392188893686e+02 1.570796326794862363e+00
1.954420073842451311e+00 9.253398752486378953e+02 1.570796326794862363e+00
1.649022570832641144e+00 9.256637136051439256e+02 1.570796326794862363e+00
1.134219446152838318e+00 9.271558155120642368e+02 1.570796326794862363e+00
1.048052631319786210e+00 9.282881873121057197e+02 1.570796326794862363e+00
1.052820603351303674e+00 9.291729997391261122e+02 1.570796326794862363e+00
9.560455216602562478e-01 9.299448885910518356e+02 1.570796326794862363e+00
1.358157436938406848e+00 9.315419207499190861e+02 1.570796326794862363e+00
2.109272434748463709e+00 9.318660531402123297e+02 1.570796326794862363e+00
1.069457259643973313e+00 9.333634808486916654e+02 1.570796326794862363e+00
9.901849523887740201e-01 9.344240231526752041e+02 1.570796326794862363e+00
1.102623109925872757e+00 9.353145962615300277e+02 1.570796326794862363e+00
1.101209271355007013e+00 9.361380522630494170e+02 1.570796326794862363e+00
8.917538478202253760e-01 9.376642593085782664e+02 1.570796326794862363e+00
2.686021896225581518e+00 9.380852919880769605e+02 1.570796326794862363e+00
9.438428781048426863e-01 9.395296796292037698e+02 1.570796326794862363e+00
9.663151263207039321e-01 9.405064763196098738e+02 1.570796326794862363e+00
1.232529505676436266e+00 9.414447047728339157e+02 1.570796326794862363e+00
1.290295900882689306e+00 9.423269427880696867e+02 1.570796326794862363e+00
5.531296351552066337e-01 9.435118802594377030e+02 1.570796326794862363e+00
3.438281769036137359e+00 9.443036845866820386e+02 1.570796326794862363e+00
7.034354759791794365e-01 9.454328004860117289e+02 1.570796326794862363e+00
9.960733452181724790e-01 9.464384442102349340e+02 1.570796326794862363e+00
1.331655238099566096e+00 9.475224114413700818e+02 1.570796326794862363e+00
1.292723613528881543e+00 9.484586703056905890e+02 1.570796326794862363e+00
6.786189103525850363e-01 9.491415903456850174e+02 1.570796326794862363e+00
3.205276787249026871e+00 9.505332481515073368e+02 1.570796326794862363e+00
1.036842814553220471e+00 9.510248383322931431e+02 1.570796326794862363e+00
1.150680845971794541e+00 9.524080519314463800e+02 1.570796326794862363e+00
1.193041658266605243e+00 9.536022532066637041e+02 1.570796326794862363e+00
1.112034231837233600e+00 9.545143109006170334e+02 1.570796326794862363e+00
8.523041591024774766e-01 9.552009274755390607e+02 1.570796326794862363e+00
2.119261028361412169e+00 9.567657180646989445e+02 1.570796326794862363e+00
1.610968876953014606e+00 9.570936874998001258e+02 1.570796326794862363e+00
1.177829850539069856e+00 9.585899156236403087e+02 1.570796326794862363e+00
1.093373492612397690e+00 9.597481832492466083e+02 1.570796326794862363e+00
1.069160062830169622e+00 9.606359958601105973e+02 1.570796326794862363e+00
9.589597726498766406e-01 9.613811861644215924e+02 1.570796326794862363e+00
1.497394489141528950e+00 9.629789477695308051e+02 1.570796326794862363e+00
2.069368142030560964e+00 9.632930291989475791e+02 1.570796326794862363e+00
1.131136554257305082e+00 9.648068478244325661e+02 1.570796326794862363e+00
1.026976101532016017e+00 9.659024504608496500e+02 1.570796326794862363e+00
1.092750723151044934e+00 9.667859153097242597e+02 1.570796326794862363e+00
1.077069515654775822e+00 9.675832546568939279e+02 1.570796326794862363e+00
1.039240163176971654e+00 9.691439537178674755e+02 1.570796326794862363e+00
2.557762723844239972e+00 9.695176412931801906e+02 1.570796326794862363e+00
1.026130513806877698e+00 9.710021986170331729e+02 1.570796326794862363e+00
9.836387271797628618e-01 9.720151275620931983e+02 1.570796326794862363e+00
1.186723436996237169e+00 9.729257716449891404e+02 1.570796326794862363e+00
1.245317133459490799e+00 9.737805562989312875e+02 1.570796326794862363e+00
6.420117891322180137e-01 9.751285095732130230e+02 1.570796326794862363e+00
3.237101330266153987e+00 9.757406804176928290e+02 1.570796326794862363e+00
7.926627222370539183e-01 9.770453306349182867e+02 1.570796326794862363e+00
9.832673803760962894e-01 9.779962815963590401e+02 1.570796326794862363e+00
1.346468213735736441e+00 9.790105910399471441e+02 1.570796326794862363e+00
1.360352784448910057e+00 9.799367626720713815e+02 1.570796326794862363e+00
6.136392217857025155e-01 9.806832272441652094e+02 1.570796326794862363e+00
3.537587234000359793e+00 9.819599244233737636e+02 1.570796326794862363e+00
8.821307752529777835e-01 9.825624977519960339e+02 1.570796326794862363e+00
1.122568406204560443e+00 9.838731067213210508e+02 1.570796326794862363e+00
1.233354214614264643e+00 9.850636651334690441e+02 1.570796326794862363e+00
1.146525726993198546e+00 9.859850444397451383e+02 1.570796326794862363e+00
8.254680168301608001e-01 9.866524877529196829e+02 1.570796326794862363e+00
2.347180837149490884e+00 9.881958307706053120e+02 1.570796326794862363e+00
1.490675301806605457e+00 9.885413024317684858e+02 1.570796326794862363e+00
1.190262919295259181e+00 9.900259465518882962e+02 1.570796326794862363e+00
1.123717076771732160e+00 9.912006816977842618e+02 1.570796326794862363e+00
1.078435519632986450e+00 9.920933383263474070e+02 1.570796326794862363e+00
9.417927842984432640e-01 9.928191731563562143e+02 1.570796326794862363e+00
1.639250110246786685e+00 9.944149498284231186e+02 1.570796326794862363e+00
1.977190138313074774e+00 9.947246066905291855e+02 1.570796326794862363e+00
1.162231112676926914e+00 9.962425374895412915e+02 1.570796326794862363e+00
1.051901751089600934e+00 9.973620138608841899e+02 1.570796326794862363e+00
1.084763215725541796e+00 9.982440652869672704e+02 1.570796326794862363e+00
1.048475608829489758e+00 9.990225327824147143e+02 1.570796326794862363e+00
1.168833068257999930e+00 1.000602516105138193e+03 1.570796326794862363e+00
2.428142112550725429e+00 1.000948697874421327e+03 1.570796326794862363e+00
1.077406905010020566e+00 1.002452655682301042e+03 1.570796326794862363e+00
9.993555759998318244e-01 1.003496291868425146e+03 1.570796326794862363e+00
1.151067077759298174e+00 1.004392286351429107e+03 1.570796326794862363e+00
1.194645298221614693e+00 1.005225533195689877e+03 1.570796326794862363e+00
7.542553529597989526e-01 1.006673387085959689e+03 1.570796326794862363e+00
3.023009988195840325e+00 1.007175527189723198e+03 1.570796326794862363e+00
8.860575007791071656e-01 1.008574212437659639e+03 1.570796326794862363e+00
9.779633348618552713e-01 1.009527968902087537e+03 1.570796326794862363e+00
1.306413523171938040e+00 1.010495930643992665e+03 1.570796326794862363e+00
1.362024432532381146e+00 1.011401386921151584e+03 1.570796326794862363e+00
5.441685825370253804e-01 1.012327785531198401e+03 1.570796326794862363e+00
3.659982701580863917e+00 1.013392898921967003e+03 1.570796326794862363e+00
7.219516916234539616e-01 1.014222633869768629e+03 1.570796326794862363e+00
