8.364891373192546720e-01 -8.374882712196194540e-03 7.853981633974492782e-01
1.385474488525890058e+00 1.484772919560587212e+00 7.853981633974492782e-01
2.269151567328825170e+00 1.798496862422257925e+00 7.853981633974492782e-01
1.059556416554028768e+00 3.276779984701181814e+00 7.853981633974492782e-01
1.213010275360851375e+00 4.548633660702959602e+00 7.853981633974492782e-01
1.326746116029374534e+00 5.127198635577821406e+00 7.853981633974492782e-01
9.014232780457019922e-01 6.181660075237262575e+00 7.853981633974492782e-01
9.502376253228944636e-01 7.617348064667976537e+00 7.853981633974492782e-01
2.865951816291528953e+00 8.027231244961765100e+00 7.853981633974492782e-01
9.550935937416783483e-01 9.457786138955784239e+00 7.853981633974492782e-01
9.842240079796871211e-01 1.063668516697431876e+01 7.853981633974492782e-01
1.708472738093311349e+00 1.129045495417112832e+01 7.853981633974492782e-01
9.885457794657264152e-01 1.234639598988444575e+01 7.853981633974492782e-01
6.113072631674024704e-01 1.349658256840609560e+01 7.853981633974492782e-01
3.716141268673929687e+00 1.425544151265587445e+01 7.853981633974492782e-01
7.164298085402964755e-01 1.538270700544044800e+01 7.853981633974492782e-01
8.202001183739136003e-01 1.645487924926683121e+01 7.853981633974492782e-01
2.080628552378878560e+00 1.744863106679525444e+01 7.853981633974492782e-01
9.554368789006599805e-01 1.839015913313227912e+01 7.853981633974492782e-01
6.943373075797121263e-01 1.917912759689708935e+01 7.853981633974492782e-01
3.372322870234270908e+00 2.048957443972765802e+01 7.853981633974492782e-01
1.067739632180675580e+00 2.095465787048472706e+01 7.853981633974492782e-01
1.033455589471686142e+00 2.231743858050295160e+01 7.853981633974492782e-01
1.805331690180374205e+00 2.362183270852677452e+01 7.853981633974492782e-01
9.519472948281143543e-01 2.433641838005022606e+01 7.853981633974492782e-01
8.013073180203482693e-01 2.524922410269456918e+01 7.853981633974492782e-01
2.147718392024862144e+00 2.671384742313235705e+01 7.853981633974492782e-01
1.723121193885496893e+00 2.701896278152411313e+01 7.853981633974492782e-01
1.131793370497665707e+00 2.849449980361232448e+01 7.853981633974492782e-01
1.570628609564518996e+00 2.982827394842018975e+01 7.853981633974492782e-01
1.067539488145224036e+00 3.044402755818021333e+01 7.853981633974492782e-01
8.558921889157582452e-01 3.143522232744832223e+01 7.853981633974492782e-01
1.550907452945214038e+00 3.292628367513252385e+01 7.853981633974492782e-01
2.228513508232341067e+00 3.322539841804213978e+01 7.853981633974492782e-01
1.130390470643786394e+00 3.472218147140738864e+01 7.853981633974492782e-01
1.369076291082740537e+00 3.603245623232022155e+01 7.853981633974492782e-01
1.221523515045207064e+00 3.660870643786974910e+01 7.853981633974492782e-01
9.011966605268116881e-01 3.764323726372882817e+01 7.853981633974492782e-01
1.143977634836157664e+00 3.911032095406397957e+01 7.853981633974492782e-01
2.691954265850028616e+00 3.946177289028084800e+01 7.853981633974492782e-01
1.055738175840872595e+00 4.093807069165588786e+01 7.853981633974492782e-01
1.135321547454686497e+00 4.218297347075786519e+01 7.853981633974492782e-01
1.492479310982391949e+00 4.277370657151694644e+01 7.853981633974492782e-01
9.669853505029950558e-01 4.383238235741860933e+01 7.853981633974492782e-01
7.545121396750414933e-01 4.515951240216678286e+01 7.853981633974492782e-01
3.364789108149773167e+00 4.569660315764836156e+01 7.853981633974492782e-01
8.547229640047986354e-01 4.704347822592253436e+01 7.853981633974492782e-01
8.781910638687366877e-01 4.814788422587930228e+01 7.853981633974492782e-01
2.002379670321043026e+00 4.892299641474430416e+01 7.853981633974492782e-01
1.014118258924697979e+00 4.994779106783223455e+01 7.853981633974492782e-01
6.172199464521630485e-01 5.080013969355812264e+01 7.853981633974492782e-01
3.916441475306268405e+00 5.192470493158854339e+01 7.853981633974492782e-01
8.055326432257039482e-01 5.260250797224248487e+01 7.853981633974492782e-01
9.312179038291282795e-01 5.384228407130827776e+01 7.853981633974492782e-01
1.915467538862942076e+00 5.507827100267232368e+01 7.853981633974492782e-01
9.186243452185848257e-01 5.587183848680159315e+01 7.853981633974492782e-01
7.530143511197936457e-01 5.673883622709365682e+01 7.853981633974492782e-01
2.575678008821583376e+00 5.815930447544605641e+01 7.853981633974492782e-01
1.412795077660813803e+00 5.850708223508767958e+01 7.853981633974492782e-01
1.083823250192795795e+00 5.994516702668935437e+01 7.853981633974492782e-01
1.621594740886253883e+00 6.127038498093865826e+01 7.853981633974492782e-01
1.007576446738550402e+00 6.191510970016051374e+01 7.853981633974492782e-01
8.117847420443521367e-01 6.289147720061629343e+01 7.853981633974492782e-01
1.768536256610879764e+00 6.437791081742625465e+01 7.853981633974492782e-01
1.947998416536473432e+00 6.467509134199997334e+01 7.853981633974492782e-01
1.103852952081038952e+00 6.615772600439548512e+01 7.853981633974492782e-01
1.396540927251151976e+00 6.746988202505902166e+01 7.853981633974492782e-01
1.156593398495168623e+00 6.805542269444457304e+01 7.853981633974492782e-01
8.601268983058166784e-01 6.908552342709198513e+01 7.853981633974492782e-01
1.279481948699582761e+00 7.057214935453767168e+01 7.853981633974492782e-01
2.430582818486363816e+00 7.089811805050233318e+01 7.853981633974492782e-01
1.058631075771900631e+00 7.237667809196329927e+01 7.853981633974492782e-01
1.180156655059797721e+00 7.363836897299772488e+01 7.853981633974492782e-01
1.389960802252489191e+00 7.422006804849324624e+01 7.853981633974492782e-01
9.270448856354650546e-01 7.527673578321812897e+01 7.853981633974492782e-01
8.655724350150409974e-01 7.667737741225904813e+01 7.853981633974492782e-01
3.058660123924929586e+00 7.712991004504804948e+01 7.853981633974492782e-01
9.212529079009663668e-01 7.853611312814881273e+01 7.853981633974492782e-01
9.390372943116369608e-01 7.968654266335337866e+01 7.853981633974492782e-01
1.825431850889561947e+00 8.037894702694980253e+01 7.853981633974492782e-01
1.005699465221195466e+00 8.142737976760747642e+01 7.853981633974492782e-01
5.872864363855219150e-01 8.245746090896531655e+01 7.853981633974492782e-01
3.883605305135184871e+00 8.335812379385622251e+01 7.853981633974492782e-01
6.986137194230891412e-01 8.431870150642095041e+01 7.853981633974492782e-01
8.398537151451656024e-01 8.543199992059088288e+01 7.853981633974492782e-01
2.019973939422375242e+00 8.653722432598725334e+01 7.853981633974492782e-01
9.243386639463709864e-01 8.742366280400901246e+01 7.853981633974492782e-01
7.065660546503546025e-01 8.824563624582259536e+01 7.853981633974492782e-01
3.070072590633117215e+00 8.959689697704297373e+01 7.853981633974492782e-01
1.153451746788134447e+00 9.001950754904305541e+01 7.853981633974492782e-01
1.037051388878315716e+00 9.140701902213395158e+01 7.853981633974492782e-01
1.706006786968312205e+00 9.271746997525720246e+01 7.853981633974492782e-01
9.583148935088086073e-01 9.340381007691694037e+01 7.853981633974492782e-01
7.806606984704355101e-01 9.435304621888788290e+01 7.853981633974492782e-01
2.024385737608358049e+00 9.582260014298077522e+01 7.853981633974492782e-01
1.716161889834762144e+00 9.612941588285133321e+01 7.853981633974492782e-01
1.087048811067091725e+00 9.759700908212488457e+01 7.853981633974492782e-01
1.449511882007955554e+00 9.891319933283919852e+01 7.853981633974492782e-01
1.093065413156316668e+00 9.951322516475630664e+01 7.853981633974492782e-01
8.277310217212245913e-01 1.005332841134095787e+02 7.853981633974492782e-01
1.439826355240953371e+00 1.020276223178033206e+02 7.853981633974492782e-01
2.201498289762225724e+00 1.023369117692140549e+02 7.853981633974492782e-01
1.061780012741994739e+00 1.038151982310870238e+02 7.853981633974492782e-01
1.232142703810731321e+00 1.050922942711851675e+02 7.853981633974492782e-01
1.297706281374931603e+00 1.056699996972139814e+02 7.853981633974492782e-01
8.906728236986738434e-01 1.067228438430193336e+02 7.853981633974492782e-01
9.942676962924194006e-01 1.081716936604488239e+02 7.853981633974492782e-01
2.781086913752332190e+00 1.085642691427719058e+02 7.853981633974492782e-01
9.698419266823935514e-01 1.100040616753209122e+02 7.853981633974492782e-01
1.007595842927371477e+00 1.111958851837304536e+02 7.853981633974492782e-01
1.655230112223077921e+00 1.118343825051971550e+02 7.853981633974492782e-01
9.787762210523586193e-01 1.128924911136459031e+02 7.853981633974492782e-01
6.338273535621531396e-01 1.140943408553640239e+02 7.853981633974492782e-01
3.618176209704317081e+00 1.147925163949146850e+02 7.853981633974492782e-01
7.396766745873776250e-01 1.159842762456205776e+02 7.853981633974492782e-01
8.218267662291302011e-01 1.170522697629122888e+02 7.853981633974492782e-01
2.085795344845354560e+00 1.179919949003815418e+02 7.853981633974492782e-01
9.700179551085523766e-01 1.189563242834625783e+02 7.853981633974492782e-01
6.802925941205826277e-01 1.197428438438933966e+02 7.853981633974492782e-01
3.514381566402947410e+00 1.210246040829207033e+02 7.853981633974492782e-01
1.011882113113258042e+00 1.215210626253619779e+02 7.853981633974492782e-01
1.018886088915407662e+00 1.228646635208773290e+02 7.853981633974492782e-01
1.834454608269711740e+00 1.241607508924996921e+02 7.853981633974492782e-01
9.455154166494891266e-01 1.248892673941992939e+02 7.853981633974492782e-01
7.983044993545601598e-01 1.257903635785902878e+02 7.853981633974492782e-01
2.218018247979185009e+00 1.272499055617613095e+02 7.853981633974492782e-01
1.682668777958988837e+00 1.275586034033808716e+02 7.853981633974492782e-01
1.132883061406245062e+00 1.290311881406741747e+02 7.853981633974492782e-01
1.596358441943373840e+00 1.303666628932277547e+02 7.853981633974492782e-01
1.056939102548489995e+00 1.309884937520994299e+02 7.853981633974492782e-01
8.560723697577755642e-01 1.319726814454307657e+02 7.853981633974492782e-01
1.591129168989930287e+00 1.334632830548639504e+02 7.853981633974492782e-01
2.203444400565807815e+00 1.337600690304282125e+02 7.853981633974492782e-01
1.139813258625780534e+00 1.352585684308816099e+02 7.853981633974492782e-01
1.398324155117496526e+00 1.365746620512470031e+02 7.853981633974492782e-01
1.202551624486145609e+00 1.371530186914152978e+02 7.853981633974492782e-01
9.000715370543889149e-01 1.381825557006217196e+02 7.853981633974492782e-01
1.184693386244823232e+00 1.396539902476507962e+02 7.853981633974492782e-01
2.654140962131269710e+00 1.399966644705523322e+02 7.853981633974492782e-01
1.072584514063693373e+00 1.414791306387890018e+02 7.853981633974492782e-01
1.167756879326357744e+00 1.427355752210942228e+02 7.853981633974492782e-01
1.452167090447450848e+00 1.433192687971475436e+02 7.853981633974492782e-01
9.605584456968244700e-01 1.443762936872364833e+02 7.853981633974492782e-01
7.956265731031263444e-01 1.457304808125099385e+02 7.853981633974492782e-01
3.282611037713656810e+00 1.462331228648925503e+02 7.853981633974492782e-01
8.874944731690976862e-01 1.476087754178008424e+02 7.853981633974492782e-01
9.034089941966421122e-01 1.487314483473332984e+02 7.853981633974492782e-01
1.945455752810220984e+00 1.494691142312668717e+02 7.853981633974492782e-01
1.018827280893014997e+00 1.505055048207845232e+02 7.853981633974492782e-01
5.996928253590513291e-01 1.514099324805926585e+02 7.853981633974492782e-01
3.964072596909486990e+00 1.524613106006767680e+02 7.853981633974492782e-01
7.502223338842801681e-01 1.532300200893180318e+02 7.853981633974492782e-01
8.953127856067617518e-01 1.544236211468971760e+02 7.853981633974492782e-01
1.948006310962137055e+00 1.556233756581124226e+02 7.853981633974492782e-01
9.141804864866562852e-01 1.564471467082740901e+02 7.853981633974492782e-01
7.336110708811097725e-01 1.573006569976849391e+02 7.853981633974492782e-01
2.738397179348262434e+00 1.586989247604806508e+02 7.853981633974492782e-01
1.308280260579109733e+00 1.590705723642719818e+02 7.853981633974492782e-01
1.062180086286776515e+00 1.604910117359328012e+02 7.853981633974492782e-01
1.636703519600927415e+00 1.618105216324667026e+02 7.853981633974492782e-01
9.870830825346156301e-01 1.624673571010446551e+02 7.853981633974492782e-01
7.935318672557891695e-01 1.634391125625350014e+02 7.853981633974492782e-01
1.852365863441687299e+00 1.649204891987125450e+02 7.853981633974492782e-01
1.842953099340587597e+00 1.652209757000361776e+02 7.853981633974492782e-01
1.087339002083445472e+00 1.666956699469851060e+02 7.853981633974492782e-01
1.395934759141063131e+00 1.680057453186789189e+02 7.853981633974492782e-01
1.135861774241603950e+00 1.685949199474449642e+02 7.853981633974492782e-01
8.420837943014785054e-01 1.696253549176271065e+02 7.853981633974492782e-01
1.322764826206088262e+00 1.711166166716329826e+02 7.853981633974492782e-01
2.332869212671604853e+00 1.714371349971423513e+02 7.853981633974492782e-01
1.048684343909084937e+00 1.729124191209194805e+02 7.853981633974492782e-01
1.180606642113136928e+00 1.741746312847807019e+02 7.853981633974492782e-01
1.366283256199446461e+00 1.747565155659380025e+02 7.853981633974492782e-01
9.115594635835192472e-01 1.758134275343352044e+02 7.853981633974492782e-01
8.936962326976741755e-01 1.772301134921879111e+02 7.853981633974492782e-01
2.964161980542722397e+00 1.776659552963025419e+02 7.853981633974492782e-01
9.287281796798514399e-01 1.790796631528421017e+02 7.853981633974492782e-01
9.504985621022371545e-01 1.802390184675483056e+02 7.853981633974492782e-01
1.780257246827243289e+00 1.809186713534347177e+02 7.853981633974492782e-01
9.964437110727392133e-01 1.819699255891563610e+02 7.853981633974492782e-01
5.915336765440696309e-01 1.830490851338600180e+02 7.853981633974492782e-01
3.814167260791229364e+00 1.838938662487563533e+02 7.853981633974492782e-01
6.982430492220572660e-01 1.849225711722701249e+02 7.853981633974492782e-01
8.273399087001754859e-01 1.860149731891142721e+02 7.853981633974492782e-01
2.043776824506984280e+00 1.870786745363957664e+02 7.853981633974492782e-01
9.336865216448188010e-01 1.879874363622491842e+02 7.853981633974492782e-01
6.991368221277277639e-01 1.887979826919616357e+02 7.853981633974492782e-01
3.191189305684606570e+00 1.901315167639085075e+02 7.853981633974492782e-01
1.110187752639422820e+00 1.905732353709766187e+02 7.853981633974492782e-01
1.031643006531646423e+00 1.919492013222823630e+02 7.853981633974492782e-01
1.739141337219424210e+00 1.932563962180236672e+02 7.853981633974492782e-01
9.523882231832476730e-01 1.939542240645157563e+02 7.853981633974492782e-01
7.825635790272953418e-01 1.948918087513126238e+02 7.853981633974492782e-01
2.082807069716234416e+00 1.963577662570490929e+02 7.853981633974492782e-01
1.694777579283549329e+00 1.966659638598314075e+02 7.853981633974492782e-01
1.095731204334491560e+00 1.981336073760625140e+02 7.853981633974492782e-01
1.483021290501834510e+00 1.994543407595518829e+02 7.853981633974492782e-01
1.080294149464747333e+00 2.000595437389018514e+02 7.853981633974492782e-01
8.302505586839548091e-01 2.010722434381856090e+02 7.853981633974492782e-01
1.485417344369553749e+00 2.025660720936398604e+02 7.853981633974492782e-01
2.180772142058971852e+00 2.028716929091512782e+02 7.853981633974492782e-01
1.076739727632832100e+00 2.043538413830864329e+02 7.853981633974492782e-01
1.266583354166218367e+00 2.056398715272873687e+02 7.853981633974492782e-01
1.270737162086964966e+00 2.062162195734641443e+02 7.853981633974492782e-01
8.882789808335219695e-01 2.072653530494530116e+02 7.853981633974492782e-01
1.041966004518241284e+00 2.087231020545711715e+02 7.853981633974492782e-01
2.728779331145371856e+00 2.091003127669204105e+02 7.853981633974492782e-01
9.923339252857813486e-01 2.105512365136805215e+02 7.853981633974492782e-01
1.040424659053873935e+00 2.117585419047233586e+02 7.853981633974492782e-01
1.602893946252780255e+00 2.123805955600900290e+02 7.853981633974492782e-01
9.728526486161275244e-01 2.134402628105700614e+02 7.853981633974492782e-01
6.643373949668079925e-01 2.146874767820539205e+02 7.853981633974492782e-01
3.531807199331602032e+00 2.153295275835172902e+02 7.853981633974492782e-01
7.704484519279305443e-01 2.165777323501833678e+02 7.853981633974492782e-01
8.313876190517818232e-01 2.176498119981504829e+02 7.853981633974492782e-01
2.078491498683544325e+00 2.185359114739357835e+02 7.853981633974492782e-01
9.852099424755398349e-01 2.195212987070165127e+02 7.853981633974492782e-01
6.636554664123117675e-01 2.203131807180109547e+02 7.853981633974492782e-01
3.653719288712208968e+00 2.215597216122904172e+02 7.853981633974492782e-01
9.528613528831177959e-01 2.220952124297201919e+02 7.853981633974492782e-01
9.995644884393554142e-01 2.234153413805340733e+02 7.853981633974492782e-01
1.860321065342916302e+00 2.246999836008854459e+02 7.853981633974492782e-01
9.383064143755931452e-01 2.254439873256189628e+02 7.853981633974492782e-01
7.910269937263217921e-01 2.263342761072385940e+02 7.853981633974492782e-01
2.299902618933962639e+00 2.277868152681737683e+02 7.853981633974492782e-01
1.625995659582466280e+00 2.281015832234752452e+02 7.853981633974492782e-01
1.127330367734761474e+00 2.295685213876720354e+02 7.853981633974492782e-01
1.612919953570613796e+00 2.309036461833877638e+02 7.853981633974492782e-01
1.045600562749155804e+00 2.315314242508037808e+02 7.853981633974492782e-01
8.509585270740425145e-01 2.325108260087001781e+02 7.853981633974492782e-01
1.633329806130231487e+00 2.340010467399519030e+02 7.853981633974492782e-01
2.159412127560150108e+00 2.342963304094630814e+02 7.853981633974492782e-01
1.140893814494039482e+00 2.357939872388188007e+02 7.853981633974492782e-01
1.414541362454988960e+00 2.371127539826056818e+02 7.853981633974492782e-01
1.187527334879745489e+00 2.376933381432863541e+02 7.853981633974492782e-01
8.953214633283742563e-01 2.387199366767482616e+02 7.853981633974492782e-01
1.217782733400136097e+00 2.401953228124547479e+02 7.853981633974492782e-01
2.609565339429098518e+00 2.405315011157086360e+02 7.853981633974492782e-01
1.080711196413551622e+00 2.420168894208600534e+02 7.853981633974492782e-01
1.188334369217603159e+00 2.432803359297959673e+02 7.853981633974492782e-01
1.423376184278986489e+00 2.438604954138805851e+02 7.853981633974492782e-01
9.535599259520328719e-01 2.449161940206766701e+02 7.853981633974492782e-01
8.279540556658374628e-01 2.462892945644414340e+02 7.853981633974492782e-01
3.213068363305958464e+00 2.467685030962535393e+02 7.853981633974492782e-01
9.100413817456779464e-01 2.481621272308978519e+02 7.853981633974492782e-01
9.237224620179187440e-01 2.492990737801736714e+02 7.853981633974492782e-01
1.896331107210565525e+00 2.500119163749928646e+02 7.853981633974492782e-01
1.019011739297801311e+00 2.510551629633958441e+02 7.853981633974492782e-01
5.913730007351819529e-01 2.520074080478377425e+02 7.853981633974492782e-01
3.965486662723059830e+00 2.529969310176238935e+02 7.853981633974492782e-01
7.201945374350138263e-01 2.538440689450396519e+02 7.853981633974492782e-01
8.702636706681972090e-01 2.550016072051230935e+02 7.853981633974492782e-01
1.981225636209338337e+00 2.561662369694864765e+02 7.853981633974492782e-01
9.165152462176232584e-01 2.570158245432323838e+02 7.853981633974492782e-01
7.235387527652035189e-01 2.578546801069750813e+02 7.853981633974492782e-01
2.872421042370251421e+00 2.592354723422389498e+02 7.853981633974492782e-01
1.244557574962871893e+00 2.596257347358240963e+02 7.853981633974492782e-01
1.053363568311139975e+00 2.610339859394178461e+02 7.853981633974492782e-01
1.666157177696701241e+00 2.623507360877065935e+02 7.853981633974492782e-01
9.746828419092621321e-01 2.630192404382107156e+02 7.853981633974492782e-01
7.887975537337517107e-01 2.639817211871026643e+02 7.853981633974492782e-01
1.921765100825522099e+00 2.654587251318300787e+02 7.853981633974492782e-01
1.792063658970644680e+00 2.657610720987154878e+02 7.853981633974492782e-01
1.088598333541568097e+00 2.672334471789034183e+02 7.853981633974492782e-01
1.419763941336724900e+00 2.685466598842706389e+02 7.853981633974492782e-01
1.117274099441924129e+00 2.691400540020463836e+02 7.853981633974492782e-01
8.365045336934725517e-01 2.701660501581779954e+02 7.853981633974492782e-01
1.372010955581273395e+00 2.716590469929945471e+02 7.853981633974492782e-01
2.278382011155545950e+00 2.719741553331185173e+02 7.853981633974492782e-01
1.055751332322758529e+00 2.734513677912684670e+02 7.853981633974492782e-01
1.204060198915714031e+00 2.747206550542252899e+02 7.853981633974492782e-01
1.335426686748780511e+00 2.753000208620287026e+02 7.853981633974492782e-01
9.028319577700463228e-01 2.763552421259971652e+02 7.853981633974492782e-01
9.369684595763776436e-01 2.777872334698047894e+02 7.853981633974492782e-01
2.884603942933296583e+00 2.782026436451367886e+02 7.853981633974492782e-01
9.484686677105069741e-01 2.796293350308854428e+02 7.853981633974492782e-01
9.756675884840361190e-01 2.808035995031166294e+02 7.853981633974492782e-01
1.724485461311985324e+00 2.814632038730600812e+02 7.853981633974492782e-01
9.900370236692399573e-01 2.825182047499597502e+02 7.853981633974492782e-01
6.056450698273181388e-01 2.836530908429473357e+02 7.853981633974492782e-01
3.738250302461002761e+00 2.844307041253860575e+02 7.853981633974492782e-01
7.107019658252808902e-01 2.855370586618787456e+02 7.853981633974492782e-01
8.206348401584236951e-01 2.866123281437386368e+02 7.853981633974492782e-01
2.073796262993461426e+00 2.876220602118904708e+02 7.853981633974492782e-01
9.502789962740466612e-01 2.885565401856145513e+02 7.853981633974492782e-01
6.956181329683780445e-01 2.893498451802378781e+02 7.853981633974492782e-01
3.332168050044045593e+00 2.906656722298325803e+02 7.853981633974492782e-01
1.077172774227751928e+00 2.911253305110499241e+02 7.853981633974492782e-01
1.033353340262311404e+00 2.924912078892550653e+02 7.853981633974492782e-01
1.791028057525274830e+00 2.937964136021393529e+02 7.853981633974492782e-01
9.518377274448504011e-01 2.945073581728075851e+02 7.853981633974492782e-01
7.970223789138418669e-01 2.954256762062676103e+02 7.853981633974492782e-01
2.134734708088084076e+00 2.968904823681049834e+02 7.853981633974492782e-01
1.715771359511023331e+00 2.971963658376938611e+02 7.853981633974492782e-01
1.123662264480997708e+00 2.986700776892733415e+02 7.853981633974492782e-01
1.550735353333104971e+00 3.000010241420654324e+02 7.853981633974492782e-01
1.069824846797442275e+00 3.006143161067431038e+02 7.853981633974492782e-01
8.494343921630455041e-01 3.016106449106415539e+02 7.853981633974492782e-01
1.538389168081208069e+00 3.031023622306765901e+02 7.853981633974492782e-01
2.213998753048527224e+00 3.034028246521866095e+02 7.853981633974492782e-01
1.117716212642281048e+00 3.048961886773061565e+02 7.853981633974492782e-01
1.344609039189001320e+00 3.062009874982969677e+02 7.853981633974492782e-01
1.231870034279792581e+00 3.067767003029691750e+02 7.853981633974492782e-01
8.972989717793007358e-01 3.078151415373145028e+02 7.853981633974492782e-01
1.121496420208155653e+00 3.092807933827781994e+02 7.853981633974492782e-01
2.695735594824564707e+00 3.096373280910358403e+02 7.853981633974492782e-01
1.040842433518208265e+00 3.111081354651053061e+02 7.853981633974492782e-01
1.112006504354154490e+00 3.123444734901987658e+02 7.853981633974492782e-01
1.517158478024655199e+00 3.129412652261931385e+02 7.853981633974492782e-01
9.681269801924839991e-01 3.140007787555609298e+02 7.853981633974492782e-01
7.314235773589751188e-01 3.153116212073996962e+02 7.853981633974492782e-01
3.402635081394334460e+00 3.158705629253438474e+02 7.853981633974492782e-01
8.341688604260328876e-01 3.171976815722458696e+02 7.853981633974492782e-01
8.644916358105949605e-01 3.182923483368460325e+02 7.853981633974492782e-01
2.027902204747427994e+00 3.190916366048656414e+02 7.853981633974492782e-01
1.008601766570003999e+00 3.201084046491950517e+02 7.853981633974492782e-01
6.282399863504594117e-01 3.209393829463456314e+02 7.853981633974492782e-01
3.867280913104837570e+00 3.220988447854590504e+02 7.853981633974492782e-01
8.398045198084084229e-01 3.227347849452489754e+02 7.853981633974492782e-01
9.498194923722745875e-01 3.239972311187553942e+02 7.853981633974492782e-01
1.900488461350533731e+00 3.252484791499783796e+02 7.853981633974492782e-01
9.227734911549346775e-01 3.260278854405960374e+02 7.853981633974492782e-01
7.634570945485723570e-01 3.269011333894913491e+02 7.853981633974492782e-01
2.497850321148399555e+00 3.283315397966846945e+02 7.853981633974492782e-01
1.469268657598800543e+00 3.286688084558624041e+02 7.853981633974492782e-01
1.095889376935358150e+00 3.301153843351911519e+02 7.853981633974492782e-01
1.618238606295831383e+00 3.314435396965133691e+02 7.853981633974492782e-01
1.018136131415714019e+00 3.320831364084801862e+02 7.853981633974492782e-01
8.224867129809245725e-01 3.330605799829410216e+02 7.853981633974492782e-01
1.729679830500294502e+00 3.345487544327495470e+02 7.853981633974492782e-01
2.005554919697503546e+00 3.348447800554236551e+02 7.853981633974492782e-01
1.114329845403694730e+00 3.363317968247097269e+02 7.853981633974492782e-01
1.401455476508571607e+00 3.376458364061640509e+02 7.853981633974492782e-01
1.165589431493029293e+00 3.382299132290181092e+02 7.853981633974492782e-01
8.701313528256219287e-01 3.392590297664570471e+02 7.853981633974492782e-01
1.261905806415750675e+00 3.407428374429566134e+02 7.853981633974492782e-01
2.480893065644853568e+00 3.410713815090948060e+02 7.853981633974492782e-01
1.065541031873334044e+00 3.425521342709961914e+02 7.853981633974492782e-01
1.183398133792145535e+00 3.438146184114252719e+02 7.853981633974492782e-01
1.398920290678951739e+00 3.443957391663433327e+02 7.853981633974492782e-01
9.347201494990768911e-01 3.454520517059592635e+02 7.853981633974492782e-01
8.555628783351545419e-01 3.468454875130360620e+02 7.853981633974492782e-01
3.101893605480064320e+00 3.473048055390129889e+02 7.853981633974492782e-01
9.193487835282186937e-01 3.487083365660488425e+02 7.853981633974492782e-01
9.356152550438684434e-01 3.498555514150914405e+02 7.853981633974492782e-01
1.844056328287801305e+00 3.505526454947257662e+02 7.853981633974492782e-01
1.009971567988873886e+00 3.515999452732459645e+02 7.853981633974492782e-01
5.872531142504349155e-01 3.526092066623443770e+02 7.853981633974492782e-01
3.911191748628641829e+00 3.535331464951706835e+02 7.853981633974492782e-01
7.017648528319417878e-01 3.544644115183330086e+02 7.853981633974492782e-01
8.467850976175641531e-01 3.555881064730691037e+02 7.853981633974492782e-01
2.010367263961011286e+00 3.567097644636994005e+02 7.853981633974492782e-01
9.216016611523535351e-01 3.575866605278606585e+02 7.853981633974492782e-01
7.107992324501667403e-01 3.584128667016428835e+02 7.853981633974492782e-01
3.018439920215318928e+00 3.597720592809959612e+02 7.853981633974492782e-01
1.175755614842229013e+00 3.601859648437692840e+02 7.853981633974492782e-01
1.040997730267445132e+00 3.615789468568563052e+02 7.853981633974492782e-01
1.694791741316397760e+00 3.628911032383110182e+02 7.853981633974492782e-01
9.621011914809860510e-01 3.635726542922886324e+02 7.853981633974492782e-01
7.821592378279298430e-01 3.645257009147713916e+02 7.853981633974492782e-01
1.997733082139045546e+00 3.659972037092193773e+02 7.853981633974492782e-01
1.733597663939100197e+00 3.663028568190339911e+02 7.853981633974492782e-01
1.086656854120602089e+00 3.677714852925674336e+02 7.853981633974492782e-01
1.440439277885831704e+00 3.690866940809005996e+02 7.853981633974492782e-01
1.099123024328541032e+00 3.696848573592419598e+02 7.853981633974492782e-01
8.293242972247180100e-01 3.707067903259084005e+02 7.853981633974492782e-01
1.421702783093462541e+00 3.722009824920372694e+02 7.853981633974492782e-01
2.219124591293266668e+00 3.725117042250654436e+02 7.853981633974492782e-01
1.059342637909088891e+00 3.739894855113046788e+02 7.853981633974492782e-01
1.223487106727891405e+00 3.752642493650697020e+02 7.853981633974492782e-01
1.307683671465150743e+00 3.758423770571379237e+02 7.853981633974492782e-01
8.933963898758907618e-01 3.768960181493544610e+02 7.853981633974492782e-01
9.783281769846579046e-01 3.783407949973365589e+02 7.853981633974492782e-01
2.806768842958566879e+00 3.787392180002834721e+02 7.853981633974492782e-01
9.637382695342209260e-01 3.801755222997445003e+02 7.853981633974492782e-01
9.983345732105791681e-01 3.813625140002396279e+02 7.853981633974492782e-01
1.673679041951786850e+00 3.820065629902372280e+02 7.853981633974492782e-01
9.816994332030014592e-01 3.830639540418225124e+02 7.853981633974492782e-01
6.250427553039774597e-01 3.842485367884402763e+02 7.853981633974492782e-01
3.650907240292855072e+00 3.849673622774656110e+02 7.853981633974492782e-01
7.306304151583219442e-01 3.861376211278357005e+02 7.853981633974492782e-01
8.203365562690112522e-01 3.872060797784457691e+02 7.853981633974492782e-01
2.085205520169683524e+00 3.881646138159097177e+02 7.853981633974492782e-01
9.648064169127932299e-01 3.891212118638488846e+02 7.853981633974492782e-01
6.853751974168235117e-01 3.899079022334236129e+02 7.853981633974492782e-01
3.465251097056624818e+00 3.912001698716887290e+02 7.853981633974492782e-01
1.031374950019237291e+00 3.916851145032372301e+02 7.853981633974492782e-01
1.024308357644386325e+00 3.930357209132330354e+02 7.853981633974492782e-01
1.824578376994962836e+00 3.943349517952086671e+02 7.853981633974492782e-01
9.477458600875502404e-01 3.950585192069767118e+02 7.853981633974492782e-01
7.996129927002599835e-01 3.959636397950008018e+02 7.853981633974492782e-01
2.192884001041019992e+00 3.974250670217941206e+02 7.853981633974492782e-01
1.697684659971218313e+00 3.977323554536326355e+02 7.853981633974492782e-01
1.132940707398836677e+00 3.992061420731643580e+02 7.853981633974492782e-01
1.588020354713551185e+00 4.005411741326898323e+02 7.853981633974492782e-01
1.060586287868454880e+00 4.011608971827022856e+02 7.853981633974492782e-01
8.562900513868532126e-01 4.021473960879656033e+02 7.853981633974492782e-01
1.577207047122415107e+00 4.036381570226650979e+02 7.853981633974492782e-01
2.213043252094879509e+00 4.039356834827013927e+02 7.853981633974492782e-01
1.137039185921372209e+00 4.054337432930220757e+02 7.853981633974492782e-01
1.388928204750092377e+00 4.067480279931905898e+02 7.853981633974492782e-01
1.208760354128996184e+00 4.073256038129524654e+02 7.853981633974492782e-01
9.005896070960665023e-01 4.083567882028976896e+02 7.853981633974492782e-01
1.171154704284212977e+00 4.098268171692092210e+02 7.853981633974492782e-01
2.667163864047986888e+00 4.101723052181649791e+02 7.853981633974492782e-01
1.067273213865334025e+00 4.116528666617194290e+02 7.853981633974492782e-01
1.157140157891924481e+00 4.129056201627182077e+02 7.853981633974492782e-01
1.465243431477576186e+00 4.134914201458320235e+02 7.853981633974492782e-01
9.627598730509659974e-01 4.145490523411609729e+02 7.853981633974492782e-01
7.817442710832238628e-01 4.158946782394713182e+02 7.853981633974492782e-01
3.309925226590930247e+00 4.164082467036682260e+02 7.853981633974492782e-01
8.767917050646757415e-01 4.177749559306277547e+02 7.853981633974492782e-01
8.946834635642106903e-01 4.188914170909820314e+02 7.853981633974492782e-01
1.965264958162018294e+00 4.196409831212058634e+02 7.853981633974492782e-01
1.017658433687821384e+00 4.206738400487607237e+02 7.853981633974492782e-01
6.047284514632382812e-01 4.215597812424636004e+02 7.853981633974492782e-01
3.953311476516096601e+00 4.226363709172099448e+02 7.853981633974492782e-01
7.666587448785804337e-01 4.233734887511759553e+02 7.853981633974492782e-01
9.068434070118499557e-01 4.245826369485472469e+02 7.853981633974492782e-01
1.935621270766425317e+00 4.257954638047747267e+02 7.853981633974492782e-01
9.147446610987288729e-01 4.266087489905883103e+02 7.853981633974492782e-01
7.391595130321386709e-01 4.274674920750487104e+02 7.853981633974492782e-01
2.683019762475294279e+00 4.288732106740976064e+02 7.853981633974492782e-01
1.339928922765545982e+00 4.292368775555025877e+02 7.853981633974492782e-01
1.067925618867564541e+00 4.306629112390976388e+02 7.853981633974492782e-01
1.628452724535021101e+00 4.319839898034184671e+02 7.853981633974492782e-01
9.934302785204590647e-01 4.326363727092673912e+02 7.853981633974492782e-01
7.980061505152705736e-01 4.336106423353629680e+02 7.853981633974492782e-01
1.823451072286175867e+00 4.350938553120931829e+02 7.853981633974492782e-01
1.872789652803105831e+00 4.353933188507058389e+02 7.853981633974492782e-01
1.090401180322588814e+00 4.368700047396523019e+02 7.853981633974492782e-01
1.391861039861302940e+00 4.381799151901888081e+02 7.853981633974492782e-01
1.143466412008093069e+00 4.387676616007801158e+02 7.853981633974492782e-01
8.467616179467445381e-01 4.397987722787595999e+02 7.853981633974492782e-01
1.305383098832580302e+00 4.412887750159987945e+02 7.853981633974492782e-01
2.362383752423945715e+00 4.416113865314928262e+02 7.853981633974492782e-01
1.049482766136526912e+00 4.430869815460827112e+02 7.853981633974492782e-01
1.176509051390205229e+00 4.443478267992743440e+02 7.853981633974492782e-01
1.376680943936322121e+00 4.449302037860502992e+02 7.853981633974492782e-01
9.163129602159196807e-01 4.459873191925910305e+02 7.853981633974492782e-01
8.805520104162289918e-01 4.473978582663888801e+02 7.853981633974492782e-01
2.997711848004907864e+00 4.478408811033795018e+02 7.853981633974492782e-01
9.237276386065788047e-01 4.492506385397657596e+02 7.853981633974492782e-01
9.439658995082391701e-01 4.504055703588352344e+02 7.853981633974492782e-01
1.799194914361987196e+00 4.510915286952654810e+02 7.853981633974492782e-01
9.993447392506413784e-01 4.521414464595567893e+02 7.853981633974492782e-01
5.888200511617645017e-01 4.532007577810788348e+02 7.853981633974492782e-01
3.840362518978988504e+00 4.540688534804552887e+02 7.853981633974492782e-01
6.970349244742640726e-01 4.550695880196167877e+02 7.853981633974492782e-01
8.315910680139791955e-01 4.561700018183793759e+02 7.853981633974492782e-01
2.032681618533545453e+00 4.572513201150661075e+02 7.853981633974492782e-01
9.289717085938260510e-01 4.581509021175592125e+02 7.853981633974492782e-01
7.009568708711169105e-01 4.589671738904936547e+02 7.853981633974492782e-01
3.141883283367786550e+00 4.603071920931877798e+02 7.853981633974492782e-01
1.124225873324955716e+00 4.607421239427184219e+02 7.853981633974492782e-01
1.031999161016675659e+00 4.621220085112275910e+02 7.853981633974492782e-01
1.722649849531369792e+00 4.634300313832472398e+02 7.853981633974492782e-01
9.536938930228366917e-01 4.641231570000114175e+02 7.853981633974492782e-01
7.794445608914324364e-01 4.650666175375659463e+02 7.853981633974492782e-01
2.060992143795952192e+00 4.665335444785361574e+02 7.853981633974492782e-01
1.695188037495771072e+00 4.668418759695834979e+02 7.853981633974492782e-01
1.088739178092327453e+00 4.683083638244794429e+02 7.853981633974492782e-01
1.463979097550627495e+00 4.696262119486280540e+02 7.853981633974492782e-01
1.085055913583622633e+00 4.702290035477213337e+02 7.853981633974492782e-01
8.265562531523868994e-01 4.712459714147219074e+02 7.853981633974492782e-01
1.465424625907544964e+00 4.727402893208359842e+02 7.853981633974492782e-01
2.180649884614533907e+00 4.730476575899540421e+02 7.853981633974492782e-01
1.066516838514885102e+00 4.745270087785981445e+02 7.853981633974492782e-01
1.246252525891891283e+00 4.758078036430576958e+02 7.853981633974492782e-01
1.283627130740488509e+00 4.763849580746422703e+02 7.853981633974492782e-01
8.876027833285489166e-01 4.774363930104836413e+02 7.853981633974492782e-01
1.017879361714123299e+00 4.788904986397098469e+02 7.853981633974492782e-01
2.747439305089896866e+00 4.792750337264138807e+02 7.853981633974492782e-01
9.792987956559001672e-01 4.807198820471943463e+02 7.853981633974492782e-01
1.022043026841921831e+00 4.819188766565529818e+02 7.853981633974492782e-01
1.628820262246975625e+00 4.825494984442888722e+02 7.853981633974492782e-01
9.748101445307579827e-01 4.836084797950528014e+02 7.853981633974492782e-01
6.480599022031220402e-01 4.848341927035838239e+02 7.853981633974492782e-01
3.571113081915212373e+00 4.855035341585187894e+02 7.853981633974492782e-01
7.541130226733251396e-01 4.867245221407294480e+02 7.853981633974492782e-01
8.254960634924410900e-01 4.877936251578687461e+02 7.853981633974492782e-01
2.083066645319257226e+00 4.887063608023342454e+02 7.853981633974492782e-01
9.773493867718094918e-01 4.896814894372403728e+02 7.853981633974492782e-01
6.717364694905818556e-01 4.904702418171585805e+02 7.853981633974492782e-01
3.585129729471664639e+00 4.917346756266101693e+02 7.853981633974492782e-01
9.812863417853935344e-01 4.922503713347439316e+02 7.853981633974492782e-01
1.009010478867455429e+00 4.935823074873259770e+02 7.853981633974492782e-01
1.846784408845269176e+00 4.948728040311711425e+02 7.853981633974492782e-01
9.415578852681973920e-01 4.956089821989269808e+02 7.853981633974492782e-01
7.941795971186113023e-01 4.965049580626699139e+02 7.853981633974492782e-01
2.259249826233302283e+00 4.979609544683542026e+02 7.853981633974492782e-01
1.652450697826808090e+00 4.982727508776412151e+02 7.853981633974492782e-01
1.129412159920950787e+00 4.997423143156739798e+02 7.853981633974492782e-01
1.603378514223730900e+00 5.010774373265438726e+02 7.853981633974492782e-01
1.051072765039278156e+00 5.017021232490320699e+02 7.853981633974492782e-01
8.528044317840333122e-01 5.026842819513869358e+02 7.853981633974492782e-01
1.612258908956648806e+00 5.041747813986751794e+02 7.853981633974492782e-01
2.178854945023513068e+00 5.044708294467971541e+02 7.853981633974492782e-01
1.139354413874637872e+00 5.059686300271011987e+02 7.853981633974492782e-01
1.404741098694677115e+00 5.072857183372793202e+02 7.853981633974492782e-01
1.195304096285554118e+00 5.078651076214026148e+02 7.853981633974492782e-01
8.971197731084168403e-01 5.088935002113293535e+02 7.853981633974492782e-01
1.200326771253157565e+00 5.103670441817833421e+02 7.853981633974492782e-01
2.630295655444406133e+00 5.107065518041096652e+02 7.853981633974492782e-01
1.075675245524210455e+00 5.121901867680541045e+02 7.853981633974492782e-01
1.176511865216719466e+00 5.134496860304907386e+02 7.853981633974492782e-01
1.438685153243954629e+00 5.140317822913156078e+02 7.853981633974492782e-01
9.568776113290530239e-01 5.150882802575112009e+02 7.853981633974492782e-01
8.103841586575728506e-01 5.164516937202434974e+02 7.853981633974492782e-01
3.248462870321059182e+00 5.169431449109642926e+02 7.853981633974492782e-01
8.978046353082312914e-01 5.183273397351659924e+02 7.853981633974492782e-01
9.124396605630796797e-01 5.194565475337007001e+02 7.853981633974492782e-01
1.922607480179825412e+00 5.201824977105403605e+02 7.853981633974492782e-01
1.018901841107600736e+00 5.212222332227016750e+02 7.853981633974492782e-01
5.949762338196303846e-01 5.221488712338662026e+02 7.853981633974492782e-01
3.967050411246481278e+00 5.231714246644937703e+02 7.853981633974492782e-01
7.343106150995581949e-01 5.239766865113285803e+02 7.853981633974492782e-01
8.828296947250023896e-01 5.251530141971003331e+02 7.853981633974492782e-01
1.962345852483650122e+00 5.263368770399073355e+02 7.853981633974492782e-01
9.143959200951277122e-01 5.271726923827036444e+02 7.853981633974492782e-01
7.277679413201754155e-01 5.280200804624020066e+02 7.853981633974492782e-01
2.801732155903851940e+00 5.294097136787654563e+02 7.853981633974492782e-01
1.274583518103022950e+00 5.297906516087095952e+02 7.853981633974492782e-01
1.056358733958905560e+00 5.312047866781817902e+02 7.853981633974492782e-01
1.647677855056451923e+00 5.325225879333991088e+02 7.853981633974492782e-01
9.803782857632997727e-01 5.331847290553452012e+02 7.853981633974492782e-01
7.893877460821011605e-01 5.341530869320989723e+02 7.853981633974492782e-01
1.885554240537763659e+00 5.356322605528578151e+02 7.853981633974492782e-01
1.812368112522937169e+00 5.359339496613736173e+02 7.853981633974492782e-01
1.085132541516720339e+00 5.374067075595735332e+02 7.853981633974492782e-01
1.402713072390028515e+00 5.387173690079144990e+02 7.853981633974492782e-01
1.127162495748524451e+00 5.393083138575566409e+02 7.853981633974492782e-01
8.376029217379499237e-01 5.403375584317412859e+02 7.853981633974492782e-01
1.343799545525701244e+00 5.418299660020669535e+02 7.853981633974492782e-01
2.301794480530475084e+00 5.421481282540298707e+02 7.853981633974492782e-01
1.049002825058187982e+00 5.436234074565008996e+02 7.853981633974492782e-01
1.187150665700437813e+00 5.448876874653274172e+02 7.853981633974492782e-01
1.353690853531560379e+00 5.454688376382281376e+02 7.853981633974492782e-01
9.065301992304033440e-01 5.465253584541745795e+02 7.853981633974492782e-01
9.103403562210049538e-01 5.479489539915647356e+02 7.853981633974492782e-01
2.926300051374988609e+00 5.483763371904748283e+02 7.853981633974492782e-01
9.352959255856286847e-01 5.497948627778464470e+02 7.853981633974492782e-01
9.591640720791289043e-01 5.509597586300542389e+02 7.853981633974492782e-01
1.757515212158265339e+00 5.516317474882628176e+02 7.853981633974492782e-01
9.931136181539116370e-01 5.526845297029710764e+02 7.853981633974492782e-01
5.960978421973547325e-01 5.537871228011524636e+02 7.853981633974492782e-01
3.781503308875063141e+00 5.546042039686282124e+02 7.853981633974492782e-01
7.017162763477176046e-01 5.556654527089689282e+02 7.853981633974492782e-01
8.234655646394594131e-01 5.567497047943617190e+02 7.853981633974492782e-01
2.056193579833635710e+00 5.577917335913546140e+02 7.853981633974492782e-01
9.398707764679882226e-01 5.587112318919394056e+02 7.853981633974492782e-01
6.971219839429899645e-01 5.595150659444794883e+02 7.853981633974492782e-01
3.249675293629012973e+00 5.608408940940066714e+02 7.853981633974492782e-01
1.094559776547940233e+00 5.612906046631503614e+02 7.853981633974492782e-01
1.031466703563835186e+00 5.626619841122310390e+02 7.853981633974492782e-01
1.759207705738822014e+00 5.639681595135527914e+02 7.853981633974492782e-01
9.513800422421015979e-01 5.646715140201916938e+02 7.853981633974492782e-01
7.870374168877524168e-01 5.656017814729118527e+02 7.853981633974492782e-01
2.106984883025688760e+00 5.670668400968445440e+02 7.853981633974492782e-01
1.697539133354811991e+00 5.673746087194631400e+02 7.853981633974492782e-01
1.105083497412192139e+00 5.688439982826595269e+02 7.853981633974492782e-01
1.507381323700327735e+00 5.701683806614041714e+02 7.853981633974492782e-01
1.075281261011592715e+00 5.707766406044951282e+02 7.853981633974492782e-01
8.359345577225696378e-01 5.717836555847875388e+02 7.853981633974492782e-01
1.508219503857891608e+00 5.732767880745275306e+02 7.853981633974492782e-01
2.186088547682901950e+00 5.735803706931669694e+02 7.853981633974492782e-01
1.090517776093698377e+00 5.750662697914365253e+02 7.853981633974492782e-01
1.293522085257859056e+00 5.763589950282499785e+02 7.853981633974492782e-01
1.255452455043031490e+00 5.769347376361296256e+02 7.853981633974492782e-01
8.902055088365139479e-01 5.779805043508026756e+02 7.853981633974492782e-01
1.071953667223710660e+00 5.794419946308260023e+02 7.853981633974492782e-01
2.710275575108210599e+00 5.798108196214521968e+02 7.853981633974492782e-01
1.009282466361484998e+00 5.812691376306652273e+02 7.853981633974492782e-01
1.064991719078751231e+00 5.824869651083217832e+02 7.853981633974492782e-01
1.570795099532964478e+00 5.830990248810577441e+02 7.853981633974492782e-01
9.706150534241430039e-01 5.841591052002214610e+02 7.853981633974492782e-01
6.870320105189405835e-01 5.854315886832948763e+02 7.853981633974492782e-01
3.482570008379497928e+00 5.860411929585688995e+02 7.853981633974492782e-01
7.926233520554711864e-01 5.873208524407898494e+02 7.853981633974492782e-01
8.411990398529926027e-01 5.883991988398984176e+02 7.853981633974492782e-01
2.065915331564854185e+00 5.892524720938652081e+02 7.853981633974492782e-01
9.944311424631976370e-01 5.902501254545328493e+02 7.853981633974492782e-01
6.514547722650324557e-01 5.910512414316915510e+02 7.853981633974492782e-01
3.737887615686102727e+00 5.922704564083264813e+02 7.853981633974492782e-01
9.127449116764603243e-01 5.928368381943619170e+02 7.853981633974492782e-01
9.838143825756519023e-01 5.941387655762603117e+02 7.853981633974492782e-01
1.874821074778241448e+00 5.954136536663304469e+02 7.853981633974492782e-01
9.328924084506616810e-01 5.961689500182162647e+02 7.853981633974492782e-01
7.829707153866425351e-01 5.970530561270279577e+02 7.853981633974492782e-01
2.362517548846203130e+00 5.984992886907733691e+02 7.853981633974492782e-01
1.576771774221315869e+00 5.988201971484652404e+02 7.853981633974492782e-01
1.118658877428241105e+00 6.002813061596843909e+02 7.853981633974492782e-01
1.616863685152700292e+00 6.016147080470850597e+02 7.853981633974492782e-01
1.036996491858241942e+00 6.022463025339923206e+02 7.853981633974492782e-01
8.431041740451630240e-01 6.032244233036080914e+02 7.853981633974492782e-01
1.663890594961533687e+00 6.047143141052991950e+02 7.853981633974492782e-01
2.113881147852257669e+00 6.050093072135892953e+02 7.853981633974492782e-01
1.134734991928467274e+00 6.065043044713219160e+02 7.853981633974492782e-01
1.414302124787853998e+00 6.078224126016386890e+02 7.853981633974492782e-01
1.179768726268114465e+00 6.084042415393896590e+02 7.853981633974492782e-01
8.885114100076768606e-01 6.094308963597101183e+02 7.853981633974492782e-01
1.234294559289899951e+00 6.109090676659329802e+02 7.853981633974492782e-01
2.570908126390036408e+00 6.112422103201632808e+02 7.853981633974492782e-01
1.078770359904348108e+00 6.127270812301808292e+02 7.853981633974492782e-01
1.191238595748306262e+00 6.139916330633323014e+02 7.853981633974492782e-01
1.412352371070206836e+00 6.145714136252502158e+02 7.853981633974492782e-01
9.479126513380056185e-01 6.156269620494509809e+02 7.853981633974492782e-01
8.407324250194264659e-01 6.170082550051316730e+02 7.853981633974492782e-01
3.174209417435445157e+00 6.174785101754390553e+02 7.853981633974492782e-01
9.166560875353171323e-01 6.188777580838275298e+02 7.853981633974492782e-01
9.307231144084809893e-01 6.200199521483394847e+02 7.853981633974492782e-01
1.874339263356776808e+00 6.207244807892330982e+02 7.853981633974492782e-01
1.016869998853039858e+00 6.217698742017840914e+02 7.853981633974492782e-01
5.891907126968133346e-01 6.227450495853048551e+02 7.853981633974492782e-01
3.951504708440803260e+00 6.237069994441382050e+02 7.853981633974492782e-01
7.109497043003425443e-01 6.245894574101250782e+02 7.853981633974492782e-01
8.601595967681004984e-01 6.257320954371641619e+02 7.853981633974492782e-01
1.995238969876788948e+00 6.268794375743732417e+02 7.853981633974492782e-01
9.186358143266248888e-01 6.277405165117722845e+02 7.853981633974492782e-01
7.191744904191381682e-01 6.285730749681558791e+02 7.853981633974492782e-01
2.932645232167595761e+00 6.299456921823069706e+02 7.853981633974492782e-01
1.217912044260411664e+00 6.303447522575444282e+02 7.853981633974492782e-01
1.049625870784385739e+00 6.317473862949696013e+02 7.853981633974492782e-01
1.680060140254477918e+00 6.330627472365005133e+02 7.853981633974492782e-01
9.698296375721707774e-01 6.337366426768974179e+02 7.853981633974492782e-01
7.873790663942497048e-01 6.346945894842506277e+02 7.853981633974492782e-01
1.952489752788704847e+00 6.361695892832201480e+02 7.853981633974492782e-01
1.772193679281802936e+00 6.364728472139557880e+02 7.853981633974492782e-01
1.089920849895268384e+00 6.379443717315905360e+02 7.853981633974492782e-01
1.431646629777171720e+00 6.392591323586966610e+02 7.853981633974492782e-01
1.109507692620769426e+00 6.398545976197285654e+02 7.853981633974492782e-01
8.348348136281951160e-01 6.408782559254807438e+02 7.853981633974492782e-01
1.394167180854159804e+00 6.423716900663216620e+02 7.853981633974492782e-01
2.257302616582293364e+00 6.426846382327211131e+02 7.853981633974492782e-01
1.059670022733361971e+00 6.441628628523516227e+02 7.853981633974492782e-01
1.215744334913006597e+00 6.454354911485664843e+02 7.853981633974492782e-01
1.322019620440517906e+00 6.460139059604064187e+02 7.853981633974492782e-01
8.995288465457090821e-01 6.470681547381434484e+02 7.853981633974492782e-01
9.571236515429260017e-01 6.485061362503793134e+02 7.853981633974492782e-01
2.851625505787164894e+00 6.489131132195786904e+02 7.853981633974492782e-01
9.574044744183266564e-01 6.503451976950690323e+02 7.853981633974492782e-01
9.877999260443595109e-01 6.515261648837299617e+02 7.853981633974492782e-01
1.699793485189914799e+00 6.521773992848841317e+02 7.853981633974492782e-01
9.869652918846901768e-01 6.532337361883555786e+02 7.853981633974492782e-01
6.144622310602357862e-01 6.543925573327969687e+02 7.853981633974492782e-01
3.700668406039707037e+00 6.551413187411059198e+02 7.853981633974492782e-01
7.196820602421660773e-01 6.562796291862757698e+02 7.853981633974492782e-01
8.199923086105921355e-01 6.573505053472765667e+02 7.853981633974492782e-01
2.082601461713773805e+00 6.583355104090352370e+02 7.853981633974492782e-01
9.578535702964514620e-01 6.592808468610238606e+02 7.853981633974492782e-01
6.925038221065785704e-01 6.600686872633190205e+02 7.853981633974492782e-01
3.395211954536769827e+00 6.613750969699522102e+02 7.853981633974492782e-01
1.059608861030773674e+00 6.618445261042949141e+02 7.853981633974492782e-01
1.031794101260800955e+00 6.632046629935686042e+02 7.853981633974492782e-01
1.810863108538743216e+00 6.645080210568332859e+02 7.853981633974492782e-01
9.511632882879391682e-01 6.652247547941004768e+02 7.853981633974492782e-01
8.015931620952673198e-01 6.661353832713157317e+02 7.853981633974492782e-01
2.157767914806981935e+00 6.675994061742468375e+02 7.853981633974492782e-01
1.719456153074829796e+00 6.679047960189473088e+02 7.853981633974492782e-01
1.133151532843089671e+00 6.693802747699447764e+02 7.853981633974492782e-01
1.576636584265882490e+00 6.707146800814639391e+02 7.853981633974492782e-01
1.065933848860999289e+00 6.713315092195040279e+02 7.853981633974492782e-01
8.568876241579335140e-01 6.723211109294394419e+02 7.853981633974492782e-01
1.557433246773895608e+00 6.738120306474614836e+02 7.853981633974492782e-01
2.227786806320492641e+00 6.741106574827991835e+02 7.853981633974492782e-01
1.133422595941653066e+00 6.756081640635520671e+02 7.853981633974492782e-01
1.376236882759347413e+00 6.769199546828369876e+02 7.853981633974492782e-01
1.217706124121786582e+00 6.774965391776646584e+02 7.853981633974492782e-01
9.016564253105896487e-01 6.785298809858205686e+02 7.853981633974492782e-01
1.152141782231221212e+00 6.799977094252669758e+02 7.853981633974492782e-01
2.686931294492822087e+00 6.803473454338907231e+02 7.853981633974492782e-01
1.060004771421075187e+00 6.818252096798331650e+02 7.853981633974492782e-01
1.142714138360791276e+00 6.830727860536169374e+02 7.853981633974492782e-01
1.483918136361244589e+00 6.836617670786030203e+02 7.853981633974492782e-01
9.660421999516891622e-01 6.847201150442265316e+02 7.853981633974492782e-01
7.628670263374620619e-01 6.860529806685775611e+02 7.853981633974492782e-01
3.349226991738477377e+00 6.865826188042136664e+02 7.853981633974492782e-01
8.617773872081166964e-01 6.879359640775074922e+02 7.853981633974492782e-01
8.832398400910498326e-01 6.890440309619153822e+02 7.853981633974492782e-01
1.991725306364015236e+00 6.898109612543992171e+02 7.853981633974492782e-01
1.015559691318137725e+00 6.908383920028919647e+02 7.853981633974492782e-01
6.132483551538372435e-01 6.917001111018523716e+02 7.853981633974492782e-01
3.930438761075966791e+00 6.928107069435882295e+02 7.853981633974492782e-01
7.932327212271751415e-01 6.935055950694882085e+02 7.853981633974492782e-01
9.239220959570082492e-01 6.947363632964299995e+02 7.853981633974492782e-01
1.921234603904988791e+00 6.959658658043318837e+02 7.853981633974492782e-01
9.172325734337231085e-01 6.967651381213825061e+02 7.853981633974492782e-01
7.488127993716912068e-01 6.976297657983395766e+02 7.853981633974492782e-01
2.606953954789552164e+00 6.990460222009043036e+02 7.853981633974492782e-01
1.390691508181289171e+00 6.993983167941801184e+02 7.853981633974492782e-01
1.078942259909094092e+00 7.008328766878983060e+02 7.853981633974492782e-01
1.623033193763166571e+00 7.021568540890358463e+02 7.853981633974492782e-01
1.003356370778455409e+00 7.028037169307360728e+02 7.853981633974492782e-01
8.074904520442777178e-01 7.037796350536635828e+02 7.853981633974492782e-01
1.784352827315831114e+00 7.052652204269346612e+02 7.853981633974492782e-01
1.925068050889952476e+00 7.055630137184417663e+02 7.853981633974492782e-01
1.099554145661806537e+00 7.070438274031536139e+02 7.853981633974492782e-01
1.394492030944885386e+00 7.083551961063382123e+02 7.853981633974492782e-01
1.152915976633854145e+00 7.089413401835475952e+02 7.853981633974492782e-01
8.560357668061929770e-01 7.099718569354138253e+02 7.853981633974492782e-01
1.286555539773897694e+00 7.114595450413835351e+02 7.853981633974492782e-01
2.410229392321310282e+00 7.117845514194209500e+02 7.853981633974492782e-01
1.055634407641410144e+00 7.132621491788270305e+02 7.853981633974492782e-01
1.178559824114496335e+00 7.145234302565554572e+02 7.853981633974492782e-01
1.386475996986470394e+00 7.151054054791878798e+02 7.853981633974492782e-01
9.238844484846510108e-01 7.161622403359737064e+02 7.853981633974492782e-01
8.694041388721023278e-01 7.175656647200970610e+02 7.853981633974492782e-01
3.041267981978549972e+00 7.180156402747309130e+02 7.853981633974492782e-01
9.216893433799674407e-01 7.194227107705855815e+02 7.853981633974492782e-01
9.401470271023504299e-01 7.205742760327073029e+02 7.853981633974492782e-01
1.818290802908112180e+00 7.212650529331348253e+02 7.853981633974492782e-01
1.003859202620788649e+00 7.223138722996480965e+02 7.853981633974492782e-01
5.874912587082944393e-01 7.233520162183043567e+02 7.853981633974492782e-01
3.871713127855665348e+00 7.242437854859238087e+02 7.853981633974492782e-01
6.978295819830153679e-01 7.252154511568295447e+02 7.853981633974492782e-01
8.373777247126811263e-01 7.263250326653404727e+02 7.853981633974492782e-01
2.023334808091041381e+00 7.274238171268203814e+02 7.853981633974492782e-01
9.254478941838409911e-01 7.283138759456149955e+02 7.853981633974492782e-01
7.048444710114878387e-01 7.291343970134938672e+02 7.853981633974492782e-01
3.089882236512312641e+00 7.304824847753960739e+02 7.853981633974492782e-01
1.144806674535149282e+00 7.309085962373054599e+02 7.853981633974492782e-01
1.035390474533556926e+00 7.322939091316520717e+02 7.853981633974492782e-01
1.710132232824255194e+00 7.336036309536609679e+02 7.853981633974492782e-01
9.568612647739352939e-01 7.342918249406266114e+02 7.853981633974492782e-01
7.799744809191615502e-01 7.352396443077716413e+02 7.853981633974492782e-01
2.034708424233659052e+00 7.367084132676052377e+02 7.853981633974492782e-01
1.709137370591498284e+00 7.370157347062679492e+02 7.853981633974492782e-01
1.087005486710286295e+00 7.384828610189339315e+02 7.853981633974492782e-01
1.452701503894136437e+00 7.397993567099309757e+02 7.853981633974492782e-01
1.090789827612311580e+00 7.404000975138355898e+02 7.853981633974492782e-01
8.270177082079682718e-01 7.414194892473377649e+02 7.853981633974492782e-01
1.446632020609509572e+00 7.429138736849046154e+02 7.853981633974492782e-01
2.194508208120395487e+00 7.432226619595783177e+02 7.853981633974492782e-01
1.062491707534440444e+00 7.447010668016054069e+02 7.853981633974492782e-01
1.235132995304099923e+00 7.459789526733452476e+02 7.853981633974492782e-01
1.294093673537177080e+00 7.465565487042787254e+02 7.853981633974492782e-01
8.895900571299205639e-01 7.476091112310165272e+02 7.853981633974492782e-01
1.000098740003893427e+00 7.490594191627152441e+02 7.853981633974492782e-01
2.771420762616015665e+00 7.494499226011864721e+02 7.853981633974492782e-01
9.719128532830947353e-01 7.508908950204421444e+02 7.853981633974492782e-01
1.010888340379711536e+00 7.520844190758865579e+02 7.853981633974492782e-01
1.648566889725888496e+00 7.527210091654972075e+02 7.853981633974492782e-01
9.776162403247138366e-01 7.537793479400497745e+02 7.853981633974492782e-01
6.371997343799089553e-01 7.549873888662568788e+02 7.853981633974492782e-01
3.605759668153007524e+00 7.556781993704172464e+02 7.853981633974492782e-01
7.431167433143656131e-01 7.568774890035107319e+02 7.853981633974492782e-01
8.225416451087395053e-01 7.579455750177397704e+02 7.853981633974492782e-01
2.085306685379139324e+00 7.588785023066458280e+02 7.853981633974492782e-01
9.718143709148795439e-01 7.598455903317865250e+02 7.853981633974492782e-01
6.781223632294794967e-01 7.606325628208562648e+02 7.853981633974492782e-01
3.532316860805342351e+00 7.619100515856964648e+02 7.853981633974492782e-01
1.004048029161981548e+00 7.624112553046041967e+02 7.853981633974492782e-01
1.016396761494852807e+00 7.637519615893895661e+02 7.853981633974492782e-01
1.837467644088948360e+00 7.650466806266067579e+02 7.853981633974492782e-01
9.444736286694433991e-01 7.657770973023092438e+02 7.853981633974492782e-01
7.972167474653100161e-01 7.666769472466394291e+02 7.853981633974492782e-01
2.228340116982840957e+00 7.681356065126261683e+02 7.853981633974492782e-01
1.674879334949868515e+00 7.684450749497303832e+02 7.853981633974492782e-01
1.131939589438560656e+00 7.699168862433041340e+02 7.853981633974492782e-01
1.597971270305241775e+00 7.712522553235787655e+02 7.853981633974492782e-01
1.055448080358849516e+00 7.718747842785085140e+02 7.853981633974492782e-01
8.551758748683961908e-01 7.728585058493802080e+02 7.853981633974492782e-01
1.596406523595773619e+00 7.743490972346322678e+02 7.853981633974492782e-01
2.197003445809586175e+00 7.746456945969932804e+02 7.853981633974492782e-01
1.139594212037089882e+00 7.761439913949283209e+02 7.853981633974492782e-01
1.399752615898680608e+00 7.774602987743149924e+02 7.853981633974492782e-01
1.200763196354704743e+00 7.780389044984696056e+02 7.853981633974492782e-01
8.992717658665395630e-01 7.790681889691134074e+02 7.853981633974492782e-01
1.188507107895782511e+00 7.805401708942780488e+02 7.853981633974492782e-01
2.648001904715568955e+00 7.808820559101150138e+02 7.853981633974492782e-01
1.073264539117855243e+00 7.823647879155004148e+02 7.853981633974492782e-01
1.169797543377352422e+00 7.836219551714257250e+02 7.853981633974492782e-01
1.448872500317706535e+00 7.842052624014326057e+02 7.853981633974492782e-01
9.596174863351605300e-01 7.852621693736945190e+02 7.853981633974492782e-01
7.991744690600310896e-01 7.866186613230764806e+02 7.853981633974492782e-01
3.274105965986548572e+00 7.871185354110748449e+02 7.853981633974492782e-01
8.899913024467133171e-01 7.884963044843568696e+02 7.853981633974492782e-01
9.055512503046039274e-01 7.896205533670902241e+02 7.853981633974492782e-01
1.939914974117953772e+00 7.903553342410601772e+02 7.853981633974492782e-01
1.018857114872318670e+00 7.913925656679886060e+02 7.853981633974492782e-01
5.984146962280905147e-01 7.923023615957578158e+02 7.853981633974492782e-01
3.965249473954935322e+00 7.933467435513124428e+02 7.853981633974492782e-01
7.460427933437695502e-01 7.941243164666042276e+02 7.853981633974492782e-01
8.921547544019251541e-01 7.953136572442331271e+02 7.853981633974492782e-01
1.951299217354886206e+00 7.965096299350819891e+02 7.853981633974492782e-01
9.140936404509832913e-01 7.973363213857912797e+02 7.853981633974492782e-01
7.320113864905612999e-01 7.981884520618358465e+02 7.853981633974492782e-01
2.753895139670429870e+00 7.995845605269258840e+02 7.853981633974492782e-01
1.299457723952923471e+00 7.999585425732633439e+02 7.853981633974492782e-01
1.060495480843883120e+00 8.013773598278115742e+02 7.853981633974492782e-01
1.638916064106094028e+00 8.026963887663237074e+02 7.853981633974492782e-01
9.853215743457823805e-01 8.033544830155198042e+02 7.853981633974492782e-01
7.922285717653854142e-01 8.043255593001139232e+02 7.853981633974492782e-01
1.860494397386796228e+00 8.058063885269605180e+02 7.853981633974492782e-01
1.834487651006865283e+00 8.061072085701350716e+02 7.853981633974492782e-01
1.086372398990774091e+00 8.075813041247587307e+02 7.853981633974492782e-01
1.396903487786306242e+00 8.088913828521481264e+02 7.853981633974492782e-01
1.133772879730542416e+00 8.094809589513820356e+02 7.853981633974492782e-01
8.407217933914247210e-01 8.105112359106474287e+02 7.853981633974492782e-01
1.327528254526656681e+00 8.120028284468533002e+02 7.853981633974492782e-01
2.324532906954584810e+00 8.123228048874095748e+02 7.853981633974492782e-01
1.048313470631910604e+00 8.137979496792464715e+02 7.853981633974492782e-01
1.181535002799481981e+00 8.150604721131765018e+02 7.853981633974492782e-01
1.363534751702628167e+00 8.156422584950486225e+02 7.853981633974492782e-01
9.102103610060714445e-01 8.166991286273166679e+02 7.853981633974492782e-01
8.971885394589668161e-01 8.181174309825025830e+02 7.853981633974492782e-01
2.954954486223782872e+00 8.185514120397263014e+02 7.853981633974492782e-01
9.299209468873075313e-01 8.199660842580038889e+02 7.853981633974492782e-01
9.521559447117529107e-01 8.211265676692580655e+02 7.853981633974492782e-01
1.775246462697803285e+00 8.218046432870221452e+02 7.853981633974492782e-01
9.955799966108777044e-01 8.228562223228774428e+02 7.853981633974492782e-01
5.923853040806460468e-01 8.239406517022640628e+02 7.853981633974492782e-01
3.806598956829944314e+00 8.247793000253132050e+02 7.853981633974492782e-01
6.987973176008756004e-01 8.258152788750809350e+02 7.853981633974492782e-01
8.263332509263073833e-01 8.269057496736096482e+02 7.853981633974492782e-01
2.046434833088452532e+00 8.279647156063731472e+02 7.853981633974492782e-01
9.349477062561664109e-01 8.288758742307340981e+02 7.853981633974492782e-01
6.985510263504771666e-01 8.296850423309005009e+02 7.853981633974492782e-01
3.204259303487312138e+00 8.310167644922826184e+02 7.853981633974492782e-01
1.106278613870326222e+00 8.314603948842502632e+02 7.853981633974492782e-01
1.031393213620863669e+00 8.328352417371650063e+02 7.853981633974492782e-01
1.743286923615548378e+00 8.341421539831291057e+02 7.853981633974492782e-01
9.520176242032575287e-01 8.348412242166788246e+02 7.853981633974492782e-01
7.832647199899662738e-01 8.357773123075331796e+02 7.853981633974492782e-01
2.088580618943447043e+00 8.372429947204109340e+02 7.853981633974492782e-01
1.694293627366919797e+00 8.375511947539587254e+02 7.853981633974492782e-01
1.097381661265131259e+00 8.390190800140287593e+02 7.853981633974492782e-01
1.487763796105890712e+00 8.403405036876954455e+02 7.853981633974492782e-01
1.079085287838201124e+00 8.409463434021654393e+02 7.853981633974492782e-01
8.311391473240523631e-01 8.419579564999930881e+02 7.853981633974492782e-01
1.490467651188611242e+00 8.434516631134060844e+02 7.853981633974492782e-01
2.180647834307604782e+00 8.437568567799370385e+02 7.853981633974492782e-01
1.079250795670703367e+00 8.452396793167147280e+02 7.853981633974492782e-01
1.271699865217361003e+00 8.465269980276377737e+02 7.853981633974492782e-01
1.267532344012701762e+00 8.471032033344565662e+02 7.853981633974492782e-01
8.884442576966327110e-01 8.481517266648745590e+02 7.853981633974492782e-01
1.048066555944620504e+00 8.496103466102119910e+02 7.853981633974492782e-01
2.724083957690742519e+00 8.499857794450708752e+02 7.853981633974492782e-01
9.955772948785465148e-01 8.514381719836958382e+02 7.853981633974492782e-01
1.045134378707815559e+00 8.526475547717307109e+02 7.853981633974492782e-01
1.596353372383532365e+00 8.532675594931702108e+02 7.853981633974492782e-01
9.723005034898631882e-01 8.543273504049983558e+02 7.853981633974492782e-01
6.687151667575061964e-01 8.555798791193649322e+02 7.853981633974492782e-01
3.521490161453242340e+00 8.562151892954613004e+02 7.853981633974492782e-01
7.747701386479052266e-01 8.574699902339448272e+02 7.853981633974492782e-01
8.331336873565864387e-01 8.585431230427261653e+02 7.853981633974492782e-01
2.076445716366722039e+00 8.594225216106349308e+02 7.853981633974492782e-01
9.870967338500232779e-01 8.604104509485516701e+02 7.853981633974492782e-01
6.612716354389269746e-01 8.612038183858442153e+02 7.853981633974492782e-01
3.671043878465597210e+00 8.624451777302253959e+02 7.853981633974492782e-01
9.448816562890842707e-01 8.629864883434511285e+02 7.853981633974492782e-01
9.965839417915023368e-01 8.643031588378248671e+02 7.853981633974492782e-01
1.863286929320884244e+00 8.655860013318722395e+02 7.853981633974492782e-01
9.372466478481958907e-01 8.663321745301821011e+02 7.853981633974492782e-01
7.895768247325258837e-01 8.672212023233206537e+02 7.853981633974492782e-01
2.311839810961314967e+00 8.686725923041954047e+02 7.853981633974492782e-01
1.616754284908208161e+00 8.689884523197084718e+02 7.853981633974492782e-01
1.125836924815045936e+00 8.704543411769402610e+02 7.853981633974492782e-01
1.613980187267559430e+00 8.717891926747854541e+02 7.853981633974492782e-01
1.043961478510886387e+00 8.724177200658112952e+02 7.853981633974492782e-01
8.496058096029995843e-01 8.733967911270802915e+02 7.853981633974492782e-01
1.639199134193522367e+00 8.748869638618366480e+02 7.853981633974492782e-01
2.151152980435845574e+00 8.751821485620274643e+02 7.853981633974492782e-01
1.139987260482279163e+00 8.766793777898410553e+02 7.853981633974492782e-01
1.414978260302547808e+00 8.779981211009412618e+02 7.853981633974492782e-01
1.185920190766773796e+00 8.785789617927247264e+02 7.853981633974492782e-01
8.941522019428156387e-01 8.796054804933592095e+02 7.853981633974492782e-01
1.221255889700855635e+00 8.810814082307441595e+02 7.853981633974492782e-01
2.602400156068463311e+00 8.814169341121673824e+02 7.853981633974492782e-01
1.080667105224105917e+00 8.829023321636559558e+02 7.853981633974492782e-01
1.189404814027716473e+00 8.841661556950842851e+02 7.853981633974492782e-01
1.420857493995165255e+00 8.847461593132965163e+02 7.853981633974492782e-01
9.525033046725408514e-01 8.858017906044063920e+02 7.853981633974492782e-01
8.308689591198487046e-01 8.871766827409151119e+02 7.853981633974492782e-01
3.205137297399876850e+00 8.876538492367787967e+02 7.853981633974492782e-01
9.117287173606395401e-01 8.890488508820329798e+02 7.853981633974492782e-01
9.254189657622742260e-01 8.901870303924547443e+02 7.853981633974492782e-01
1.891491108215529904e+00 8.908978807896870649e+02 7.853981633974492782e-01
1.018686550611190400e+00 8.919416480436351549e+02 7.853981633974492782e-01
5.908203237404674457e-01 8.928988415880420462e+02 7.853981633974492782e-01
3.963277147623177843e+00 8.938822967823710997e+02 7.853981633974492782e-01
7.179546271362556853e-01 8.947371947498295413e+02 7.853981633974492782e-01
8.679925126689168602e-01 8.958913816717255258e+02 7.853981633974492782e-01
1.984414277023361928e+00 8.970522984541149754e+02 7.853981633974492782e-01
9.169437235721241697e-01 8.979044168135610562e+02 7.853981633974492782e-01
7.226168137118808010e-01 8.987418384547685264e+02 7.853981633974492782e-01
2.885607221016881496e+00 9.001208802026809508e+02 7.853981633974492782e-01
1.238735064326963453e+00 9.005130172104729809e+02 7.853981633974492782e-01
1.052597445222451800e+00 9.019200712572592238e+02 7.853981633974492782e-01
1.669273977248926899e+00 9.032365441641813959e+02 7.853981633974492782e-01
9.736074710209248195e-01 9.039062266835188666e+02 7.853981633974492782e-01
7.885177602799680052e-01 9.048676995038340465e+02 7.853981633974492782e-01
1.928499764383200477e+00 9.063442735631590494e+02 7.853981633974492782e-01
1.787783269351354232e+00 9.066468012928648932e+02 7.853981633974492782e-01
1.088951369117585610e+00 9.081190118220041541e+02 7.853981633974492782e-01
1.422468753211652226e+00 9.094325902986262236e+02 7.853981633974492782e-01
1.115533804776162929e+00 9.100264357139386675e+02 7.853981633974492782e-01
8.361596116707574744e-01 9.110519055824015595e+02 7.853981633974492782e-01
1.376946483090732976e+00 9.125450070051504099e+02 7.853981633974492782e-01
2.273765297841058963e+00 9.128596173676908165e+02 7.853981633974492782e-01
1.056682650896777931e+00 9.143370785317749778e+02 7.853981633974492782e-01
1.206727455084884992e+00 9.156071377198281880e+02 7.853981633974492782e-01
1.332383632920757233e+00 9.161862666429167348e+02 7.853981633974492782e-01
9.021057244918559981e-01 9.172412717444176451e+02 7.853981633974492782e-01
9.414890883800638433e-01 9.186746422297527488e+02 7.853981633974492782e-01
2.877219043218369521e+00 9.190881126505572638e+02 7.853981633974492782e-01
9.505315807143147611e-01 9.205160633183618302e+02 7.853981633974492782e-01
9.784036016974348993e-01 9.216918564167334580e+02 7.853981633974492782e-01
1.718905414791060959e+00 9.223495170946596318e+02 7.853981633974492782e-01
9.893863748493915145e-01 9.234048406566381573e+02 7.853981633974492782e-01
6.075075416678713536e-01 9.245451626829304814e+02 7.853981633974492782e-01
3.730080767811883469e+00 9.253162050123657991e+02 7.853981633974492782e-01
7.125688086213938233e-01 9.264299172079316804e+02 7.853981633974492782e-01
8.203739342759767128e-01 9.275040201899875001e+02 7.853981633974492782e-01
2.076114903570563719e+00 9.285082009230901576e+02 7.853981633974492782e-01
9.520069440214733447e-01 9.294451587480249373e+02 7.853981633974492782e-01
6.950650263108835158e-01 9.302370394250082200e+02 7.853981633974492782e-01
3.346296680464875273e+00 9.315508961762762965e+02 7.853981633974492782e-01
1.073550553916452710e+00 9.320125727324513036e+02 7.853981633974492782e-01
1.033227428688294092e+00 9.333772823659311371e+02 7.853981633974492782e-01
1.795803472134313461e+00 9.346821576712991373e+02 7.853981633974492782e-01
9.517673872490478582e-01 9.353943955992004931e+02 7.853981633974492782e-01
7.982870220508786474e-01 9.363108810329426888e+02 7.853981633974492782e-01
2.139687516025566616e+00 9.377755610705531808e+02 7.853981633974492782e-01
1.717429967181924866e+00 9.380812572631529065e+02 7.853981633974492782e-01
1.126158810718303371e+00 9.395554870992290262e+02 7.853981633974492782e-01
1.557121772804111570e+00 9.408873276801630254e+02 7.853981633974492782e-01
1.068944368169044479e+00 9.415014420965533191e+02 7.853981633974492782e-01
8.513534558483601966e-01 9.424961369594099097e+02 7.853981633974492782e-01
1.542895265379151670e+00 9.439876520964293150e+02 7.853981633974492782e-01
2.217810326672993160e+00 9.442876635833306409e+02 7.853981633974492782e-01
1.121658943460520641e+00 9.457820830001973036e+02 7.853981633974492782e-01
1.352342217957019033e+00 9.470886272663047976e+02 7.853981633974492782e-01
1.228404402310586230e+00 9.476644889771208682e+02 7.853981633974492782e-01
8.983892337659307170e-01 9.487017226840215471e+02 7.853981633974492782e-01
1.128938586066254413e+00 9.501679207279307775e+02 7.853981633974492782e-01
2.693700711231437950e+00 9.505227348556772995e+02 7.853981633974492782e-01
1.045555500836246487e+00 9.519953116532550439e+02 7.853981633974492782e-01
1.119385327191092294e+00 9.532344083760332296e+02 7.853981633974492782e-01
1.509065360915799570e+00 9.538291788495141645e+02 7.853981633974492782e-01
9.676661206389737258e-01 9.548884657603240385e+02 7.853981633974492782e-01
7.387953817956098845e-01 9.562047901169889883e+02 7.853981633974492782e-01
3.389935756660903632e+00 9.567564521509442557e+02 7.853981633974492782e-01
8.407799603712511338e-01 9.580901744145717203e+02 7.853981633974492782e-01
8.687401836290330470e-01 9.591878892660076872e+02 7.853981633974492782e-01
2.019980045911509592e+00 9.599792052866197309e+02 7.853981633974492782e-01
1.010445188938045025e+00 9.609986674720677229e+02 7.853981633974492782e-01
6.245238819399403507e-01 9.618362194094601136e+02 7.853981633974492782e-01
3.884299035406610923e+00 9.629846585621355644e+02 7.853981633974492782e-01
8.283156599093948191e-01 9.636337496539392760e+02 7.853981633974492782e-01
9.437622823605752442e-01 9.648889818818929598e+02 7.853981633974492782e-01
1.904957962585974052e+00 9.661355139937999184e+02 7.853981633974492782e-01
9.212537856465544683e-01 9.669193722710180054e+02 7.853981633974492782e-01
7.599047998968256890e-01 9.677907618852051428e+02 7.853981633974492782e-01
2.522635618858061868e+00 9.692180116036435038e+02 7.853981633974492782e-01
1.450394887945478661e+00 9.695586213894421235e+02 7.853981633974492782e-01
1.091699068791344596e+00 9.710024152577682344e+02 7.853981633974492782e-01
1.618609368056820985e+00 9.723295521867117941e+02 7.853981633974492782e-01
1.014685405453442213e+00 9.729706992943939667e+02 7.853981633974492782e-01
8.187229460367183576e-01 9.739480001088537620e+02 7.853981633974492782e-01
1.741920420477390152e+00 9.754356752393973693e+02 7.853981633974492782e-01
1.986003511533147803e+00 9.757320686055891201e+02 7.853981633974492782e-01
1.110469006812172310e+00 9.772175499424274676e+02 7.853981633974492782e-01
1.398973222671495709e+00 9.785308022603544487e+02 7.853981633974492782e-01
1.162916646666745102e+00 9.791153036819484896e+02 7.853981633974492782e-01
8.666715288438515685e-01 9.801449006770452570e+02 7.853981633974492782e-01
1.266907099167782214e+00 9.816296636801819204e+02 7.853981633974492782e-01
2.464244106471746409e+00 9.819574522722127767e+02 7.853981633974492782e-01
1.062820994486859627e+00 9.834373437848242929e+02 7.853981633974492782e-01
1.181549256032774275e+00 9.846993220495342030e+02 7.853981633974492782e-01
1.396644975402368871e+00 9.852807497451626659e+02 7.853981633974492782e-01
9.322127818892497197e-01 9.863372345189825410e+02 7.853981633974492782e-01
8.579792659799603260e-01 9.877327480870611680e+02 7.853981633974492782e-01
3.088685145056627945e+00 9.881902910593087199e+02 7.853981633974492782e-01
9.194176298240516187e-01 9.895943384054762646e+02 7.853981633974492782e-01
9.361589697460169779e-01 9.907422663611100688e+02 7.853981633974492782e-01
1.838981834632834600e+00 9.914383378775696656e+02 7.853981633974492782e-01
1.008563090515250948e+00 9.924858967405961039e+02 7.853981633974492782e-01
5.871028331405553358e-01 9.935009994181660886e+02 7.853981633974492782e-01
3.902866340488886365e+00 9.944185849759409166e+02 7.853981633974492782e-01
7.006664697912073914e-01 9.953579352938552347e+02 7.853981633974492782e-01
8.447050279749453994e-01 9.964786917065075613e+02 7.853981633974492782e-01
2.012620044113813567e+00 9.975958859675123449e+02 7.853981633974492782e-01
9.221681008186526363e-01 9.984754094760362477e+02 7.853981633974492782e-01
7.093055415602952385e-01 9.993007089098100550e+02 7.853981633974492782e-01
3.032872738449593708e+00 1.000657511714289285e+03 7.853981633974492782e-01
1.168626285324503078e+00 1.001074080219161374e+03 7.853981633974492782e-01
1.039419783515227902e+00 1.002465341761550803e+03 7.853981633974492782e-01
1.697136163614705096e+00 1.003776889728204765e+03 7.853981633974492782e-01
9.608003711829948834e-01 1.004459753896906818e+03 7.853981633974492782e-01
7.811842363251908505e-01 1.005412012272823517e+03 7.853981633974492782e-01
2.005479658004563515e+00 1.006882878621482291e+03 7.853981633974492782e-01
1.726813549003950898e+00 1.007189002110166371e+03 7.853981633974492782e-01
1.085936343982769836e+00 1.008657077113539458e+03 7.853981633974492782e-01
1.441671045197918666e+00 1.009972300188745066e+03 7.853981633974492782e-01
1.097399936281137522e+00 1.010570919185068419e+03 7.853981633974492782e-01
8.282961819997338715e-01 1.011592610404261677e+03 7.853981633974492782e-01
1.426246757727452019e+00 1.013086914065277142e+03 7.853981633974492782e-01
2.212448323159928343e+00 1.013397307259680019e+03 7.853981633974492782e-01
1.059076243700036946e+00 1.014874942898777476e+03 7.853981633974492782e-01
