7.413210000000000077e-01 0.000000000000000000e+00 0.000000000000000000e+00
1.256852110480187967e+00 1.298297504038793626e+00 6.284930636431253603e+00
1.812958430348584837e+00 1.700462108896204860e+00 6.284930636431253603e+00
1.001346090062488425e+00 3.103140082426190993e+00 6.284930636431253603e+00
1.413547321116875199e+00 4.483968289635617666e+00 6.284930636431253603e+00
1.720758868037333356e+00 4.878242785488476230e+00 6.284930636431253603e+00
7.511739700218481586e-01 6.161612672850032446e+00 6.284930636431253603e+00
9.195991674417759443e-01 7.401567853930720808e+00 6.284930636431253603e+00
2.311316367882456202e+00 7.911211911731598434e+00 6.284930636431253603e+00
9.356405209479772278e-01 9.279911762315165902e+00 6.284930636431253603e+00
1.023611097462393316e+00 1.057754425643944174e+01 6.284930636431253603e+00
2.461870009170273654e+00 1.108350048207542216e+01 6.284930636431253603e+00
7.663134660437910251e-01 1.228688669134769107e+01 6.284930636431253603e+00
7.121085630276768885e-01 1.331072749359661422e+01 6.284930636431253603e+00
2.947650042992496111e+00 1.412816438980797251e+01 6.284930636431253603e+00
7.430346656186723742e-01 1.522625278993564635e+01 6.284930636431253603e+00
7.286413010043994998e-01 1.634349820397232378e+01 6.284930636431253603e+00
3.066061279742222201e+00 1.730259681999459787e+01 6.284930636431253603e+00
7.119857035641063980e-01 1.822002973406180359e+01 6.284930636431253603e+00
7.742950913685702208e-01 1.916782194594914657e+01 6.284930636431253603e+00
2.676182775296985117e+00 2.034523968864150945e+01 6.284930636431253603e+00
9.660885308325727339e-01 2.089175123395247979e+01 6.284930636431253603e+00
9.271037539982510678e-01 2.216556511626230730e+01 6.284930636431253603e+00
2.499356905433851139e+00 2.352058541762728439e+01 6.284930636431253603e+00
8.695993007493894034e-01 2.407290221577058276e+01 6.284930636431253603e+00
7.762547761903488830e-01 2.527374028191391631e+01 6.284930636431253603e+00
1.839717559167000527e+00 2.655072120287839610e+01 6.284930636431253603e+00
1.387808582664763035e+00 2.694724888546895158e+01 6.284930636431253603e+00
1.024958026527136301e+00 2.832761438831296630e+01 6.284930636431253603e+00
1.977666465721519273e+00 2.973875801173264932e+01 6.284930636431253603e+00
1.172647766851673490e+00 3.015547213287430139e+01 6.284930636431253603e+00
7.587846686481520830e-01 3.144366016358256388e+01 6.284930636431253603e+00
1.358163019683663597e+00 3.274089376265173712e+01 6.284930636431253603e+00
1.758293270618496829e+00 3.313153488894509024e+01 6.284930636431253603e+00
1.031359950664795688e+00 3.454038839539264671e+01 6.284930636431253603e+00
1.564232633526980498e+00 3.593928721478110333e+01 6.284930636431253603e+00
1.571785884593252636e+00 3.632363051694441936e+01 6.284930636431253603e+00
7.601184868712007603e-01 3.761667915466544798e+01 6.284930636431253603e+00
1.010897938777933991e+00 3.887856951520973325e+01 6.284930636431253603e+00
2.195581956238237709e+00 3.934433676054836582e+01 6.284930636431253603e+00
9.829677251583340825e-01 4.073817730119646541e+01 6.284930636431253603e+00
1.165632610286097437e+00 4.207650099979462510e+01 6.284930636431253603e+00
2.205495888079759048e+00 4.252260185627360300e+01 6.284930636431253603e+00
7.758732995503400121e-01 4.376364391308649715e+01 6.284930636431253603e+00
7.510963550714107040e-01 4.486216915818641127e+01 6.284930636431253603e+00
2.802708518456810349e+00 4.556259415350096020e+01 6.284930636431253603e+00
8.071143023829209229e-01 4.679466321726767575e+01 6.284930636431253603e+00
7.731934527508216304e-01 4.795754040736215273e+01 6.284930636431253603e+00
3.095156384132549565e+00 4.873546414030421658e+01 6.284930636431253603e+00
7.343294769297115110e-01 4.976572594027973651e+01 6.284930636431253603e+00
7.670499671238293349e-01 5.064658341283038823e+01 6.284930636431253603e+00
2.921287300655058150e+00 5.177626141337272259e+01 6.284930636431253603e+00
8.847707273473917056e-01 5.239538982482074658e+01 6.284930636431253603e+00
8.936272648766528937e-01 5.362886052113961455e+01 6.284930636431253603e+00
2.679626790645692314e+00 5.495119901046162170e+01 6.284930636431253603e+00
8.204512267119051794e-01 5.555809712739515760e+01 6.284930636431253603e+00
7.958764908565132412e-01 5.671083447405521127e+01 6.284930636431253603e+00
1.973113349470416500e+00 5.798002815302942992e+01 6.284930636431253603e+00
1.349307781052485389e+00 5.838244985797108910e+01 6.284930636431253603e+00
1.042739994956136451e+00 5.975888208409354974e+01 6.284930636431253603e+00
2.154123729234440177e+00 6.117500655510380625e+01 6.284930636431253603e+00
1.099206846014576300e+00 6.161241854082215497e+01 6.284930636431253603e+00
7.831929089014169065e-01 6.288193299517971013e+01 6.284930636431253603e+00
1.454483473566496654e+00 6.417605406046793348e+01 6.284930636431253603e+00
1.735015546300898936e+00 6.455841312620961503e+01 6.284930636431253603e+00
1.069626132400251173e+00 6.597448329674308809e+01 6.284930636431253603e+00
1.745856408983226471e+00 6.739122587474423653e+01 6.284930636431253603e+00
1.438028776100910067e+00 6.777453131072972781e+01 6.284930636431253603e+00
7.785099939722304185e-01 6.906937110730758889e+01 6.284930636431253603e+00
1.111189072333522487e+00 7.034264176429827842e+01 6.284930636431253603e+00
2.115287673419680825e+00 7.077584729473575464e+01 6.284930636431253603e+00
1.034300568409400656e+00 7.218933161156664369e+01 6.284930636431253603e+00
1.342045034213023680e+00 7.356411597258860979e+01 6.284930636431253603e+00
1.956192235023171966e+00 7.396762494857235026e+01 6.284930636431253603e+00
7.866152373596794201e-01 7.523667407567242549e+01 6.284930636431253603e+00
8.246502490653899731e-01 7.640036157429268826e+01 6.284930636431253603e+00
2.636584090298043748e+00 7.699833257771740591e+01 6.284930636431253603e+00
8.935334649911773619e-01 7.832313985346860363e+01 6.284930636431253603e+00
8.894856161665952721e-01 7.956027498029348521e+01 6.284930636431253603e+00
2.886719882250284197e+00 8.017238045040735983e+01 6.284930636431253603e+00
7.660517777896647118e-01 8.130634818267681396e+01 6.284930636431253603e+00
7.303372930964102672e-01 8.219539055847025111e+01 6.284930636431253603e+00
3.104829809823993703e+00 8.321371873647336770e+01 6.284930636431253603e+00
7.657634656282666930e-01 8.401135735295380869e+01 6.284930636431253603e+00
7.998152873399561047e-01 8.516718674499985298e+01 6.284930636431253603e+00
2.836751064758848973e+00 8.638712745982789443e+01 6.284930636431253603e+00
7.466429680101696054e-01 8.710211168463148113e+01 6.284930636431253603e+00
7.817644150244230650e-01 8.818682033442748036e+01 6.284930636431253603e+00
2.237233648492940041e+00 8.942648568649870811e+01 6.284930636431253603e+00
1.160144428231711933e+00 8.987516703826221942e+01 6.284930636431253603e+00
9.856890856424600500e-01 9.121201934516896870e+01 6.284930636431253603e+00
2.231287725160646218e+00 9.260629011551692713e+01 6.284930636431253603e+00
9.978922188628286394e-01 9.307844387232567840e+01 6.284930636431253603e+00
7.631787067057338447e-01 9.433572726624981897e+01 6.284930636431253603e+00
1.593818018500405831e+00 9.562762769021237830e+01 6.284930636431253603e+00
1.545988679067205274e+00 9.601243609020062308e+01 6.284930636431253603e+00
1.028137777962925492e+00 9.740928600798842751e+01 6.284930636431253603e+00
1.765580010019188073e+00 9.881779529246310290e+01 6.284930636431253603e+00
1.340868227145286751e+00 9.921009606337922548e+01 6.284930636431253603e+00
7.526838858518238862e-01 1.005082732664036484e+02 6.284930636431253603e+00
1.185586228636350548e+00 1.017993929374930957e+02 6.284930636431253603e+00
1.933958839476987990e+00 1.022131921994808863e+02 6.284930636431253603e+00
1.012058990837422678e+00 1.036201422702757924e+02 6.284930636431253603e+00
1.371441412854812025e+00 1.049971693152236725e+02 6.284930636431253603e+00
1.826864669334464342e+00 1.053960219614207574e+02 6.284930636431253603e+00
7.645834536195785791e-01 1.066724898849701617e+02 6.284930636431253603e+00
8.719631272551817691e-01 1.078828600422619814e+02 6.284930636431253603e+00
2.450061390599537869e+00 1.084291100512987356e+02 6.284930636431253603e+00
9.190191157470788408e-01 1.097818739474901264e+02 6.284930636431253603e+00
9.607775403144761528e-01 1.110547703497661018e+02 6.284930636431253603e+00
2.647448300865642423e+00 1.116023461505647560e+02 6.284930636431253603e+00
7.679245298698021971e-01 1.127788946316274235e+02 6.284930636431253603e+00
7.091296487545956095e-01 1.137402468648625842e+02 6.284930636431253603e+00
3.049844929582534725e+00 1.146462359875455945e+02 6.284930636431253603e+00
7.283459445984197256e-01 1.156219658186904837e+02 6.284930636431253603e+00
7.396532877204946566e-01 1.167372645492035730e+02 6.284930636431253603e+00
2.972474178530414068e+00 1.178208818112907323e+02 6.284930636431253603e+00
7.127133190512908723e-01 1.186508081532850127e+02 6.284930636431253603e+00
7.731157014329437249e-01 1.196607020568482653e+02 6.284930636431253603e+00
2.490578238625587915e+00 1.208643890995783039e+02 6.284930636431253603e+00
1.026975496290807977e+00 1.213704632927596379e+02 6.284930636431253603e+00
9.427366954811421396e-01 1.226684762867458289e+02 6.284930636431253603e+00
2.356710216170862626e+00 1.240390081697934050e+02 6.284930636431253603e+00
9.134111240192092085e-01 1.245550796709599268e+02 6.284930636431253603e+00
7.597529779518661375e-01 1.257874412070694632e+02 6.284930636431253603e+00
1.739041762564638161e+00 1.270702270924714270e+02 6.284930636431253603e+00
1.416842490175931335e+00 1.274638859339456047e+02 6.284930636431253603e+00
1.008159163550864434e+00 1.288458238217080805e+02 6.284930636431253603e+00
1.842645436832567984e+00 1.302510105723294203e+02 6.284930636431253603e+00
1.240880729275476213e+00 1.306552886990440641e+02 6.284930636431253603e+00
7.424481965259484006e-01 1.319528128522625821e+02 6.284930636431253603e+00
1.276678155991592067e+00 1.332515089754320741e+02 6.284930636431253603e+00
1.794391545058100723e+00 1.336511470640351433e+02 6.284930636431253603e+00
1.004003512948043131e+00 1.350542008925449124e+02 6.284930636431253603e+00
1.435691483968241977e+00 1.364377159946495510e+02 6.284930636431253603e+00
1.691681761600643652e+00 1.368299347114949001e+02 6.284930636431253603e+00
7.508548234429123225e-01 1.381154756115386704e+02 6.284930636431253603e+00
9.352721876088878616e-01 1.393610948072571034e+02 6.284930636431253603e+00
2.283166000213590952e+00 1.398615456211527146e+02 6.284930636431253603e+00
9.428593297993665967e-01 1.412349855010635622e+02 6.284930636431253603e+00
1.045952689419323622e+00 1.425400412082183834e+02 6.284930636431253603e+00
2.413265115824853257e+00 1.430342237452648817e+02 6.284930636431253603e+00
7.673016614290840698e-01 1.442450235817084945e+02 6.284930636431253603e+00
7.164840134164672802e-01 1.452839517343691114e+02 6.284930636431253603e+00
2.920578576318915154e+00 1.460784944985248615e+02 6.284930636431253603e+00
7.519766022365361735e-01 1.472051633782006945e+02 6.284930636431253603e+00
7.316752096861450783e-01 1.483275983029980694e+02 6.284930636431253603e+00
3.084766791178007672e+00 1.492526521327645241e+02 6.284930636431253603e+00
7.147362919903667011e-01 1.501920403651914455e+02 6.284930636431253603e+00
7.748750921818653437e-01 1.511241408253028169e+02 6.284930636431253603e+00
2.723033495687613659e+00 1.522947657957689103e+02 6.284930636431253603e+00
9.534859695099178190e-01 1.528514281015946779e+02 6.284930636431253603e+00
9.240583113101101809e-01 1.541193822561618560e+02 6.284930636431253603e+00
2.538705195190760655e+00 1.554704146166957059e+02 6.284930636431253603e+00
8.609068425709803796e-01 1.560319680231028485e+02 6.284930636431253603e+00
7.821200248025779178e-01 1.572235682543196162e+02 6.284930636431253603e+00
1.862536360928798373e+00 1.584995338181170439e+02 6.284930636431253603e+00
1.387587732992486611e+00 1.588959967144034806e+02 6.284930636431253603e+00
1.032374526226127021e+00 1.602770723087247120e+02 6.284930636431253603e+00
2.019718776668718352e+00 1.616905077496641923e+02 6.284930636431253603e+00
1.157510945896440990e+00 1.621109261237484986e+02 6.284930636431253603e+00
7.657624697716223228e-01 1.633952290408417412e+02 6.284930636431253603e+00
1.378190132282055336e+00 1.646915399007571068e+02 6.284930636431253603e+00
1.759105432242812350e+00 1.650800831599626122e+02 6.284930636431253603e+00
1.042517588117982452e+00 1.664914948066231659e+02 6.284930636431253603e+00
1.607724595660905198e+00 1.678953683796425764e+02 6.284930636431253603e+00
1.540688291697191792e+00 1.682782993684826636e+02 6.284930636431253603e+00
7.652975749002760564e-01 1.695724490612844590e+02 6.284930636431253603e+00
1.033205178489262410e+00 1.708368963961329428e+02 6.284930636431253603e+00
2.180359097426245008e+00 1.712945701414035398e+02 6.284930636431253603e+00
9.963572665919160354e-01 1.726939358362720327e+02 6.284930636431253603e+00
1.205593812009418508e+00 1.740416241933228036e+02 6.284930636431253603e+00
2.148091342008656923e+00 1.744757518382770343e+02 6.284930636431253603e+00
7.793187940109954637e-01 1.757243775058775270e+02 6.284930636431253603e+00
7.651268603015792813e-01 1.768378852974932158e+02 6.284930636431253603e+00
2.769944159130692363e+00 1.775137634552231702e+02 6.284930636431253603e+00
8.260989448405589020e-01 1.787703573268994148e+02 6.284930636431253603e+00
7.933684977155983642e-01 1.799485849226571474e+02 6.284930636431253603e+00
3.072493061880791743e+00 1.806865281547834741e+02 6.284930636431253603e+00
7.414241560652511387e-01 1.817413347175601075e+02 6.284930636431253603e+00
7.610969607879980448e-01 1.826149140746982198e+02 6.284930636431253603e+00
2.974227652745980333e+00 1.837272877886686331e+02 6.284930636431253603e+00
8.597351667869671532e-01 1.843735068446165428e+02 6.284930636431253603e+00
8.780371680185320438e-01 1.855931253157393144e+02 6.284930636431253603e+00
2.711520251118411995e+00 1.869016160530863715e+02 6.284930636431253603e+00
8.061906508440698227e-01 1.875252769402936508e+02 6.284930636431253603e+00
7.950255020606784573e-01 1.886666181026774325e+02 6.284930636431253603e+00
2.015444841597955339e+00 1.899321086189313803e+02 6.284930636431253603e+00
1.319889143140479781e+00 1.903399113325438918e+02 6.284930636431253603e+00
1.035967552960403326e+00 1.917111187310494245e+02 6.284930636431253603e+00
2.172919330013792560e+00 1.931248505248584877e+02 6.284930636431253603e+00
1.081916080610030306e+00 1.935675968815897363e+02 6.284930636431253603e+00
7.817066289588533445e-01 1.948346267115833825e+02 6.284930636431253603e+00
1.477178068879666073e+00 1.961288081302434705e+02 6.284930636431253603e+00
1.708303069463569468e+00 1.965104921432433969e+02 6.284930636431253603e+00
1.066422273846100888e+00 1.979245911248728760e+02 6.284930636431253603e+00
1.758811990487657351e+00 1.993412686331854218e+02 6.284930636431253603e+00
1.418601632551764302e+00 1.997258667633428786e+02 6.284930636431253603e+00
7.763500918335504153e-01 2.010209637782996026e+02 6.284930636431253603e+00
1.126276332423890469e+00 2.022973496773259683e+02 6.284930636431253603e+00
2.087895875107818267e+00 2.027261635624964526e+02 6.284930636431253603e+00
1.034900876403334058e+00 2.041400068953612674e+02 6.284930636431253603e+00
1.357906248234257651e+00 2.055172470060861940e+02 6.284930636431253603e+00
1.924705867681101301e+00 2.059180764855938435e+02 6.284930636431253603e+00
7.846451263361620132e-01 2.071894510428633680e+02 6.284930636431253603e+00
8.359788233675590208e-01 2.083629837194431218e+02 6.284930636431253603e+00
2.602632825239436176e+00 2.089483065514934310e+02 6.284930636431253603e+00
9.030794118670235626e-01 2.102818882866132242e+02 6.284930636431253603e+00
9.084545321564694298e-01 2.115289223567196188e+02 6.284930636431253603e+00
2.835916204869989521e+00 2.121226122762935233e+02 6.284930636431253603e+00
7.687813329160154696e-01 2.132685195045733337e+02 6.284930636431253603e+00
7.243179443022148556e-01 2.141695291552398146e+02 6.284930636431253603e+00
3.108614843958907414e+00 2.151642636454072033e+02 6.284930636431253603e+00
7.519397216339269718e-01 2.160003174941652446e+02 6.284930636431253603e+00
7.837094522403059704e-01 2.171438883683368601e+02 6.284930636431253603e+00
2.866891977214460763e+00 2.183379190763280633e+02 6.284930636431253603e+00
7.363146693736501991e-01 2.190767854792369178e+02 6.284930636431253603e+00
7.793113168384311340e-01 2.201462412668053332e+02 6.284930636431253603e+00
2.291546864157743890e+00 2.213786449984771139e+02 6.284930636431253603e+00
1.127352796605268548e+00 2.218389149981547916e+02 6.284930636431253603e+00
9.751018417390325821e-01 2.231673251840044259e+02 6.284930636431253603e+00
2.252758582982639535e+00 2.245566262568559353e+02 6.284930636431253603e+00
9.783039795123791293e-01 2.250372989807116539e+02 6.284930636431253603e+00
7.606956282948376113e-01 2.262906432913862034e+02 6.284930636431253603e+00
1.624142228612966754e+00 2.275809682479097091e+02 6.284930636431253603e+00
1.512645592858599342e+00 2.279674070889774669e+02 6.284930636431253603e+00
1.021322809073035964e+00 2.293604755144607168e+02 6.284930636431253603e+00
1.775119271755985162e+00 2.307676383825449875e+02 6.284930636431253603e+00
1.319831146880242834e+00 2.311621436095446711e+02 6.284930636431253603e+00
7.486272524914480142e-01 2.324607337144701660e+02 6.284930636431253603e+00
1.202952882952473823e+00 2.337543573179809755e+02 6.284930636431253603e+00
1.899566040541059486e+00 2.341648179638243619e+02 6.284930636431253603e+00
1.008110574805138215e+00 2.355704103512165375e+02 6.284930636431253603e+00
1.379541079946725146e+00 2.369480598957192967e+02 6.284930636431253603e+00
1.799929145705061906e+00 2.373459019268732959e+02 6.284930636431253603e+00
7.604252740462242866e-01 2.386240269755852523e+02 6.284930636431253603e+00
8.831326463548491157e-01 2.398427929265855596e+02 6.284930636431253603e+00
2.412581497704038735e+00 2.403792712431031475e+02 6.284930636431253603e+00
9.231524780488974402e-01 2.417364162193730124e+02 6.284930636431253603e+00
9.758769533707923882e-01 2.430157974696631413e+02 6.284930636431253603e+00
2.599041265652698662e+00 2.435522141221522929e+02 6.284930636431253603e+00
7.675221877057537556e-01 2.447360105230384875e+02 6.284930636431253603e+00
7.081478754028681655e-01 2.457135678520095894e+02 6.284930636431253603e+00
3.026562500865891181e+00 2.465964452952996453e+02 6.284930636431253603e+00
7.290688179780313583e-01 2.476059626371769298e+02 6.284930636431253603e+00
7.336106049086794645e-01 2.487188624821919234e+02 6.284930636431253603e+00
3.000776912959474796e+00 2.497711933496433687e+02 6.284930636431253603e+00
7.107911511539716232e-01 2.506244034085039232e+02 6.284930636431253603e+00
7.735120699973476732e-01 2.516176203070576491e+02 6.284930636431253603e+00
2.539948405690221289e+00 2.528145997447180662e+02 6.284930636431253603e+00
1.009616509540862017e+00 2.533310841629921981e+02 6.284930636431253603e+00
9.384739346229268309e-01 2.546227308024823230e+02 6.284930636431253603e+00
2.393613105565874033e+00 2.559893853300816033e+02 6.284930636431253603e+00
9.005354959479032750e-01 2.565149071353865793e+02 6.284930636431253603e+00
7.635356212555155508e-01 2.577395223424647384e+02 6.284930636431253603e+00
1.766760651388066705e+00 2.590206143241545647e+02 6.284930636431253603e+00
1.406320016820496344e+00 2.594152359145274431e+02 6.284930636431253603e+00
1.011545078936511688e+00 2.607963955980592914e+02 6.284930636431253603e+00
1.875853274054812170e+00 2.622029493785997829e+02 6.284930636431253603e+00
1.221434411124892927e+00 2.626102156835599999e+02 6.284930636431253603e+00
7.457130546892470901e-01 2.639059304155068730e+02 6.284930636431253603e+00
1.298633834053669167e+00 2.652045274061185296e+02 6.284930636431253603e+00
1.780696470447998170e+00 2.656015386319726872e+02 6.284930636431253603e+00
1.009819173308684537e+00 2.670058037492556196e+02 6.284930636431253603e+00
1.466172800168561441e+00 2.683931264732029263e+02 6.284930636431253603e+00
1.659191785859500445e+00 2.687828532153789638e+02 6.284930636431253603e+00
7.522467831162115148e-01 2.700707832430156259e+02 6.284930636431253603e+00
9.542440048867825153e-01 2.713216370805782844e+02 6.284930636431253603e+00
2.256622153515559503e+00 2.718121805143867959e+02 6.284930636431253603e+00
9.526778505062503122e-01 2.731912410878557580e+02 6.284930636431253603e+00
1.074602389522041124e+00 2.745051250558976790e+02 6.284930636431253603e+00
2.358556568451017466e+00 2.749858122324072269e+02 6.284930636431253603e+00
7.692790620295285597e-01 2.762050596163751948e+02 6.284930636431253603e+00
7.232461743593620040e-01 2.772601456545262977e+02 6.284930636431253603e+00
2.891012930558982674e+00 2.780292771063560053e+02 6.284930636431253603e+00
7.641808403368852698e-01 2.791863368111443151e+02 6.284930636431253603e+00
7.381396187069177994e-01 2.803166989131584614e+02 6.284930636431253603e+00
3.100847789757849693e+00 2.812030746410852657e+02 6.284930636431253603e+00
7.189504612622946711e-01 2.821667319639207108e+02 6.284930636431253603e+00
7.750958534822546264e-01 2.830820372589781186e+02 6.284930636431253603e+00
2.775301603660062177e+00 2.842445687479170147e+02 6.284930636431253603e+00
9.393525042281111181e-01 2.848132616251334639e+02 6.284930636431253603e+00
9.200832167169060716e-01 2.860743477727872914e+02 6.284930636431253603e+00
2.581983471270059560e+00 2.874204487963074826e+02 6.284930636431253603e+00
8.517416675027269513e-01 2.879924435182344951e+02 6.284930636431253603e+00
7.886149393184734846e-01 2.891735013650846895e+02 6.284930636431253603e+00
1.887253376308146491e+00 2.904484116857271374e+02 6.284930636431253603e+00
1.387874804015021946e+00 2.908447545685089040e+02 6.284930636431253603e+00
1.040661441430721812e+00 2.922266559929326490e+02 6.284930636431253603e+00
2.067123638693287635e+00 2.936425699978652801e+02 6.284930636431253603e+00
1.141638470437061015e+00 2.940673402753729988e+02 6.284930636431253603e+00
7.739480569277883415e-01 2.953468372084574298e+02 6.284930636431253603e+00
1.399386515826297250e+00 2.966420632723222752e+02 6.284930636431253603e+00
1.762461060190292361e+00 2.970284051121597599e+02 6.284930636431253603e+00
1.055568612514594884e+00 2.984427952952256078e+02 6.284930636431253603e+00
1.658391802750867949e+00 2.998522128803115265e+02 6.284930636431253603e+00
1.506988841663842615e+00 3.002342028182833928e+02 6.284930636431253603e+00
7.717519213982304560e-01 3.015289419544066618e+02 6.284930636431253603e+00
1.058312546735254545e+00 3.027956499539944275e+02 6.284930636431253603e+00
2.166078292473543776e+00 3.032449881458879872e+02 6.284930636431253603e+00
1.011771768844481389e+00 3.046502582446623819e+02 6.284930636431253603e+00
1.252929893410135387e+00 3.060081988632496746e+02 6.284930636431253603e+00
2.084060583642456166e+00 3.064300827417750384e+02 6.284930636431253603e+00
7.833453430844137255e-01 3.076865352504424891e+02 6.284930636431253603e+00
7.829552588600678931e-01 3.088161808488971474e+02 6.284930636431253603e+00
2.732430489352232872e+00 3.094655194040491892e+02 6.284930636431253603e+00
8.485681674526029949e-01 3.107472745269728307e+02 6.284930636431253603e+00
8.206460863668343375e-01 3.119441552775524542e+02 6.284930636431253603e+00
3.031428085858389743e+00 3.126384441685567595e+02 6.284930636431253603e+00
7.499208507380186184e-01 3.137203074213252307e+02 6.284930636431253603e+00
7.525955353912029411e-01 3.145908211113287507e+02 6.284930636431253603e+00
3.029320938670307051e+00 3.156792568092722036e+02 6.284930636431253603e+00
8.293666594077291343e-01 3.163634245687895827e+02 6.284930636431253603e+00
8.565666974867066630e-01 3.175648552622251373e+02 6.284930636431253603e+00
2.747255281732289500e+00 3.188529575585384919e+02 6.284930636431253603e+00
7.882607692041040393e-01 3.194994474709144470e+02 6.284930636431253603e+00
7.920137789946605222e-01 3.206263297832842341e+02 6.284930636431253603e+00
2.072870394156110407e+00 3.218860278934815256e+02 6.284930636431253603e+00
1.276800505256926899e+00 3.223027854638407916e+02 6.284930636431253603e+00
1.023537703499562523e+00 3.236656837161257272e+02 6.284930636431253603e+00
2.188604616381367940e+00 3.250749893576335694e+02 6.284930636431253603e+00
1.059677210220478782e+00 3.255247742855079878e+02 6.284930636431253603e+00
7.771077185649630792e-01 3.267894845178904575e+02 6.284930636431253603e+00
1.506795871969168310e+00 3.280836978533976094e+02 6.284930636431253603e+00
1.666187040390245455e+00 3.284653257794443562e+02 6.284930636431253603e+00
1.057449614830246354e+00 3.298754021457294812e+02 6.284930636431253603e+00
1.762721178850471970e+00 3.312903674175466335e+02 6.284930636431253603e+00
1.397820096987260508e+00 3.316768144354279571e+02 6.284930636431253603e+00
7.707383555869179448e-01 3.329726239650931348e+02 6.284930636431253603e+00
1.142143821614730159e+00 3.342532307878519191e+02 6.284930636431253603e+00
2.048453105468821089e+00 3.346775259562048177e+02 6.284930636431253603e+00
1.030605429803115980e+00 3.360901801737092001e+02 6.284930636431253603e+00
1.365414275700735924e+00 3.374681465200615094e+02 6.284930636431253603e+00
1.895787644133678507e+00 3.378677794706304667e+02 6.284930636431253603e+00
7.801052126659894226e-01 3.391408379567997713e+02 6.284930636431253603e+00
8.464178089854890175e-01 3.403249449375825293e+02 6.284930636431253603e+00
2.562047618454384335e+00 3.408984182546937518e+02 6.284930636431253603e+00
9.097224853560319513e-01 3.422389007213649847e+02 6.284930636431253603e+00
9.251040930712582933e-01 3.434944607616910162e+02 6.284930636431253603e+00
2.782057390637656891e+00 3.440726905637475852e+02 6.284930636431253603e+00
7.697912420193602223e-01 3.452288067131776756e+02 6.284930636431253603e+00
7.186177367980970399e-01 3.461452457224328896e+02 6.284930636431253603e+00
3.101378321662797699e+00 3.471148943465688035e+02 6.284930636431253603e+00
7.408201938355601923e-01 3.479915752850890271e+02 6.284930636431253603e+00
7.683033296305837867e-01 3.491241503768245593e+02 6.284930636431253603e+00
2.897369312316978363e+00 3.502888669333124199e+02 6.284930636431253603e+00
7.271224857318698831e-01 3.510534423797892600e+02 6.284930636431253603e+00
7.767959868550328162e-01 3.521065134536461869e+02 6.284930636431253603e+00
2.348942364411230610e+00 3.533308119913945120e+02 6.284930636431253603e+00
1.094594931894805834e+00 3.538040714628244814e+02 6.284930636431253603e+00
9.642436890722980714e-01 3.551234208097913552e+02 6.284930636431253603e+00
2.277429334163718178e+00 3.565072256158451296e+02 6.284930636431253603e+00
9.582068242782905143e-01 3.569974481909479209e+02 6.284930636431253603e+00
7.586619679700742358e-01 3.582460265969539250e+02 6.284930636431253603e+00
1.656825836898687898e+00 3.595343677109790974e+02 6.284930636431253603e+00
1.479383699723240353e+00 3.599228846331514546e+02 6.284930636431253603e+00
1.014819525406954304e+00 3.613120416875757428e+02 6.284930636431253603e+00
1.787429791976230975e+00 3.627179146287301705e+02 6.284930636431253603e+00
1.297399616719662641e+00 3.631149340851736156e+02 6.284930636431253603e+00
7.448915711286541175e-01 3.644137946034186371e+02 6.284930636431253603e+00
1.222160655156317999e+00 3.657096322598266056e+02 6.284930636431253603e+00
1.864538675623420350e+00 3.661168137188489027e+02 6.284930636431253603e+00
1.004368775963053073e+00 3.675210217897689517e+02 6.284930636431253603e+00
1.389357566350348794e+00 3.688994556837116079e+02 6.284930636431253603e+00
1.771168477537798269e+00 3.692961831675556255e+02 6.284930636431253603e+00
7.562868223078547114e-01 3.705761268020445414e+02 6.284930636431253603e+00
8.956326627103829985e-01 3.718033087734191326e+02 6.284930636431253603e+00
2.373478329467382686e+00 3.723297169830079838e+02 6.284930636431253603e+00
9.273082643413502746e-01 3.736911502402211909e+02 6.284930636431253603e+00
9.922227397807901195e-01 3.749771708267370514e+02 6.284930636431253603e+00
2.548237116768829136e+00 3.755023223525118965e+02 6.284930636431253603e+00
7.668965360207656845e-01 3.766934080107624823e+02 6.284930636431253603e+00
7.083707785294968140e-01 3.776882615151922096e+02 6.284930636431253603e+00
2.998779495814053675e+00 3.785468497444632021e+02 6.284930636431253603e+00
7.322815107676934332e-01 3.795904958461229626e+02 6.284930636431253603e+00
7.296007888974421762e-01 3.807031223479719984e+02 6.284930636431253603e+00
3.027746811840566821e+00 3.817215819279257403e+02 6.284930636431253603e+00
7.101450344925749336e-01 3.825989201002648201e+02 6.284930636431253603e+00
7.738987842076973100e-01 3.835749207928008673e+02 6.284930636431253603e+00
2.591040481922069372e+00 3.847647772239347432e+02 6.284930636431253603e+00
9.926533616611209476e-01 3.852922585269254228e+02 6.284930636431253603e+00
9.342126659792084897e-01 3.865772902279304617e+02 6.284930636431253603e+00
2.432746946615564898e+00 3.879397727620971636e+02 6.284930636431253603e+00
8.881878575737793824e-01 3.884752294361505278e+02 6.284930636431253603e+00
7.679644696363703282e-01 3.896913133981436772e+02 6.284930636431253603e+00
1.794761400079740055e+00 3.909707619356009332e+02 6.284930636431253603e+00
1.397720960932209655e+00 3.913662311150374649e+02 6.284930636431253603e+00
1.015947496719654675e+00 3.927468775632458460e+02 6.284930636431253603e+00
1.912418961575119480e+00 3.941550322770410730e+02 6.284930636431253603e+00
1.202293898992524923e+00 3.945656379885998604e+02 6.284930636431253603e+00
7.499498347577233659e-01 3.958589707326920575e+02 6.284930636431253603e+00
1.321252582095823191e+00 3.971572173092513935e+02 6.284930636431253603e+00
1.769682439439891786e+00 3.975517026538022947e+02 6.284930636431253603e+00
1.016978967782426357e+00 3.989574782421532859e+02 6.284930636431253603e+00
1.500554848889562587e+00 4.003489722389032295e+02 6.284930636431253603e+00
1.625996018954964262e+00 4.007363873911891119e+02 6.284930636431253603e+00
7.545059310407814523e-01 4.020265307461135649e+02 6.284930636431253603e+00
9.747992730111149084e-01 4.032820910242922992e+02 6.284930636431253603e+00
2.231596784351322249e+00 4.037628962106837776e+02 6.284930636431253603e+00
9.634696573707679512e-01 4.051476167353735036e+02 6.284930636431253603e+00
1.106585699381065657e+00 4.064706548878774015e+02 6.284930636431253603e+00
2.301533902422483457e+00 4.069378859641655026e+02 6.284930636431253603e+00
7.715458879805543457e-01 4.081655789623781629e+02 6.284930636431253603e+00
7.320756518801113666e-01 4.092371964878594213e+02 6.284930636431253603e+00
2.858933207906046992e+00 4.099802775690531007e+02 6.284930636431253603e+00
7.788024529522222794e-01 4.111669868664851037e+02 6.284930636431253603e+00
7.482007816103468656e-01 4.123078207615290012e+02 6.284930636431253603e+00
3.108114595139454650e+00 4.131536807631043189e+02 6.284930636431253603e+00
7.241224120068764369e-01 4.141423275418522394e+02 6.284930636431253603e+00
7.736887061152334377e-01 4.150423508315868162e+02 6.284930636431253603e+00
2.829840763464604336e+00 4.161947349234375793e+02 6.284930636431253603e+00
9.218087551323365103e-01 4.167787661879831376e+02 6.284930636431253603e+00
9.131337899867409957e-01 4.180312227205298541e+02 6.284930636431253603e+00
2.622254521580981379e+00 4.193705058634267289e+02 6.284930636431253603e+00
8.413484608323540392e-01 4.199541843182506682e+02 6.284930636431253603e+00
7.933838496688128128e-01 4.211245990242724702e+02 6.284930636431253603e+00
1.915204908650929738e+00 4.223980047258281729e+02 6.284930636431253603e+00
1.381421530910899698e+00 4.227952493189251868e+02 6.284930636431253603e+00
1.045554327387278049e+00 4.241766895771692134e+02 6.284930636431253603e+00
2.108257133427690722e+00 4.255939831698647708e+02 6.284930636431253603e+00
1.125896448228475011e+00 4.260233660639345885e+02 6.284930636431253603e+00
7.801581105658074167e-01 4.272983588213102166e+02 6.284930636431253603e+00
1.419969591861137026e+00 4.285928094105640866e+02 6.284930636431253603e+00
1.760422732227892695e+00 4.289772667355557019e+02 6.284930636431253603e+00
1.065395062700433160e+00 4.303936414478520192e+02 6.284930636431253603e+00
1.702229425210779468e+00 4.318073741168166748e+02 6.284930636431253603e+00
1.476818015495128034e+00 4.321893194257790469e+02 6.284930636431253603e+00
7.767205424843375283e-01 4.334841362647064784e+02 6.284930636431253603e+00
1.081269422124998103e+00 4.347530530671169799e+02 6.284930636431253603e+00
2.150431087898368787e+00 4.351952325958274628e+02 6.284930636431253603e+00
1.024392215516152893e+00 4.366051051572814572e+02 6.284930636431253603e+00
1.295636848561659615e+00 4.379715619053034175e+02 6.284930636431253603e+00
2.026422829072279441e+00 4.383839344888803566e+02 6.284930636431253603e+00
7.862115684932017290e-01 4.396466360039289611e+02 6.284930636431253603e+00
8.008040485673195708e-01 4.407909352220510186e+02 6.284930636431253603e+00
2.694736492134740757e+00 4.414169781756165207e+02 6.284930636431253603e+00
8.692923139602730664e-01 4.427194008719757221e+02 6.284930636431253603e+00
8.494826720133550335e-01 4.439341249676328971e+02 6.284930636431253603e+00
2.977627659499429313e+00 4.445903140076518980e+02 6.284930636431253603e+00
7.576585687398157409e-01 4.456961189902036722e+02 6.284930636431253603e+00
7.432846916055192432e-01 4.465700301631842990e+02 6.284930636431253603e+00
3.071671683116536933e+00 4.476312739720098648e+02 6.284930636431253603e+00
8.004346592608705402e-01 4.483591430136926874e+02 6.284930636431253603e+00
8.331746576284454475e-01 4.495414219052449880e+02 6.284930636431253603e+00
2.782675509571040706e+00 4.508046146377729428e+02 6.284930636431253603e+00
7.701885909250734130e-01 4.514772255635098190e+02 6.284930636431253603e+00
7.877400527426117183e-01 4.525881507524685503e+02 6.284930636431253603e+00
2.137181489509839327e+00 4.538404885412951444e+02 6.284930636431253603e+00
1.228576361137952988e+00 4.542689294815313019e+02 6.284930636431253603e+00
1.008134280709903408e+00 4.556217184911330946e+02 6.284930636431253603e+00
2.202550207436303698e+00 4.570252769990029265e+02 6.284930636431253603e+00
1.035270337641596150e+00 4.574832478789591619e+02 6.284930636431253603e+00
7.709202085155236750e-01 4.587456274688998406e+02 6.284930636431253603e+00
1.540035434193649522e+00 4.600394267167474709e+02 6.284930636431253603e+00
1.616872124940592403e+00 4.604218557699515486e+02 6.284930636431253603e+00
1.045156739625504816e+00 4.618266577814836182e+02 6.284930636431253603e+00
1.761039965589916712e+00 4.632388920136416459e+02 6.284930636431253603e+00
1.376535857991567857e+00 4.636275098943640387e+02 6.284930636431253603e+00
7.631298438703374432e-01 4.649243349721644449e+02 6.284930636431253603e+00
1.158063245138645669e+00 4.662094737969779885e+02 6.284930636431253603e+00
2.002803936567846943e+00 4.666295253897182533e+02 6.284930636431253603e+00
1.022952569163466663e+00 4.680398934458798408e+02 6.284930636431253603e+00
1.366398762601341188e+00 4.694173052424142725e+02 6.284930636431253603e+00
1.869969314469644317e+00 4.698167999609894991e+02 6.284930636431253603e+00
7.738872657259305843e-01 4.710910505592641471e+02 6.284930636431253603e+00
8.556421928794241127e-01 4.722856067377951490e+02 6.284930636431253603e+00
2.518651490928744963e+00 4.728485004435754036e+02 6.284930636431253603e+00
9.134759106265125661e-01 4.741939870684537937e+02 6.284930636431253603e+00
9.385191234107371772e-01 4.754563628524761043e+02 6.284930636431253603e+00
2.730125734013157501e+00 4.760224204645407440e+02 6.284930636431253603e+00
7.692446892843707307e-01 4.771867099402298322e+02 6.284930636431253603e+00
7.139094386348712185e-01 4.781200935062943813e+02 6.284930636431253603e+00
3.085064639139399212e+00 4.790653390605675668e+02 6.284930636431253603e+00
7.333791516195109494e-01 4.799809076855004264e+02 6.284930636431253603e+00
7.553071327036208205e-01 4.811050122121305321e+02 6.284930636431253603e+00
2.925530298624856584e+00 4.822396139473455605e+02 6.284930636431253603e+00
7.199646447537197957e-01 4.830293438886586728e+02 6.284930636431253603e+00
7.745514923803010765e-01 4.840663657863595404e+02 6.284930636431253603e+00
2.404175249799731073e+00 4.852824998900235869e+02 6.284930636431253603e+00
1.065100396891607959e+00 4.857688607750498022e+02 6.284930636431253603e+00
9.542994399222113344e-01 4.870794317348553477e+02 6.284930636431253603e+00
2.303636009723089462e+00 4.884577585030724549e+02 6.284930636431253603e+00
9.395799701855627184e-01 4.889577164963462224e+02 6.284930636431253603e+00
7.574665400108104851e-01 4.902010005607223775e+02 6.284930636431253603e+00
1.688871771080660666e+00 4.914871794725435734e+02 6.284930636431253603e+00
1.449843678577125372e+00 4.918779483397344165e+02 6.284930636431253603e+00
1.009591272017945629e+00 4.932635356736384438e+02 6.284930636431253603e+00
1.802316815790481419e+00 4.946683996699421186e+02 6.284930636431253603e+00
1.275620795581218658e+00 4.950680459647063003e+02 6.284930636431253603e+00
7.420838727779789368e-01 4.963669219463764080e+02 6.284930636431253603e+00
1.241700981353388800e+00 4.976644351327896061e+02 6.284930636431253603e+00
1.832696965396920064e+00 4.980686713603291196e+02 6.284930636431253603e+00
1.001604830184148920e+00 4.994717180595059176e+02 6.284930636431253603e+00
1.401037746675681595e+00 5.008511860247448340e+02 6.284930636431253603e+00
1.742748291007195194e+00 5.012467013723772880e+02 6.284930636431253603e+00
7.527730264470042787e-01 5.025285131605209017e+02 6.284930636431253603e+00
9.086947349026804899e-01 5.037633405295010220e+02 6.284930636431253603e+00
2.336555458747033853e+00 5.042801591223471291e+02 6.284930636431253603e+00
9.314904642096749621e-01 5.056455909972905260e+02 6.284930636431253603e+00
1.009018944672132712e+00 5.069380231004547568e+02 6.284930636431253603e+00
2.499047788056395714e+00 5.074524701771887294e+02 6.284930636431253603e+00
7.662802931146361907e-01 5.086504497420169173e+02 6.284930636431253603e+00
7.098968953337014831e-01 5.096620805838187493e+02 6.284930636431253603e+00
2.969507402803079010e+00 5.104971830522294454e+02 6.284930636431253603e+00
7.375849968947837398e-01 5.115724102749899203e+02 6.284930636431253603e+00
7.280842336305357598e-01 5.126869176282287981e+02 6.284930636431253603e+00
3.050382186635630877e+00 5.136717805988911323e+02 6.284930636431253603e+00
7.107079975101269209e-01 5.145721189491787300e+02 6.284930636431253603e+00
7.740396901792093720e-01 5.155319886697201355e+02 6.284930636431253603e+00
2.639842116820359408e+00 5.167147196091086698e+02 6.284930636431253603e+00
9.768805002360123613e-01 5.172531599428324398e+02 6.284930636431253603e+00
9.299219482016742866e-01 5.185316923899420090e+02 6.284930636431253603e+00
2.470211451773546951e+00 5.198898835358216957e+02 6.284930636431253603e+00
8.771171896124050349e-01 5.204349926762992027e+02 6.284930636431253603e+00
7.723791320968408369e-01 5.216425747617976185e+02 6.284930636431253603e+00
1.820968511474257312e+00 5.229205265089639170e+02 6.284930636431253603e+00
1.390697566564669252e+00 5.233167549466805895e+02 6.284930636431253603e+00
1.020489822159470039e+00 5.246970259141024826e+02 6.284930636431253603e+00
1.948274918321451610e+00 5.261067325611217029e+02 6.284930636431253603e+00
1.184977775835654334e+00 5.265207463087230053e+02 6.284930636431253603e+00
7.544807588139479382e-01 5.278113961907057501e+02 6.284930636431253603e+00
1.342434100917012874e+00 5.291091633277358142e+02 6.284930636431253603e+00
1.761385281383821555e+00 5.295014276715252208e+02 6.284930636431253603e+00
1.024422260604420210e+00 5.309087575561010226e+02 6.284930636431253603e+00
1.535009953129882643e+00 5.323042764881116682e+02 6.284930636431253603e+00
1.595180686861192854e+00 5.326898669035484772e+02 6.284930636431253603e+00
7.572077445620390979e-01 5.339817869819094085e+02 6.284930636431253603e+00
9.948751451687332104e-01 5.352412289925091500e+02 6.284930636431253603e+00
2.209792277615923339e+00 5.357133468536374039e+02 6.284930636431253603e+00
9.740204918734256534e-01 5.371031881339622487e+02 6.284930636431253603e+00
1.138680119620704367e+00 5.384347729200015920e+02 6.284930636431253603e+00
2.247474402135333005e+00 5.388899581883739529e+02 6.284930636431253603e+00
7.737754049292664416e-01 5.401252554403539534e+02 6.284930636431253603e+00
7.420979149439906886e-01 5.412122832275167639e+02 6.284930636431253603e+00
2.827153744239900401e+00 5.419311294404859609e+02 6.284930636431253603e+00
7.941751286866399751e-01 5.431440570687519767e+02 6.284930636431253603e+00
7.609598459100326284e-01 5.442966854438141127e+02 6.284930636431253603e+00
3.104542124004671333e+00 5.451041933825333672e+02 6.284930636431253603e+00
7.296059627963159544e-01 5.461163457561536916e+02 6.284930636431253603e+00
7.704961524809614826e-01 5.470045841834825069e+02 6.284930636431253603e+00
2.881551307721387900e+00 5.481450605014857729e+02 6.284930636431253603e+00
9.018143515980432401e-01 5.487474204589149167e+02 6.284930636431253603e+00
9.031852058081711876e-01 5.499898194068470048e+02 6.284930636431253603e+00
2.655533232573003222e+00 5.513204162173385612e+02 6.284930636431253603e+00
8.300361182403467319e-01 5.519165462707416054e+02 6.284930636431253603e+00
7.954560727237447448e-01 5.530771112761761970e+02 6.284930636431253603e+00
1.946048010197799938e+00 5.543484113040516377e+02 6.284930636431253603e+00
1.366091159004692246e+00 5.547480294932316838e+02 6.284930636431253603e+00
1.045367877540621659e+00 5.561272230180384213e+02 6.284930636431253603e+00
2.136774970692023601e+00 5.575443100106380143e+02 6.284930636431253603e+00
1.111051310630412070e+00 5.579781292228177563e+02 6.284930636431253603e+00
7.827946032881558658e-01 5.592497896198598255e+02 6.284930636431253603e+00
1.439119763218779990e+00 5.605439544696782832e+02 6.284930636431253603e+00
1.749110775099056436e+00 5.609270851018297890e+02 6.284930636431253603e+00
1.069352609216309480e+00 5.623437655754534035e+02 6.284930636431253603e+00
1.730566504062827748e+00 5.637597200037658922e+02 6.284930636431253603e+00
1.453666012511640737e+00 5.641422838673627211e+02 6.284930636431253603e+00
7.785940952522018010e-01 5.654370783769709305e+02 6.284930636431253603e+00
1.099069705604163616e+00 5.667083363768394975e+02 6.284930636431253603e+00
2.132071274876550682e+00 5.671451330390804060e+02 6.284930636431253603e+00
1.031432720740122821e+00 5.685575482162769276e+02 6.284930636431253603e+00
1.325084669104473312e+00 5.699294266646285223e+02 6.284930636431253603e+00
1.983646320301890364e+00 5.703360007819188695e+02 6.284930636431253603e+00
7.870204030012131202e-01 5.716027403503755977e+02 6.284930636431253603e+00
8.150627881208796222e-01 5.727585577910745087e+02 6.284930636431253603e+00
2.661453569531202934e+00 5.733674908121927274e+02 6.284930636431253603e+00
8.843397013061872203e-01 5.746839490852775043e+02 6.284930636431253603e+00
8.733002855730346292e-01 5.759123033818597150e+02 6.284930636431253603e+00
2.925709399297174773e+00 5.765412511159477162e+02 6.284930636431253603e+00
7.630106147141824113e-01 5.776644007258843203e+02 6.284930636431253603e+00
7.355131481107014535e-01 5.785458781407004381e+02 6.284930636431253603e+00
3.095117764942518779e+00 5.795824107003478503e+02 6.284930636431253603e+00
7.788958933261048712e-01 5.803503933493325349e+02 6.284930636431253603e+00
8.133445401807906094e-01 5.815168286074967909e+02 6.284930636431253603e+00
2.813622088058665760e+00 5.827557124460921614e+02 6.284930636431253603e+00
7.558663975230287546e-01 5.834525366632667556e+02 6.284930636431253603e+00
7.840427091032726725e-01 5.845486253136166397e+02 6.284930636431253603e+00
2.195007777497279822e+00 5.857937635094472171e+02 6.284930636431253603e+00
1.187700089835890704e+00 5.862337079969563547e+02 6.284930636431253603e+00
9.946779042183298003e-01 5.875772254448695548e+02 6.284930636431253603e+00
2.217366181938774439e+00 5.889753899257864305e+02 6.284930636431253603e+00
1.013520810214334711e+00 5.894413110248502790e+02 6.284930636431253603e+00
7.659360719055132716e-01 5.907010827865379952e+02 6.284930636431253603e+00
1.570753935137196189e+00 5.919939656071503578e+02 6.284930636431253603e+00
1.574408863437818829e+00 5.923776564357889356e+02 6.284930636431253603e+00
1.034612394304106564e+00 5.937777102962161280e+02 6.284930636431253603e+00
1.761544534350823588e+00 5.951875899145383073e+02 6.284930636431253603e+00
1.356525451679368111e+00 5.955782827809046012e+02 6.284930636431253603e+00
7.566320420296970273e-01 5.968759718322479557e+02 6.284930636431253603e+00
1.173229633861410548e+00 5.981647783501969116e+02 6.284930636431253603e+00
1.962243312811645657e+00 5.985812165211020783e+02 6.284930636431253603e+00
1.016097161863926956e+00 5.999894659986364331e+02 6.284930636431253603e+00
1.367743327240914297e+00 6.013664064570699566e+02 6.284930636431253603e+00
1.846222225968063180e+00 6.017657391581293496e+02 6.284930636431253603e+00
7.682713684533125642e-01 6.030411284739255962e+02 6.284930636431253603e+00
8.643934668424709811e-01 6.042448310206282258e+02 6.284930636431253603e+00
2.479237863399842645e+00 6.047983733722010129e+02 6.284930636431253603e+00
9.163390461915096319e-01 6.061479121360091540e+02 6.284930636431253603e+00
9.504954905529044984e-01 6.074161142996745184e+02 6.284930636431253603e+00
2.683520003979472879e+00 6.079718811773259404e+02 6.284930636431253603e+00
7.683885325486978779e-01 6.091430449891277021e+02 6.284930636431253603e+00
7.107290956329903597e-01 6.100922472056620336e+02 6.284930636431253603e+00
3.065937814608109768e+00 6.110154110456369381e+02 6.284930636431253603e+00
7.295160883375461092e-01 6.119652372966693292e+02 6.284930636431253603e+00
7.456496433325975337e-01 6.130836563872189799e+02 6.284930636431253603e+00
2.951446261649991687e+00 6.141899191974721361e+02 6.284930636431253603e+00
7.152162702303158648e-01 6.150023420489740147e+02 6.284930636431253603e+00
7.733228306890267412e-01 6.160243666737678723e+02 6.284930636431253603e+00
2.453203744461031288e+00 6.172333059154929060e+02 6.284930636431253603e+00
1.042039479140646430e+00 6.177311239701056138e+02 6.284930636431253603e+00
9.469599627924448759e-01 6.190343046235495876e+02 6.284930636431253603e+00
2.331566515137349693e+00 6.204080115123066435e+02 6.284930636431253603e+00
9.241509337492197496e-01 6.209170183925427864e+02 6.284930636431253603e+00
7.579783007421458940e-01 6.221545708462731454e+02 6.284930636431253603e+00
1.717498803341317659e+00 6.234387741115472181e+02 6.284930636431253603e+00
1.428573617668717377e+00 6.238313732165205465e+02 6.284930636431253603e+00
1.007464088146140968e+00 6.252144911743984039e+02 6.284930636431253603e+00
1.821986901010513638e+00 6.266191619588383901e+02 6.284930636431253603e+00
1.255935447393677906e+00 6.270213481564676385e+02 6.284930636431253603e+00
7.413619609593187221e-01 6.283197380852660672e+02 6.284930636431253603e+00
1.260813256898165369e+00 6.296181668132493314e+02 6.284930636431253603e+00
1.808622124778199058e+00 6.300198125102996300e+02 6.284930636431253603e+00
1.001614697281702826e+00 6.314224907169057133e+02 6.284930636431253603e+00
1.417455800018542433e+00 6.328037767115973793e+02 6.284930636431253603e+00
1.714980534726119110e+00 6.331976745245085567e+02 6.284930636431253603e+00
7.509544536062855435e-01 6.344814693762948536e+02 6.284930636431253603e+00
9.226011276471949296e-01 6.357226455312597864e+02 6.284930636431253603e+00
2.305272384192428081e+00 6.362304370782479737e+02 6.284930636431253603e+00
9.369201502658933700e-01 6.376000422000258823e+02 6.284930636431253603e+00
1.027768276931591673e+00 6.388991002572873867e+02 6.284930636431253603e+00
2.452189370321697481e+00 6.394027637375825179e+02 6.284930636431253603e+00
7.664269326193943188e-01 6.406075999846945024e+02 6.284930636431253603e+00
7.128470587607027564e-01 6.416345227534693549e+02 6.284930636431253603e+00
2.942123481203267499e+00 6.424473790603777843e+02 6.284930636431253603e+00
7.446562216827462555e-01 6.435512777653243575e+02 6.284930636431253603e+00
7.290372864827471266e-01 6.446694137159863658e+02 6.284930636431253603e+00
3.069982705958230529e+00 6.456217613948726921e+02 6.284930636431253603e+00
7.124410690086885323e-01 6.465436019190207162e+02 6.284930636431253603e+00
7.743982131900886134e-01 6.474882511592570609e+02 6.284930636431253603e+00
2.685567299390887452e+00 6.486643094066931781e+02 6.284930636431253603e+00
9.634695086885533000e-01 6.492128664200346293e+02 6.284930636431253603e+00
9.264574399343139532e-01 6.504854934860405820e+02 6.284930636431253603e+00
2.507117663855021217e+00 6.518397127056906584e+02 6.284930636431253603e+00
8.677767001426558435e-01 6.523938840868272564e+02 6.284930636431253603e+00
7.773653665872911622e-01 6.535929141117971994e+02 6.284930636431253603e+00
1.844406958201411317e+00 6.548696722874246916e+02 6.284930636431253603e+00
1.387492232387346425e+00 6.552662226658728741e+02 6.284930636431253603e+00
1.026318225342226054e+00 6.566466850256340422e+02 6.284930636431253603e+00
1.985767335303428416e+00 6.580582554985903698e+02 6.284930636431253603e+00
1.169545261395422253e+00 6.584756919259119741e+02 6.284930636431253603e+00
7.600682677125035758e-01 6.597631625991652982e+02 6.284930636431253603e+00
1.362214569045792745e+00 6.610602293607382762e+02 6.284930636431253603e+00
1.758054928619861901e+00 6.614504494297980273e+02 6.284930636431253603e+00
1.033417180979934180e+00 6.628597680573967637e+02 6.284930636431253603e+00
1.572465632007602032e+00 6.642596162551351426e+02 6.284930636431253603e+00
1.565618107281295135e+00 6.646436517020759993e+02 6.284930636431253603e+00
7.610372265347329357e-01 6.659369583018615231e+02 6.284930636431253603e+00
1.015237584082271383e+00 6.671994135434379132e+02 6.284930636431253603e+00
2.192259502390722758e+00 6.676635436793774261e+02 6.284930636431253603e+00
9.854991765322663744e-01 6.690584656928693903e+02 6.284930636431253603e+00
1.173191346414646841e+00 6.703986150619967930e+02 6.284930636431253603e+00
2.194260839008634445e+00 6.708423220462492509e+02 6.284930636431253603e+00
7.765039355439785629e-01 6.720848784336938024e+02 6.284930636431253603e+00
7.536886556221429334e-01 6.731863970582618322e+02 6.284930636431253603e+00
2.796260735825458088e+00 6.738819586292817121e+02 6.284930636431253603e+00
8.107205541377955349e-01 6.751189760339296981e+02 6.284930636431253603e+00
7.768261929116940800e-01 6.762847422554641525e+02 6.284930636431253603e+00
3.091658911363386775e+00 6.770547918449152576e+02 6.284930636431253603e+00
7.356647802995017749e-01 6.780898772982691298e+02 6.284930636431253603e+00
7.660013829173418776e-01 6.789690331791049402e+02 6.284930636431253603e+00
2.931806781231869330e+00 6.800955763203727429e+02 6.284930636431253603e+00
8.800321681589514666e-01 6.807195918999123023e+02 6.284930636431253603e+00
8.908180913704877302e-01 6.819505109667068155e+02 6.284930636431253603e+00
2.685939717778480951e+00 6.832703962577760421e+02 6.284930636431253603e+00
8.177751448603852724e-01 6.838803663192227305e+02 6.284930636431253603e+00
7.958433439109355856e-01 6.850309491766511201e+02 6.284930636431253603e+00
1.980859756084435652e+00 6.862995024998282361e+02 6.284930636431253603e+00
1.344171192001549331e+00 6.867028215008085681e+02 6.284930636431253603e+00
1.041716633705105366e+00 6.880783728067272023e+02 6.284930636431253603e+00
2.158237107588028003e+00 6.894941326349053270e+02 6.284930636431253603e+00
1.095948734837311145e+00 6.899325423679880487e+02 6.284930636431253603e+00
7.830934116857551919e-01 6.912015303391432326e+02 6.284930636431253603e+00
1.458735933670886276e+00 6.924956549257931329e+02 6.284930636431253603e+00
1.730514519853792565e+00 6.928778443889580103e+02 6.284930636431253603e+00
1.069339495480444491e+00 6.942936384186320993e+02 6.284930636431253603e+00
1.749128931481587657e+00 6.957104752316057557e+02 6.284930636431253603e+00
1.434075037699403588e+00 6.960940089254198710e+02 6.284930636431253603e+00
7.782846363294587677e-01 6.973888769551783753e+02 6.284930636431253603e+00
1.114263067879522229e+00 6.986627184143810609e+02 6.284930636431253603e+00
2.110388421807144699e+00 6.990950230092576021e+02 6.284930636431253603e+00
1.034733432657028995e+00 7.005086805757637194e+02 6.284930636431253603e+00
1.345838019102766570e+00 7.018840847482956633e+02 6.284930636431253603e+00
1.949502070278384513e+00 7.022869361899545311e+02 6.284930636431253603e+00
7.863678369613431585e-01 7.035565124640478416e+02 6.284930636431253603e+00
8.270339779106482547e-01 7.047221962337039258e+02 6.284930636431253603e+00
2.629977417448221111e+00 7.053174923445554896e+02 6.284930636431253603e+00
8.956813226689362972e-01 7.066442451441143930e+02 6.284930636431253603e+00
8.935063102923327394e-01 7.078835085290647839e+02 6.284930636431253603e+00
2.876518971720432472e+00 7.084916063839901881e+02 6.284930636431253603e+00
7.667202337925047573e-01 7.096281599539111085e+02 6.284930636431253603e+00
7.290689086085033743e-01 7.105194112212301434e+02 6.284930636431253603e+00
3.106395180962907343e+00 7.115329972390396733e+02 6.284930636431253603e+00
7.627054707078811946e-01 7.123383626050191424e+02 6.284930636431253603e+00
7.964506488314978538e-01 7.134915888137328466e+02 6.284930636431253603e+00
2.842835422665831668e+00 7.147064479002516464e+02 6.284930636431253603e+00
7.444249029271188256e-01 7.154262036004571428e+02 6.284930636431253603e+00
7.812384781645388410e-01 7.165078821569586580e+02 6.284930636431253603e+00
2.248182726832332445e+00 7.177461063132085428e+02 6.284930636431253603e+00
1.153325980670516282e+00 7.181970864659876952e+02 6.284930636431253603e+00
9.834865736090229182e-01 7.195322315446579751e+02 6.284930636431253603e+00
2.235351836388114855e+00 7.209255033807434074e+02 6.284930636431253603e+00
9.938941558908424012e-01 7.213993313953515099e+02 6.284930636431253603e+00
7.625982376958670983e-01 7.226558806993161852e+02 6.284930636431253603e+00
1.599878382545582012e+00 7.239474892440111944e+02 6.284930636431253603e+00
1.539019111455515176e+00 7.243326069966157092e+02 6.284930636431253603e+00
1.026653028581057558e+00 7.257286710166725925e+02 6.284930636431253603e+00
1.767183096321443658e+00 7.271368799133319953e+02 6.284930636431253603e+00
1.336681601007699172e+00 7.275296121737850399e+02 6.284930636431253603e+00
7.517888958900326157e-01 7.288278904236263998e+02 6.284930636431253603e+00
1.188977982909036335e+00 7.301195546174516267e+02 6.284930636431253603e+00
1.926864679132462177e+00 7.305326707347059028e+02 6.284930636431253603e+00
1.011174559476496260e+00 7.319393262429954348e+02 6.284930636431253603e+00
1.372837317127782120e+00 7.333164443758757898e+02 6.284930636431253603e+00
1.821560329548884916e+00 7.337151179054452541e+02 6.284930636431253603e+00
7.637015242341969046e-01 7.349919022092910836e+02 6.284930636431253603e+00
8.741100094012352884e-01 7.362039896054122892e+02 6.284930636431253603e+00
2.442481616749849760e+00 7.367482849632910984e+02 6.284930636431253603e+00
9.198153111124125481e-01 7.381019274596606010e+02 6.284930636431253603e+00
9.636956300894901073e-01 7.393761100067642928e+02 6.284930636431253603e+00
2.637799312839623322e+00 7.399214586394163007e+02 6.284930636431253603e+00
7.678360809309023871e-01 7.410994594488786333e+02 6.284930636431253603e+00
7.088321204744810755e-01 7.420640400291827063e+02 6.284930636431253603e+00
3.045389580105398952e+00 7.429654267160780137e+02 6.284930636431253603e+00
7.282896242686754951e-01 7.439479836381595987e+02 6.284930636431253603e+00
7.382695249747387445e-01 7.450626393651448325e+02 6.284930636431253603e+00
2.978179346429363772e+00 7.461401011778591510e+02 6.284930636431253603e+00
7.122086558204959728e-01 7.469746898347840443e+02 6.284930636431253603e+00
7.731544974041564267e-01 7.479812770902709644e+02 6.284930636431253603e+00
2.500486107779512857e+00 7.491836066967969145e+02 6.284930636431253603e+00
1.023311238630893349e+00 7.496917978815013157e+02 6.284930636431253603e+00
9.417960734675548951e-01 7.509885046441029317e+02 6.284930636431253603e+00
2.363867784736839006e+00 7.523582418169180528e+02 6.284930636431253603e+00
9.107192939513191199e-01 7.528762005688046202e+02 6.284930636431253603e+00
7.604098916072389303e-01 7.541070750642463736e+02 6.284930636431253603e+00
1.744675106849105539e+00 7.553895057673142901e+02 6.284930636431253603e+00
1.414360565722938556e+00 7.557833905101625760e+02 6.284930636431253603e+00
1.008661661477378457e+00 7.571651154190573152e+02 6.284930636431253603e+00
1.848886250778019713e+00 7.585705289928488355e+02 6.284930636431253603e+00
1.236921408120282173e+00 7.589753862444447350e+02 6.284930636431253603e+00
7.429667391217507078e-01 7.602726029880293481e+02 6.284930636431253603e+00
1.281029451204312553e+00 7.615713131757413521e+02 6.284930636431253603e+00
1.791237919502722153e+00 7.619704175269372399e+02 6.284930636431253603e+00
1.004974075815943557e+00 7.633736629682574630e+02 6.284930636431253603e+00
1.441333656581351264e+00 7.647578826263008978e+02 6.284930636431253603e+00
1.685254068511231385e+00 7.651496095956961199e+02 6.284930636431253603e+00
7.510168896986231246e-01 7.664356330575275251e+02 6.284930636431253603e+00
9.389162473836684120e-01 7.676823615845643189e+02 6.284930636431253603e+00
2.277605135210897025e+00 7.681808223740332551e+02 6.284930636431253603e+00
9.446887825098592151e-01 7.695553603438618211e+02 6.284930636431253603e+00
1.051347037720733457e+00 7.708621307366447581e+02 6.284930636431253603e+00
2.402507709223499432e+00 7.713536504472494926e+02 6.284930636431253603e+00
7.676411416247900243e-01 7.725661188244361028e+02 6.284930636431253603e+00
7.176691462384947595e-01 7.736082736621590357e+02 6.284930636431253603e+00
2.914757401144301596e+00 7.743977880272680068e+02 6.284930636431253603e+00
7.542117360806719351e-01 7.755305821867750637e+02 6.284930636431253603e+00
7.326955223745839074e-01 7.766544045847243751e+02 6.284930636431253603e+00
3.088460423633731633e+00 7.775718781143209526e+02 6.284930636431253603e+00
7.154863084275294716e-01 7.785160705811404114e+02 6.284930636431253603e+00
7.749897196466474236e-01 7.794447609589871035e+02 6.284930636431253603e+00
2.733331128453970749e+00 7.806138644783831069e+02 6.284930636431253603e+00
9.507915426922314284e-01 7.811727844810918668e+02 6.284930636431253603e+00
9.233878174114585891e-01 7.824394441229778749e+02 6.284930636431253603e+00
2.547419755611368686e+00 7.837895760519562600e+02 6.284930636431253603e+00
8.590966502812286132e-01 7.843531614226400279e+02 6.284930636431253603e+00
7.834619714085863107e-01 7.855426826919485848e+02 6.284930636431253603e+00
1.867399575652906485e+00 7.868184467602698078e+02 6.284930636431253603e+00
1.387808117483355197e+00 7.872148607334739836e+02 6.284930636431253603e+00
1.034115141225204093e+00 7.885961344433495697e+02 6.284930636431253603e+00
2.029273002168791695e+00 7.900100974130482427e+02 6.284930636431253603e+00
1.154302555766273164e+00 7.904313595635369438e+02 6.284930636431253603e+00
7.674193377943325789e-01 7.917147279125412069e+02 6.284930636431253603e+00
1.382486898449665658e+00 7.930108173718700755e+02 6.284930636431253603e+00
1.759778713915712833e+00 7.933989077419512341e+02 6.284930636431253603e+00
1.045161626104468944e+00 7.948109306724246608e+02 6.284930636431253603e+00
1.617833594441544287e+00 7.962159389411309576e+02 6.284930636431253603e+00
1.533852205881793385e+00 7.965986189091173628e+02 6.284930636431253603e+00
7.665795367678863714e-01 7.978929397817563540e+02 6.284930636431253603e+00
1.038234251580001155e+00 7.991578698681560127e+02 6.284930636431253603e+00
2.177407465352239502e+00 7.996138176583616541e+02 6.284930636431253603e+00
9.994622514119059220e-01 8.010144056267806718e+02 6.284930636431253603e+00
1.214936376716145405e+00 8.023641863775217189e+02 6.284930636431253603e+00
2.135229682686297092e+00 8.027957422705395629e+02 6.284930636431253603e+00
7.801391359209751686e-01 8.040460026323222564e+02 6.284930636431253603e+00
7.685300052241984536e-01 8.051627812639444528e+02 6.284930636431253603e+00
2.762577804571054951e+00 8.058332608349509201e+02 6.284930636431253603e+00
8.305226393793366801e-01 8.070950931773753609e+02 6.284930636431253603e+00
7.984418231407727218e-01 8.082769489985731752e+02 6.284930636431253603e+00
3.065671919532861001e+00 8.090060325835830781e+02 6.284930636431253603e+00
7.430938720966347999e-01 8.100663034699558693e+02 6.284930636431253603e+00
7.595501821372602214e-01 8.109387887754747908e+02 6.284930636431253603e+00
2.985729205745941695e+00 8.120467944102578031e+02 6.284930636431253603e+00
8.538344633813143014e-01 8.126998975376915268e+02 6.284930636431253603e+00
8.740899611532680913e-01 8.139161105228105271e+02 6.284930636431253603e+00
2.718600804638412249e+00 8.152209873256502988e+02 6.284930636431253603e+00
8.027723107089941301e-01 8.158488263439310231e+02 6.284930636431253603e+00
7.945928016472868505e-01 8.169874495387144862e+02 6.284930636431253603e+00
2.025999812845785897e+00 8.182519391751753801e+02 6.284930636431253603e+00
1.312136540998280143e+00 8.186612573728913276e+02 6.284930636431253603e+00
1.033891850152173664e+00 8.200310226586584577e+02 6.284930636431253603e+00
2.176412065658511530e+00 8.214440229635547439e+02 6.284930636431253603e+00
1.077759000211169882e+00 8.218880663151759336e+02 6.284930636431253603e+00
7.810257713081347752e-01 8.231546055697938300e+02 6.284930636431253603e+00
1.482677884697611859e+00 8.244488074832933080e+02 6.284930636431253603e+00
1.700936925864273030e+00 8.248304137735311770e+02 6.284930636431253603e+00
1.065077643274775498e+00 8.262438651378741952e+02 6.284930636431253603e+00
1.760412968447548243e+00 8.276603345720200196e+02 6.284930636431253603e+00
1.414446291835985248e+00 8.280452667257152370e+02 6.284930636431253603e+00
7.754976572115143130e-01 8.293404677045783728e+02 6.284930636431253603e+00
1.129482292687407297e+00 8.306176316685248366e+02 6.284930636431253603e+00
2.080821396899216413e+00 8.310455213756972626e+02 6.284930636431253603e+00
1.034456561990176215e+00 8.324592587770541741e+02 6.284930636431253603e+00
1.360224479609395409e+00 8.338368040820449778e+02 6.284930636431253603e+00
1.918505732943876385e+00 8.342372580492358338e+02 6.284930636431253603e+00
7.839409517298698837e-01 8.355090351565476112e+02 6.284930636431253603e+00
8.382272006106508133e-01 8.366846860583762009e+02 6.284930636431253603e+00
2.594844773724831910e+00 8.372674901848232594e+02 6.284930636431253603e+00
9.047264147239687526e-01 8.386026638446430752e+02 6.284930636431253603e+00
9.121428552807621104e-01 8.398515914220403147e+02 6.284930636431253603e+00
2.824978723670755087e+00 8.404418197589840247e+02 6.284930636431253603e+00
7.691512977171114374e-01 8.415899934875686768e+02 6.284930636431253603e+00
7.231079775151536548e-01 8.424939086001901387e+02 6.284930636431253603e+00
3.108083636421238083e+00 8.434835617852716041e+02 6.284930636431253603e+00
7.494002638487836654e-01 8.443278728591604931e+02 6.284930636431253603e+00
7.804438058256772948e-01 8.454690391845402928e+02 6.284930636431253603e+00
2.873245871394364936e+00 8.466572793439547695e+02 6.284930636431253603e+00
7.343100251240354259e-01 8.474013312491523493e+02 6.284930636431253603e+00
7.788079172924781135e-01 8.484674680506626601e+02 6.284930636431253603e+00
2.303200818142048245e+00 8.496982674800415225e+02 6.284930636431253603e+00
1.120580190300774603e+00 8.501611029885585822e+02 6.284930636431253603e+00
9.728929791464522303e-01 8.514876936189489243e+02 6.284930636431253603e+00
2.257662985546184498e+00 8.528759075412998527e+02 6.284930636431253603e+00
9.741767387903192965e-01 8.533584744723326594e+02 6.284930636431253603e+00
7.602526016501978123e-01 8.546108936005691703e+02 6.284930636431253603e+00
1.630726426776633931e+00 8.559008413233842703e+02 6.284930636431253603e+00
1.505782544747884755e+00 8.562876687280461283e+02 6.284930636431253603e+00
1.019975290873145202e+00 8.576799451557285465e+02 6.284930636431253603e+00
1.777512462842595564e+00 8.590868450547665134e+02 6.284930636431253603e+00
1.315274808494583336e+00 8.594818448491271283e+02 6.284930636431253603e+00
7.478420081485007698e-01 8.607805007757339126e+02 6.284930636431253603e+00
1.206804185367266857e+00 8.620746055867941777e+02 6.284930636431253603e+00
1.892379782507903174e+00 8.624843757443757113e+02 6.284930636431253603e+00
1.007344279740525428e+00 8.638896916947524005e+02 6.284930636431253603e+00
1.381502875718271461e+00 8.652675026572793513e+02 6.284930636431253603e+00
1.794064198617717709e+00 8.656651117267050495e+02 6.284930636431253603e+00
7.595768043275923365e-01 8.669436066638187413e+02 6.284930636431253603e+00
8.856396393905058284e-01 8.681641228336294489e+02 6.284930636431253603e+00
2.404596755835258115e+00 8.686985190125288909e+02 6.284930636431253603e+00
9.240403652692402714e-01 8.700565771741338494e+02 6.284930636431253603e+00
9.792132986788438798e-01 8.713373423168119416e+02 6.284930636431253603e+00
2.588629501954496259e+00 8.718713986021298297e+02 6.284930636431253603e+00
7.674229294251845301e-01 8.730567227357460069e+02 6.284930636431253603e+00
7.080933248178571393e-01 8.740377917345765582e+02 6.284930636431253603e+00
3.021177536355490911e+00 8.749156926903312979e+02 6.284930636431253603e+00
7.295346077824802489e-01 8.759323208609832818e+02 6.284930636431253603e+00
7.325968135411230486e-01 8.770449768129884660e+02 6.284930636431253603e+00
3.006618703696346095e+00 8.780904482165464060e+02 6.284930636431253603e+00
7.105568671609682196e-01 8.789486298718622947e+02 6.284930636431253603e+00
7.736198008500388967e-01 8.799382697628200276e+02 6.284930636431253603e+00
2.550471067417908966e+00 8.811338137743247216e+02 6.284930636431253603e+00
1.006103344780353126e+00 8.816525152336986366e+02 6.284930636431253603e+00
9.376293102855408623e-01 8.829428210508228858e+02 6.284930636431253603e+00
2.401701272467075654e+00 8.843086479142930330e+02 6.284930636431253603e+00
8.979334629824570202e-01 8.848362003708076600e+02 6.284930636431253603e+00
7.644442056144732378e-01 8.860590839919859718e+02 6.284930636431253603e+00
1.772568267803048103e+00 8.873398333849746678e+02 6.284930636431253603e+00
1.404483134351170115e+00 8.877346277599617679e+02 6.284930636431253603e+00
1.012445289697963657e+00 8.891156794841205055e+02 6.284930636431253603e+00
1.883361054911048660e+00 8.905225683226640285e+02 6.284930636431253603e+00
1.217402150717803888e+00 8.909305033411809518e+02 6.284930636431253603e+00
7.465595835390119728e-01 8.922257582816105241e+02 6.284930636431253603e+00
1.303337061105509287e+00 8.935242943327303919e+02 6.284930636431253603e+00
1.778273685654099490e+00 8.939207646417283968e+02 6.284930636431253603e+00
1.011268510765222395e+00 8.953253395708939024e+02 6.284930636431253603e+00
1.473182981734360464e+00 8.967135282878465432e+02 6.284930636431253603e+00
1.652243791378498194e+00 8.971027402919155520e+02 6.284930636431253603e+00
7.526793547803762863e-01 8.983911568991977674e+02 6.284930636431253603e+00
9.584597828022766164e-01 8.996430349646281002e+02 6.284930636431253603e+00
2.251299058725241498e+00 9.001315082703969210e+02 6.284930636431253603e+00
9.549068795898024709e-01 9.015117726828557352e+02 6.284930636431253603e+00
1.081111218059075618e+00 9.028275749261453029e+02 6.284930636431253603e+00
2.346722996449154941e+00 9.033053979964464588e+02 6.284930636431253603e+00
7.697528684588241799e-01 9.045264388707906846e+02 6.284930636431253603e+00
7.249360708233080208e-01 9.055849662831759588e+02 6.284930636431253603e+00
2.884522254570072608e+00 9.063486548459202368e+02 6.284930636431253603e+00
7.670716880223559242e-01 9.075120380566989979e+02 6.284930636431253603e+00
7.399501063273326018e-01 9.086443940241153996e+02 6.284930636431253603e+00
3.103264102560493676e+00 9.095223706750887231e+02 6.284930636431253603e+00
7.199712626783866254e-01 9.104912330361523800e+02 6.284930636431253603e+00
7.749723862489130699e-01 9.114031417286813621e+02 6.284930636431253603e+00
2.786601643603700218e+00 9.125637504848937169e+02 6.284930636431253603e+00
9.360234293514365644e-01 9.131353228148556127e+02 6.284930636431253603e+00
9.189380443091914596e-01 9.143947766566616338e+02 6.284930636431253603e+00
2.590834469392788719e+00 9.157396416094933329e+02 6.284930636431253603e+00
8.497019255727080722e-01 9.163139649254973165e+02 6.284930636431253603e+00
7.898251847142709892e-01 9.174927756044287435e+02 6.284930636431253603e+00
1.892749182726117585e+00 9.187674244654884887e+02 6.284930636431253603e+00
1.387323062492310077e+00 9.191638335459665541e+02 6.284930636431253603e+00
1.042098751137763513e+00 9.205457914851275518e+02 6.284930636431253603e+00
2.076599719065825411e+00 9.219621244238121562e+02 6.284930636431253603e+00
1.138327687487627582e+00 9.223878494139481745e+02 6.284930636431253603e+00
7.755142844314902861e-01 9.236663363829535456e+02 6.284930636431253603e+00
1.403759651612054515e+00 9.249613601348219163e+02 6.284930636431253603e+00
1.762776872678791351e+00 9.253472698409004806e+02 6.284930636431253603e+00
1.058059935168517374e+00 9.267622042897235133e+02 6.284930636431253603e+00
1.668594721277995241e+00 9.281726817119615589e+02 6.284930636431253603e+00
1.500213300872871525e+00 9.285545859432282896e+02 6.284930636431253603e+00
7.730114025145444767e-01 9.298493711505720967e+02 6.284930636431253603e+00
1.063439191548922302e+00 9.311165298605500311e+02 6.284930636431253603e+00
2.163043128074180643e+00 9.315642401515978008e+02 6.284930636431253603e+00
1.014802985058143481e+00 9.329706298544248284e+02 6.284930636431253603e+00
1.262670200739053783e+00 9.343305744955105183e+02 6.284930636431253603e+00
2.071064778248205229e+00 9.347501687150553380e+02 6.284930636431253603e+00
7.840991333870378499e-01 9.360081039164125514e+02 6.284930636431253603e+00
7.868367153405341208e-01 9.371410122570118801e+02 6.284930636431253603e+00
2.724407623557116853e+00 9.377850586698087909e+02 6.284930636431253603e+00
8.532314946632967301e-01 9.390716402052319154e+02 6.284930636431253603e+00
8.267994357335536337e-01 9.402724704542289373e+02 6.284930636431253603e+00
3.020795367554576227e+00 9.409580550131795462e+02 6.284930636431253603e+00
7.516799291922733328e-01 9.420453579074469417e+02 6.284930636431253603e+00
7.506292330599992901e-01 9.429160573607878177e+02 6.284930636431253603e+00
3.039647909763391276e+00 9.439988914431864941e+02 6.284930636431253603e+00
8.229379911409854254e-01 9.446920140633086476e+02 6.284930636431253603e+00
8.516379984060664654e-01 9.458893626737956311e+02 6.284930636431253603e+00
2.754828544000223811e+00 9.471724876768209924e+02 6.284930636431253603e+00
7.843413002306124371e-01 9.478243254155401019e+02 6.284930636431253603e+00
7.911609643874762954e-01 9.489479168431111020e+02 6.284930636431253603e+00
2.086185159840090009e+00 9.502061594477574999e+02 6.284930636431253603e+00
1.266692939608898838e+00 9.506252126488932390e+02 6.284930636431253603e+00
1.020393918437067171e+00 9.519860624244709015e+02 6.284930636431253603e+00
2.191532135482801902e+00 9.533942235678368888e+02 6.284930636431253603e+00
1.054603233807950735e+00 9.538456607689952307e+02 6.284930636431253603e+00
7.758443668036273388e-01 9.551099005075432160e+02 6.284930636431253603e+00
1.513629993033201115e+00 9.564040761401787449e+02 6.284930636431253603e+00
1.655986061112035612e+00 9.567858048624009371e+02 6.284930636431253603e+00
1.054979520440662677e+00 9.581948240464622586e+02 6.284930636431253603e+00
1.762534926731480045e+00 9.596092542977487483e+02 6.284930636431253603e+00
1.393385965317754049e+00 9.599961410058075444e+02 6.284930636431253603e+00
7.692068061187956607e-01 9.612921525163836804e+02 6.284930636431253603e+00
1.145475747047355330e+00 9.625737233699441049e+02 6.284930636431253603e+00
2.039060842563158449e+00 9.629970978711044154e+02 6.284930636431253603e+00
1.029145494433949537e+00 9.644093234623579747e+02 6.284930636431253603e+00
1.365917784681655922e+00 9.657872320532771937e+02 6.284930636431253603e+00
1.890205329984051996e+00 9.661867883555163417e+02 6.284930636431253603e+00
7.788717345082948329e-01 9.674601190914332847e+02 6.284930636431253603e+00
8.484129095816410615e-01 9.686464522132881712e+02 6.284930636431253603e+00
2.553018342725235978e+00 9.692176207915609893e+02 6.284930636431253603e+00
9.106802076836975068e-01 9.705592706430051066e+02 6.284930636431253603e+00
9.281137216956575342e-01 9.718163691560553161e+02 6.284930636431253603e+00
2.770952740804351944e+00 9.723918393477282507e+02 6.284930636431253603e+00
7.697671758827213662e-01 9.735498019563510752e+02 6.284930636431253603e+00
7.175318778488011251e-01 9.744697370156093257e+02 6.284930636431253603e+00
3.098537772556096748e+00 9.754341871457714888e+02 6.284930636431253603e+00
7.389560057873177934e-01 9.763192225309620653e+02 6.284930636431253603e+00
7.653525348399030648e-01 9.774498034684454524e+02 6.284930636431253603e+00
2.903430113530166334e+00 9.786082262369601494e+02 6.284930636431253603e+00
7.254421515583348024e-01 9.793781556469400584e+02 6.284930636431253603e+00
7.762776821968448981e-01 9.804278294172546566e+02 6.284930636431253603e+00
2.360776745363525997e+00 9.816503975258739274e+02 6.284930636431253603e+00
1.088053534070172024e+00 9.821264362488843744e+02 6.284930636431253603e+00
9.620316715002500407e-01 9.834438938313295466e+02 6.284930636431253603e+00
2.282737229728118766e+00 9.848265268796922101e+02 6.284930636431253603e+00
9.541412067232133420e-01 9.853187896535027903e+02 6.284930636431253603e+00
7.583078384980541653e-01 9.865663094784507621e+02 6.284930636431253603e+00
1.663647273864140352e+00 9.878542042023187832e+02 6.284930636431253603e+00
1.472746438400165392e+00 9.882431948695523261e+02 6.284930636431253603e+00
1.013553263643164115e+00 9.896315519797731213e+02 6.284930636431253603e+00
1.790218105574484797e+00 9.910371707435344888e+02 6.284930636431253603e+00
1.292764482361909772e+00 9.914347344821673005e+02 6.284930636431253603e+00
7.441844597696738450e-01 9.927336284581758719e+02 6.284930636431253603e+00
1.226221304191086325e+00 9.940298701738547607e+02 6.284930636431253603e+00
1.857473702416938544e+00 9.944364093967595863e+02 6.284930636431253603e+00
1.003643192797438743e+00 9.958403355328435964e+02 6.284930636431253603e+00
1.391519927716172944e+00 9.972189425794930457e+02 6.284930636431253603e+00
1.765222845976049282e+00 9.976154396202533690e+02 6.284930636431253603e+00
7.554633055504675898e-01 9.988957637035383641e+02 6.284930636431253603e+00
8.982906235275933682e-01 1.000124620351036128e+03 6.284930636431253603e+00
2.365488254328932172e+00 1.000648991823272922e+03 6.284930636431253603e+00
9.281313905767560879e-01 1.002011263186700830e+03 6.284930636431253603e+00
9.956266082473118617e-01 1.003298619913135781e+03 6.284930636431253603e+00
2.537838630397641015e+00 1.003821523563010260e+03 6.284930636431253603e+00
7.667399020771655804e-01 1.005014061957476883e+03 6.284930636431253603e+00
7.085748021428120991e-01 1.006012487229527437e+03 6.284930636431253603e+00
2.992687681783123832e+00 1.006866104888948257e+03 6.284930636431253603e+00
7.332233639327081498e-01 1.007916551979117571e+03 6.284930636431253603e+00
7.290771356070093745e-01 1.009029404217234287e+03 6.284930636431253603e+00
3.032776240894830000e+00 1.010040817792867983e+03 6.284930636431253603e+00
7.101630477152469645e-01 1.010923050994723440e+03 6.284930636431253603e+00
7.739326803585329095e-01 1.011895607945145684e+03 6.284930636431253603e+00
2.601418357681029025e+00 1.013083966675904890e+03 6.284930636431253603e+00
9.892297747060083690e-01 1.013613758355422419e+03 6.284930636431253603e+00
9.332926958687423058e-01 1.014897411553106053e+03 6.284930636431253603e+00
