1.286389878987905522e-01 2.645516218395922992e-01 2.356194490192261792e+00
1.678599559554224407e-01 1.632861303714891354e+00 2.356194490192261792e+00
2.082088393122879244e-01 2.278960654432831578e+00 2.356194490192261792e+00
1.310801575315484468e-01 3.312814769686863503e+00 2.356194490192261792e+00
1.626520945048734179e-01 4.260787644573230004e+00 2.356194490192261792e+00
1.530045499178768753e-01 5.274868502003117854e+00 2.356194490192261792e+00
1.664058725609927902e-01 6.174130937531506547e+00 2.356194490192261792e+00
1.138107702264804094e-01 7.466385020627654079e+00 2.356194490192261792e+00
2.348089500392048778e-01 8.329157270132771629e+00 2.356194490192261792e+00
1.386516406050675720e-01 9.142048659456712301e+00 2.356194490192261792e+00
1.576531563358034849e-01 1.022068734278645152e+01 2.356194490192261792e+00
1.490451736423872575e-01 1.114560635184802173e+01 2.356194490192261792e+00
1.773307936376051774e-01 1.214739329197904993e+01 2.356194490192261792e+00
1.082071221466706923e-01 1.315577282924978597e+01 2.356194490192261792e+00
2.071946095290737311e-01 1.438690749471675545e+01 2.356194490192261792e+00
1.773024140591498155e-01 1.503459462882491948e+01 2.356194490192261792e+00
1.398431387620379107e-01 1.614671175257488756e+01 2.356194490192261792e+00
1.578515362545137302e-01 1.704459822589895523e+01 2.356194490192261792e+00
1.630479248310602869e-01 1.808944896728527141e+01 2.356194490192261792e+00
1.435449940883064823e-01 1.896302322230136639e+01 2.356194490192261792e+00
1.447267615679178054e-01 2.034463810767919512e+01 2.356194490192261792e+00
2.227458859156549731e-01 2.103759222131004236e+01 2.356194490192261792e+00
1.301306200491330334e-01 2.199814212873958041e+01 2.356194490192261792e+00
1.628939467808127040e-01 2.299271368224499668e+01 2.356194490192261792e+00
1.496122257850875936e-01 2.397541982411332739e+01 2.356194490192261792e+00
1.743849692723188349e-01 2.491011359211044862e+01 2.356194490192261792e+00
1.052704043782467513e-01 2.610370546042038598e+01 2.356194490192261792e+00
2.314280063302413259e-01 2.710093053505037020e+01 2.356194490192261792e+00
1.496388955891764516e-01 2.783715355234184585e+01 2.356194490192261792e+00
1.518765987642922421e-01 2.894790916027883299e+01 2.356194490192261792e+00
1.514289815449638976e-01 2.984977277754496683e+01 2.356194490192261792e+00
1.737616386582969130e-01 3.087970927485326911e+01 2.356194490192261792e+00
1.183917728030998429e-01 3.181059852609581284e+01 2.356194490192261792e+00
1.856957527317782963e-01 3.313658520053535028e+01 2.356194490192261792e+00
1.952330867491690880e-01 3.377105498677910589e+01 2.356194490192261792e+00
1.339979315141351657e-01 3.484777642608452197e+01 2.356194490192261792e+00
1.611154798675017430e-01 3.576804161689149453e+01 2.356194490192261792e+00
1.568465611687510364e-01 3.680020193610489798e+01 2.356194490192261792e+00
1.576333015900891477e-01 3.768077247262766605e+01 2.356194490192261792e+00
1.249708513565586654e-01 3.902756562077156843e+01 2.356194490192261792e+00
2.321880797241835381e-01 3.980442103157991340e+01 2.356194490192261792e+00
1.332837931259722719e-01 4.068112928130276629e+01 2.356194490192261792e+00
1.607792074151379036e-01 4.172577493121514181e+01 2.356194490192261792e+00
1.484568943337444824e-01 4.267428452954683848e+01 2.356194490192261792e+00
1.777185904138903760e-01 4.364848912718827734e+01 2.356194490192261792e+00
1.042799997906870557e-01 4.473265212666902357e+01 2.356194490192261792e+00
2.202079159559675869e-01 4.586939144654416367e+01 2.356194490192261792e+00
1.644087463205465560e-01 4.654618164808195502e+01 2.356194490192261792e+00
1.450298506958850320e-01 4.766743468140902706e+01 2.356194490192261792e+00
1.549735849190297388e-01 4.856045835190726478e+01 2.356194490192261792e+00
1.679799366127161797e-01 4.960481744958376282e+01 2.356194490192261792e+00
1.322300661426638879e-01 5.049092381179367806e+01 2.356194490192261792e+00
1.620427284109220989e-01 5.186704941041008965e+01 2.356194490192261792e+00
2.121212321260534384e-01 5.252122516283718312e+01 2.356194490192261792e+00
1.305089286183021002e-01 5.353862710906675204e+01 2.356194490192261792e+00
1.629165191735678642e-01 5.449719343461671173e+01 2.356194490192261792e+00
1.519791268496852310e-01 5.550419949917160523e+01 2.356194490192261792e+00
1.687737029678346712e-01 5.641129034827540778e+01 2.356194490192261792e+00
1.110308417243315027e-01 5.768160606067514351e+01 2.356194490192261792e+00
2.347205369115141493e-01 5.857564001633592454e+01 2.356194490192261792e+00
1.409464560546919154e-01 5.936862098528761322e+01 2.356194490192261792e+00
1.563892457532214675e-01 6.045675792444541230e+01 2.356194490192261792e+00
1.494782247680375986e-01 6.137498151311350369e+01 2.356194490192261792e+00
1.767398209999544167e-01 6.238472029949695496e+01 2.356194490192261792e+00
1.102360057310393937e-01 6.337134322751782634e+01 2.356194490192261792e+00
2.022963969269274964e-01 6.462935497675550778e+01 2.356194490192261792e+00
1.816669188467976426e-01 6.527098723822258819e+01 2.356194490192261792e+00
1.382627065859307336e-01 6.637685596155870371e+01 2.356194490192261792e+00
1.587392191075699954e-01 6.727856920536480345e+01 2.356194490192261792e+00
1.614572543378805514e-01 6.832165874058165400e+01 2.356194490192261792e+00
1.471631840336427854e-01 6.919468632536037944e+01 2.356194490192261792e+00
1.394680733396765071e-01 7.057209287019927046e+01 2.356194490192261792e+00
2.256099222723186026e-01 7.128219568042247545e+01 2.356194490192261792e+00
1.304990358325727462e-01 7.222279258401850655e+01 2.356194490192261792e+00
1.625986107176684292e-01 7.322967947861125992e+01 2.356194490192261792e+00
1.491177860026399182e-01 7.420401678430357606e+01 2.356194490192261792e+00
1.756328455766081875e-01 7.514833838479165706e+01 2.356194490192261792e+00
1.043341192691458474e-01 7.631521891149611747e+01 2.356194490192261792e+00
2.293821326780122460e-01 7.734704561109202814e+01 2.356194490192261792e+00
1.529455755689499985e-01 7.806681429107617021e+01 2.356194490192261792e+00
1.502587533493912886e-01 7.918236666987094452e+01 2.356194490192261792e+00
1.522230176604936480e-01 8.008058186118940114e+01 2.356194490192261792e+00
1.724931676523518975e-01 8.111544355046574140e+01 2.356194490192261792e+00
1.215379548334207943e-01 8.203225810509542271e+01 2.356194490192261792e+00
1.799790682871318936e-01 8.337492717493203997e+01 2.356194490192261792e+00
1.995552387127797755e-01 8.401102737721556935e+01 2.356194490192261792e+00
1.328781317316192478e-01 8.507524741306689009e+01 2.356194490192261792e+00
1.617227024707610372e-01 8.600358608924521775e+01 2.356194490192261792e+00
1.554984076681799332e-01 8.703057919020655220e+01 2.356194490192261792e+00
1.607010223233762414e-01 8.791617138238493112e+01 2.356194490192261792e+00
1.209453424502838215e-01 8.924767392839524405e+01 2.356194490192261792e+00
2.335012809224994434e-01 9.005046605576828256e+01 2.356194490192261792e+00
1.347397140348181310e-01 9.090623950670668307e+01 2.356194490192261792e+00
1.599013232696150921e-01 9.196253705415149682e+01 2.356194490192261792e+00
1.485168741178716778e-01 9.290300919360520027e+01 2.356194490192261792e+00
1.778471738345707431e-01 9.388656487400182016e+01 2.356194490192261792e+00
1.051428221890463172e-01 9.494496237257629900e+01 2.356194490192261792e+00
2.163692842586521503e-01 9.611393154771494096e+01 2.356194490192261792e+00
1.684681713175964213e-01 9.677963832766103280e+01 2.356194490192261792e+00
1.433163899607644842e-01 9.789959802203630090e+01 2.356194490192261792e+00
