8.354472040744075345e-01 4.095195559705524374e-02 1.570796326794862363e+00
1.292093328758905812e+00 1.639414076184612101e+00 1.570796326794862363e+00
1.814247306961847439e+00 1.975767491984554702e+00 1.570796326794862363e+00
9.134180507928481019e-01 3.416214173545438992e+00 1.570796326794862363e+00
9.049627457379370021e-01 4.427729158144998678e+00 1.570796326794862363e+00
1.060416404977830185e+00 5.338201446578931808e+00 1.570796326794862363e+00
1.022378387693260171e+00 6.198965758778540724e+00 1.570796326794862363e+00
7.853538591700992555e-01 7.714464292920609978e+00 1.570796326794862363e+00
2.497844232080745019e+00 8.173571252493390560e+00 1.570796326794862363e+00
8.154207827148758359e-01 9.544199247260586105e+00 1.570796326794862363e+00
9.201083557511330335e-01 1.049914187460749027e+01 1.570796326794862363e+00
1.207810057863330622e+00 1.147665807947054795e+01 1.570796326794862363e+00
1.218265573339937013e+00 1.238167965305999729e+01 1.570796326794862363e+00
5.210369629088820176e-01 1.353405027432682495e+01 1.570796326794862363e+00
3.243226412831714978e+00 1.439081304223218361e+01 1.570796326794862363e+00
6.715754271111076257e-01 1.544413316289458571e+01 1.570796326794862363e+00
9.700273567376357375e-01 1.648445600227927699e+01 1.570796326794862363e+00
1.254263441076829633e+00 1.759191994461390962e+01 1.570796326794862363e+00
1.201555986534150966e+00 1.852642443529827787e+01 1.570796326794862363e+00
6.004221529279178959e-01 1.930083180303626733e+01 1.570796326794862363e+00
3.061476659767031094e+00 2.063123055547207585e+01 1.570796326794862363e+00
8.888698569194695143e-01 2.119337036533757868e+01 1.570796326794862363e+00
1.045157553879744183e+00 2.252021999919721296e+01 1.570796326794862363e+00
1.101846825964643672e+00 2.368886892296447044e+01 1.570796326794862363e+00
1.035614841790773122e+00 2.460011457113243694e+01 1.570796326794862363e+00
7.046076495743630597e-01 2.535691598958343462e+01 1.570796326794862363e+00
2.151406208009392085e+00 2.687512964151528649e+01 1.570796326794862363e+00
1.263400452866118018e+00 2.725248488074138820e+01 1.570796326794862363e+00
1.007748180431847329e+00 2.868288513705527976e+01 1.570796326794862363e+00
9.698727092481632672e-01 2.979098807312226072e+01 1.570796326794862363e+00
9.791709200011536884e-01 3.067910690002574015e+01 1.570796326794862363e+00
8.113764430475940426e-01 3.148383663443360092e+01 1.570796326794862363e+00
1.412961157062877504e+00 3.307882851616053443e+01 1.570796326794862363e+00
1.716884875078650063e+00 3.341031419884492237e+01 1.570796326794862363e+00
9.325951511114670689e-01 3.485600897503210405e+01 1.570796326794862363e+00
9.105279060213468112e-01 3.588282174955191550e+01 1.570796326794862363e+00
1.039912331961767800e+00 3.678495632955527839e+01 1.570796326794862363e+00
9.861155493325935995e-01 3.763644555300091099e+01 1.570796326794862363e+00
8.682233235901806179e-01 3.918426501952456675e+01 1.570796326794862363e+00
2.361682513888046842e+00 3.960358906943503854e+01 1.570796326794862363e+00
8.430459436732361533e-01 4.099929998211247550e+01 1.570796326794862363e+00
9.159900065042825279e-01 4.196191673970508873e+01 1.570796326794862363e+00
1.180423035390719688e+00 4.292199292251805787e+01 1.570796326794862363e+00
1.190757554524224604e+00 4.381783492834097871e+01 1.570796326794862363e+00
5.458705631956508597e-01 4.506446341111593057e+01 1.570796326794862363e+00
3.134902233375254532e+00 4.581800226344456917e+01 1.570796326794862363e+00
6.902061597580043673e-01 4.696841439031774712e+01 1.570796326794862363e+00
9.588818905942950721e-01 4.796480628309441840e+01 1.570796326794862363e+00
1.273471942501956500e+00 4.904262314356897434e+01 1.570796326794862363e+00
1.237047823997265761e+00 4.997590554681637798e+01 1.570796326794862363e+00
5.806593510617433784e-01 5.077476145244316541e+01 1.570796326794862363e+00
3.215918417974056975e+00 5.205212085142914447e+01 1.570796326794862363e+00
8.343785186193334313e-01 5.266829097893864997e+01 1.570796326794862363e+00
1.045836547399552119e+00 5.396261446952323126e+01 1.570796326794862363e+00
1.134087261566392169e+00 5.513494061417417669e+01 1.570796326794862363e+00
1.061369667558355046e+00 5.605174057201567450e+01 1.570796326794862363e+00
6.971244510702376829e-01 5.679800280501179799e+01 1.570796326794862363e+00
2.297630928310303577e+00 5.829845222711070107e+01 1.570796326794862363e+00
1.213640471340923455e+00 5.869120560973171763e+01 1.570796326794862363e+00
1.026886087389484281e+00 6.011601380976033226e+01 1.570796326794862363e+00
9.931466822811733097e-01 6.123953850580515024e+01 1.570796326794862363e+00
9.846923477444089468e-01 6.212951497175068027e+01 1.570796326794862363e+00
7.962128199123167382e-01 6.292333569164356533e+01 1.570796326794862363e+00
1.528337400093616960e+00 6.451232646300219642e+01 1.570796326794862363e+00
1.645164969432830748e+00 6.484260288934989092e+01 1.570796326794862363e+00
9.542589529866796205e-01 6.629283273631435236e+01 1.570796326794862363e+00
9.205648733609300693e-01 6.733526491871603525e+01 1.570796326794862363e+00
1.026220522574880611e+00 6.823106345799597250e+01 1.570796326794862363e+00
9.580538523144375151e-01 6.907302602712401551e+01 1.570796326794862363e+00
9.521101993438496613e-01 7.064198422491122642e+01 1.570796326794862363e+00
2.252760287508160264e+00 7.103246691053905693e+01 1.570796326794862363e+00
8.697342224670940869e-01 7.244759312430527132e+01 1.570796326794862363e+00
9.155506630875093199e-01 7.342024441017986192e+01 1.570796326794862363e+00
1.156732773681828030e+00 7.436542759292758831e+01 1.570796326794862363e+00
1.164545735391064429e+00 7.525222156928835204e+01 1.570796326794862363e+00
5.824948997067005418e-01 7.657486186269412087e+01 1.570796326794862363e+00
3.027167947643715884e+00 7.724447228713567881e+01 1.570796326794862363e+00
7.191292503716182338e-01 7.846897981961029700e+01 1.570796326794862363e+00
9.516491245052246528e-01 7.943890847732326677e+01 1.570796326794862363e+00
1.280834868741223209e+00 8.048940631568166282e+01 1.570796326794862363e+00
1.261231028756589545e+00 8.141923137254863718e+01 1.570796326794862363e+00
5.600885612337617170e-01 8.225616300051858332e+01 1.570796326794862363e+00
3.327913057872942115e+00 8.347310953435530223e+01 1.570796326794862363e+00
7.834928604550250864e-01 8.415159333287225252e+01 1.570796326794862363e+00
1.039076342748158854e+00 8.540759851109376655e+01 1.570796326794862363e+00
1.161408290315660174e+00 8.657868705646365015e+01 1.570796326794862363e+00
1.085631450373716556e+00 8.750045640297322791e+01 1.570796326794862363e+00
6.860019693040989575e-01 8.824035769105773852e+01 1.570796326794862363e+00
2.435712095478971051e+00 8.972085824823754763e+01 1.570796326794862363e+00
1.160644265660709440e+00 9.013212291507133500e+01 1.570796326794862363e+00
1.038932294793709854e+00 9.154801971957834894e+01 1.570796326794862363e+00
1.013257123431530626e+00 9.268378290846878542e+01 1.570796326794862363e+00
9.904445769545798806e-01 9.357641128929341789e+01 1.570796326794862363e+00
7.808012140896561926e-01 9.436129124011297620e+01 1.570796326794862363e+00
1.635319554349251359e+00 9.594241950630159010e+01 1.570796326794862363e+00
1.576505412152213292e+00 9.627478113120474745e+01 1.570796326794862363e+00
9.695432007732949220e-01 9.772615177867990610e+01 1.570796326794862363e+00
9.290570225698512319e-01 9.878195268800453732e+01 1.570796326794862363e+00
1.014456594472540107e+00 9.967373376715552524e+01 1.570796326794862363e+00
9.311494350748731330e-01 1.005077709368558345e+02 1.570796326794862363e+00
1.030721238421267172e+00 1.020904777855561747e+02 1.570796326794862363e+00
2.151582334084665593e+00 1.024607747296278717e+02 1.570796326794862363e+00
8.886241294969949855e-01 1.038881578368662701e+02 1.570796326794862363e+00
9.146707702534574436e-01 1.048707462134606487e+02 1.570796326794862363e+00
1.134101976901144893e+00 1.058047430898732841e+02 1.570796326794862363e+00
1.135529428793280893e+00 1.066838827809811505e+02 1.570796326794862363e+00
6.242544925835669112e-01 1.080667945380458264e+02 1.570796326794862363e+00
2.912421194233764332e+00 1.086704434596372977e+02 1.570796326794862363e+00
7.482526755029045296e-01 1.099482604877997431e+02 1.570796326794862363e+00
9.449121313409077905e-01 1.109049342941639225e+02 1.570796326794862363e+00
1.275020554319346688e+00 1.119328064809461694e+02 1.570796326794862363e+00
1.269541656053327694e+00 1.128576388898108860e+02 1.570796326794862363e+00
5.387838746515668520e-01 1.137518756858333262e+02 1.570796326794862363e+00
3.385626398440012785e+00 1.148951787997570051e+02 1.570796326794862363e+00
7.344682352957511151e-01 1.156514494745584614e+02 1.570796326794862363e+00
1.023852153167079670e+00 1.168595140924692402e+02 1.570796326794862363e+00
1.184560302474115367e+00 1.180237272157487780e+02 1.570796326794862363e+00
1.109024467258794555e+00 1.189501178854361427e+02 1.570796326794862363e+00
6.666235726354302615e-01 1.196906667547678467e+02 1.570796326794862363e+00
2.580299347474941385e+00 1.211436876366734054e+02 1.570796326794862363e+00
1.092157093232665410e+00 1.215817066730402871e+02 1.570796326794862363e+00
1.042032505343798654e+00 1.229822123733424775e+02 1.570796326794862363e+00
1.029987933968391056e+00 1.241276427478690891e+02 1.570796326794862363e+00
9.946986056922491048e-01 1.250237745024554243e+02 1.570796326794862363e+00
7.590326091669621356e-01 1.258023319018408159e+02 1.570796326794862363e+00
1.746703473569209519e+00 1.273720299777828018e+02 1.570796326794862363e+00
1.492898192144544112e+00 1.277106601786407509e+02 1.570796326794862363e+00
9.762746779885318471e-01 1.291586869716720400e+02 1.570796326794862363e+00
9.339686152472730374e-01 1.302259049257623928e+02 1.570796326794862363e+00
1.000788708334743760e+00 1.311152572904826741e+02 1.570796326794862363e+00
8.988219428546795342e-01 1.319431399456138934e+02 1.570796326794862363e+00
1.110181235623910911e+00 1.335353999458856151e+02 1.570796326794862363e+00
2.037685087593945621e+00 1.338905731554627607e+02 1.570796326794862363e+00
8.979995148512763814e-01 1.353241408111896646e+02 1.570796326794862363e+00
9.107156809337769721e-01 1.363157517578608804e+02 1.570796326794862363e+00
1.109105243001011765e+00 1.372412315716312889e+02 1.570796326794862363e+00
1.099316053421800499e+00 1.381142151316946070e+02 1.570796326794862363e+00
6.707911680110150154e-01 1.395488721826053222e+02 1.570796326794862363e+00
2.777457289218239200e+00 1.400970318860441068e+02 1.570796326794862363e+00
7.732507629984404218e-01 1.414138174200074616e+02 1.570796326794862363e+00
9.364135045368054966e-01 1.423654113986835625e+02 1.570796326794862363e+00
1.257304201214632267e+00 1.433745161447501459e+02 1.570796326794862363e+00
1.261352486094628800e+00 1.442932892619243717e+02 1.570796326794862363e+00
5.209968701526743740e-01 1.452666090031415536e+02 1.570796326794862363e+00
3.382012289242528613e+00 1.463190108187444025e+02 1.570796326794862363e+00
6.936892625115212985e-01 1.471723652337020383e+02 1.570796326794862363e+00
1.003380572951503291e+00 1.483220681404577022e+02 1.570796326794862363e+00
1.207871289023487060e+00 1.494726929567713682e+02 1.570796326794862363e+00
1.136245005873098179e+00 1.504032830433397692e+02 1.570796326794862363e+00
6.417333531824321868e-01 1.511513590133498894e+02 1.570796326794862363e+00
2.742795494808579981e+00 1.525668810635485784e+02 1.570796326794862363e+00
1.013559588046860416e+00 1.530424349534403063e+02 1.570796326794862363e+00
1.041299426258930350e+00 1.544205488727117483e+02 1.570796326794862363e+00
1.049096799550614856e+00 1.555748814770821582e+02 1.570796326794862363e+00
1.001761833387032841e+00 1.564756712611154796e+02 1.570796326794862363e+00
7.339107408788251297e-01 1.572485800464413046e+02 1.570796326794862363e+00
1.877156513250491043e+00 1.588018245216871378e+02 1.570796326794862363e+00
1.398682484384595748e+00 1.591517295177083611e+02 1.570796326794862363e+00
9.812226260421211821e-01 1.605933647743800350e+02 1.570796326794862363e+00
9.398477029193655907e-01 1.616729015183975946e+02 1.570796326794862363e+00
9.869324356838596879e-01 1.625607710232839906e+02 1.570796326794862363e+00
8.621333214180655347e-01 1.633823803487311750e+02 1.570796326794862363e+00
1.203594916144047344e+00 1.649801913672811509e+02 1.570796326794862363e+00
1.910669990263397233e+00 1.653234400172847813e+02 1.570796326794862363e+00
9.043272219219430363e-01 1.667606009925033845e+02 1.570796326794862363e+00
9.058235540106173156e-01 1.677620983458347155e+02 1.570796326794862363e+00
1.081402137957485188e+00 1.686794813475740114e+02 1.570796326794862363e+00
1.056484584644865166e+00 1.695463079277856480e+02 1.570796326794862363e+00
7.282694776993102748e-01 1.710285002541684776e+02 1.570796326794862363e+00
2.622163837924984531e+00 1.715253512431857530e+02 1.570796326794862363e+00
7.959764090998494579e-01 1.728735820920686024e+02 1.570796326794862363e+00
9.266418906818137957e-01 1.738252955464107572e+02 1.570796326794862363e+00
1.231027404406634274e+00 1.748169302335676321e+02 1.570796326794862363e+00
1.239999237815963884e+00 1.757285455942325143e+02 1.570796326794862363e+00
5.141128061282839168e-01 1.767991800057934881e+02 1.570796326794862363e+00
3.320312921192018152e+00 1.777448087800006249e+02 1.570796326794862363e+00
6.715786765317265372e-01 1.787096579132997931e+02 1.570796326794862363e+00
9.830171642581323477e-01 1.797960162778038011e+02 1.570796326794862363e+00
1.233923426701388326e+00 1.809252570329647938e+02 1.570796326794862363e+00
1.170840306747501947e+00 1.818588835838351372e+02 1.570796326794862363e+00
6.173511937125417681e-01 1.826196784296488147e+02 1.570796326794862363e+00
2.921107271544620687e+00 1.839895289234629274e+02 1.570796326794862363e+00
9.391307586197457091e-01 1.845114742468435054e+02 1.570796326794862363e+00
1.042603415227109309e+00 1.858621205493572006e+02 1.570796326794862363e+00
1.076006967803073699e+00 1.870251407873184633e+02 1.570796326794862363e+00
1.017272464920649266e+00 1.879316444918271998e+02 1.570796326794862363e+00
7.138814318107069568e-01 1.886967286102724586e+02 1.570796326794862363e+00
2.028072363837218450e+00 1.902302037891901136e+02 1.570796326794862363e+00
1.314107455664113910e+00 1.905951379882145034e+02 1.570796326794862363e+00
9.929544568315007425e-01 1.920300248725911558e+02 1.570796326794862363e+00
9.532581349885984601e-01 1.931248426669437208e+02 1.570796326794862363e+00
9.789474075802727659e-01 1.940123015823572814e+02 1.570796326794862363e+00
8.294921347364133668e-01 1.948254266625890239e+02 1.570796326794862363e+00
1.316760512886162360e+00 1.964235027184992362e+02 1.570796326794862363e+00
1.791535345122752920e+00 1.967585021008547130e+02 1.570796326794862363e+00
9.167515076764390924e-01 1.981999643279186216e+02 1.570796326794862363e+00
9.055046401370161480e-01 1.992144532165190469e+02 1.570796326794862363e+00
1.055529579009115926e+00 2.001231101868245901e+02 1.570796326794862363e+00
1.014107041837768897e+00 2.009820773580979107e+02 1.570796326794862363e+00
8.017905232121259607e-01 2.025052418084053727e+02 1.570796326794862363e+00
2.467270902256856857e+00 2.029552708096710774e+02 1.570796326794862363e+00
8.209008252230959313e-01 2.043314271413877350e+02 1.570796326794862363e+00
9.188412748217943404e-01 2.052876541468262133e+02 1.570796326794862363e+00
1.201854175115409706e+00 2.062614707099893963e+02 1.570796326794862363e+00
1.212448034488193827e+00 2.071646498979000626e+02 1.570796326794862363e+00
5.248146431745666085e-01 2.083377395259112745e+02 1.570796326794862363e+00
3.221136648417776360e+00 2.091719124391420621e+02 1.570796326794862363e+00
6.739887018813180974e-01 2.102470024219806817e+02 1.570796326794862363e+00
9.672607207449199773e-01 2.112767730623335467e+02 1.570796326794862363e+00
1.259014079854732016e+00 2.123781458987826909e+02 1.570796326794862363e+00
1.209458468143482568e+00 2.133126092717753579e+02 1.570796326794862363e+00
5.962793062859353954e-01 2.140912636143788177e+02 1.570796326794862363e+00
3.096116145019281340e+00 2.154110462210849732e+02 1.570796326794862363e+00
8.769782560128555060e-01 2.159839923292264814e+02 1.570796326794862363e+00
1.045701256250958222e+00 2.173043979833759067e+02 1.570796326794862363e+00
1.108747682914551280e+00 2.184741666475634929e+02 1.570796326794862363e+00
1.040888084803930136e+00 2.193866129527229134e+02 1.570796326794862363e+00
7.029202075404208383e-01 2.201411161975545951e+02 1.570796326794862363e+00
2.182710767263281060e+00 2.216555774842969697e+02 1.570796326794862363e+00
1.252325260190077838e+00 2.220360963532659468e+02 1.570796326794862363e+00
1.011931813744400444e+00 2.234654150786563491e+02 1.570796326794862363e+00
9.746907536339165512e-01 2.245769121343612085e+02 1.570796326794862363e+00
9.800128483344153763e-01 2.254653351833653403e+02 1.570796326794862363e+00
8.077611684555784377e-01 2.262677606643822514e+02 1.570796326794862363e+00
1.437673342355563433e+00 2.278616509265058312e+02 1.570796326794862363e+00
1.700506857990790710e+00 2.281926176862520208e+02 1.570796326794862363e+00
9.371972824663779011e-01 2.296394036885612877e+02 1.570796326794862363e+00
9.124391988822394550e-01 2.306695329921313373e+02 1.570796326794862363e+00
1.036638907860500503e+00 2.315701578496195054e+02 1.570796326794862363e+00
9.797919056921626790e-01 2.324196249276428432e+02 1.570796326794862363e+00
8.858681852062675333e-01 2.339726419511126778e+02 1.570796326794862363e+00
2.337303002625058301e+00 2.343851220672277407e+02 1.570796326794862363e+00
8.488847747896310914e-01 2.357853920756035393e+02 1.570796326794862363e+00
9.157112924500555584e-01 2.367499752522930976e+02 1.570796326794862363e+00
1.175258199112291457e+00 2.377066928094974401e+02 1.570796326794862363e+00
1.185305621185606118e+00 2.386006044158215502e+02 1.570796326794862363e+00
5.527529419376218112e-01 2.398645154976360914e+02 1.570796326794862363e+00
3.112555876175105318e+00 2.405989979815896902e+02 1.570796326794862363e+00
6.957394289490673733e-01 2.417666584905971661e+02 1.570796326794862363e+00
9.571754926502525906e-01 2.427562308087607903e+02 1.570796326794862363e+00
1.276061000673463619e+00 2.438280754956720102e+02 1.570796326794862363e+00
1.243188975953507081e+00 2.447608036416988284e+02 1.570796326794862363e+00
5.765285921217069287e-01 2.455662086940260735e+02 1.570796326794862363e+00
3.243025578175072976e+00 2.468318688115038242e+02 1.570796326794862363e+00
8.237353680085958141e-01 2.474600095506587252e+02 1.570796326794862363e+00
1.045152565661161992e+00 2.487470230073857351e+02 1.570796326794862363e+00
1.140202084129165350e+00 2.499195203429322021e+02 1.570796326794862363e+00
1.066577300765768177e+00 2.508373891555992827e+02 1.570796326794862363e+00
6.953828092154609175e-01 2.515818565037480141e+02 1.570796326794862363e+00
2.326455261001452612e+00 2.530785494187735480e+02 1.570796326794862363e+00
1.203591569729870914e+00 2.534746987185937428e+02 1.570796326794862363e+00
1.030143446811978558e+00 2.548980681542238358e+02 1.570796326794862363e+00
9.976837933656623747e-01 2.560243996995905604e+02 1.570796326794862363e+00
9.860158960026040864e-01 2.569148650486596921e+02 1.570796326794862363e+00
7.933606832504057627e-01 2.577066136620831003e+02 1.570796326794862363e+00
1.550890765571656837e+00 2.592941645044135157e+02 1.570796326794862363e+00
1.631560755570317545e+00 2.596245872312262577e+02 1.570796326794862363e+00
9.581586039936242916e-01 2.610754035615683506e+02 1.570796326794862363e+00
9.226121713149935122e-01 2.621208267578270465e+02 1.570796326794862363e+00
1.023814656051631244e+00 2.630156203549946099e+02 1.570796326794862363e+00
9.526830935174045445e-01 2.638557724366520461e+02 1.570796326794862363e+00
9.687811905150852665e-01 2.654280380538365876e+02 1.570796326794862363e+00
2.232043961969017332e+00 2.658137615547198038e+02 1.570796326794862363e+00
8.744569577765677337e-01 2.672320179560615543e+02 1.570796326794862363e+00
9.155462628965231886e-01 2.682067987979947361e+02 1.570796326794862363e+00
1.152094380544633978e+00 2.691493667584807099e+02 1.570796326794862363e+00
1.158956481006319539e+00 2.700344348528903993e+02 1.570796326794862363e+00
5.908396583765213039e-01 2.713706068254989532e+02 1.570796326794862363e+00
3.004502810377607691e+00 2.720253071380163306e+02 1.570796326794862363e+00
7.253789163400699014e-01 2.732623649901574368e+02 1.570796326794862363e+00
9.503202956296410431e-01 2.742286516104053931e+02 1.570796326794862363e+00
1.280701456009424977e+00 2.752740702297999178e+02 1.570796326794862363e+00
1.264329639366433611e+00 2.762029666815940345e+02 1.570796326794862363e+00
5.556619952587018574e-01 2.770500289473760631e+02 1.570796326794862363e+00
3.344620292708353482e+00 2.782530083092328255e+02 1.570796326794862363e+00
7.731004051656005238e-01 2.789461004901874617e+02 1.570796326794862363e+00
1.036569500091051754e+00 2.801930729049641968e+02 1.570796326794862363e+00
1.166420873179614626e+00 2.813632288838095974e+02 1.570796326794862363e+00
1.090421551471747685e+00 2.822859766868087377e+02 1.570796326794862363e+00
6.826807050618151074e-01 2.830253998446307833e+02 1.570796326794862363e+00
2.464573660664898469e+00 2.845009772800642054e+02 1.570796326794862363e+00
1.147821439101606389e+00 2.849169571155348990e+02 1.570796326794862363e+00
1.040217490051376759e+00 2.863302635117968862e+02 1.570796326794862363e+00
1.016868213136919774e+00 2.874681803817512673e+02 1.570796326794862363e+00
9.913821594025308270e-01 2.883614537396662172e+02 1.570796326794862363e+00
7.768604103812883910e-01 2.891448411757548342e+02 1.570796326794862363e+00
1.657437969958505342e+00 2.907239708631735766e+02 1.570796326794862363e+00
1.560655135839757346e+00 2.910572448631666589e+02 1.570796326794862363e+00
9.715253800499524806e-01 2.925082796008737205e+02 1.570796326794862363e+00
9.303057827361270737e-01 2.935665311577354259e+02 1.570796326794862363e+00
1.011823321700043854e+00 2.944577090002936757e+02 1.570796326794862363e+00
9.250096254932448359e-01 2.952903658810686238e+02 1.570796326794862363e+00
1.046686717254967869e+00 2.968753403743497188e+02 1.570796326794862363e+00
2.129453931265786970e+00 2.972421931604823726e+02 1.570796326794862363e+00
8.912422146477646523e-01 2.986712644563756385e+02 1.570796326794862363e+00
9.141125426671919962e-01 2.996557690652139172e+02 1.570796326794862363e+00
1.129204660071717825e+00 3.005878544872315388e+02 1.570796326794862363e+00
1.128709137532452056e+00 3.014656271431907157e+02 1.570796326794862363e+00
6.333563124237099329e-01 3.028597150287640147e+02 1.570796326794862363e+00
2.886459586315835768e+00 3.034512984449755209e+02 1.570796326794862363e+00
7.537809804643850198e-01 3.047381117490028259e+02 1.570796326794862363e+00
9.433299519327771332e-01 3.056932008657390725e+02 1.570796326794862363e+00
1.272254732706214364e+00 3.067169483538027066e+02 1.570796326794862363e+00
1.269151396886430971e+00 3.076406085626640561e+02 1.570796326794862363e+00
5.346060836000849914e-01 3.085494164816261673e+02 1.570796326794862363e+00
3.390012112592703630e+00 3.096753980846289096e+02 1.570796326794862363e+00
7.250275534723459314e-01 3.104501643902251544e+02 1.570796326794862363e+00
1.019884651735290637e+00 3.116469439599429165e+02 1.570796326794862363e+00
1.189216649328952213e+00 3.128089422165260771e+02 1.570796326794862363e+00
1.114162695750850363e+00 3.137362502043256995e+02 1.570796326794862363e+00
6.617325138611261925e-01 3.144778410683129550e+02 1.570796326794862363e+00
2.612260866958752814e+00 3.159239297838651055e+02 1.570796326794862363e+00
1.076287960514906716e+00 3.163688232915050662e+02 1.570796326794862363e+00
1.041956807599349721e+00 3.177652364077680431e+02 1.570796326794862363e+00
1.033504025451251085e+00 3.189125182600807875e+02 1.570796326794862363e+00
9.957121025770582223e-01 3.198095112311291928e+02 1.570796326794862363e+00
7.538582053345548317e-01 3.205869439106198797e+02 1.570796326794862363e+00
1.771788029285951360e+00 3.221536557999139632e+02 1.570796326794862363e+00
1.473728880207047842e+00 3.224942056891999869e+02 1.570796326794862363e+00
9.771154354617975768e-01 3.239410758286118153e+02 1.570796326794862363e+00
9.348652499315316389e-01 3.250106599067757429e+02 1.570796326794862363e+00
9.977703664588382093e-01 3.258996360351992507e+02 1.570796326794862363e+00
8.913895218402214660e-01 3.267263147097499427e+02 1.570796326794862363e+00
1.127944980414851139e+00 3.283200950825959126e+02 1.570796326794862363e+00
2.012040357503531940e+00 3.286725516372400193e+02 1.570796326794862363e+00
8.992317353096224153e-01 3.301069398487886133e+02 1.570796326794862363e+00
9.096197729619727168e-01 3.311004344728380033e+02 1.570796326794862363e+00
1.103516018673685650e+00 3.320242749349457654e+02 1.570796326794862363e+00
1.090851680036503568e+00 3.328960530438492356e+02 1.570796326794862363e+00
6.815228409450116986e-01 3.343408651020497473e+02 1.570796326794862363e+00
2.746612604850867445e+00 3.348781754618888158e+02 1.570796326794862363e+00
7.779921274154839583e-01 3.362018891177829119e+02 1.570796326794862363e+00
9.344213521904560782e-01 3.371531324285173241e+02 1.570796326794862363e+00
1.252417258839268355e+00 3.381586040925121210e+02 1.570796326794862363e+00
1.257830629696779390e+00 3.390759953911601770e+02 1.570796326794862363e+00
5.184069294881014089e-01 3.400682295910866628e+02 1.570796326794862363e+00
3.373613893763607319e+00 3.410996424261720676e+02 1.570796326794862363e+00
6.872574911576165846e-01 3.419752541006221236e+02 1.570796326794862363e+00
9.989781324173020449e-01 3.431119422240535641e+02 1.570796326794862363e+00
1.213053813627968269e+00 3.442587963682465784e+02 1.570796326794862363e+00
1.142780432585722483e+00 3.451901456893281193e+02 1.570796326794862363e+00
6.364731528372051805e-01 3.459404765739526511e+02 1.570796326794862363e+00
2.778778220369014118e+00 3.473470926663243290e+02 1.570796326794862363e+00
9.973780567783120388e-01 3.478316561323753717e+02 1.570796326794862363e+00
1.041293617072952760e+00 3.492044142660070065e+02 1.570796326794862363e+00
1.053953369998754885e+00 3.503605901512308378e+02 1.570796326794862363e+00
1.004163134944707103e+00 3.512624935800000117e+02 1.570796326794862363e+00
7.290832483618777671e-01 3.520340372721646531e+02 1.570796326794862363e+00
1.907032097813620819e+00 3.535833343524082011e+02 1.570796326794862363e+00
1.379684834532879156e+00 3.539361360770256510e+02 1.570796326794862363e+00
9.829107866824174922e-01 3.553763200517917085e+02 1.570796326794862363e+00
9.418528470506107864e-01 3.564587686475252895e+02 1.570796326794862363e+00
9.845926146717594030e-01 3.573464492859482107e+02 1.570796326794862363e+00
8.547170533044764484e-01 3.581665262290714509e+02 1.570796326794862363e+00
1.225517624485430446e+00 3.597648477539779606e+02 1.570796326794862363e+00
1.884483242677814419e+00 3.601060502314786049e+02 1.570796326794862363e+00
9.061698320155208153e-01 3.615439787615914611e+02 1.570796326794862363e+00
9.052025816591470209e-01 3.625478690845447431e+02 1.570796326794862363e+00
1.075685217776458868e+00 3.634634844460252339e+02 1.570796326794862363e+00
1.047368803451126151e+00 3.643288578881234230e+02 1.570796326794862363e+00
7.421506911012741847e-01 3.658202425349059013e+02 1.570796326794862363e+00
2.589122699653477078e+00 3.663068979362543587e+02 1.570796326794862363e+00
8.008279810020872969e-01 3.676611430014484085e+02 1.570796326794862363e+00
9.247349403719410388e-01 3.686134345170959818e+02 1.570796326794862363e+00
1.225013673398518854e+00 3.696014184757758017e+02 1.570796326794862363e+00
1.234539707677358766e+00 3.705113929639258572e+02 1.570796326794862363e+00
5.147569047323471425e-01 3.716033904109429500e+02 1.570796326794862363e+00
3.301888324739985503e+00 3.725257981227966297e+02 1.570796326794862363e+00
6.700674688140738633e-01 3.735141918795210927e+02 1.570796326794862363e+00
9.792830462752447618e-01 3.745878637695651037e+02 1.570796326794862363e+00
1.239424734785079307e+00 3.757117533143318155e+02 1.570796326794862363e+00
1.178754694117075008e+00 3.766457609398534601e+02 1.570796326794862363e+00
6.127348647409027738e-01 3.774097610042306314e+02 1.570796326794862363e+00
2.958437771508995784e+00 3.787695233074254588e+02 1.570796326794862363e+00
9.252367461621140432e-01 3.793017494978291779e+02 1.570796326794862363e+00
1.043239912081217247e+00 3.806463246319954692e+02 1.570796326794862363e+00
1.082517045740750028e+00 3.818109806603711149e+02 1.570796326794862363e+00
1.021653292538189373e+00 3.827187286023083743e+02 1.570796326794862363e+00
7.109278091924517984e-01 3.834817931914615201e+02 1.570796326794862363e+00
2.060464019692612503e+00 3.850111654904767420e+02 1.570796326794862363e+00
1.299437711126649075e+00 3.853793705447193929e+02 1.570796326794862363e+00
9.964724367605380939e-01 3.868130087165577606e+02 1.570796326794862363e+00
9.571839624140549008e-01 3.879112726532655984e+02 1.570796326794862363e+00
9.784655785019273910e-01 3.887988195773870643e+02 1.570796326794862363e+00
8.240485550478774401e-01 3.896098631187604155e+02 1.570796326794862363e+00
1.341774500568484019e+00 3.912073555056024361e+02 1.570796326794862363e+00
1.770137906083063317e+00 3.915411881856027776e+02 1.570796326794862363e+00
9.204671612818718929e-01 3.929837195804261114e+02 1.570796326794862363e+00
9.063856501482249195e-01 3.940013063847620742e+02 1.570796326794862363e+00
1.050968192694682335e+00 3.949081777768747656e+02 1.570796326794862363e+00
1.006216695280149231e+00 3.957652704996446573e+02 1.570796326794862363e+00
8.187066169870984567e-01 3.972956011901960096e+02 1.570796326794862363e+00
2.437870180593783687e+00 3.977369653452619787e+02 1.570796326794862363e+00
8.265385578117629972e-01 3.991184942386177568e+02 1.570796326794862363e+00
9.177929950852943275e-01 4.000761768151639330e+02 1.570796326794862363e+00
1.196028015185047977e+00 4.010463199589519263e+02 1.570796326794862363e+00
1.206674157464888264e+00 4.019476177732874476e+02 1.570796326794862363e+00
5.293577715281367890e-01 4.031408858097859138e+02 1.570796326794862363e+00
3.198723869884259496e+00 4.039530086778434566e+02 1.570796326794862363e+00
6.772522192197709678e-01 4.050490655811176453e+02 1.570796326794862363e+00
9.647502803271901239e-01 4.060690237026246905e+02 1.570796326794862363e+00
1.263407387224261269e+00 4.071642355168322069e+02 1.570796326794862363e+00
1.217144237566309961e+00 4.080985443904867225e+02 1.570796326794862363e+00
5.921935598589901373e-01 4.088818179790385443e+02 1.570796326794862363e+00
3.129516605715147559e+00 4.101908302029640936e+02 1.570796326794862363e+00
8.654770294632734284e-01 4.107747378881008444e+02 1.570796326794862363e+00
1.046082868827814982e+00 4.120885773078934449e+02 1.570796326794862363e+00
1.115578361400610508e+00 4.132592888978780366e+02 1.570796326794862363e+00
1.046239239482392724e+00 4.141729104142106621e+02 1.570796326794862363e+00
7.013893262156218888e-01 4.149251348846702285e+02 1.570796326794862363e+00
2.213463078746313428e+00 4.164359179216318125e+02 1.570796326794862363e+00
1.241847127967994346e+00 4.168195828072265385e+02 1.570796326794862363e+00
1.016078124673372107e+00 4.182478124632319236e+02 1.570796326794862363e+00
9.795693623961694296e-01 4.193626164969825822e+02 1.570796326794862363e+00
9.810703772873275996e-01 4.202513896523493599e+02 1.570796326794862363e+00
8.044822334786917439e-01 4.210515116850403956e+02 1.570796326794862363e+00
1.461984521475176990e+00 4.226442188330073009e+02 1.570796326794862363e+00
1.685144638531191452e+00 4.229748122722111816e+02 1.570796326794862363e+00
9.418224925033409356e-01 4.244226346484410897e+02 1.570796326794862363e+00
9.144951269895341683e-01 4.254560616731729965e+02 1.570796326794862363e+00
1.033641882327292594e+00 4.263552774437233666e+02 1.570796326794862363e+00
9.738040229049833574e-01 4.272027311617869714e+02 1.570796326794862363e+00
9.034291183593843311e-01 4.287604789954339708e+02 1.570796326794862363e+00
2.314066506625750197e+00 4.291665942501946347e+02 1.570796326794862363e+00
8.546240515947886029e-01 4.305711557114961465e+02 1.570796326794862363e+00
9.155693962912696549e-01 4.315377857550317913e+02 1.570796326794862363e+00
1.170255338963823055e+00 4.324912773716663992e+02 1.570796326794862363e+00
1.179907164011363196e+00 4.333832770155663070e+02 1.570796326794862363e+00
5.600624304972995349e-01 4.346636344039192750e+02 1.570796326794862363e+00
3.090312208544180539e+00 4.353799557252104364e+02 1.570796326794862363e+00
7.015990963531191227e-01 4.365638419877614638e+02 1.570796326794862363e+00
9.556100806862244390e-01 4.375473360867410406e+02 1.570796326794862363e+00
1.278106100655288735e+00 4.386133536487844253e+02 1.570796326794862363e+00
1.248776924756352713e+00 4.395454372699484225e+02 1.570796326794862363e+00
5.723370299384031856e-01 4.403580322900194801e+02 1.570796326794862363e+00
3.268174540962164087e+00 4.416116308528314107e+02 1.570796326794862363e+00
8.131783194787961522e-01 4.422521547187283204e+02 1.570796326794862363e+00
1.044108594577166649e+00 4.435315737676102685e+02 1.570796326794862363e+00
1.146070864789465960e+00 4.447040245619452321e+02 1.570796326794862363e+00
1.071683989697245210e+00 4.456229381365066615e+02 1.570796326794862363e+00
6.933976523420909421e-01 4.463658333176298356e+02 1.570796326794862363e+00
2.355004626678163238e+00 4.478586269196077865e+02 1.570796326794862363e+00
1.193193629073037165e+00 4.482583499824442583e+02 1.570796326794862363e+00
1.033024554106119153e+00 4.496801001940191327e+02 1.570796326794862363e+00
1.002032014803710069e+00 4.508090903675952177e+02 1.570796326794862363e+00
9.872913140692157752e-01 4.517000753930402084e+02 1.570796326794862363e+00
7.903975463088518394e-01 4.524898595544008231e+02 1.570796326794862363e+00
1.573108967383354484e+00 4.540758891178788872e+02 1.570796326794862363e+00
1.617829282417718062e+00 4.544065986528678422e+02 1.570796326794862363e+00
9.617022428200708850e-01 4.558578309790555068e+02 1.570796326794862363e+00
9.245332274778569337e-01 4.569061276638288973e+02 1.570796326794862363e+00
1.021434484607963933e+00 4.578000138726623618e+02 1.570796326794862363e+00
9.472776927551146420e-01 4.586384408000257622e+02 1.570796326794862363e+00
9.851913256002189367e-01 4.602137409704304787e+02 1.570796326794862363e+00
2.211420018709395752e+00 4.605950431868213286e+02 1.570796326794862363e+00
8.787791354667887633e-01 4.620161129253223748e+02 1.570796326794862363e+00
9.154778496412694366e-01 4.629929949643619125e+02 1.570796326794862363e+00
1.147466944618262596e+00 4.639331126982829119e+02 1.570796326794862363e+00
1.153196051873317307e+00 4.648165263514698609e+02 1.570796326794862363e+00
5.993473540418564616e-01 4.661656077194577961e+02 1.570796326794862363e+00
2.981411940009226491e+00 4.668061257260451953e+02 1.570796326794862363e+00
7.315530664297706931e-01 4.680548840491698570e+02 1.570796326794862363e+00
9.489797540658185815e-01 4.690180437891855263e+02 1.570796326794862363e+00
1.280000661708690313e+00 4.700585974131173543e+02 1.570796326794862363e+00
1.266717063438865365e+00 4.709865063555456004e+02 1.570796326794862363e+00
5.512124818019247252e-01 4.718445709748556851e+02 1.570796326794862363e+00
3.358909196200566605e+00 4.730329617173699717e+02 1.570796326794862363e+00
7.627879690820237313e-01 4.737413936163873132e+02 1.570796326794862363e+00
1.033701593931454665e+00 4.749788857696684659e+02 1.570796326794862363e+00
1.171276813497280411e+00 4.761478623457632580e+02 1.570796326794862363e+00
1.095194805987454778e+00 4.770715766086948406e+02 1.570796326794862363e+00
6.789793515582718264e-01 4.778108409878769862e+02 1.570796326794862363e+00
2.493869447871314371e+00 4.792811241073732731e+02 1.570796326794862363e+00
1.134256923043442722e+00 4.797022198664232633e+02 1.570796326794862363e+00
1.041121981297476351e+00 4.811126329187958959e+02 1.570796326794862363e+00
1.020349962795076060e+00 4.822526055151250262e+02 1.570796326794862363e+00
9.922534718082693939e-01 4.831465622248293244e+02 1.570796326794862363e+00
7.726055613992831583e-01 4.839285695438994708e+02 1.570796326794862363e+00
1.679895138361816587e+00 4.855055266298204515e+02 1.570796326794862363e+00
1.544029105226252474e+00 4.858399037094754362e+02 1.570796326794862363e+00
9.731422399306491888e-01 4.872904055174933546e+02 1.570796326794862363e+00
9.313956828647079744e-01 4.883510351440185673e+02 1.570796326794862363e+00
1.009079264575452273e+00 4.892416690564920714e+02 1.570796326794862363e+00
9.185835225515158742e-01 4.900730180292216573e+02 1.570796326794862363e+00
1.062775644006370701e+00 4.916601051032289433e+02 1.570796326794862363e+00
2.106606177573392191e+00 4.920236971470733351e+02 1.570796326794862363e+00
8.934530279463918090e-01 4.934542130332086458e+02 1.570796326794862363e+00
9.134042951104626162e-01 4.944405926263530091e+02 1.570796326794862363e+00
1.124174133802553488e+00 4.953708658023135740e+02 1.570796326794862363e+00
1.121542240718659267e+00 4.962473331349133900e+02 1.570796326794862363e+00
6.426766596058505199e-01 4.976523048671627976e+02 1.570796326794862363e+00
2.859506147608969151e+00 4.982321918923818771e+02 1.570796326794862363e+00
7.591083274166561257e-01 4.995274521753479462e+02 1.570796326794862363e+00
9.416551257001267716e-01 5.004812622934121578e+02 1.570796326794862363e+00
1.268994922841700568e+00 5.015010352698571410e+02 1.570796326794862363e+00
1.268056852212532615e+00 5.024234811454036276e+02 1.570796326794862363e+00
5.306256822851697086e-01 5.033478100892758675e+02 1.570796326794862363e+00
3.391714037818324368e+00 5.044556983654130136e+02 1.570796326794862363e+00
7.160169168028095443e-01 5.052498143545587936e+02 1.570796326794862363e+00
1.015731024484215483e+00 5.064348612892885626e+02 1.570796326794862363e+00
1.193927996863747953e+00 5.075943460291434803e+02 1.570796326794862363e+00
1.119517570862717193e+00 5.085225517869548071e+02 1.570796326794862363e+00
6.566498378087418653e-01 5.092654701891914328e+02 1.570796326794862363e+00
2.645080040473672955e+00 5.107041832897996869e+02 1.570796326794862363e+00
1.060082168592423324e+00 5.111564285320704926e+02 1.570796326794862363e+00
1.041781695502244309e+00 5.125484517242903166e+02 1.570796326794862363e+00
1.037190122337213971e+00 5.136975716797977611e+02 1.570796326794862363e+00
9.969013652568943229e-01 5.145954788319859290e+02 1.570796326794862363e+00
7.485925913033809609e-01 5.153717913551521406e+02 1.570796326794862363e+00
1.797825074490950303e+00 5.169352891776652541e+02 1.570796326794862363e+00
1.454206828199377632e+00 5.172779808803365995e+02 1.570796326794862363e+00
9.779656632083093548e-01 5.187235835011657628e+02 1.570796326794862363e+00
9.358628732371137016e-01 5.197956053652068249e+02 1.570796326794862363e+00
9.947748911739308086e-01 5.206842405549843988e+02 1.570796326794862363e+00
8.838008675855797414e-01 5.215096873696452349e+02 1.570796326794862363e+00
1.146444926029113187e+00 5.231048094863646156e+02 1.570796326794862363e+00
1.985885419636784111e+00 5.234546748570386399e+02 1.570796326794862363e+00
9.004148110716969633e-01 5.248898108067470503e+02 1.570796326794862363e+00
9.085162482095425762e-01 5.258852497785807145e+02 1.570796326794862363e+00
1.097815531227973151e+00 5.268074450737932466e+02 1.570796326794862363e+00
1.082121777980184385e+00 5.276779994536186678e+02 1.570796326794862363e+00
6.927980869018461885e-01 5.291328164011542867e+02 1.570796326794862363e+00
2.714930634352036964e+00 5.296594035471375719e+02 1.570796326794862363e+00
7.826684025850748627e-01 5.309897853748639136e+02 1.570796326794862363e+00
9.323856867150125405e-01 5.319408798897127326e+02 1.570796326794862363e+00
1.247197069904920630e+00 5.329427465885742095e+02 1.570796326794862363e+00
1.253783137278389193e+00 5.338587071245614197e+02 1.570796326794862363e+00
5.163587295048641668e-01 5.348705940166465780e+02 1.570796326794862363e+00
3.362777435591055575e+00 5.358803593589146885e+02 1.570796326794862363e+00
6.817298013836908810e-01 5.367787813484052322e+02 1.570796326794862363e+00
9.946327648817001599e-01 5.379023054400798856e+02 1.570796326794862363e+00
1.218371968944209627e+00 5.390450431248499399e+02 1.570796326794862363e+00
1.149661154831775223e+00 5.399770932355428386e+02 1.570796326794862363e+00
6.312957808107367841e-01 5.407298811161266485e+02 1.570796326794862363e+00
2.815388940331054357e+00 5.421272707018245001e+02 1.570796326794862363e+00
9.815220548655341215e-01 5.426211924191824210e+02 1.570796326794862363e+00
1.041427788938493304e+00 5.439884011973321094e+02 1.570796326794862363e+00
1.059190828417725383e+00 5.451464115555293120e+02 1.570796326794862363e+00
1.006980410913005164e+00 5.460494716179881607e+02 1.570796326794862363e+00
7.245646798217020290e-01 5.468195285124181737e+02 1.570796326794862363e+00
1.937757688733281025e+00 5.483647627403613569e+02 1.570796326794862363e+00
1.361324803626402069e+00 5.487206036526913522e+02 1.570796326794862363e+00
9.849696878180510540e-01 5.501593481770589733e+02 1.570796326794862363e+00
9.442450763179129902e-01 5.512448505500677811e+02 1.570796326794862363e+00
9.825726913471339863e-01 5.521323923921572714e+02 1.570796326794862363e+00
8.475720455058999292e-01 5.529508235350920131e+02 1.570796326794862363e+00
1.248315872881868405e+00 5.545494134842278982e+02 1.570796326794862363e+00
1.858886529498912754e+00 5.548887390454361821e+02 1.570796326794862363e+00
9.083628039949291910e-01 5.563274937213165003e+02 1.570796326794862363e+00
9.048377863153493905e-01 5.573339310357482645e+02 1.570796326794862363e+00
1.070104082177725902e+00 5.582477470154855155e+02 1.570796326794862363e+00
1.038356813670282985e+00 5.591115789092649493e+02 1.570796326794862363e+00
7.567619564834939805e-01 5.606118314687097381e+02 1.570796326794862363e+00
2.556353037467273825e+00 5.610885081440906106e+02 1.570796326794862363e+00
8.058213085617662585e-01 5.624486448706693409e+02 1.570796326794862363e+00
9.229507218375453403e-01 5.634017014100370488e+02 1.570796326794862363e+00
1.218935420544315473e+00 5.643860081797848807e+02 1.570796326794862363e+00
1.228889440290953816e+00 5.652942849014413014e+02 1.570796326794862363e+00
5.162139733059218916e-01 5.664077164621999145e+02 1.570796326794862363e+00
3.282102108721766776e+00 5.673068348098145179e+02 1.570796326794862363e+00
6.696441828206414204e-01 5.683185441188437608e+02 1.570796326794862363e+00
9.757840323874042987e-01 5.693799454527750186e+02 1.570796326794862363e+00
1.244830692021597240e+00 5.704982257347872974e+02 1.570796326794862363e+00
1.186788624603425601e+00 5.714325101403104554e+02 1.570796326794862363e+00
6.082722570604146561e-01 5.721999401437374217e+02 1.570796326794862363e+00
2.995405452734592799e+00 5.735494655089621574e+02 1.570796326794862363e+00
9.119152729545737524e-01 5.740921240268576184e+02 1.570796326794862363e+00
1.043929915237689521e+00 5.754305314391903039e+02 1.570796326794862363e+00
1.089232929814996753e+00 5.765967179408588663e+02 1.570796326794862363e+00
1.026355380034784881e+00 5.775057099064777049e+02 1.570796326794862363e+00
7.083805630156161381e-01 5.782666387720433931e+02 1.570796326794862363e+00
2.092802682315669571e+00 5.797919856395312763e+02 1.570796326794862363e+00
1.285831780558712056e+00 5.801634482829318813e+02 1.570796326794862363e+00
1.000276686741614851e+00 5.815958992664303651e+02 1.570796326794862363e+00
9.614350874915001954e-01 5.826976430117711061e+02 1.570796326794862363e+00
9.783866830276689575e-01 5.835853390178846212e+02 1.570796326794862363e+00
8.191257517916414876e-01 5.843942125860314718e+02 1.570796326794862363e+00
1.366948745211032712e+00 5.859909492029739795e+02 1.570796326794862363e+00
1.750114836421090336e+00 5.863237972115480261e+02 1.570796326794862363e+00
9.245182136471283840e-01 5.877674351446414676e+02 1.570796326794862363e+00
9.075899414192754033e-01 5.887882195770220051e+02 1.570796326794862363e+00
1.046751712557395964e+00 5.896933545748224788e+02 1.570796326794862363e+00
9.987397962850128597e-01 5.905485090118606877e+02 1.570796326794862363e+00
8.359864529942500067e-01 5.920854871275759024e+02 1.570796326794862363e+00
2.409761721844170257e+00 5.925186366235867581e+02 1.570796326794862363e+00
8.323023582556385858e-01 5.939053602199609259e+02 1.570796326794862363e+00
9.169661994142295214e-01 5.948646573753991333e+02 1.570796326794862363e+00
1.190360447655334664e+00 5.958311762485441250e+02 1.570796326794862363e+00
1.200975551897071947e+00 5.967305631415983953e+02 1.570796326794862363e+00
5.346115424572649433e-01 5.979433532476764412e+02 1.570796326794862363e+00
3.176180018580630371e+00 5.987340902188637983e+02 1.570796326794862363e+00
6.812642645415171172e-01 5.998502172170053655e+02 1.570796326794862363e+00
9.624824306885869651e-01 6.008611379273218063e+02 1.570796326794862363e+00
1.267388404043960692e+00 6.019501715792520145e+02 1.570796326794862363e+00
1.224529740775416764e+00 6.028842150614920001e+02 1.570796326794862363e+00
5.881338778924605215e-01 6.036725319349329766e+02 1.570796326794862363e+00
3.161492194653538590e+00 6.049705912196056943e+02 1.570796326794862363e+00
8.542951226453681102e-01 6.055656499859132964e+02 1.570796326794862363e+00
1.046248704657062323e+00 6.068727763161538178e+02 1.570796326794862363e+00
1.122279833158011941e+00 6.080442418266686673e+02 1.570796326794862363e+00
1.051611315646687528e+00 6.089590107013400484e+02 1.570796326794862363e+00
6.999263790463665647e-01 6.097090206205575669e+02 1.570796326794862363e+00
2.243641831223562644e+00 6.112161682930816369e+02 1.570796326794862363e+00
1.231769912989567173e+00 6.116029878394110710e+02 1.570796326794862363e+00
1.020099056692377326e+00 6.130300888555096890e+02 1.570796326794862363e+00
9.844387009006865252e-01 6.141480897666662031e+02 1.570796326794862363e+00
9.822799347730247765e-01 6.150372542217522778e+02 1.570796326794862363e+00
8.014507430927377829e-01 6.158350997441941672e+02 1.570796326794862363e+00
1.485832018407680311e+00 6.174265544809343282e+02 1.570796326794862363e+00
1.670585770196683306e+00 6.177569130892018165e+02 1.570796326794862363e+00
9.463772132618655242e-01 6.192056900926529579e+02 1.570796326794862363e+00
9.166331281412840593e-01 6.202423668205733520e+02 1.570796326794862363e+00
1.030874832382048689e+00 6.211402790759339041e+02 1.570796326794862363e+00
9.680878493958431363e-01 6.219857481242881931e+02 1.570796326794862363e+00
9.208220681106799033e-01 6.235477968229600947e+02 1.570796326794862363e+00
2.291799581940827224e+00 6.239480073069908030e+02 1.570796326794862363e+00
8.601922495650364819e-01 6.253565741975168066e+02 1.570796326794862363e+00
9.155244373933846269e-01 6.263253064515076858e+02 1.570796326794862363e+00
1.165391905387807903e+00 6.272757198539620731e+02 1.570796326794862363e+00
1.174525693232425283e+00 6.281658393404455865e+02 1.570796326794862363e+00
5.677259533727925245e-01 6.294618222333078847e+02 1.570796326794862363e+00
3.068112517084231605e+00 6.301608757311314548e+02 1.570796326794862363e+00
7.076837509811747529e-01 6.313599804097765400e+02 1.570796326794862363e+00
9.541525648976774132e-01 6.323380986679139824e+02 1.570796326794862363e+00
1.279591633926652650e+00 6.333984612299582295e+02 1.570796326794862363e+00
1.253764936472171909e+00 6.343298167896725772e+02 1.570796326794862363e+00
5.680768514292988680e-01 6.351502980244385981e+02 1.570796326794862363e+00
3.291258599903471360e+00 6.363914163650067621e+02 1.570796326794862363e+00
8.026738695250559275e-01 6.370448064790213039e+02 1.570796326794862363e+00
1.042687168793021035e+00 6.383163069208706020e+02 1.570796326794862363e+00
1.151693004023865097e+00 6.394884881296094363e+02 1.570796326794862363e+00
1.076686851252472543e+00 6.404084252293015425e+02 1.570796326794862363e+00
6.911114453801753266e-01 6.411500024128461064e+02 1.570796326794862363e+00
2.383420824058564147e+00 6.426386998904945358e+02 1.570796326794862363e+00
1.182296750655838169e+00 6.430422260247307804e+02 1.570796326794862363e+00
1.035497453025064907e+00 6.444621424697786551e+02 1.570796326794862363e+00
1.006176175609705847e+00 6.455936458294705744e+02 1.570796326794862363e+00
9.884898300258886383e-01 6.464851811981523042e+02 1.570796326794862363e+00
7.872484587116337362e-01 6.472731200526000066e+02 1.570796326794862363e+00
1.595103052896654550e+00 6.488575315331200954e+02 1.570796326794862363e+00
1.603759227884828276e+00 6.491886761143459807e+02 1.570796326794862363e+00
9.648503548389290030e-01 6.506401386896051235e+02 1.570796326794862363e+00
9.262951707872547624e-01 6.516911879461833905e+02 1.570796326794862363e+00
1.019033997958437965e+00 6.525842575274665478e+02 1.570796326794862363e+00
9.417625634682813551e-01 6.534210509221505845e+02 1.570796326794862363e+00
1.001379011018653786e+00 6.549991480226751719e+02 1.570796326794862363e+00
2.190662967595105037e+00 6.553763309780517829e+02 1.570796326794862363e+00
8.826672103963281169e-01 6.567999015157806753e+02 1.570796326794862363e+00
9.153117785368822812e-01 6.577788430358789356e+02 1.570796326794862363e+00
1.142814363107131470e+00 6.587166692055038766e+02 1.570796326794862363e+00
1.147215586814133381e+00 6.595985045265929330e+02 1.570796326794862363e+00
6.080001395684202503e-01 6.609599432059304718e+02 1.570796326794862363e+00
2.957751875739743852e+00 6.615869377559226905e+02 1.570796326794862363e+00
7.376011478905680763e-01 6.628466033715363892e+02 1.570796326794862363e+00
9.476023946636480400e-01 6.638071020234323214e+02 1.570796326794862363e+00
1.278741149200512295e+00 6.648430010220426993e+02 1.570796326794862363e+00
1.268381231570637313e+00 6.657698688257484037e+02 1.570796326794862363e+00
5.467718226882049004e-01 6.666398390724612000e+02 1.570796326794862363e+00
3.370701880658687699e+00 6.678129764231852050e+02 1.570796326794862363e+00
7.526034707039259697e-01 6.685375277917058838e+02 1.570796326794862363e+00
1.030497145043944629e+00 6.697650743707255288e+02 1.570796326794862363e+00
1.176016823817766843e+00 6.709326162924467098e+02 1.570796326794862363e+00
1.099993663053308257e+00 6.718572857559929616e+02 1.570796326794862363e+00
6.749149139470984604e-01 6.725967130545949431e+02 1.570796326794862363e+00
2.523724810358578985e+00 6.740612999480607641e+02 1.570796326794862363e+00
1.119979195496884072e+00 6.744879436589551460e+02 1.570796326794862363e+00
1.041688415825787528e+00 6.758951510151924822e+02 1.570796326794862363e+00
1.023752265962851071e+00 6.770370997927426515e+02 1.570796326794862363e+00
9.930920701049728017e-01 6.779317815588379972e+02 1.570796326794862363e+00
7.680504155248925047e-01 6.787125062506142967e+02 1.570796326794862363e+00
1.702844854105838523e+00 6.802870976245868633e+02 1.570796326794862363e+00
1.526629871396259164e+00 6.806227795095433066e+02 1.570796326794862363e+00
9.744479334364677392e-01 6.820725613859898431e+02 1.570796326794862363e+00
9.323608033638789427e-01 6.831355226285663775e+02 1.570796326794862363e+00
1.006228946477665920e+00 6.840256643240772974e+02 1.570796326794862363e+00
9.118639905876952945e-01 6.848557619042563829e+02 1.570796326794862363e+00
1.079114509137508726e+00 6.864448124703100120e+02 1.570796326794862363e+00
2.082988394316148906e+00 6.868053051750061968e+02 1.570796326794862363e+00
8.953059469795751069e-01 6.882370524815751196e+02 1.570796326794862363e+00
9.125565923956244774e-01 6.892252797534326874e+02 1.570796326794862363e+00
1.118996651862402381e+00 6.901538179381361715e+02 1.570796326794862363e+00
1.114019784738714991e+00 6.910290293481347135e+02 1.570796326794862363e+00
6.522688106094162164e-01 6.924446459018469113e+02 1.570796326794862363e+00
2.831514297860254548e+00 6.930131358487104762e+02 1.570796326794862363e+00
7.642451513123716955e-01 6.943163593527818875e+02 1.570796326794862363e+00
9.398859308697555814e-01 6.952691650543994228e+02 1.570796326794862363e+00
1.265266087380591653e+00 6.962850894700934532e+02 1.570796326794862363e+00
1.266280390382662935e+00 6.972062791786796652e+02 1.570796326794862363e+00
5.269068682170229279e-01 6.981470664041620466e+02 1.570796326794862363e+00
3.390727138919186867e+00 6.992360829607165442e+02 1.570796326794862363e+00
7.075353425127062224e-01 7.000503834794570821e+02 1.570796326794862363e+00
1.011440203832503215e+00 7.012232830818658158e+02 1.570796326794862363e+00
1.198731413269047863e+00 7.023799425474139753e+02 1.570796326794862363e+00
1.125134981529083422e+00 7.033090209871513707e+02 1.570796326794862363e+00
6.514361742423240287e-01 7.040535349708053445e+02 1.570796326794862363e+00
2.678774101302713539e+00 7.054844394863378056e+02 1.570796326794862363e+00
1.043680243754651515e+00 7.059445037413631781e+02 1.570796326794862363e+00
1.041573268251090090e+00 7.073318551529193883e+02 1.570796326794862363e+00
1.041110946618147404e+00 7.084828105836498935e+02 1.570796326794862363e+00
9.983291268917687811e-01 7.093816859432829460e+02 1.570796326794862363e+00
7.433185430512166958e-01 7.101568537440991804e+02 1.570796326794862363e+00
1.824872075236838365e+00 7.117169166039560650e+02 1.570796326794862363e+00
1.434522273458527231e+00 7.120619675330536893e+02 1.570796326794862363e+00
9.789189833221142445e-01 7.135062175778774645e+02 1.570796326794862363e+00
9.370321952805735766e-01 7.145807759559855867e+02 1.570796326794862363e+00
9.918598750266702790e-01 7.154691056863300673e+02 1.570796326794862363e+00
8.761300925373555204e-01 7.162932696787498799e+02 1.570796326794862363e+00
1.165775451617642622e+00 7.178895384950952803e+02 1.570796326794862363e+00
1.959398386848947071e+00 7.182369416036106031e+02 1.570796326794862363e+00
9.016444173073123736e-01 7.196727885051744806e+02 1.570796326794862363e+00
9.074580250498190948e-01 7.206702582713605807e+02 1.570796326794862363e+00
1.092039203776660417e+00 7.215907869515252742e+02 1.570796326794862363e+00
1.073183797102592596e+00 7.224600803747499640e+02 1.570796326794862363e+00
7.046857692982834154e-01 7.239247393263709682e+02 1.570796326794862363e+00
2.682573873919327223e+00 7.244407190397840850e+02 1.570796326794862363e+00
7.873257335417541691e-01 7.257775538765116607e+02 1.570796326794862363e+00
9.303344077624269293e-01 7.267286935130207439e+02 1.570796326794862363e+00
1.241691446764572770e+00 7.277269623913102805e+02 1.570796326794862363e+00
1.249269326380078482e+00 7.286414403943332445e+02 1.570796326794862363e+00
5.149253654616805509e-01 7.296736170032762629e+02 1.570796326794862363e+00
3.349656405238266910e+00 7.306611576853683800e+02 1.570796326794862363e+00
6.771833942925677974e-01 7.315828109760423104e+02 1.570796326794862363e+00
9.903911565713070519e-01 7.326931268689744456e+02 1.570796326794862363e+00
1.223802706945929852e+00 7.338314045781748973e+02 1.570796326794862363e+00
1.156872208249429823e+00 7.347640864064985635e+02 1.570796326794862363e+00
6.262387370447602963e-01 7.355195239424483589e+02 1.570796326794862363e+00
2.852474381861874075e+00 7.369074074625550566e+02 1.570796326794862363e+00
9.660926946250160130e-01 7.374109907437690481e+02 1.570796326794862363e+00
1.041713372550546746e+00 7.387724825351889422e+02 1.570796326794862363e+00
1.064806497540990771e+00 7.399323041018926688e+02 1.570796326794862363e+00
1.010227053714216394e+00 7.408365565581570991e+02 1.570796326794862363e+00
7.204146779352379459e-01 7.416049904447444305e+02 1.570796326794862363e+00
1.969187774485199549e+00 7.431460898543405165e+02 1.570796326794862363e+00
1.343775569638400391e+00 7.435050795244520714e+02 1.570796326794862363e+00
9.874252547999433638e-01 7.449424165130752726e+02 1.570796326794862363e+00
9.470477700562722756e-01 7.460311054897731537e+02 1.570796326794862363e+00
9.809206252672577619e-01 7.469185634511727585e+02 1.570796326794862363e+00
8.407848631892510527e-01 7.477352300400362992e+02 1.570796326794862363e+00
1.271899921191860239e+00 7.493338474782231060e+02 1.570796326794862363e+00
1.834122693483541067e+00 7.496714754484304422e+02 1.570796326794862363e+00
9.109472087354310021e-01 7.511111236178063564e+02 1.570796326794862363e+00
9.047702747203005824e-01 7.521202648645228237e+02 1.570796326794862363e+00
1.064719626379202921e+00 7.530322608490241691e+02 1.570796326794862363e+00
1.029536009300120458e+00 7.538944589150690945e+02 1.570796326794862363e+00
7.720751619551299294e-01 7.554032000913525735e+02 1.570796326794862363e+00
2.524131217983539788e+00 7.558701666168392421e+02 1.570796326794862363e+00
8.109800993069335995e-01 7.572360744629946794e+02 1.570796326794862363e+00
9.213240214201691147e-01 7.581900822754257661e+02 1.570796326794862363e+00
1.212851849136263205e+00 7.591706915319016389e+02 1.570796326794862363e+00
1.223121400850240459e+00 7.600772154772250815e+02 1.570796326794862363e+00
5.184988422236308514e-01 7.612119800780160404e+02 1.570796326794862363e+00
3.261245661061270784e+00 7.620879060088188908e+02 1.570796326794862363e+00
6.702773286457585078e-01 7.631225278013146180e+02 1.570796326794862363e+00
9.725373110575050717e-01 7.641721835668026870e+02 1.570796326794862363e+00
1.250069884140686538e+00 7.652846390807435455e+02 1.570796326794862363e+00
1.194858047787725752e+00 7.662190905547794273e+02 1.570796326794862363e+00
6.039460486430544561e-01 7.669902038060109817e+02 1.570796326794862363e+00
3.031765883441347231e+00 7.683293582428231048e+02 1.570796326794862363e+00
8.991421489880625506e-01 7.688825821072845201e+02 1.570796326794862363e+00
1.044621063351761858e+00 7.702147295027077689e+02 1.570796326794862363e+00
1.096082210477959507e+00 7.713823192059326175e+02 1.570796326794862363e+00
1.031318939012631830e+00 7.722925462516941479e+02 1.570796326794862363e+00
7.061964478503629516e-01 7.730512496257215389e+02 1.570796326794862363e+00
2.124904601687355843e+00 7.745726664848845076e+02 1.570796326794862363e+00
1.273228868538615721e+00 7.749473563362091681e+02 1.570796326794862363e+00
1.004293536622481886e+00 7.763786733286696062e+02 1.570796326794862363e+00
9.659509420223196807e-01 7.774838965509596846e+02 1.570796326794862363e+00
9.786778690055413232e-01 7.783718001277137546e+02 1.570796326794862363e+00
8.147071963544258999e-01 7.791784348193442611e+02 1.570796326794862363e+00
1.392101999719903782e+00 7.807742706516502267e+02 1.570796326794862363e+00
1.731459154021685043e+00 7.811063076174608568e+02 1.570796326794862363e+00
9.288392680512120858e-01 7.825510689330814103e+02 1.570796326794862363e+00
9.090865085497986664e-01 7.835751219592123107e+02 1.570796326794862363e+00
1.042883320237974587e+00 7.844785875667649861e+02 1.570796326794862363e+00
9.916864890887080453e-01 7.853317565079240694e+02 1.570796326794862363e+00
8.535063202424588713e-01 7.868748587371319445e+02 1.570796326794862363e+00
2.382998615563852507e+00 7.873002689596837627e+02 1.570796326794862363e+00
8.381468779524388069e-01 7.886919852318065978e+02 1.570796326794862363e+00
9.163524912428053781e-01 7.896530398634439507e+02 1.570796326794862363e+00
1.184868446072079751e+00 7.906160074299976941e+02 1.570796326794862363e+00
1.195367919079709296e+00 7.915134649533869151e+02 1.570796326794862363e+00
5.405091192125197619e-01 7.927450331379216095e+02 1.570796326794862363e+00
3.153644048047959281e+00 7.935151474580969762e+02 1.570796326794862363e+00
6.859156256470939628e-01 7.946503808924795749e+02 1.570796326794862363e+00
9.604370327771218907e-01 7.956530540286281621e+02 1.570796326794862363e+00
1.270910736242247818e+00 7.967359422214783535e+02 1.570796326794862363e+00
1.231537916841671798e+00 7.976696134358800236e+02 1.570796326794862363e+00
5.840711422589619506e-01 7.984634525318655278e+02 1.570796326794862363e+00
3.191878600228846175e+00 7.997503386675219872e+02 1.570796326794862363e+00
8.433617203177055099e-01 8.003567841892116803e+02 1.570796326794862363e+00
1.046150597022777795e+00 8.016570200023809321e+02 1.570796326794862363e+00
1.128804010189855989e+00 8.028290406703257531e+02 1.570796326794862363e+00
1.056956362168848917e+00 8.037449283082040665e+02 1.570796326794862363e+00
6.984420216912414769e-01 8.044928328291856587e+02 1.570796326794862363e+00
2.273272415205431773e+00 8.059963473240856047e+02 1.570796326794862363e+00
1.221887669078887351e+00 8.063863658391899207e+02 1.570796326794862363e+00
1.023913180606982776e+00 8.078122631601601142e+02 1.570796326794862363e+00
9.892361161591236574e-01 8.089333331410265373e+02 1.570796326794862363e+00
9.835796901974425133e-01 8.098229259955036241e+02 1.570796326794862363e+00
7.985708595311603597e-01 8.106185469873076954e+02 1.570796326794862363e+00
1.509195172722571421e+00 8.122086855771570981e+02 1.570796326794862363e+00
1.656592218093177804e+00 8.125389437004221236e+02 1.570796326794862363e+00
9.507721040214152097e-01 8.139885673834769477e+02 1.570796326794862363e+00
9.187910256442624046e-01 8.150284202270221385e+02 1.570796326794862363e+00
1.028285429203938506e+00 8.159251361258843644e+02 1.570796326794862363e+00
9.625684837879917577e-01 8.167686677207956336e+02 1.570796326794862363e+00
9.379861270646413507e-01 8.183346282338363835e+02 1.570796326794862363e+00
2.270293699653242125e+00 8.187293677288329263e+02 1.570796326794862363e+00
8.655194830210857226e-01 8.201416394464910127e+02 1.570796326794862363e+00
9.155334444570299990e-01 8.211125043893418933e+02 1.570796326794862363e+00
1.160639026296134579e+00 8.220599981773415266e+02 1.570796326794862363e+00
1.169116817235403616e+00 8.229482819705769998e+02 1.570796326794862363e+00
5.756778287170652986e-01 8.242591039589954107e+02 1.570796326794862363e+00
3.045862804527631695e+00 8.249417606916825889e+02 1.570796326794862363e+00
7.139003024398329345e-01 8.261551049598692771e+02 1.570796326794862363e+00
9.527696700740561075e-01 8.271285044398224500e+02 1.570796326794862363e+00
1.280508270676080196e+00 8.281834043530568579e+02 1.570796326794862363e+00
1.258113851117674820e+00 8.291139550962328713e+02 1.570796326794862363e+00
5.637481342989960620e-01 8.299430712834905535e+02 1.570796326794862363e+00
3.312178208809017921e+00 8.311712342865442906e+02 1.570796326794862363e+00
7.922046086647800411e-01 8.318380442778176302e+02 1.570796326794862363e+00
1.040879908186538305e+00 8.331012637743230016e+02 1.570796326794862363e+00
1.157079056369112680e+00 8.342729469933231030e+02 1.570796326794862363e+00
1.081594532129976249e+00 8.351938893346772375e+02 1.570796326794862363e+00
6.884811167938096332e-01 8.359344284063262194e+02 1.570796326794862363e+00
2.411855153458214218e+00 8.374187809492990482e+02 1.570796326794862363e+00
1.170783934635196255e+00 8.378263897294465323e+02 1.570796326794862363e+00
1.037546490197577054e+00 8.392442275520206749e+02 1.570796326794862363e+00
1.010115797873964549e+00 8.403781060102691072e+02 1.570796326794862363e+00
9.895953893067905849e-01 8.412702232819797246e+02 1.570796326794862363e+00
7.838536844537797865e-01 8.420564421849550172e+02 1.570796326794862363e+00
1.617004799623515288e+00 8.436391202536779019e+02 1.570796326794862363e+00
1.589173447312628884e+00 8.439708578893173581e+02 1.570796326794862363e+00
9.675824134253896425e-01 8.454223544422953864e+02 1.570796326794862363e+00
9.278779621332347016e-01 8.464760387865359235e+02 1.570796326794862363e+00
1.016574942281842420e+00 8.473683747098352796e+02 1.570796326794862363e+00
9.360720807514477659e-01 8.482036279377812207e+02 1.570796326794862363e+00
1.017406550080016903e+00 8.497843145266888314e+02 1.570796326794862363e+00
2.169569921377885624e+00 8.501576454987341549e+02 1.570796326794862363e+00
8.861033097384100055e-01 8.515834142865637659e+02 1.570796326794862363e+00
9.150214953427222575e-01 8.525643654353342527e+02 1.570796326794862363e+00
1.138102486524724455e+00 8.535000481743808223e+02 1.570796326794862363e+00
1.140970959008801966e+00 8.543803826599613558e+02 1.570796326794862363e+00
6.167954731515215006e-01 8.557536982439512485e+02 1.570796326794862363e+00
2.933386386843354732e+00 8.563677540802699468e+02 1.570796326794862363e+00
7.434853406215375937e-01 8.576375942779415027e+02 1.570796326794862363e+00
9.461669693938665748e-01 8.585958506522180187e+02 1.570796326794862363e+00
1.276935152717157074e+00 8.596272961146371472e+02 1.570796326794862363e+00
1.269317046489995660e+00 8.605530736139198780e+02 1.570796326794862363e+00
5.423794467587361723e-01 8.614358770660284108e+02 1.570796326794862363e+00
3.379929683020122422e+00 8.625930584802443946e+02 1.570796326794862363e+00
7.426095047663550108e-01 8.633345471781319702e+02 1.570796326794862363e+00
1.026987708884673056e+00 8.645516732648627567e+02 1.570796326794862363e+00
1.180685306479183794e+00 8.657175156159493099e+02 1.570796326794862363e+00
1.104865628161363578e+00 8.666431286835277206e+02 1.570796326794862363e+00
6.705179306056039401e-01 8.673830374669084904e+02 1.570796326794862363e+00
2.554247897680773871e+00 8.688415033012095137e+02 1.570796326794862363e+00
1.105050439833406450e+00 8.692741507891794299e+02 1.570796326794862363e+00
1.041970416278962919e+00 8.706778364809841833e+02 1.570796326794862363e+00
1.027134035340124374e+00 8.718217009091173395e+02 1.570796326794862363e+00
9.939421747608954139e-01 8.727171528772526017e+02 1.570796326794862363e+00
7.632275268192323381e-01 8.734966728971797920e+02 1.570796326794862363e+00
1.726432494882244040e+00 8.750686892528929093e+02 1.570796326794862363e+00
1.508508269019682047e+00 8.754058871644015198e+02 1.570796326794862363e+00
9.755121941608609903e-01 8.768547768899095445e+02 1.570796326794862363e+00
9.332475856943974746e-01 8.779200529167956120e+02 1.570796326794862363e+00
1.003289467824368453e+00 8.788097475682390041e+02 1.570796326794862363e+00
9.048619625838757452e-01 8.796386309451229408e+02 1.570796326794862363e+00
1.095835900251466155e+00 8.812294955643577623e+02 1.570796326794862363e+00
2.058598934720316187e+00 8.815870332647774603e+02 1.570796326794862363e+00
8.968658488304247500e-01 8.830198330062332843e+02 1.570796326794862363e+00
9.115904855467527046e-01 8.840098993694914498e+02 1.570796326794862363e+00
1.113667036785737530e+00 8.849367568779015301e+02 1.570796326794862363e+00
1.106145485397522332e+00 8.858107465501890374e+02 1.570796326794862363e+00
6.621966205982631193e-01 8.872368114596516762e+02 1.570796326794862363e+00
2.802474752697878824e+00 8.877941415901696018e+02 1.570796326794862363e+00
7.692126180636168487e-01 8.891049084589269569e+02 1.570796326794862363e+00
9.380267085113584979e-01 8.900569582958371484e+02 1.570796326794862363e+00
1.261097038007777948e+00 8.910691341986458838e+02 1.570796326794862363e+00
1.263851836964182462e+00 8.919890251352658197e+02 1.570796326794862363e+00
5.235187796331172150e-01 8.929471813460542080e+02 1.570796326794862363e+00
3.387071612930318221e+00 8.940165541523927004e+02 1.570796326794862363e+00
6.996848473012845515e-01 8.948518342218465023e+02 1.570796326794862363e+00
1.007062952111150711e+00 8.960122190066554140e+02 1.570796326794862363e+00
1.203655631194871178e+00 8.971657288662278233e+02 1.570796326794862363e+00
1.131053602996184626e+00 8.980956479099446597e+02 1.570796326794862363e+00
6.461530337988713457e-01 8.988420067553896615e+02 1.570796326794862363e+00
2.713329153944735506e+00 9.002646888862113883e+02 1.570796326794862363e+00
1.027227318443596715e+00 9.007330200975134176e+02 1.570796326794862363e+00
1.041392112444280649e+00 9.021154371917449453e+02 1.570796326794862363e+00
1.045323677238838567e+00 9.032682315614487152e+02 1.570796326794862363e+00
1.000054942154108284e+00 9.041681287945643817e+02 1.570796326794862363e+00
7.381233322431333121e-01 9.049420984046909098e+02 1.570796326794862363e+00
1.852948916046300631e+00 9.064985209815803273e+02 1.570796326794862363e+00
1.414883210988429729e+00 9.068461379722439233e+02 1.570796326794862363e+00
9.800637349692905564e-01 9.082889768697602904e+02 1.570796326794862363e+00
9.384418189611404282e-01 9.093661923781335190e+02 1.570796326794862363e+00
9.890884473791015097e-01 9.102542541832900724e+02 1.570796326794862363e+00
8.684627748005706582e-01 9.110770631355527485e+02 1.570796326794862363e+00
1.186002632454132177e+00 9.126742668670461853e+02 1.570796326794862363e+00
1.932793071579249178e+00 9.130193443245283333e+02 1.570796326794862363e+00
9.030140478019745842e-01 9.144558980951139802e+02 1.570796326794862363e+00
9.065018177895669549e-01 9.154555090019031240e+02 1.570796326794862363e+00
1.086232665089994276e+00 9.163743387475797135e+02 1.570796326794862363e+00
1.064107732822312080e+00 9.172423164464329375e+02 1.570796326794862363e+00
7.172439074035406037e-01 9.187166271880309978e+02 1.570796326794862363e+00
2.649747603848432664e+00 9.192221212949452820e+02 1.570796326794862363e+00
7.920112435456273525e-01 9.205652308639259900e+02 1.570796326794862363e+00
9.283002953011686431e-01 9.215166050272358689e+02 1.570796326794862363e+00
1.235953335307970136e+00 9.225112664785583547e+02 1.570796326794862363e+00
1.244355342164853662e+00 9.234242076060579620e+02 1.570796326794862363e+00
5.141744192206469943e-01 9.244771879041519469e+02 1.570796326794862363e+00
3.334444311979214426e+00 9.254420313779389744e+02 1.570796326794862363e+00
6.736782283074187472e-01 9.263871839200772911e+02 1.570796326794862363e+00
9.862959238195757594e-01 9.274843632975387209e+02 1.570796326794862363e+00
1.229308058582202490e+00 9.286178473686386496e+02 1.570796326794862363e+00
1.164380904980716558e+00 9.295510812896685593e+02 1.570796326794862363e+00
6.213278957107475353e-01 9.303093581042741107e+02 1.570796326794862363e+00
2.889847824982366031e+00 9.316874969659417047e+02 1.570796326794862363e+00
9.511666188212515305e-01 9.322009988417306658e+02 1.570796326794862363e+00
1.042145357164793396e+00 9.335566304368946930e+02 1.570796326794862363e+00
1.070778380667384511e+00 9.347182213762844185e+02 1.570796326794862363e+00
1.013898538064708532e+00 9.356236933495504218e+02 1.570796326794862363e+00
7.166744514130611865e-01 9.363903608596846198e+02 1.570796326794862363e+00
2.001143472353599684e+00 9.379272986577797155e+02 1.570796326794862363e+00
1.327173127971015720e+00 9.382895113312239346e+02 1.570796326794862363e+00
9.902801698267750252e-01 9.397254885948489118e+02 1.570796326794862363e+00
9.502653566498168169e-01 9.408174795896208025e+02 1.570796326794862363e+00
9.796703694859545397e-01 9.417049125166764725e+02 1.570796326794862363e+00
8.344283207119085333e-01 9.425196960099686976e+02 1.570796326794862363e+00
1.296140718485690346e+00 9.441181088944940711e+02 1.570796326794862363e+00
1.810405346898822820e+00 9.444542253708040107e+02 1.570796326794862363e+00
9.139415663673026158e-01 9.458948357531098736e+02 1.570796326794862363e+00
9.050287690990549416e-01 9.469068330972344256e+02 1.570796326794862363e+00
1.059587138210574153e+00 9.478170039839540095e+02 1.570796326794862363e+00
1.020986322612427832e+00 9.486774769060457402e+02 1.570796326794862363e+00
7.880343257458142237e-01 9.501942763450221037e+02 1.570796326794862363e+00
2.492714538466971774e+00 9.506518555135826318e+02 1.570796326794862363e+00
8.163152068373945580e-01 9.520234076119953670e+02 1.570796326794862363e+00
9.198841693162354005e-01 9.529785504179940290e+02 1.570796326794862363e+00
1.206817782160380048e+00 9.539554539344034083e+02 1.570796326794862363e+00
1.217302344798185443e+00 9.548601738789536739e+02 1.570796326794862363e+00
5.216069627684416510e-01 9.560160023075312665e+02 1.570796326794862363e+00
3.239605405105562941e+00 9.568689982134874299e+02 1.570796326794862363e+00
6.719118608168894724e-01 9.579259688979366274e+02 1.570796326794862363e+00
9.695518232087179111e-01 9.589644978960535582e+02 1.570796326794862363e+00
1.255071120451178635e+00 9.600709616885174000e+02 1.570796326794862363e+00
1.202874036422578952e+00 9.610054672559991786e+02 1.570796326794862363e+00
5.997318192845609852e-01 9.617805532877034693e+02 1.570796326794862363e+00
3.067281748413505760e+00 9.631092062853506377e+02 1.570796326794862363e+00
8.868735975708256225e-01 9.636731233887862800e+02 1.570796326794862363e+00
1.045256257771460140e+00 9.649989150305880230e+02 1.570796326794862363e+00
1.102990040830851282e+00 9.661677607235911864e+02 1.570796326794862363e+00
1.036478845554038353e+00 9.670792065163734605e+02 1.570796326794862363e+00
7.043141915295063615e-01 9.678356284079852685e+02 1.570796326794862363e+00
2.156618566504297174e+00 9.693532154603118443e+02 1.570796326794862363e+00
1.261520102281474820e+00 9.697310958495367004e+02 1.570796326794862363e+00
1.008438743187844544e+00 9.711613165662855636e+02 1.570796326794862363e+00
9.706621691099500682e-01 9.722699856623333972e+02 1.570796326794862363e+00
9.792926180709363715e-01 9.731581514228763581e+02 1.570796326794862363e+00
8.107519845438415640e-01 9.739625011729800690e+02 1.570796326794862363e+00
1.417071419554617018e+00 9.755573172167515850e+02 1.570796326794862363e+00
1.714098578535829365e+00 9.758887066680426869e+02 1.570796326794862363e+00
9.333506071927817338e-01 9.773345845430234249e+02 1.570796326794862363e+00
9.108314119109071072e-01 9.783619457339100336e+02 1.570796326794862363e+00
1.039350250674231813e+00 9.792638240335792261e+02 1.570796326794862363e+00
9.850444064647062570e-01 9.801149791247599978e+02 1.570796326794862363e+00
8.711427577242122355e-01 9.816636916462284717e+02 1.570796326794862363e+00
2.357566191068116268e+00 9.820818503739741345e+02 1.570796326794862363e+00
8.440153533955423448e-01 9.834783327863225395e+02 1.570796326794862363e+00
9.159329404829772425e-01 9.844412681255399775e+02 1.570796326794862363e+00
1.179557068792756125e+00 9.854007805096931634e+02 1.570796326794862363e+00
1.189851079709978166e+00 9.862963025994813506e+02 1.570796326794862363e+00
5.469759433695321471e-01 9.875458466817375438e+02 1.570796326794862363e+00
3.131198678605926489e+00 9.882961731568925643e+02 1.570796326794862363e+00
6.910941447454258535e-01 9.894495082649319784e+02 1.570796326794862363e+00
9.585886238923886360e-01 9.904447199074385253e+02 1.570796326794862363e+00
1.273936748994496826e+00 9.915215405317514978e+02 1.570796326794862363e+00
1.238099310763026040e+00 9.924547377883072841e+02 1.570796326794862363e+00
5.799799228884313651e-01 9.932546348536473033e+02 1.570796326794862363e+00
3.220531283068003958e+00 9.945300822944934680e+02 1.570796326794862363e+00
8.326107430510998331e-01 9.951482063673320226e+02 1.570796326794862363e+00
1.045747280153149772e+00 9.964413389840569835e+02 1.570796326794862363e+00
1.135115022746246760e+00 9.976137082300875818e+02 1.570796326794862363e+00
1.062237300496332137e+00 9.985306867090247351e+02 1.570796326794862363e+00
6.968504336412887357e-01 9.992766382511439360e+02 1.570796326794862363e+00
2.302421872846022843e+00 1.000776474048836008e+03 1.570796326794862363e+00
1.211995665269693490e+00 1.001169778877413023e+03 1.570796326794862363e+00
1.027448877872012778e+00 1.002594360089283100e+03 1.570796326794862363e+00
9.939089135038968736e-01 1.003718359131459806e+03 1.570796326794862363e+00
9.849129638187539282e-01 1.004608414277511315e+03 1.570796326794862363e+00
7.957452987045378068e-01 1.005401885550410384e+03 1.570796326794862363e+00
1.532093934665420765e+00 1.006990643291301694e+03 1.570796326794862363e+00
1.642914396179732339e+00 1.007320934464930929e+03 1.570796326794862363e+00
9.549261816285521398e-01 1.008771272288929595e+03 1.570796326794862363e+00
9.209103971024380497e-01 1.009814206839947474e+03 1.570796326794862363e+00
1.025818783523904321e+00 1.010709832221078955e+03 1.570796326794862363e+00
9.571647470387718570e-01 1.011551489906339157e+03 1.570796326794862363e+00
9.548858262526278562e-01 1.013121015473087482e+03 1.570796326794862363e+00
2.249318238654531399e+00 1.013510686328648148e+03 1.570796326794862363e+00
