1.111673839122446328e+00 1.209381970336274037e-01 2.356194490192261792e+00
1.140465308125246935e+00 1.706682277091237987e+00 2.356194490192261792e+00
1.800192661558133400e+00 2.137498738006460730e+00 2.356194490192261792e+00
1.137424933223096124e+00 3.639971956633988093e+00 2.356194490192261792e+00
9.984921906897049615e-01 4.445134772214292873e+00 2.356194490192261792e+00
1.029894408936402828e+00 5.673103320362076651e+00 2.356194490192261792e+00
1.328741817946810677e+00 6.315264002918524966e+00 2.356194490192261792e+00
7.847344822200118530e-01 7.799085388453827150e+00 2.356194490192261792e+00
2.188138265583666087e+00 8.348286531978228453e+00 2.356194490192261792e+00
9.583791332652059625e-01 9.786244128315706448e+00 2.356194490192261792e+00
1.160582145497514484e+00 1.055836415924013671e+01 2.356194490192261792e+00
9.900564728111951318e-01 1.178090562571551736e+01 2.356194490192261792e+00
1.622171996081635426e+00 1.251060495833804431e+01 2.356194490192261792e+00
5.545603637619171966e-01 1.361586102640507256e+01 2.356194490192261792e+00
2.621533669772158071e+00 1.454494003639263333e+01 2.356194490192261792e+00
6.977814356309860466e-01 1.563238532848004603e+01 2.356194490192261792e+00
1.328067326421939365e+00 1.660610038398349886e+01 2.356194490192261792e+00
9.029230800130626511e-01 1.775101690861296433e+01 2.356194490192261792e+00
1.647257164199240176e+00 1.868347265676065661e+01 2.356194490192261792e+00
7.464195600251248841e-01 1.930421621161020695e+01 2.356194490192261792e+00
2.398449219937359711e+00 2.074405292250038713e+01 2.356194490192261792e+00
1.011800874344413570e+00 2.128211565611218603e+01 2.356194490192261792e+00
1.376362258929519022e+00 2.268165771751245430e+01 2.356194490192261792e+00
8.573596606085794880e-01 2.370232065747430283e+01 2.356194490192261792e+00
1.337591869120559496e+00 2.481913246049556676e+01 2.356194490192261792e+00
9.487894751098728818e-01 2.537748587404215073e+01 2.356194490192261792e+00
1.699365593972204769e+00 2.695569278543700165e+01 2.356194490192261792e+00
1.434580989922137784e+00 2.737116771040808061e+01 2.356194490192261792e+00
1.309547889775740659e+00 2.887479147363167087e+01 2.356194490192261792e+00
8.946270017071816794e-01 2.978628528472578552e+01 2.356194490192261792e+00
1.159674236871808040e+00 3.097640027730387047e+01 2.356194490192261792e+00
1.095221440388266521e+00 3.155656784960093475e+01 2.356194490192261792e+00
1.241557305982578185e+00 3.314904318459765875e+01 2.356194490192261792e+00
1.758319941811018472e+00 3.356787613462034159e+01 2.356194490192261792e+00
1.199940224057675531e+00 3.508416488177765302e+01 2.356194490192261792e+00
9.721738784944213840e-01 3.591274872639046833e+01 2.356194490192261792e+00
1.063059018470434491e+00 3.713567564414021405e+01 2.356194490192261792e+00
1.280534525114384481e+00 3.775516799196622486e+01 2.356194490192261792e+00
8.827481616349460714e-01 3.928210669653600462e+01 2.356194490192261792e+00
2.104932566995166177e+00 3.978307253537509069e+01 2.356194490192261792e+00
1.040566936742173487e+00 4.125996883826606876e+01 2.356194490192261792e+00
1.108651022744508108e+00 4.203427170720524231e+01 2.356194490192261792e+00
1.012031288046915334e+00 4.326443941323258002e+01 2.356194490192261792e+00
1.551158884557533479e+00 4.395401213734748325e+01 2.356194490192261792e+00
5.945322182570424996e-01 4.521195056837662918e+01 2.356194490192261792e+00
2.531365545106672776e+00 4.598778731912302220e+01 2.356194490192261792e+00
7.626755567816986270e-01 4.723943868763436171e+01 2.356194490192261792e+00
1.305189602762015788e+00 4.809989231148832545e+01 2.356194490192261792e+00
9.442859786957512602e-01 4.926939438225586088e+01 2.356194490192261792e+00
1.732603106855103325e+00 5.013399211432312086e+01 2.356194490192261792e+00
6.923541181726342586e-01 5.080502711200297483e+01 2.356194490192261792e+00
2.581479530477522211e+00 5.217350366535958273e+01 2.356194490192261792e+00
9.178866361360459303e-01 5.277578859719542237e+01 2.356194490192261792e+00
1.393634280808121684e+00 5.412637082935843580e+01 2.356194490192261792e+00
8.643679351531643462e-01 5.517627525016862933e+01 2.356194490192261792e+00
1.410711163188114181e+00 5.626591573814123848e+01 2.356194490192261792e+00
9.415876209658209373e-01 5.681311364818855481e+01 2.356194490192261792e+00
1.818541400001242758e+00 5.838346192101241172e+01 2.356194490192261792e+00
1.401344302845920708e+00 5.880387139227866555e+01 2.356194490192261792e+00
1.360903314153947052e+00 6.030857564733018705e+01 2.356194490192261792e+00
8.934341293342094037e-01 6.124981359698037409e+01 2.356194490192261792e+00
1.218254405442740218e+00 6.242623282831026188e+01 2.356194490192261792e+00
1.095341905214031630e+00 6.298759810128186132e+01 2.356194490192261792e+00
1.335752724358092225e+00 6.458349472527054047e+01 2.356194490192261792e+00
1.743411841837587684e+00 6.499444890218643422e+01 2.356194490192261792e+00
1.271503769260086569e+00 6.652564117381541564e+01 2.356194490192261792e+00
9.540273439048505555e-01 6.738391739598056063e+01 2.356194490192261792e+00
1.110626560177983668e+00 6.859879016283086628e+01 2.356194490192261792e+00
1.251166354771728884e+00 6.919368525676111403e+01 2.356194490192261792e+00
9.878445133092708108e-01 7.074906075891888690e+01 2.356194490192261792e+00
2.048368487874678401e+00 7.121558726074688650e+01 2.356194490192261792e+00
1.130547012396589723e+00 7.272485139522083841e+01 2.356194490192261792e+00
1.060778249690102593e+00 7.351543164409345366e+01 2.356194490192261792e+00
1.042662971329598509e+00 7.474733260309312755e+01 2.356194490192261792e+00
1.477386157381078924e+00 7.539903160044208619e+01 2.356194490192261792e+00
6.759916280218010165e-01 7.678016435183980093e+01 2.356194490192261792e+00
2.424129076574793817e+00 7.743039134472093110e+01 2.356194490192261792e+00
8.730774091345222532e-01 7.880517394958428667e+01 2.356194490192261792e+00
1.253147240147211905e+00 7.959803164616401716e+01 2.356194490192261792e+00
9.817839965390873225e-01 8.079730391873525264e+01 2.356194490192261792e+00
1.747209610156335913e+00 8.158651525326466469e+01 2.356194490192261792e+00
6.001294094617080077e-01 8.240825507369589786e+01 2.356194490192261792e+00
2.715434562684113651e+00 8.361491011651112615e+01 2.356194490192261792e+00
7.631025613948978492e-01 8.438230534680332084e+01 2.356194490192261792e+00
1.366595360691450045e+00 8.560144161580288369e+01 2.356194490192261792e+00
8.624500709119914399e-01 8.669188883524489597e+01 2.356194490192261792e+00
1.488940686047612871e+00 8.772895555257333911e+01 2.356194490192261792e+00
8.505958412847601791e-01 8.829880392409603473e+01 2.356194490192261792e+00
2.046348543773342410e+00 8.982837995101695583e+01 2.356194490192261792e+00
1.215925345210936648e+00 9.028432016466966559e+01 2.356194490192261792e+00
1.349573837997194881e+00 9.174986281345206862e+01 2.356194490192261792e+00
8.671193973065070004e-01 9.271613077008689174e+01 2.356194490192261792e+00
1.238639504514914780e+00 9.387431881948475620e+01 2.356194490192261792e+00
1.008895509990856088e+00 9.444178453742949841e+01 2.356194490192261792e+00
1.471017126412641485e+00 9.603457194365211080e+01 2.356194490192261792e+00
1.576090758707454853e+00 9.644318109422167140e+01 2.356194490192261792e+00
1.255889763332018294e+00 9.795605126721402200e+01 2.356194490192261792e+00
9.233114976786611638e-01 9.882472569437541665e+01 2.356194490192261792e+00
1.102472901205881817e+00 1.000335191710572076e+02 2.356194490192261792e+00
1.166784224969406036e+00 1.006319052724709735e+02 2.356194490192261792e+00
1.066870237970261259e+00 1.022072275739000560e+02 2.356194490192261792e+00
1.900848896886591755e+00 1.026517107534898372e+02 2.356194490192261792e+00
1.129066672135495164e+00 1.041559722032140058e+02 2.356194490192261792e+00
1.025765300338349340e+00 1.049530839256890857e+02 2.356194490192261792e+00
1.031965406058403811e+00 1.061832327039221866e+02 2.356194490192261792e+00
1.391940753305808798e+00 1.068311365294708963e+02 2.356194490192261792e+00
7.310481892754407962e-01 1.082738676155293689e+02 2.356194490192261792e+00
2.290572094672528092e+00 1.088644710841714414e+02 2.356194490192261792e+00
9.214326580857867821e-01 1.102786046659480519e+02 2.356194490192261792e+00
1.201213591701311811e+00 1.110560695080955185e+02 2.356194490192261792e+00
9.868197857599264600e-01 1.122705781433988506e+02 2.356194490192261792e+00
1.682627409742002200e+00 1.130243603047469918e+02 2.356194490192261792e+00
5.573217206250459244e-01 1.140064495598791012e+02 2.356194490192261792e+00
2.684953104570273918e+00 1.150559458876577992e+02 2.356194490192261792e+00
6.958896201624800160e-01 1.160055886343436526e+02 2.356194490192261792e+00
1.341438088300044518e+00 1.170827623914392888e+02 2.356194490192261792e+00
8.779377599106918950e-01 1.182070313857661432e+02 2.356194490192261792e+00
1.573532729497709726e+00 1.191863876977749470e+02 2.356194490192261792e+00
7.805802185776703483e-01 1.197862755016394942e+02 2.356194490192261792e+00
2.253565133266476117e+00 1.212647746154289052e+02 2.356194490192261792e+00
1.077868784563717153e+00 1.217678351781663650e+02 2.356194490192261792e+00
1.354824182654360998e+00 1.231930978382557242e+02 2.356194490192261792e+00
8.535830272322521006e-01 1.241895535358960956e+02 2.356194490192261792e+00
1.282560070595162971e+00 1.253249930174010132e+02 2.356194490192261792e+00
9.532619911273644275e-01 1.258932544145138905e+02 2.356194490192261792e+00
1.607480390504808065e+00 1.274762990623884349e+02 2.356194490192261792e+00
1.458924483351436985e+00 1.278895142271234704e+02 2.356194490192261792e+00
1.266348523436668927e+00 1.293903527343796327e+02 2.356194490192261792e+00
8.992828356614694929e-01 1.302780526786316386e+02 2.356194490192261792e+00
1.117021667549540132e+00 1.314778603447303169e+02 2.356194490192261792e+00
1.104221792051837570e+00 1.320724030794880832e+02 2.356194490192261792e+00
1.160506983553564631e+00 1.336599209143067810e+02 2.356194490192261792e+00
1.785088710680372781e+00 1.340879284807388672e+02 2.356194490192261792e+00
1.145959421114954413e+00 1.355920028209498298e+02 2.356194490192261792e+00
9.924029090166123224e-01 1.364006573681096484e+02 2.356194490192261792e+00
1.033527870836698170e+00 1.376278881429929299e+02 2.356194490192261792e+00
1.316390337438283265e+00 1.382666529511448914e+02 2.356194490192261792e+00
8.018550354656186485e-01 1.397600531150052348e+02 2.356194490192261792e+00
2.167533575443180816e+00 1.402989883702794032e+02 2.356194490192261792e+00
9.716909169855832973e-01 1.417441651662882691e+02 2.356194490192261792e+00
1.150342827810850732e+00 1.425156193730769587e+02 2.356194490192261792e+00
9.928459047402948823e-01 1.437399795161836948e+02 2.356194490192261792e+00
1.607969885914491970e+00 1.444624516406027510e+02 2.356194490192261792e+00
5.584236324500603255e-01 1.455985317973782287e+02 2.356194490192261792e+00
2.604753481635372570e+00 1.464969856811716227e+02 2.356194490192261792e+00
7.051604960530192256e-01 1.476182490402234180e+02 2.356194490192261792e+00
1.324937581378693219e+00 1.485674731850927799e+02 2.356194490192261792e+00
9.106740757688924770e-01 1.497170485783147456e+02 2.356194490192261792e+00
1.666420334398618808e+00 1.506370918602402185e+02 2.356194490192261792e+00
7.388369250748015871e-01 1.512634941635183736e+02 2.356194490192261792e+00
2.434122839927217008e+00 1.526931355672718098e+02 2.356194490192261792e+00
9.977370720199876253e-01 1.532401748787651456e+02 2.356194490192261792e+00
1.382679696096265287e+00 1.546333071764699412e+02 2.356194490192261792e+00
8.596078733245923198e-01 1.556597647988320432e+02 2.356194490192261792e+00
1.353095117933029057e+00 1.567718770637489456e+02 2.356194490192261792e+00
9.514590920066637869e-01 1.573265862781051680e+02 2.356194490192261792e+00
1.719909418866271356e+00 1.589041874684941433e+02 2.356194490192261792e+00
1.435233988182621045e+00 1.593197804245903626e+02 2.356194490192261792e+00
1.323688613930821933e+00 1.608253843677783550e+02 2.356194490192261792e+00
8.952827663182086892e-01 1.617436243146391632e+02 2.356194490192261792e+00
1.173848345980171182e+00 1.629309902003860486e+02 2.356194490192261792e+00
1.098279473492746350e+00 1.635061964907381196e+02 2.356194490192261792e+00
1.261180983837735026e+00 1.650995409978981172e+02 2.356194490192261792e+00
1.760368864964320323e+00 1.655164981729043348e+02 2.356194490192261792e+00
1.218549818901890847e+00 1.670373101686121800e+02 2.356194490192261792e+00
9.682676085400044874e-01 1.678726447835359465e+02 2.356194490192261792e+00
1.074635075859893485e+00 1.690940016442199862e+02 2.356194490192261792e+00
1.275277808659175616e+00 1.697071807272629371e+02 2.356194490192261792e+00
9.062032500340443386e-01 1.712412791681828992e+02 2.356194490192261792e+00
2.094719877042508838e+00 1.717336101119751106e+02 2.356194490192261792e+00
1.062557210703577226e+00 1.732192614700466606e+02 2.356194490192261792e+00
1.097767059701178827e+00 1.739962137390205328e+02 2.356194490192261792e+00
1.019354378701045061e+00 1.752273478029834450e+02 2.356194490192261792e+00
1.536355806523918677e+00 1.759074455098588885e+02 2.356194490192261792e+00
6.098243044309898941e-01 1.771957330292117376e+02 2.356194490192261792e+00
2.510848299352837376e+00 1.779406209918029731e+02 2.356194490192261792e+00
7.849967469610396043e-01 1.792239923434437685e+02 2.356194490192261792e+00
1.296879687164710360e+00 1.800649294759870429e+02 2.356194490192261792e+00
9.534678257327888762e-01 1.812405803606455947e+02 2.356194490192261792e+00
1.744405688895963369e+00 1.820887478635761170e+02 2.356194490192261792e+00
6.741188339701119636e-01 1.827817267694712484e+02 2.356194490192261792e+00
2.619965887017909001e+00 1.841246545753444082e+02 2.356194490192261792e+00
8.874464127249918066e-01 1.847511145666609593e+02 2.356194490192261792e+00
1.390956638996102335e+00 1.860823808238826018e+02 2.356194490192261792e+00
8.637784693074874731e-01 1.871394245191123105e+02 2.356194490192261792e+00
1.424926228312432652e+00 1.882209170262613043e+02 2.356194490192261792e+00
9.285142088801382476e-01 1.887698354115838413e+02 2.356194490192261792e+00
1.855850879141647036e+00 1.903352345806195558e+02 2.356194490192261792e+00
1.373373291834643739e+00 1.907596562741394166e+02 2.356194490192261792e+00
1.361841235512986525e+00 1.922595479183825375e+02 2.356194490192261792e+00
8.897867540078280291e-01 1.932054236572079731e+02 2.356194490192261792e+00
1.223626499322876482e+00 1.943789026458802027e+02 2.356194490192261792e+00
1.083802663778274056e+00 1.949399487099200883e+02 2.356194490192261792e+00
1.357987862347892483e+00 1.965361482150076711e+02 2.356194490192261792e+00
1.720469164463080958e+00 1.969459104076298672e+02 2.356194490192261792e+00
1.273440945877207575e+00 1.984756291388133320e+02 2.356194490192261792e+00
9.492895364199824826e-01 1.993369239908867314e+02 2.356194490192261792e+00
1.112410771003330190e+00 2.005505379314839445e+02 2.356194490192261792e+00
1.239014417166734106e+00 2.011444851372118592e+02 2.356194490192261792e+00
1.003801902560203185e+00 2.027040876632718494e+02 2.356194490192261792e+00
2.026863319976394351e+00 2.031658548606360739e+02 2.356194490192261792e+00
1.136224864740041918e+00 2.046763999493449830e+02 2.356194490192261792e+00
1.053611931375627142e+00 2.054692251649492221e+02 2.356194490192261792e+00
1.043606564313616980e+00 2.067008591191370499e+02 2.356194490192261792e+00
1.462130392057324979e+00 2.073497543819482871e+02 2.356194490192261792e+00
6.889065834933950638e-01 2.087457774171608094e+02 2.356194490192261792e+00
2.400726707163697959e+00 2.093812132230964664e+02 2.356194490192261792e+00
8.876442499402057429e-01 2.107681452550218353e+02 2.356194490192261792e+00
1.242348346151599392e+00 2.115558583558260182e+02 2.356194490192261792e+00
9.850376795242792305e-01 2.127592481867956451e+02 2.356194490192261792e+00
1.738306215113958331e+00 2.135386752459435229e+02 2.356194490192261792e+00
5.875362365292973177e-01 2.143938646989588506e+02 2.356194490192261792e+00
2.719333442645206045e+00 2.155669893771917316e+02 2.356194490192261792e+00
7.420827917429569931e-01 2.163720518187083144e+02 2.356194490192261792e+00
1.360885668804095117e+00 2.175615703789116537e+02 2.356194490192261792e+00
8.642017686165767154e-01 2.186597282311661559e+02 2.356194490192261792e+00
1.506049566324032751e+00 2.196850322984025183e+02 2.356194490192261792e+00
8.339020633283995565e-01 2.202608352202214519e+02 2.356194490192261792e+00
2.091694121565141895e+00 2.217802352935186718e+02 2.356194490192261792e+00
1.182598752560006572e+00 2.222454643673275427e+02 2.356194490192261792e+00
1.348932005967689474e+00 2.237024193081651902e+02 2.356194490192261792e+00
8.629150558466417431e-01 2.246746438094253904e+02 2.356194490192261792e+00
1.245537331036165929e+00 2.258283972782948297e+02 2.356194490192261792e+00
9.938876825015714456e-01 2.263967476002555941e+02 2.356194490192261792e+00
1.499889138671376854e+00 2.279877681568614776e+02 2.356194490192261792e+00
1.545959430216619079e+00 2.283969791427989549e+02 2.356194490192261792e+00
1.255006374680401438e+00 2.299064670331273419e+02 2.356194490192261792e+00
9.173281875948837705e-01 2.307781991587220887e+02 2.356194490192261792e+00
1.102840112567643249e+00 2.319854042018518783e+02 2.356194490192261792e+00
1.150885795083396168e+00 2.325838798405904697e+02 2.356194490192261792e+00
1.084987817538026089e+00 2.341623854985001856e+02 2.356194490192261792e+00
1.872351648171749261e+00 2.346029712931959352e+02 2.356194490192261792e+00
1.129732434649630912e+00 2.361063559426342806e+02 2.356194490192261792e+00
1.018560789072441741e+00 2.369051614331916937e+02 2.356194490192261792e+00
1.030433613602252496e+00 2.381348232901313509e+02 2.356194490192261792e+00
1.374789251259130429e+00 2.387816829804794736e+02 2.356194490192261792e+00
7.438080065574844690e-01 2.402356547192808591e+02 2.356194490192261792e+00
2.263095415376974451e+00 2.408151436385732893e+02 2.356194490192261792e+00
9.305861097578874697e-01 2.422356977376458644e+02 2.356194490192261792e+00
1.190611716215904003e+00 2.430113170016549589e+02 2.356194490192261792e+00
9.874416876409128907e-01 2.442281813728729105e+02 2.356194490192261792e+00
1.667282037242518777e+00 2.449756299653685971e+02 2.356194490192261792e+00
5.541041650369347149e-01 2.459902713501876121e+02 2.356194490192261792e+00
2.670706417121594622e+00 2.470080129149066863e+02 2.356194490192261792e+00
6.922439046681424513e-01 2.479946305577882129e+02 2.356194490192261792e+00
1.337941403694161702e+00 2.490436327234942269e+02 2.356194490192261792e+00
8.838357163732567523e-01 2.501737589222236409e+02 2.356194490192261792e+00
1.593150326305102338e+00 2.511409662454973102e+02 2.356194490192261792e+00
7.712532827195660579e-01 2.517458420651280449e+02 2.356194490192261792e+00
2.292656422161825969e+00 2.532145775515257924e+02 2.356194490192261792e+00
1.059319740305824320e+00 2.537265560582802095e+02 2.356194490192261792e+00
1.360447184970841494e+00 2.551452179281995143e+02 2.356194490192261792e+00
8.540106718875773995e-01 2.561482888376377218e+02 2.356194490192261792e+00
1.296573774778644106e+00 2.572788275301948033e+02 2.356194490192261792e+00
9.506039136819940394e-01 2.578448186290670492e+02 2.356194490192261792e+00
1.632968573283354319e+00 2.594264112457942701e+02 2.356194490192261792e+00
1.449816413683840510e+00 2.598403070067593035e+02 2.356194490192261792e+00
1.276787588829855213e+00 2.613414858355818637e+02 2.356194490192261792e+00
8.972304711047103254e-01 2.622352728824046153e+02 2.356194490192261792e+00
1.127084667731359291e+00 2.634326345357678179e+02 2.356194490192261792e+00
1.099642436952964708e+00 2.640237804508946624e+02 2.356194490192261792e+00
1.182511326518755901e+00 2.656129155462445510e+02 2.356194490192261792e+00
1.774395366307150779e+00 2.660381431293549781e+02 2.356194490192261792e+00
1.158674874196046867e+00 2.675450439456701019e+02 2.356194490192261792e+00
9.863727776025105198e-01 2.683583620705969111e+02 2.356194490192261792e+00
1.039850665651506523e+00 2.695846489061609077e+02 2.356194490192261792e+00
1.305129807852610124e+00 2.702187070691893496e+02 2.356194490192261792e+00
8.223397214280409040e-01 2.717220470343721672e+02 2.356194490192261792e+00
2.148382861274928057e+00 2.722500102832997868e+02 2.356194490192261792e+00
9.887463119520994992e-01 2.737037924829570557e+02 2.356194490192261792e+00
1.139132965530784469e+00 2.744750465903147187e+02 2.356194490192261792e+00
9.971633712031657826e-01 2.757012948703607549e+02 2.356194490192261792e+00
1.593047736252121815e+00 2.764151308446620874e+02 2.356194490192261792e+00
5.650042663846628344e-01 2.775848499505963218e+02 2.356194490192261792e+00
2.586506400508684855e+00 2.784496144681288001e+02 2.356194490192261792e+00
7.165198059755487625e-01 2.796075480354626848e+02 2.356194490192261792e+00
1.321218747319837794e+00 2.805307923132779138e+02 2.356194490192261792e+00
9.197169921793626468e-01 2.816854150826062551e+02 2.356194490192261792e+00
1.687234113995528917e+00 2.825913444943251420e+02 2.356194490192261792e+00
7.299445057115271362e-01 2.832250115477686450e+02 2.356194490192261792e+00
2.473511809711292475e+00 2.846424588757711831e+02 2.356194490192261792e+00
9.817490062415595853e-01 2.852001750016487449e+02 2.356194490192261792e+00
1.389149934466149761e+00 2.865855727016955257e+02 2.356194490192261792e+00
8.622080244690056849e-01 2.876182523753445821e+02 2.356194490192261792e+00
1.370281997157392517e+00 2.887250903228967900e+02 2.356194490192261792e+00
9.546258353971887045e-01 2.892757349577552759e+02 2.356194490192261792e+00
1.742066749762708477e+00 2.908527099890881686e+02 2.356194490192261792e+00
1.436444295236107838e+00 2.912684140651162465e+02 2.356194490192261792e+00
1.339353887452039205e+00 2.927762317136552497e+02 2.356194490192261792e+00
8.963987265789231662e-01 2.937019116756200674e+02 2.356194490192261792e+00
1.189982581761236391e+00 2.948861658634917831e+02 2.356194490192261792e+00
1.102888894229595129e+00 2.954556942602886807e+02 2.356194490192261792e+00
1.281856754276524457e+00 2.970498808263400292e+02 2.356194490192261792e+00
1.764768662309016189e+00 2.974649503280183467e+02 2.356194490192261792e+00
1.239874042512096652e+00 2.989909285023787220e+02 2.356194490192261792e+00
9.644744789283311581e-01 2.998341969178136992e+02 2.356194490192261792e+00
1.088511984148853529e+00 3.010535949239380216e+02 2.356194490192261792e+00
1.270833946675191894e+00 3.016595797533323093e+02 2.356194490192261792e+00
9.324569957561041900e-01 3.032008044275800103e+02 2.356194490192261792e+00
2.085443791419244963e+00 3.036843451156603351e+02 2.356194490192261792e+00
1.087814378864335740e+00 3.051794573099852528e+02 2.356194490192261792e+00
1.085855531995907786e+00 3.059603407654458351e+02 2.356194490192261792e+00
1.028236445791282927e+00 3.071921776021982851e+02 2.356194490192261792e+00
1.519732019460734884e+00 3.078617555398167269e+02 2.356194490192261792e+00
6.294167521717539682e-01 3.091821599792107804e+02 2.356194490192261792e+00
2.487181878326597761e+00 3.098941488908338329e+02 2.356194490192261792e+00
8.126255632395927853e-01 3.112106675442567507e+02 2.356194490192261792e+00
1.285568347631186548e+00 3.120325534017477480e+02 2.356194490192261792e+00
9.636087429468875865e-01 3.132155727553827091e+02 2.356194490192261792e+00
1.753041678958394245e+00 3.140446980918797522e+02 2.356194490192261792e+00
6.513315925104297133e-01 3.147693194454429886e+02 2.356194490192261792e+00
2.659780914965169440e+00 3.160771559556814054e+02 2.356194490192261792e+00
8.493534563947499061e-01 3.167379334315625101e+02 2.356194490192261792e+00
1.385331647278662093e+00 3.180417375636246220e+02 2.356194490192261792e+00
8.626403579574323244e-01 3.191078385075877577e+02 2.356194490192261792e+00
1.441841582389076448e+00 3.201782645319916583e+02 2.356194490192261792e+00
9.082847471722783617e-01 3.207313540888678745e+02 2.356194490192261792e+00
1.905989796303461326e+00 3.222888003643370780e+02 2.356194490192261792e+00
1.331727920877187055e+00 3.227199522828619820e+02 2.356194490192261792e+00
1.359174863946529310e+00 3.242117413842893825e+02 2.356194490192261792e+00
8.838557735015669659e-01 3.251628054676507418e+02 2.356194490192261792e+00
1.227461438990118614e+00 3.263325723381636294e+02 2.356194490192261792e+00
1.064611485518487388e+00 3.268948588159346968e+02 2.356194490192261792e+00
1.386944155924432431e+00 3.284909381187817417e+02 2.356194490192261792e+00
1.683575522316453688e+00 3.288996785560195235e+02 2.356194490192261792e+00
1.269985250177259717e+00 3.304255376075687423e+02 2.356194490192261792e+00
9.427153296330448295e-01 3.312889696018981454e+02 2.356194490192261792e+00
1.110531356662461944e+00 3.325013356214571445e+02 2.356194490192261792e+00
1.220753852771602643e+00 3.330960277044246141e+02 2.356194490192261792e+00
1.020727693766866562e+00 3.346603066832720401e+02 2.356194490192261792e+00
1.995097355248955484e+00 3.351170166405319719e+02 2.356194490192261792e+00
1.136555339521482466e+00 3.366267423176140596e+02 2.356194490192261792e+00
1.045972496154567555e+00 3.374210899875787959e+02 2.356194490192261792e+00
1.041617315579576930e+00 3.386523672779114236e+02 2.356194490192261792e+00
1.443600588174964505e+00 3.393002045289171065e+02 2.356194490192261792e+00
7.010567381227859052e-01 3.407103814995833773e+02 2.356194490192261792e+00
2.371994899706007409e+00 3.413321190642145666e+02 2.356194490192261792e+00
8.993780224745685503e-01 3.427286921759035749e+02 2.356194490192261792e+00
1.230780041199383668e+00 3.435125273916876836e+02 2.356194490192261792e+00
9.866485984723727398e-01 3.447196187388957469e+02 2.356194490192261792e+00
1.725052966842110180e+00 3.454905736816378976e+02 2.356194490192261792e+00
5.762419483222344097e-01 3.463816425727504793e+02 2.356194490192261792e+00
2.715893776497791734e+00 3.475194635296785464e+02 2.356194490192261792e+00
7.237453910830226045e-01 3.483652919869701918e+02 2.356194490192261792e+00
1.354806679182748441e+00 3.495228779058267037e+02 2.356194490192261792e+00
8.668224934076023125e-01 3.506289149874336317e+02 2.356194490192261792e+00
1.524364978882309707e+00 3.516414479862839926e+02 2.356194490192261792e+00
8.168201272862160023e-01 3.522241201961476804e+02 2.356194490192261792e+00
2.139068752902860027e+00 3.537320858181205381e+02 2.356194490192261792e+00
1.148882668336158819e+00 3.542078546587558208e+02 2.356194490192261792e+00
1.348789056064213510e+00 3.556554554633817133e+02 2.356194490192261792e+00
8.589671238303038248e-01 3.566342285248871349e+02 2.356194490192261792e+00
1.253825780385852351e+00 3.577830341652782522e+02 2.356194490192261792e+00
9.790496761835274508e-01 3.583521881269307983e+02 2.356194490192261792e+00
1.530793376525849903e+00 3.599409998815202698e+02 2.356194490192261792e+00
1.515722261594374398e+00 3.603512002628531263e+02 2.356194490192261792e+00
1.255013893244399048e+00 3.618572687906516876e+02 2.356194490192261792e+00
9.112255750137456811e-01 3.627325997070727794e+02 2.356194490192261792e+00
1.104114227773510093e+00 3.639379833977360477e+02 2.356194490192261792e+00
1.134781261206458058e+00 3.645363064741443395e+02 2.356194490192261792e+00
1.104897665047017252e+00 3.661178298944611811e+02 2.356194490192261792e+00
1.843179663798038215e+00 3.665545472989108475e+02 2.356194490192261792e+00
1.131055255274154403e+00 3.680571361309470149e+02 2.356194490192261792e+00
1.010964627854445519e+00 3.688579302057756877e+02 2.356194490192261792e+00
1.029239349164802642e+00 3.700870227504684635e+02 2.356194490192261792e+00
1.356912570779659655e+00 3.707326006103032796e+02 2.356194490192261792e+00
7.579815128131076607e-01 3.721979930873727653e+02 2.356194490192261792e+00
2.234221951698723174e+00 3.727660738199831485e+02 2.356194490192261792e+00
9.401827132938596066e-01 3.741930138928656788e+02 2.356194490192261792e+00
1.179442033961481950e+00 3.749670623994037442e+02 2.356194490192261792e+00
9.880569866623921671e-01 3.761861750544064762e+02 2.356194490192261792e+00
1.650537354163063242e+00 3.769271586474940250e+02 2.356194490192261792e+00
5.525906752822201673e-01 3.779757548729342034e+02 2.356194490192261792e+00
2.653484176084382806e+00 3.789603747470665098e+02 2.356194490192261792e+00
6.916338108140385188e-01 3.799851603128544184e+02 2.356194490192261792e+00
1.334286524109054684e+00 3.810053558553707944e+02 2.356194490192261792e+00
8.905298186901745572e-01 3.821412482760090370e+02 2.356194490192261792e+00
1.613509782135869042e+00 3.830956357058680055e+02 2.356194490192261792e+00
7.618543472659810023e-01 3.837060436464545319e+02 2.356194490192261792e+00
2.332687171032453488e+00 3.851643228254892506e+02 2.356194490192261792e+00
1.040986752470169474e+00 3.856857964915798789e+02 2.356194490192261792e+00
1.366418991906981795e+00 3.870974845773691300e+02 2.356194490192261792e+00
8.549315079294826925e-01 3.881072844524866809e+02 2.356194490192261792e+00
1.311618090514260704e+00 3.892327052647632968e+02 2.356194490192261792e+00
9.490640118379248813e-01 3.897960470938374442e+02 2.356194490192261792e+00
1.658567847209144075e+00 3.913762594525643976e+02 2.356194490192261792e+00
1.442541438538569532e+00 3.917908066303373857e+02 2.356194490192261792e+00
1.288478490714552338e+00 3.932926661908800838e+02 2.356194490192261792e+00
8.957463502056630666e-01 3.941929659130731807e+02 2.356194490192261792e+00
1.138535691879385858e+00 3.953876894588008213e+02 2.356194490192261792e+00
1.096598968867724233e+00 3.959749836175095083e+02 2.356194490192261792e+00
1.205049579859551301e+00 3.975655433258318112e+02 2.356194490192261792e+00
1.766081080499310785e+00 3.979881669392543131e+02 2.356194490192261792e+00
1.173128813587329899e+00 3.994983250668620940e+02 2.356194490192261792e+00
9.806176171588453228e-01 4.003169548661153954e+02 2.356194490192261792e+00
1.047563021878059164e+00 4.015421193750847237e+02 2.356194490192261792e+00
1.294769992728718178e+00 4.021709775558686033e+02 2.356194490192261792e+00
8.443811587192258106e-01 4.036838192273796153e+02 2.356194490192261792e+00
2.130431609858593145e+00 4.042010906309281495e+02 2.356194490192261792e+00
1.007342767101263803e+00 4.056636413258526090e+02 2.356194490192261792e+00
1.127618728700179318e+00 4.064353979274508788e+02 2.356194490192261792e+00
1.002200074965183596e+00 4.076633431637839635e+02 2.356194490192261792e+00
1.577448472061275808e+00 4.083681608042272160e+02 2.356194490192261792e+00
5.741128462352914630e-01 4.095718237218385980e+02 2.356194490192261792e+00
2.566579465342167854e+00 4.104024808038738570e+02 2.356194490192261792e+00
7.313664543298508125e-01 4.115968974704755396e+02 2.356194490192261792e+00
1.316327025315938704e+00 4.124949800211327329e+02 2.356194490192261792e+00
9.290123979072587579e-01 4.136549238240151567e+02 2.356194490192261792e+00
1.706577751120291753e+00 4.145458329435365954e+02 2.356194490192261792e+00
7.182893823242905151e-01 4.151900071811840007e+02 2.356194490192261792e+00
2.514186838192829399e+00 4.165922376384237396e+02 2.356194490192261792e+00
9.615759930343825701e-01 4.171635049965058215e+02 2.356194490192261792e+00
1.393281104551801430e+00 4.185386062289519487e+02 2.356194490192261792e+00
8.639581601124243226e-01 4.195775833554468477e+02 2.356194490192261792e+00
1.386543606545160401e+00 4.206786022354266379e+02 2.356194490192261792e+00
9.541177879050399824e-01 4.212264027151933306e+02 2.356194490192261792e+00
1.767056704094303266e+00 4.228019610194150459e+02 2.356194490192261792e+00
1.431115199186311582e+00 4.232184705182971811e+02 2.356194490192261792e+00
1.351595338144098601e+00 4.247269857279192138e+02 2.356194490192261792e+00
8.966013197700218873e-01 4.256593822387780506e+02 2.356194490192261792e+00
1.203772874261870074e+00 4.268405768078731626e+02 2.356194490192261792e+00
1.104519851185508772e+00 4.274055214447506614e+02 2.356194490192261792e+00
1.301944557311871753e+00 4.290004581878383760e+02 2.356194490192261792e+00
1.764247719653785573e+00 4.294138182698245032e+02 2.356194490192261792e+00
1.257264109904113081e+00 4.309435919863030335e+02 2.356194490192261792e+00
9.607744265032919229e-01 4.317939685939244328e+02 2.356194490192261792e+00
1.100319875101153588e+00 4.330114265763149319e+02 2.356194490192261792e+00
1.265511159103246852e+00 4.336114703036040510e+02 2.356194490192261792e+00
9.564347050207979706e-01 4.351587971164898363e+02 2.356194490192261792e+00
2.074731711995092098e+00 4.356348289791813500e+02 2.356194490192261792e+00
1.109456978935045246e+00 4.371375190979907188e+02 2.356194490192261792e+00
1.075003744777615289e+00 4.379226350387411344e+02 2.356194490192261792e+00
1.035924724899654148e+00 4.391547287977068663e+02 2.356194490192261792e+00
1.503154724733750891e+00 4.398154066615193187e+02 2.356194490192261792e+00
6.492074074304737819e-01 4.411635091316188095e+02 2.356194490192261792e+00
2.462917125574889621e+00 4.418471579911451386e+02 2.356194490192261792e+00
8.394085015228758273e-01 4.431913891063927053e+02 2.356194490192261792e+00
1.272897459646447516e+00 4.439986529566273248e+02 2.356194490192261792e+00
9.723717951959837125e-01 4.451887915893498757e+02 2.356194490192261792e+00
1.755173485699434988e+00 4.460001417136210193e+02 2.356194490192261792e+00
6.288373841084093918e-01 4.467618685301295045e+02 2.356194490192261792e+00
2.690465111276293619e+00 4.480301867730579488e+02 2.356194490192261792e+00
8.115310749933897227e-01 4.487312590364107336e+02 2.356194490192261792e+00
1.377954986886436695e+00 4.500029176247539340e+02 2.356194490192261792e+00
8.617286376895590960e-01 4.510787254074732004e+02 2.356194490192261792e+00
1.459756070874100420e+00 4.521364772846679330e+02 2.356194490192261792e+00
8.848058995206911082e-01 4.526956764811961875e+02 2.356194490192261792e+00
1.961469690359496587e+00 4.542429120350697644e+02 2.356194490192261792e+00
1.284366996291988139e+00 4.546829905951494197e+02 2.356194490192261792e+00
1.354547067195710719e+00 4.561646593586244194e+02 2.356194490192261792e+00
8.768488950694629525e-01 4.571212568698898053e+02 2.356194490192261792e+00
1.230606462373728061e+00 4.582867920939771125e+02 2.356194490192261792e+00
1.041662592235679696e+00 4.588513142662869768e+02 2.356194490192261792e+00
1.419264305043751007e+00 4.604465678787654497e+02 2.356194490192261792e+00
1.639761876420019915e+00 4.608548336783932768e+02 2.356194490192261792e+00
1.263306614668022299e+00 4.623753956669488616e+02 2.356194490192261792e+00
9.350948219034620479e-01 4.632404136934173948e+02 2.356194490192261792e+00
1.106439970916055282e+00 4.644515398226091634e+02 2.356194490192261792e+00
1.199192405269604356e+00 4.650480182781876692e+02 2.356194490192261792e+00
1.037758051701272333e+00 4.666168731740495446e+02 2.356194490192261792e+00
1.957725057418341796e+00 4.670686786552147396e+02 2.356194490192261792e+00
1.132970053733552751e+00 4.685761026396781403e+02 2.356194490192261792e+00
1.038279468442553810e+00 4.693713405359043804e+02 2.356194490192261792e+00
1.037523740970283548e+00 4.706022197105716600e+02 2.356194490192261792e+00
1.423569487878843631e+00 4.712503106497691192e+02 2.356194490192261792e+00
7.119839779604152374e-01 4.726732808243173167e+02 2.356194490192261792e+00
2.340646528134017856e+00 4.732828876795924771e+02 2.356194490192261792e+00
9.079135802469767702e-01 4.746865350244532351e+02 2.356194490192261792e+00
1.219418749016574655e+00 4.754676236291338114e+02 2.356194490192261792e+00
9.867683280513734889e-01 4.766777763891350901e+02 2.356194490192261792e+00
1.709247889472247373e+00 4.774419386564755428e+02 2.356194490192261792e+00
5.672521004702800740e-01 4.783680552547952516e+02 2.356194490192261792e+00
2.706318842622131626e+00 4.794718545740402078e+02 2.356194490192261792e+00
7.098554161833717790e-01 4.803576540399312194e+02 2.356194490192261792e+00
1.349024251855407641e+00 4.814840805537576216e+02 2.356194490192261792e+00
8.701565130284196758e-01 4.825974390581378657e+02 2.356194490192261792e+00
1.542346385384766982e+00 4.835973402792390630e+02 2.356194490192261792e+00
8.010723923072153863e-01 4.841870988709830499e+02 2.356194490192261792e+00
2.184132437588107045e+00 4.856834676615793001e+02 2.356194490192261792e+00
1.118135271932158004e+00 4.861699971987684989e+02 2.356194490192261792e+00
1.349375777115442432e+00 4.876084012172852340e+02 2.356194490192261792e+00
8.557763667369285843e-01 4.885937420195686514e+02 2.356194490192261792e+00
1.262995879621400475e+00 4.897375235389395698e+02 2.356194490192261792e+00
9.660952955939950959e-01 4.903072003212300842e+02 2.356194490192261792e+00
1.560877695556272426e+00 4.918936309834315921e+02 2.356194490192261792e+00
1.488748860593581691e+00 4.923050665247534994e+02 2.356194490192261792e+00
1.256344029249471195e+00 4.938081306810984756e+02 2.356194490192261792e+00
9.056990480162212531e-01 4.946873934648202180e+02 2.356194490192261792e+00
1.106550416778763202e+00 4.958908548982776665e+02 2.356194490192261792e+00
1.120309771343908523e+00 4.964886624514834352e+02 2.356194490192261792e+00
1.125008157267150866e+00 4.980727598606034690e+02 2.356194490192261792e+00
1.816578335206677108e+00 4.985059820906471941e+02 2.356194490192261792e+00
1.133472103984985546e+00 5.000081039893357797e+02 2.356194490192261792e+00
1.003674095765509477e+00 5.008111326972136794e+02 2.356194490192261792e+00
1.028830654159719638e+00 5.020396111439523565e+02 2.356194490192261792e+00
1.340089592396556117e+00 5.026836075788401104e+02 2.356194490192261792e+00
7.726545127476104335e-01 5.041596764750840407e+02 2.356194490192261792e+00
2.206813458366424729e+00 5.047169372651592880e+02 2.356194490192261792e+00
9.498448185456651593e-01 5.061499252459923355e+02 2.356194490192261792e+00
1.168626658824801101e+00 5.069227767230891004e+02 2.356194490192261792e+00
9.888236649082076113e-01 5.081438780429015196e+02 2.356194490192261792e+00
1.634022577223689154e+00 5.088786301108459043e+02 2.356194490192261792e+00
5.529597305203393098e-01 5.099597412478535716e+02 2.356194490192261792e+00
2.635179065717951463e+00 5.109125860274607476e+02 2.356194490192261792e+00
6.940243763444948755e-01 5.119734439997937443e+02 2.356194490192261792e+00
1.330651039293470506e+00 5.129667289023052490e+02 2.356194490192261792e+00
8.973759601726853941e-01 5.141078836120059350e+02 2.356194490192261792e+00
1.632707914639482505e+00 5.150497965755301948e+02 2.356194490192261792e+00
7.527728625882218472e-01 5.156661069574797693e+02 2.356194490192261792e+00
2.370527503139650438e+00 5.171138552057777815e+02 2.356194490192261792e+00
1.023727413640850292e+00 5.176448466978401939e+02 2.356194490192261792e+00
1.371901802938630732e+00 5.190495227067798396e+02 2.356194490192261792e+00
8.560768866023787949e-01 5.200655910868480305e+02 2.356194490192261792e+00
1.326175795643421029e+00 5.211860771796380050e+02 2.356194490192261792e+00
9.481811976986226354e-01 5.217467851983369655e+02 2.356194490192261792e+00
1.682401547740025594e+00 5.233257305104978059e+02 2.356194490192261792e+00
1.436691767884814563e+00 5.237408981282655986e+02 2.356194490192261792e+00
1.299908354720752834e+00 5.252435182821030821e+02 2.356194490192261792e+00
8.947754380328161172e-01 5.261500824542198416e+02 2.356194490192261792e+00
1.150003697728376073e+00 5.273422205960320071e+02 2.356194490192261792e+00
1.094850599511981937e+00 5.279256849082667031e+02 2.356194490192261792e+00
1.226051539769581700e+00 5.295174023155040004e+02 2.356194490192261792e+00
1.760056037391958261e+00 5.299377879228794654e+02 2.356194490192261792e+00
1.187547239057819448e+00 5.314511803733236093e+02 2.356194490192261792e+00
9.755847616088940688e-01 5.322752055687309394e+02 2.356194490192261792e+00
1.055696494330761848e+00 5.334991681044987217e+02 2.356194490192261792e+00
1.285964105325066553e+00 5.341229377164897869e+02 2.356194490192261792e+00
8.657835530592146167e-01 5.356440379461351995e+02 2.356194490192261792e+00
2.114862789304573720e+00 5.361518529807992763e+02 2.356194490192261792e+00
1.025513671726083764e+00 5.376224386767237320e+02 2.356194490192261792e+00
1.116834389649693504e+00 5.383953516558784713e+02 2.356194490192261792e+00
1.007383661697596633e+00 5.396246381553818310e+02 2.356194490192261792e+00
1.562442753253137306e+00 5.403209633195294828e+02 2.356194490192261792e+00
5.848020029402237752e-01 5.415556912229125146e+02 2.356194490192261792e+00
2.546681809308640965e+00 5.423550465176188027e+02 2.356194490192261792e+00
7.480287309144185715e-01 5.435823260542283606e+02 2.356194490192261792e+00
1.310459821879513376e+00 5.444584735555524730e+02 2.356194490192261792e+00
9.376101276713061372e-01 5.456236975959487836e+02 2.356194490192261792e+00
1.722151220311432862e+00 5.464999644629147042e+02 2.356194490192261792e+00
7.044620991601580062e-01 5.471578612017410705e+02 2.356194490192261792e+00
2.552374908936741793e+00 5.485423542055599455e+02 2.356194490192261792e+00
9.381785314188125779e-01 5.491297888448779076e+02 2.356194490192261792e+00
1.394290445929730726e+00 5.504921805895319267e+02 2.356194490192261792e+00
8.644608461289564616e-01 5.515372054319393555e+02 2.356194490192261792e+00
1.400379039439051621e+00 5.526321031857215758e+02 2.356194490192261792e+00
9.485654230582817314e-01 5.531790178577773531e+02 2.356194490192261792e+00
1.794538001706919239e+00 5.547520698249844600e+02 2.356194490192261792e+00
1.417066325771342061e+00 5.551703867416799767e+02 2.356194490192261792e+00
1.358189119369147990e+00 5.566774181712535210e+02 2.356194490192261792e+00
8.952796487167212769e-01 5.576150417174991389e+02 2.356194490192261792e+00
1.212938251893919350e+00 5.587935326395762559e+02 2.356194490192261792e+00
1.100945749333846591e+00 5.593559469185576063e+02 2.356194490192261792e+00
1.320694291363765371e+00 5.609514780707090722e+02 2.356194490192261792e+00
1.755233634954102229e+00 5.613634218788658927e+02 2.356194490192261792e+00
1.267150681130943424e+00 5.628946299763625802e+02 2.356194490192261792e+00
9.571011141052900850e-01 5.637499572618778529e+02 2.356194490192261792e+00
1.107345222221090886e+00 5.649658723271494409e+02 2.356194490192261792e+00
1.258265183180947266e+00 5.655624115981106570e+02 2.356194490192261792e+00
9.750918208028511724e-01 5.671144914911823207e+02 2.356194490192261792e+00
2.061199407056931943e+00 5.675848451654230757e+02 2.356194490192261792e+00
1.123279946318170186e+00 5.690919941628258130e+02 2.356194490192261792e+00
1.066536667245078229e+00 5.698804487606981866e+02 2.356194490192261792e+00
1.040543590114543226e+00 5.711124904479015640e+02 2.356194490192261792e+00
1.488450176161412841e+00 5.717673728508322029e+02 2.356194490192261792e+00
6.651720560132303728e-01 5.731356329972476260e+02 2.356194490192261792e+00
2.440914783202753569e+00 5.737988150955440005e+02 2.356194490192261792e+00
8.599181522139386358e-01 5.751621323707726106e+02 2.356194490192261792e+00
1.261494338767579215e+00 5.759601590183616509e+02 2.356194490192261792e+00
9.783424822667549092e-01 5.771558305369122763e+02 2.356194490192261792e+00
1.751953164010590758e+00 5.779537087157336828e+02 2.356194490192261792e+00
6.113375543724550720e-01 5.787498391926426393e+02 2.356194490192261792e+00
2.707828045021449803e+00 5.799825493913638184e+02 2.356194490192261792e+00
7.819907597458631843e-01 5.807214347271212773e+02 2.356194490192261792e+00
1.371247101197084151e+00 5.819630848423943235e+02 2.356194490192261792e+00
8.617461699927827512e-01 5.830474103149679195e+02 2.356194490192261792e+00
1.476234806594012072e+00 5.840933672062511732e+02 2.356194490192261792e+00
8.644624127176885331e-01 5.846586720853737233e+02 2.356194490192261792e+00
2.010740382791939673e+00 5.861958852988340141e+02 2.356194490192261792e+00
1.243655989148702679e+00 5.866449177686300800e+02 2.356194490192261792e+00
1.351042351406246844e+00 5.881172131688128957e+02 2.356194490192261792e+00
8.709222382927740425e-01 5.890791727463675898e+02 2.356194490192261792e+00
1.234487145179630208e+00 5.902405988960742889e+02 2.356194490192261792e+00
1.021920220311284044e+00 5.908070334154294869e+02 2.356194490192261792e+00
1.448911497787538583e+00 5.924010037766206551e+02 2.356194490192261792e+00
1.601688276534818378e+00 5.928093362601364333e+02 2.356194490192261792e+00
1.258087382086204853e+00 5.943252205040110994e+02 2.356194490192261792e+00
9.281956396016373123e-01 5.951920272149295670e+02 2.356194490192261792e+00
1.103413916786632809e+00 5.964019017676848762e+02 2.356194490192261792e+00
1.180019603610795942e+00 5.969997666586600644e+02 2.356194490192261792e+00
1.053870017835193407e+00 5.985724400109680801e+02 2.356194490192261792e+00
1.924249016223788411e+00 5.990200105688326175e+02 2.356194490192261792e+00
1.129905022786207303e+00 6.005253603681919685e+02 2.356194490192261792e+00
1.031204504506286534e+00 6.013214858546043615e+02 2.356194490192261792e+00
1.033899258298670354e+00 6.025519676332706922e+02 2.356194490192261792e+00
1.405358395999840360e+00 6.032002303373271843e+02 2.356194490192261792e+00
7.222848300811429700e-01 6.046344040920066618e+02 2.356194490192261792e+00
2.311905406983941091e+00 6.052333251304661417e+02 2.356194490192261792e+00
9.151769780106786545e-01 6.066427831463657867e+02 2.356194490192261792e+00
1.209142686639830933e+00 6.074217705754753069e+02 2.356194490192261792e+00
9.866285158758215657e-01 6.086344274727146058e+02 2.356194490192261792e+00
1.694153201048166357e+00 6.093928199343407641e+02 2.356194490192261792e+00
5.609531769191696826e-01 6.103505258702165293e+02 2.356194490192261792e+00
2.694745348701053977e+00 6.114237292049210737e+02 2.356194490192261792e+00
7.007389638781074126e-01 6.123455727859742410e+02 2.356194490192261792e+00
1.344427338349684975e+00 6.134441001365028114e+02 2.356194490192261792e+00
8.741303778305642425e-01 6.145637424279244669e+02 2.356194490192261792e+00
1.559442176090468424e+00 6.155521059584790464e+02 2.356194490192261792e+00
7.886581011431378352e-01 6.161478917410835265e+02 2.356194490192261792e+00
2.223692257667039929e+00 6.176339662852135461e+02 2.356194490192261792e+00
1.093847522119840932e+00 6.181300447658439907e+02 2.356194490192261792e+00
1.351618516081681154e+00 6.195606901509953559e+02 2.356194490192261792e+00
8.540109905054430461e-01 6.205522161665508065e+02 2.356194490192261792e+00
1.273166543577828547e+00 6.216913196255989078e+02 2.356194490192261792e+00
9.573768078056588138e-01 6.222606455502912013e+02 2.356194490192261792e+00
1.587547011680000564e+00 6.238450284983846359e+02 2.356194490192261792e+00
1.469410570913322056e+00 6.242575605176692761e+02 2.356194490192261792e+00
1.260513551314535574e+00 6.257588624642946797e+02 2.356194490192261792e+00
9.016001128260073827e-01 6.266424981765256916e+02 2.356194490192261792e+00
1.111225535979177170e+00 6.278439991483401172e+02 2.356194490192261792e+00
1.109851477922062291e+00 6.284404321198742309e+02 2.356194490192261792e+00
1.144485520765294195e+00 6.300265614757593085e+02 2.356194490192261792e+00
1.796625755706249272e+00 6.304567887565550564e+02 2.356194490192261792e+00
1.138834360189958206e+00 6.319594825162242842e+02 2.356194490192261792e+00
9.972149348697304516e-01 6.327652789500235713e+02 2.356194490192261792e+00
1.030421169029239969e+00 6.339931074237961184e+02 2.356194490192261792e+00
1.326057545403193316e+00 6.346346768035831474e+02 2.356194490192261792e+00
7.880332890388052069e-01 6.361204602491837932e+02 2.356194490192261792e+00
2.183689479619459028e+00 6.366675866615511268e+02 2.356194490192261792e+00
9.608407392104788558e-01 6.381069219053589450e+02 2.356194490192261792e+00
1.158516894547262366e+00 6.388788793922651621e+02 2.356194490192261792e+00
9.905072534879126867e-01 6.401017898109143971e+02 2.356194490192261792e+00
1.619230450293158041e+00 6.408301030302566232e+02 2.356194490192261792e+00
5.551714582965551203e-01 6.419415686696572720e+02 2.356194490192261792e+00
2.618096467222637003e+00 6.428645034108906202e+02 2.356194490192261792e+00
6.990328024121009731e-01 6.439587713854301683e+02 2.356194490192261792e+00
1.327428586931060472e+00 6.449275073781799392e+02 2.356194490192261792e+00
9.044266810762536801e-01 6.460733731800445412e+02 2.356194490192261792e+00
1.651072672498029359e+00 6.470033621586926529e+02 2.356194490192261792e+00
7.448616015355005171e-01 6.476252328531489866e+02 2.356194490192261792e+00
2.405623803999871857e+00 6.490630357667112094e+02 2.356194490192261792e+00
1.008891238213965424e+00 6.496029006713362151e+02 2.356194490192261792e+00
1.377593734852871066e+00 6.510011493991679572e+02 2.356194490192261792e+00
8.577651037260921596e-01 6.520229868965036530e+02 2.356194490192261792e+00
1.340642060002488201e+00 6.531388539781330564e+02 2.356194490192261792e+00
9.491795956322454098e-01 6.536965235266154650e+02 2.356194490192261792e+00
1.703596337243895809e+00 6.552745815007508554e+02 2.356194490192261792e+00
1.434450020307785678e+00 6.556901022489749948e+02 2.356194490192261792e+00
1.312252849185228110e+00 6.571940702860531474e+02 2.356194490192261792e+00
8.946892430260783291e-01 6.581068873906552881e+02 2.356194490192261792e+00
1.162380162962483254e+00 6.592964628647865766e+02 2.356194490192261792e+00
1.095620617025621080e+00 6.598756930763551054e+02 2.356194490192261792e+00
1.245537440081520453e+00 6.614683517406850797e+02 2.356194490192261792e+00
1.758373084559033961e+00 6.618867971515288673e+02 2.356194490192261792e+00
1.203458723450066215e+00 6.634039297858810187e+02 2.356194490192261792e+00
9.713465217541662478e-01 6.642337927391814674e+02 2.356194490192261792e+00
1.065204402133748562e+00 6.654564264524655073e+02 2.356194490192261792e+00
1.279328840272055068e+00 6.660747177337692619e+02 2.356194490192261792e+00
8.873246002805201815e-01 6.676031293872300694e+02 2.356194490192261792e+00
2.102659726863534750e+00 6.681023399055659411e+02 2.356194490192261792e+00
1.044760861423570386e+00 6.695809458724911565e+02 2.356194490192261792e+00
1.106495279154192657e+00 6.703556987127604998e+02 2.356194490192261792e+00
1.013385049453958020e+00 6.715860783256356399e+02 2.356194490192261792e+00
1.548218406535029956e+00 6.722738125967096039e+02 2.356194490192261792e+00
5.973480774563170170e-01 6.735378162802040833e+02 2.356194490192261792e+00
2.527329250644517966e+00 6.743074844681373179e+02 2.356194490192261792e+00
7.668427492508047560e-01 6.755654905649049624e+02 2.356194490192261792e+00
1.303673123455895144e+00 6.764219462152373126e+02 2.356194490192261792e+00
9.460806904074268164e-01 6.775926220035212282e+02 2.356194490192261792e+00
1.735158533967151140e+00 6.784540490121486300e+02 2.356194490192261792e+00
6.889420040481240015e-01 6.791289859557732598e+02 2.356194490192261792e+00
2.589151520244310500e+00 6.804928230531808140e+02 2.356194490192261792e+00
9.121849694308835632e-01 6.810994515048229232e+02 2.356194490192261792e+00
1.393276787732921296e+00 6.824465692209649887e+02 2.356194490192261792e+00
8.642933188320068849e-01 6.834978201766574557e+02 2.356194490192261792e+00
1.413470511426257792e+00 6.845859647721039210e+02 2.356194490192261792e+00
9.393683658523429569e-01 6.851333697875575126e+02 2.356194490192261792e+00
1.825390365720855668e+00 6.867028762189727331e+02 2.356194490192261792e+00
1.396493884898644566e+00 6.871239542070551352e+02 2.356194490192261792e+00
1.361342007600194082e+00 6.886278749352552495e+02 2.356194490192261792e+00
8.928301755256617955e-01 6.895700419501736178e+02 2.356194490192261792e+00
1.219475503952068829e+00 6.907458998902806115e+02 2.356194490192261792e+00
1.093460581371892282e+00 6.913070981176116447e+02 2.356194490192261792e+00
1.339920382787400888e+00 6.929030747727402968e+02 2.356194490192261792e+00
1.739584894062601972e+00 6.933137799178696241e+02 2.356194490192261792e+00
1.272258011782117837e+00 6.948448220491263783e+02 2.356194490192261792e+00
9.531594702476813286e-01 6.957037814477822621e+02 2.356194490192261792e+00
1.111231182422518504e+00 6.969183930010382255e+02 2.356194490192261792e+00
1.249039044081140526e+00 6.975129812884255216e+02 2.356194490192261792e+00
9.910868054660861848e-01 6.990692027926660330e+02 2.356194490192261792e+00
2.044568184950120937e+00 6.995347618577496860e+02 2.356194490192261792e+00
1.132057272669840797e+00 7.010444261538491446e+02 2.356194490192261792e+00
1.059320395370522583e+00 7.018355104983210140e+02 2.356194490192261792e+00
1.043036558472653752e+00 7.030673645116351054e+02 2.356194490192261792e+00
1.474433479420829141e+00 7.037183720287390543e+02 2.356194490192261792e+00
6.786942844045441570e-01 7.051026457669046295e+02 2.356194490192261792e+00
2.419621176519401562e+00 7.057497302919272215e+02 2.356194490192261792e+00
8.762479145746197018e-01 7.071271975746001317e+02 2.356194490192261792e+00
1.250977605783804680e+00 7.079188893730179188e+02 2.356194490192261792e+00
9.825560061409865931e-01 7.091190389984217290e+02 2.356194490192261792e+00
1.745678752762171548e+00 7.099061491339049326e+02 2.356194490192261792e+00
5.974310009826819812e-01 7.107345887586346862e+02 2.356194490192261792e+00
2.716761419808441325e+00 7.119344815309613068e+02 2.356194490192261792e+00
7.585718879490155331e-01 7.127093856031691530e+02 2.356194490192261792e+00
1.365428809455720760e+00 7.139226073294886419e+02 2.356194490192261792e+00
8.627326316942345308e-01 7.150146260198304162e+02 2.356194490192261792e+00
1.492336653682069469e+00 7.160493495113305471e+02 2.356194490192261792e+00
8.471465902657976388e-01 7.166203789584105834e+02 2.356194490192261792e+00
2.055530778501272859e+00 7.181479399639347321e+02 2.356194490192261792e+00
1.209026701443814522e+00 7.186057122746815367e+02 2.356194490192261792e+00
1.349355347943651529e+00 7.200695235195922805e+02 2.356194490192261792e+00
8.662169012252796119e-01 7.210369616461680380e+02 2.356194490192261792e+00
1.239910976261970443e+00 7.221942779991310317e+02 2.356194490192261792e+00
1.005736384545105055e+00 7.227619527754454793e+02 2.356194490192261792e+00
1.476803948652221976e+00 7.243544062324626793e+02 2.356194490192261792e+00
1.569802757528748316e+00 7.247631138455445807e+02 2.356194490192261792e+00
1.255569314690174965e+00 7.262752675131988553e+02 2.356194490192261792e+00
9.220797930220170358e-01 7.271445096605922345e+02 2.356194490192261792e+00
1.102427924937145143e+00 7.283529983452858687e+02 2.356194490192261792e+00
1.163489623827094643e+00 7.289514441540471807e+02 2.356194490192261792e+00
1.070420562941414966e+00 7.305274310024962006e+02 2.356194490192261792e+00
1.894976718931487003e+00 7.309711170194476608e+02 2.356194490192261792e+00
1.129077731292208897e+00 7.324751661412711883e+02 2.356194490192261792e+00
1.024323229238451205e+00 7.332725881315195693e+02 2.356194490192261792e+00
1.031586043610338788e+00 7.345026437623963602e+02 2.356194490192261792e+00
1.388466218382128137e+00 7.351503772113660489e+02 2.356194490192261792e+00
7.335127593218505604e-01 7.365953745427907506e+02 2.356194490192261792e+00
2.285024644559492835e+00 7.371837515182405696e+02 2.356194490192261792e+00
9.232118455368226728e-01 7.385991659769165381e+02 2.356194490192261792e+00
1.199098682129581928e+00 7.393762407936699219e+02 2.356194490192261792e+00
9.869225158994932023e-01 7.405912326230418330e+02 2.356194490192261792e+00
1.679577562798197254e+00 7.413437562040046487e+02 2.356194490192261792e+00
5.565334387643257053e-01 7.423323498127394942e+02 2.356194490192261792e+00
2.682236650797571009e+00 7.433755072867467106e+02 2.356194490192261792e+00
6.949091339083635077e-01 7.443325559841944141e+02 2.356194490192261792e+00
1.340710053119313905e+00 7.454040662464781235e+02 2.356194490192261792e+00
8.790532835531271738e-01 7.465295345315777240e+02 2.356194490192261792e+00
1.577405885985082357e+00 7.475064741379337647e+02 2.356194490192261792e+00
7.786193625316858435e-01 7.481073822536590114e+02 2.356194490192261792e+00
2.261443468524254818e+00 7.495839135141112592e+02 2.356194490192261792e+00
1.073967193156785349e+00 7.500887784939462790e+02 2.356194490192261792e+00
1.355864023574598010e+00 7.515126871234431292e+02 2.356194490192261792e+00
8.535952447453700742e-01 7.525104684775303667e+02 2.356194490192261792e+00
1.285261195144796975e+00 7.536449283240141312e+02 2.356194490192261792e+00
9.525238498534789322e-01 7.542127960674299629e+02 2.356194490192261792e+00
1.612674079312254705e+00 7.557955250140981889e+02 2.356194490192261792e+00
1.456743877721965674e+00 7.562088932791417619e+02 2.356194490192261792e+00
1.268251609037595040e+00 7.577097317931168163e+02 2.356194490192261792e+00
8.987905445346839883e-01 7.585986038383118739e+02 2.356194490192261792e+00
1.118864876970509181e+00 7.597979362127080094e+02 2.356194490192261792e+00
1.103078085975873535e+00 7.603918620633526189e+02 2.356194490192261792e+00
1.164881345162304571e+00 7.619797242486904452e+02 2.356194490192261792e+00
1.782582962035185403e+00 7.624071570895400782e+02 2.356194490192261792e+00
1.148271099039311238e+00 7.639117274969939899e+02 2.356194490192261792e+00
9.911583969246303694e-01 7.647212490949013954e+02 2.356194490192261792e+00
1.034626648994439568e+00 7.659483042218815854e+02 2.356194490192261792e+00
1.314000231877149316e+00 7.665861953639317790e+02 2.356194490192261792e+00
8.058053705849064219e-01 7.680816201608838583e+02 2.356194490192261792e+00
2.163501104798538854e+00 7.686183437183899514e+02 2.356194490192261792e+00
9.749170451252869851e-01 7.700651963786741590e+02 2.356194490192261792e+00
1.148117167555529283e+00 7.708365608023887035e+02 2.356194490192261792e+00
9.936200248395627987e-01 7.720613086571422627e+02 2.356194490192261792e+00
1.604984237952888027e+00 7.727821073741689588e+02 2.356194490192261792e+00
5.595391042082568100e-01 7.739248891242611990e+02 2.356194490192261792e+00
2.601160145736875151e+00 7.748166481255981353e+02 2.356194490192261792e+00
7.071510814361495756e-01 7.759452435288106926e+02 2.356194490192261792e+00
1.324246818003040671e+00 7.768892228679962955e+02 2.356194490192261792e+00
9.124412745171447403e-01 7.780397997795225820e+02 2.356194490192261792e+00
1.670620555216604242e+00 7.789570834784794897e+02 2.356194490192261792e+00
7.371790575254875133e-01 7.795847864080898262e+02 2.356194490192261792e+00
2.441916292724328308e+00 7.810121358569219865e+02 2.356194490192261792e+00
9.947077869653025983e-01 7.815611793788393697e+02 2.356194490192261792e+00
1.384064231870984818e+00 7.829528797567909351e+02 2.356194490192261792e+00
8.601453089439858868e-01 7.839805843692745384e+02 2.356194490192261792e+00
1.356542120528493323e+00 7.850916658492042188e+02 2.356194490192261792e+00
9.521828752287322395e-01 7.856455337895361026e+02 2.356194490192261792e+00
1.724275200094174787e+00 7.872230294250350653e+02 2.356194490192261792e+00
1.435634455612657234e+00 7.876386270564963752e+02 2.356194490192261792e+00
1.326901558871442566e+00 7.891447127043963974e+02 2.356194490192261792e+00
8.955090388151492053e-01 7.900644547594990854e+02 2.356194490192261792e+00
1.177098469566670191e+00 7.912512041837400147e+02 2.356194490192261792e+00
1.099208250127968967e+00 7.918252619073582537e+02 2.356194490192261792e+00
1.265377124726990710e+00 7.934187825548463024e+02 2.356194490192261792e+00
1.761255973269738151e+00 7.938353491251746163e+02 2.356194490192261792e+00
1.222857214938283477e+00 7.953572171927279442e+02 2.356194490192261792e+00
9.674803944395056199e-01 7.961941239515932693e+02 2.356194490192261792e+00
1.077388211103061488e+00 7.974151046450273270e+02 2.356194490192261792e+00
1.274337999649861164e+00 7.980268310195843924e+02 2.356194490192261792e+00
9.114709757297224657e-01 7.995624206323268481e+02 2.356194490192261792e+00
2.092796168001496593e+00 8.000529237663670301e+02 2.356194490192261792e+00
1.067621170993431789e+00 8.015405214861652894e+02 2.356194490192261792e+00
1.095364299761488081e+00 8.023181847385377523e+02 2.356194490192261792e+00
1.021105595646550235e+00 8.035494933526225623e+02 2.356194490192261792e+00
1.533069949811861621e+00 8.042274577585128554e+02 2.356194490192261792e+00
6.135510613373473809e-01 8.055223342141707690e+02 2.356194490192261792e+00
2.506224378932537800e+00 8.062604804028509307e+02 2.356194490192261792e+00
7.903317217897175562e-01 8.075507013319628413e+02 2.356194490192261792e+00
1.294801945416445443e+00 8.083875791612201738e+02 2.356194490192261792e+00
9.555208789535072356e-01 8.095646643549530381e+02 2.356194490192261792e+00
1.746571521296041096e+00 8.104090689947050805e+02 2.356194490192261792e+00
6.697485403519676250e-01 8.111077265463126196e+02 2.356194490192261792e+00
2.628291350550008065e+00 8.124442293170615130e+02 2.356194490192261792e+00
8.801524720442441829e-01 8.130768728785191115e+02 2.356194490192261792e+00
1.390053218658246381e+00 8.144031901503484505e+02 2.356194490192261792e+00
8.635790038333605034e-01 8.154619415973494370e+02 2.356194490192261792e+00
1.428186965010097120e+00 8.165414074503493111e+02 2.356194490192261792e+00
9.249489393591051600e-01 8.170909587698909036e+02 2.356194490192261792e+00
1.865108106925766895e+00 8.186549955082739416e+02 2.356194490192261792e+00
1.365933429608596539e+00 8.190805502885415308e+02 2.356194490192261792e+00
1.361600252439544301e+00 8.205790622636172884e+02 2.356194490192261792e+00
8.887603389327698444e-01 8.215259559421667745e+02 2.356194490192261792e+00
1.224544116541895988e+00 8.226987399779715133e+02 2.356194490192261792e+00
1.080504454025413619e+00 8.232599037116746103e+02 2.356194490192261792e+00
1.363372269403167136e+00 8.248561268907543536e+02 2.356194490192261792e+00
1.714065718679773642e+00 8.252656532031011238e+02 2.356194490192261792e+00
1.273201221837097386e+00 8.267947864164664225e+02 2.356194490192261792e+00
9.480992921452721101e-01 8.276565988411454100e+02 2.356194490192261792e+00
1.112347357371498147e+00 8.288699546053205722e+02 2.356194490192261792e+00
1.235788890728835021e+00 8.294639065779258544e+02 2.356194490192261792e+00
1.007209881208230406e+00 8.310244376111153315e+02 2.356194490192261792e+00
2.021221123067430181e+00 8.314851857515272968e+02 2.356194490192261792e+00
1.136778739264702409e+00 8.329957502060758543e+02 2.356194490192261792e+00
1.052079488552707165e+00 8.337889592100176515e+02 2.356194490192261792e+00
1.043465655361392797e+00 8.350205260369089046e+02 2.356194490192261792e+00
1.458598699242761310e+00 8.356690452560733320e+02 2.356194490192261792e+00
6.914982991037660343e-01 8.370680545308563296e+02 2.356194490192261792e+00
2.395273445185663430e+00 8.377005660163571292e+02 2.356194490192261792e+00
8.903450377620263367e-01 8.390897142960112660e+02 2.356194490192261792e+00
1.240015707129345168e+00 8.398765228125258773e+02 2.356194490192261792e+00
9.855247481100580798e-01 8.410807174699301640e+02 2.356194490192261792e+00
1.735940675247549025e+00 8.418582676858948162e+02 2.356194490192261792e+00
5.850823733083254652e-01 8.427207001946678702e+02 2.356194490192261792e+00
2.719265557989145599e+00 8.438866437233189117e+02 2.356194490192261792e+00
7.380408334585236707e-01 8.446999130660370838e+02 2.356194490192261792e+00
1.359664614571516328e+00 8.458829935272297007e+02 2.356194490192261792e+00
8.646771055987636512e-01 8.469827747930860369e+02 2.356194490192261792e+00
1.509767996761987696e+00 8.480055127666123553e+02 2.356194490192261792e+00
8.304100384306550842e-01 8.485826492386668178e+02 2.356194490192261792e+00
2.101358237334289836e+00 8.500997925492565628e+02 2.356194490192261792e+00
1.175665074810449573e+00 8.505670937626185832e+02 2.356194490192261792e+00
1.348884235584767222e+00 8.520221842418485494e+02 2.356194490192261792e+00
8.620819779511067482e-01 8.529957230813744218e+02 2.356194490192261792e+00
1.247160188339532683e+00 8.541484925016384295e+02 2.356194490192261792e+00
9.908210461159522309e-01 8.547170058023250476e+02 2.356194490192261792e+00
1.506132001114412811e+00 8.563076080628885620e+02 2.356194490192261792e+00
1.539737585401956377e+00 8.567169886930519169e+02 2.356194490192261792e+00
1.254967176087609992e+00 8.582257816854599923e+02 2.356194490192261792e+00
9.160760476288788423e-01 8.590982247788832638e+02 2.356194490192261792e+00
1.103052651350189928e+00 8.603050695232494718e+02 2.356194490192261792e+00
1.147578912202169121e+00 8.609035226730353543e+02 2.356194490192261792e+00
1.088989006234159174e+00 8.624826709599319656e+02 2.356194490192261792e+00
1.866382010758521615e+00 8.629224472728822093e+02 2.356194490192261792e+00
1.129989052328478571e+00 8.644256727198064709e+02 2.356194490192261792e+00
1.017011909780262346e+00 8.652248738538918360e+02 2.356194490192261792e+00
1.030176161492275977e+00 8.664544241568440839e+02 2.356194490192261792e+00
1.371139834489047749e+00 8.671010247898491343e+02 2.356194490192261792e+00
7.466570319770676756e-01 8.685573689454711257e+02 2.356194490192261792e+00
2.257219952884674363e+00 8.691344952004041033e+02 2.356194490192261792e+00
9.325770831205857370e-01 8.705563995351927815e+02 2.356194490192261792e+00
1.188328892516143265e+00 8.713316643976694422e+02 2.356194490192261792e+00
9.875831804551491455e-01 8.725490095922588125e+02 2.356194490192261792e+00
1.663923220576304374e+00 8.732951094784651787e+02 2.356194490192261792e+00
5.536433479175080219e-01 8.743167279260445639e+02 2.356194490192261792e+00
2.667388093601197774e+00 8.753276604999330175e+02 2.356194490192261792e+00
6.918603391961087867e-01 8.763221624986936149e+02 2.356194490192261792e+00
1.337208911493329877e+00 8.773651906981708635e+02 2.356194490192261792e+00
8.851794433907627102e-01 8.784965275614487155e+02 2.356194490192261792e+00
1.597375539697896807e+00 8.794611136405293337e+02 2.356194490192261792e+00
7.693393325163836449e-01 8.800670675682055162e+02 2.356194490192261792e+00
2.300935576391448301e+00 8.815337019117425825e+02 2.356194490192261792e+00
1.055541941376077153e+00 8.820475908191181134e+02 2.356194490192261792e+00
1.361711263452638709e+00 8.834648539545833046e+02 2.356194490192261792e+00
8.541837012657391703e-01 8.844693262436563828e+02 2.356194490192261792e+00
1.299669432442305483e+00 8.855988150828204652e+02 2.356194490192261792e+00
9.502573105635312434e-01 8.861642607787881616e+02 2.356194490192261792e+00
1.638289185092052014e+00 8.877455690415074514e+02 2.356194490192261792e+00
1.448259616840773090e+00 8.881595949561937005e+02 2.356194490192261792e+00
1.279198794081358725e+00 8.896609140419564028e+02 2.356194490192261792e+00
8.968923861141465670e-01 8.905560451306257619e+02 2.356194490192261792e+00
1.129417926521120163e+00 8.917528676894881983e+02 2.356194490192261792e+00
1.098937047440797565e+00 8.923432236802239004e+02 2.356194490192261792e+00
1.187206618010798742e+00 8.939326720724378674e+02 2.356194490192261792e+00
1.772552756925619644e+00 8.943573387518039226e+02 2.356194490192261792e+00
1.161633340246025492e+00 8.958649115017955182e+02 2.356194490192261792e+00
9.851466831191877382e-01 8.966793040763698173e+02 2.356194490192261792e+00
1.041394037545738893e+00 8.979053697823721905e+02 2.356194490192261792e+00
1.302910803681339713e+00 8.985383557261640135e+02 2.356194490192261792e+00
8.268701569333599677e-01 9.000437343023983203e+02 2.356194490192261792e+00
2.144563271326663134e+00 9.005694171896095668e+02 2.356194490192261792e+00
9.925769808889455259e-01 9.020250539180131000e+02 2.356194490192261792e+00
1.136734903371714234e+00 9.027963520409102784e+02 2.356194490192261792e+00
9.981846625900350212e-01 9.040229772449749817e+02 2.356194490192261792e+00
1.589847541157039856e+00 9.047349293087381739e+02 2.356194490192261792e+00
5.667126800264589148e-01 9.059117838816698622e+02 2.356194490192261792e+00
2.582491150046911432e+00 9.067693834492436054e+02 2.356194490192261792e+00
7.193620354041465603e-01 9.079350390325778335e+02 2.356194490192261792e+00
1.320310900860205194e+00 9.088528964414153961e+02 2.356194490192261792e+00
9.216690612996080167e-01 9.100086088787180643e+02 2.356194490192261792e+00
1.691488617776071290e+00 9.109114525151206863e+02 2.356194490192261792e+00
7.277793728271620965e-01 9.115469924088863536e+02 2.356194490192261792e+00
2.481973846215877355e+00 9.129615478073583290e+02 2.356194490192261792e+00
9.779478720344073617e-01 9.135218137710163546e+02 2.356194490192261792e+00
1.390276108257660903e+00 9.149053145351739431e+02 2.356194490192261792e+00
8.626793235700024320e-01 9.159393081796920342e+02 2.356194490192261792e+00
1.373825296551162367e+00 9.170449789705676267e+02 2.356194490192261792e+00
9.549579659196374415e-01 9.175948767993407955e+02 2.356194490192261792e+00
1.746985064837343726e+00 9.191716489015557272e+02 2.356194490192261792e+00
1.436105527282650396e+00 9.195874386887024912e+02 2.356194490192261792e+00
1.342345405101708744e+00 9.210955841238578614e+02 2.356194490192261792e+00
8.965644812976748534e-01 9.220227679538555776e+02 2.356194490192261792e+00
1.193192951346043973e+00 9.232063663688451243e+02 2.356194490192261792e+00
1.103639029803048954e+00 9.237747873222849648e+02 2.356194490192261792e+00
1.286120001881218444e+00 9.253691395994995901e+02 2.356194490192261792e+00
1.765334813395986302e+00 9.257838333927289796e+02 2.356194490192261792e+00
1.244050415596685388e+00 9.273107840809011577e+02 2.356194490192261792e+00
9.637030786038414121e-01 9.281556756421979344e+02 2.356194490192261792e+00
1.091303269959192024e+00 9.293746503309968148e+02 2.356194490192261792e+00
1.269872854653793404e+00 9.299792199107953365e+02 2.356194490192261792e+00
9.378091439490073844e-01 9.315218237712542759e+02 2.356194490192261792e+00
2.083438192616095641e+00 9.320036564219554975e+02 2.356194490192261792e+00
1.092867964991023344e+00 9.335005862158180889e+02 2.356194490192261792e+00
1.083436498838571405e+00 9.342823774890354116e+02 2.356194490192261792e+00
1.030042051179546059e+00 9.355143044323491495e+02 2.356194490192261792e+00
1.516201708943881288e+00 9.361818038999429064e+02 2.356194490192261792e+00
6.337045234415920048e-01 9.375085354185723645e+02 2.356194490192261792e+00
2.482068426066982081e+00 9.382140400647451770e+02 2.356194490192261792e+00
8.185323666233137452e-01 9.395369900556130460e+02 2.356194490192261792e+00
1.282945011939658597e+00 9.403553666704269745e+02 2.356194490192261792e+00
9.656294139317640468e-01 9.415399518365484255e+02 2.356194490192261792e+00
1.754061071600117039e+00 9.423651187299178673e+02 2.356194490192261792e+00
6.464083561087238250e-01 9.430973006186284238e+02 2.356194490192261792e+00
2.667239652570606800e+00 9.443969668499240697e+02 2.356194490192261792e+00
8.410959826130559591e-01 9.450659297266859085e+02 2.356194490192261792e+00
1.383853560132007887e+00 9.463631918521803073e+02 2.356194490192261792e+00
8.623962161637332979e-01 9.474313299287025529e+02 2.356194490192261792e+00
1.445577199860126338e+00 9.484991636985928380e+02 2.356194490192261792e+00
9.034224833883710559e-01 9.490534249160033369e+02 2.356194490192261792e+00
1.917534900360807537e+00 9.506088568945714314e+02 2.356194490192261792e+00
1.321863271622069735e+00 9.510417493269718534e+02 2.356194490192261792e+00
1.358254558303585213e+00 9.525315022987504108e+02 2.356194490192261792e+00
8.824057020678727215e-01 9.534837030816066772e+02 2.356194490192261792e+00
1.228110737488548931e+00 9.546526126185578960e+02 2.356194490192261792e+00
1.059884613180632540e+00 9.552153298327496032e+02 2.356194490192261792e+00
1.393607258209392130e+00 9.568112959322139659e+02 2.356194490192261792e+00
1.674556873794041278e+00 9.572198844405381806e+02 2.356194490192261792e+00
1.268686888046847150e+00 9.587446856636430539e+02 2.356194490192261792e+00
9.411561247598555502e-01 9.596084625271873847e+02 2.356194490192261792e+00
1.109741029806531332e+00 9.608205719210686766e+02 2.356194490192261792e+00
1.216337102059433573e+00 9.614156035951953072e+02 2.356194490192261792e+00
1.024294515837641750e+00 9.629808695578783500e+02 2.356194490192261792e+00
1.987447298817848873e+00 9.634365263922304621e+02 2.356194490192261792e+00
1.135977944715297339e+00 9.649458356551947418e+02 2.356194490192261792e+00
1.044355947433093013e+00 9.657403991717584404e+02 2.356194490192261792e+00
1.040851540470560277e+00 9.669715954933971034e+02 2.356194490192261792e+00
1.439444002845871262e+00 9.676194262850788164e+02 2.356194490192261792e+00
7.034119514775927229e-01 9.690323852864353285e+02 2.356194490192261792e+00
2.365512876214741933e+00 9.696514742326675105e+02 2.356194490192261792e+00
9.013607213657394146e-01 9.710496892766824431e+02 2.356194490192261792e+00
1.228366132751501194e+00 9.718328774475406817e+02 2.356194490192261792e+00
9.867580453575020005e-01 9.730406577844292997e+02 2.356194490192261792e+00
1.721862800594817333e+00 9.738100789321933917e+02 2.356194490192261792e+00
5.741576752806888395e-01 9.747086118584314818e+02 2.356194490192261792e+00
2.714279528590469504e+00 9.758391618124002207e+02 2.356194490192261792e+00
7.204551510319386898e-01 9.766934963958951812e+02 2.356194490192261792e+00
1.353543676048793332e+00 9.778444362197990358e+02 2.356194490192261792e+00
8.674569209958964411e-01 9.789520627188072694e+02 2.356194490192261792e+00
1.528157433929162368e+00 9.799619194747884876e+02 2.356194490192261792e+00
8.133523052074371762e-01 9.805460928306282540e+02 2.356194490192261792e+00
2.148767965708990424e+00 9.820516070574205969e+02 2.356194490192261792e+00
1.142095037508798372e+00 9.825296467444270547e+02 2.356194490192261792e+00
1.348811845289447531e+00 9.839752737634561299e+02 2.356194490192261792e+00
8.582125994248711587e-01 9.849554251826970130e+02 2.356194490192261792e+00
1.255650897600960825e+00 9.861031773596663470e+02 2.356194490192261792e+00
9.761041643584766891e-01 9.866724858404168117e+02 2.356194490192261792e+00
1.537216154853823680e+00 9.882608000142721494e+02 2.356194490192261792e+00
1.509666098851341953e+00 9.886712488661361249e+02 2.356194490192261792e+00
1.255118155873738761e+00 9.901766259902722140e+02 2.356194490192261792e+00
9.099958114185389135e-01 9.910527410105568151e+02 2.356194490192261792e+00
1.104479846920200625e+00 9.922577315065318544e+02 2.356194490192261792e+00
1.131543726079862200e+00 9.928559973915951105e+02 2.356194490192261792e+00
1.109090914603039435e+00 9.944380983802658420e+02 2.356194490192261792e+00
1.837276743213182684e+00 9.948740521050696088e+02 2.356194490192261792e+00
1.131394537544892831e+00 9.963764887811352082e+02 2.356194490192261792e+00
1.009404428619254057e+00 9.971777162572307134e+02 2.356194490192261792e+00
1.029042743657184955e+00 9.984066843170800212e+02 2.356194490192261792e+00
1.353261407289624740e+00 9.990519798340436637e+02 2.356194490192261792e+00
7.609825203681787054e-01 1.000519662244775418e+03 2.356194490192261792e+00
2.228295283965866957e+00 1.001085441202385709e+03 2.356194490192261792e+00
9.421410583112751480e-01 1.002513642985366459e+03 2.356194490192261792e+00
1.177149360008081791e+00 1.003287415592910747e+03 2.356194490192261792e+00
9.881760188737084283e-01 1.004506960499655520e+03 2.356194490192261792e+00
1.647025873706125187e+00 1.005246644645790411e+03 2.356194490192261792e+00
5.525116143276034286e-01 1.006302154391948307e+03 2.356194490192261792e+00
2.649680879091212304e+00 1.007280030371372504e+03 2.356194490192261792e+00
6.918949235388304198e-01 1.008312521560709911e+03 2.356194490192261792e+00
1.333513959493124457e+00 1.009326939189355016e+03 2.356194490192261792e+00
8.919405257461285874e-01 1.010463970250190755e+03 2.356194490192261792e+00
1.617592512151983630e+00 1.011415724923384346e+03 2.356194490192261792e+00
7.599079136490159980e-01 1.012027353795084764e+03 2.356194490192261792e+00
2.340766693375172736e+00 1.013483425722993161e+03 2.356194490192261792e+00
1.037257791941287310e+00 1.014006900096064214e+03 2.356194490192261792e+00
