9.938591238315936938e-01 2.618165246266967311e-02 1.570796326794862363e+00
1.336038839552581070e+00 1.620726306414463469e+00 1.570796326794862363e+00
2.218059157480384069e+00 1.945361633024385917e+00 1.570796326794862363e+00
1.103529667867691577e+00 3.455233732755742970e+00 1.570796326794862363e+00
1.009321097848007609e+00 4.525527567767429815e+00 1.570796326794862363e+00
1.114380159647851531e+00 5.413342435041533562e+00 1.570796326794862363e+00
1.126172728345059992e+00 6.228649924345016409e+00 1.570796326794862363e+00
8.976155515804062901e-01 7.750275883845901603e+00 1.570796326794862363e+00
2.756055783774449264e+00 8.171201770132688225e+00 1.570796326794862363e+00
9.663253092467057881e-01 9.625827439374887717e+00 1.570796326794862363e+00
9.761227829984505666e-01 1.060714929289826181e+01 1.570796326794862363e+00
1.239461183339379602e+00 1.154036879679789074e+01 1.570796326794862363e+00
1.307524264058675945e+00 1.241885220665871614e+01 1.570796326794862363e+00
5.555438827249633560e-01 1.359604219888723620e+01 1.570796326794862363e+00
3.488410070568110033e+00 1.439092895839320008e+01 1.570796326794862363e+00
7.060127105940605663e-01 1.551798532341760506e+01 1.570796326794862363e+00
1.002083930179470839e+00 1.652459013836086754e+01 1.570796326794862363e+00
1.341711017195976297e+00 1.760869594845414099e+01 1.570796326794862363e+00
1.302278119881228768e+00 1.854540300638270622e+01 1.570796326794862363e+00
6.992813200158166653e-01 1.920963315549885664e+01 1.570796326794862363e+00
3.189394252984996125e+00 2.061921408960098034e+01 1.570796326794862363e+00
1.081998825779599827e+00 2.109125504917282257e+01 1.570796326794862363e+00
1.173488449252300780e+00 2.248978010935919869e+01 1.570796326794862363e+00
1.209415545298617500e+00 2.368854228460785905e+01 1.570796326794862363e+00
1.125706557057639223e+00 2.460013527021837021e+01 1.570796326794862363e+00
8.898337497134682916e-01 2.527368593887333859e+01 1.570796326794862363e+00
2.076968319651348871e+00 2.684743191251951444e+01 1.570796326794862363e+00
1.712591576080419120e+00 2.716554504198614239e+01 1.570796326794862363e+00
1.219420748147854283e+00 2.867784508058867843e+01 1.570796326794862363e+00
1.125078835866374583e+00 2.984853389868489160e+01 1.570796326794862363e+00
1.091105728827165056e+00 3.073683789728402971e+01 1.570796326794862363e+00
1.001175801178996627e+00 3.146476761008669598e+01 1.570796326794862363e+00
1.497796962164297696e+00 3.306169705817617910e+01 1.570796326794862363e+00
2.180263713085683452e+00 3.337282128985769702e+01 1.570796326794862363e+00
1.185350671488332619e+00 3.490413821969244879e+01 1.570796326794862363e+00
1.061695772187807529e+00 3.602111599166562428e+01 1.570796326794862363e+00
1.105223022142876044e+00 3.690213993165548345e+01 1.570796326794862363e+00
1.100198206852119220e+00 3.768051919024632923e+01 1.570796326794862363e+00
1.088593894434806142e+00 3.924412549471169598e+01 1.570796326794862363e+00
2.603723525616073786e+00 3.960699711062586204e+01 1.570796326794862363e+00
1.080427297259087593e+00 4.111257867075291017e+01 1.570796326794862363e+00
1.005043675610181708e+00 4.214771996820467592e+01 1.570796326794862363e+00
1.177573884378690483e+00 4.304696079942758047e+01 1.570796326794862363e+00
1.242924318360565605e+00 4.388546016415095607e+01 1.570796326794862363e+00
6.930139440826283970e-01 4.527780799239484821e+01 1.570796326794862363e+00
3.199427218783767124e+00 4.583609373814027776e+01 1.570796326794862363e+00
8.441346535436782261e-01 4.719397459840438103e+01 1.570796326794862363e+00
9.860089894641855812e-01 4.814156506336052388e+01 1.570796326794862363e+00
1.342601195538497771e+00 4.913029802821332481e+01 1.570796326794862363e+00
1.381831030917009429e+00 5.004820862609906129e+01 1.570796326794862363e+00
5.879672527771314661e-01 5.083995195892787677e+01 1.570796326794862363e+00
3.646689375963999336e+00 5.205319761049430127e+01 1.570796326794862363e+00
8.228903415537993649e-01 5.271861410957251337e+01 1.570796326794862363e+00
1.105980647109004567e+00 5.398862190379364989e+01 1.570796326794862363e+00
1.251716693136492253e+00 5.517328442109895548e+01 1.570796326794862363e+00
1.165039401054834167e+00 5.609866195078546980e+01 1.570796326794862363e+00
8.122047469308366630e-01 5.675865054619137595e+01 1.570796326794862363e+00
2.456772210178466143e+00 5.829012626901875649e+01 1.570796326794862363e+00
1.435678924360739517e+00 5.864608465696732509e+01 1.570796326794862363e+00
1.193773450815902359e+00 6.012371976118432571e+01 1.570796326794862363e+00
1.137556484729186135e+00 6.130468706807103274e+01 1.570796326794862363e+00
1.084193958672191593e+00 6.219981953800360941e+01 1.570796326794862363e+00
9.357026990365271413e-01 6.291693823154550103e+01 1.570796326794862363e+00
1.701264591239159518e+00 6.451097273710105640e+01 1.570796326794862363e+00
1.941247604347909661e+00 6.481981772953763254e+01 1.570796326794862363e+00
1.175390007619662835e+00 6.633901462279621342e+01 1.570796326794862363e+00
1.064069913938129330e+00 6.746843659942523175e+01 1.570796326794862363e+00
1.083839319658440381e+00 6.835063707721526782e+01 1.570796326794862363e+00
1.039276951030700502e+00 6.912055127315170466e+01 1.570796326794862363e+00
1.224112442323844085e+00 7.070584205761387864e+01 1.570796326794862363e+00
2.382136901450270461e+00 7.104326314453132341e+01 1.570796326794862363e+00
1.098530530999858312e+00 7.255396850580424939e+01 1.570796326794862363e+00
1.008238188740474550e+00 7.361093070804099625e+01 1.570796326794862363e+00
1.139073843316402046e+00 7.450226727008630689e+01 1.570796326794862363e+00
1.175166068173514100e+00 7.532613733431273317e+01 1.570796326794862363e+00
8.082963767132440580e-01 7.680489558199809608e+01 1.570796326794862363e+00
2.939165683753339753e+00 7.727184615032285819e+01 1.570796326794862363e+00
9.246250314109638602e-01 7.869869556760362173e+01 1.570796326794862363e+00
9.786676925376497360e-01 7.966206396098404241e+01 1.570796326794862363e+00
1.283488921260216742e+00 8.061394339521768870e+01 1.570796326794862363e+00
1.350626389925940973e+00 8.150846362444518434e+01 1.570796326794862363e+00
5.363300356843923034e-01 8.252854530081245343e+01 1.570796326794862363e+00
3.636693439010959317e+00 8.348995428926147611e+01 1.570796326794862363e+00
6.948923165622635789e-01 8.443548252176377389e+01 1.570796326794862363e+00
1.029913970882319507e+00 8.553420898072658929e+01 1.570796326794862363e+00
1.301900972453340799e+00 8.666996715834005727e+01 1.570796326794862363e+00
1.234421011420347991e+00 8.760564480612333682e+01 1.570796326794862363e+00
7.292820825336037149e-01 8.826945612618972348e+01 1.570796326794862363e+00
2.907130457015077329e+00 8.972698250997054004e+01 1.570796326794862363e+00
1.174894695829973079e+00 9.015468006544004709e+01 1.570796326794862363e+00
1.165147436930918268e+00 9.158025387791461469e+01 1.570796326794862363e+00
1.163228782431703801e+00 9.277039369605671482e+01 1.570796326794862363e+00
1.091840750919563119e+00 9.367515759284090393e+01 1.570796326794862363e+00
8.748372635019121546e-01 9.437749184000992386e+01 1.570796326794862363e+00
1.949054834518918256e+00 9.595581373171698658e+01 1.570796326794862363e+00
1.713023581673222662e+00 9.627424764508877786e+01 1.570796326794862363e+00
1.166644625571182425e+00 9.777737564179381025e+01 1.570796326794862363e+00
1.072134335612210609e+00 9.892101188695224323e+01 1.570796326794862363e+00
1.067289088249756768e+00 9.980591112573509349e+01 1.570796326794862363e+00
9.796618547662058196e-01 1.005653890476103953e+02 1.570796326794862363e+00
1.381325083929088704e+00 1.021617826590806004e+02 1.570796326794862363e+00
2.164118100896135655e+00 1.024827872545269969e+02 1.570796326794862363e+00
1.107483583851833986e+00 1.039926990339544091e+02 1.570796326794862363e+00
1.011480958683756537e+00 1.050688253562809251e+02 1.570796326794862363e+00
1.106355633815366613e+00 1.059553857869615143e+02 1.570796326794862363e+00
1.109332119518724236e+00 1.067668160926564980e+02 1.570796326794862363e+00
9.345176068560477889e-01 1.083015556864963003e+02 1.570796326794862363e+00
2.691887369237712324e+00 1.087076839139689355e+02 1.570796326794862363e+00
9.812631396326850775e-01 1.101708478642851929e+02 1.570796326794862363e+00
9.763779780765032834e-01 1.111598777052743685e+02 1.570796326794862363e+00
1.223634712967499816e+00 1.120867039038183890e+02 1.570796326794862363e+00
1.289637357323826894e+00 1.129590951439865449e+02 1.570796326794862363e+00
5.730313132057772707e-01 1.141892814489498988e+02 1.570796326794862363e+00
3.419519369624424598e+00 1.149280856249365428e+02 1.570796326794862363e+00
7.241888102832079177e-01 1.161123154198314893e+02 1.570796326794862363e+00
9.950215960520185643e-01 1.170956957559688760e+02 1.570796326794862363e+00
1.349268601948317547e+00 1.181595055443181508e+02 1.570796326794862363e+00
1.323298472558437799e+00 1.190948017280213520e+02 1.570796326794862363e+00
6.809864195454353730e-01 1.197693608489384332e+02 1.570796326794862363e+00
3.292090247324516383e+00 1.211532341866648750e+02 1.570796326794862363e+00
1.036151488329857706e+00 1.216496687891635702e+02 1.570796326794862363e+00
1.167178042926213521e+00 1.230319283855035195e+02 1.570796326794862363e+00
1.219807131228162866e+00 1.242308132322053922e+02 1.570796326794862363e+00
1.133782537443138727e+00 1.251448307189354665e+02 1.570796326794862363e+00
8.840344412064617963e-01 1.258124478991132378e+02 1.570796326794862363e+00
2.131375487216928377e+00 1.273822723687855927e+02 1.570796326794862363e+00
1.683484101478889272e+00 1.277031166338900334e+02 1.570796326794862363e+00
1.224340270507112027e+00 1.292135976102687209e+02 1.570796326794862363e+00
1.134181044548707051e+00 1.303889761186536589e+02 1.570796326794862363e+00
1.094331018346226925e+00 1.312785272697169603e+02 1.570796326794862363e+00
9.993656187856949646e-01 1.320004371186873584e+02 1.570796326794862363e+00
1.531111777749998515e+00 1.335975357874335714e+02 1.570796326794862363e+00
2.163744140026722107e+00 1.339067647685506017e+02 1.570796326794862363e+00
1.197032163241213976e+00 1.354403988179659564e+02 1.570796326794862363e+00
1.071007079816437724e+00 1.365649865597939936e+02 1.570796326794862363e+00
1.104538876609226339e+00 1.374457929407106178e+02 1.570796326794862363e+00
1.095340119148425329e+00 1.382175764423036526e+02 1.570796326794862363e+00
1.124284517614933865e+00 1.397863921862312111e+02 1.570796326794862363e+00
2.575975564550715635e+00 1.401415428904580835e+02 1.570796326794862363e+00
1.098880022125945377e+00 1.416537153545610863e+02 1.570796326794862363e+00
1.011887741964360821e+00 1.426993782783794131e+02 1.570796326794862363e+00
1.167733441185062615e+00 1.435943622325812612e+02 1.570796326794862363e+00
1.229231922181659442e+00 1.444253457775301399e+02 1.570796326794862363e+00
7.290123333417687368e-01 1.458469449830477913e+02 1.570796326794862363e+00
3.138766746666749263e+00 1.463726434088164012e+02 1.570796326794862363e+00
8.757169702507376918e-01 1.477590889541291119e+02 1.570796326794862363e+00
9.852394211146970893e-01 1.487094763966649680e+02 1.570796326794862363e+00
1.328759341162770502e+00 1.496838907375108079e+02 1.570796326794862363e+00
1.382222561166699393e+00 1.505945648155825154e+02 1.570796326794862363e+00
5.643667305707158466e-01 1.514457430768702295e+02 1.570796326794862363e+00
3.688145181814256990e+00 1.525896133773632641e+02 1.570796326794862363e+00
7.683737860668651276e-01 1.533293586771669652e+02 1.570796326794862363e+00
1.081394790228819014e+00 1.545516902693554186e+02 1.570796326794862363e+00
1.262541309702664760e+00 1.557262544788416392e+02 1.570796326794862363e+00
1.178978229025515523e+00 1.566552074821966016e+02 1.570796326794862363e+00
7.829983809477124579e-01 1.573170340373892202e+02 1.570796326794862363e+00
2.583827046485758228e+00 1.588284876202536395e+02 1.570796326794862363e+00
1.344068610565935851e+00 1.592039160601837864e+02 1.570796326794862363e+00
1.178573697909356621e+00 1.606656312008136922e+02 1.570796326794862363e+00
1.137185303939228564e+00 1.618475366728431197e+02 1.570796326794862363e+00
1.079799280665351358e+00 1.627449961969938101e+02 1.570796326794862363e+00
9.082358075227524585e-01 1.634620565907353864e+02 1.570796326794862363e+00
1.769778775949333527e+00 1.650521373959781215e+02 1.570796326794862363e+00
1.849971176486454816e+00 1.653637379457135239e+02 1.570796326794862363e+00
1.160677451707211594e+00 1.668748319417180994e+02 1.570796326794862363e+00
1.057057554648720199e+00 1.680037103061061430e+02 1.570796326794862363e+00
1.073959917738555703e+00 1.688865945093408243e+02 1.570796326794862363e+00
1.014353160629138495e+00 1.696582972356008270e+02 1.570796326794862363e+00
1.257422303486470438e+00 1.712480895754948449e+02 1.570796326794862363e+00
2.301693189426058606e+00 1.715811978534478612e+02 1.570796326794862363e+00
1.088380789199050236e+00 1.730876777003186930e+02 1.570796326794862363e+00
1.002155824947537521e+00 1.741446269335128534e+02 1.570796326794862363e+00
1.129152016768157463e+00 1.750360781630456870e+02 1.570796326794862363e+00
1.154751574566318606e+00 1.758605265958760242e+02 1.570796326794862363e+00
8.280786411323312057e-01 1.773528361207905846e+02 1.570796326794862363e+00
2.870004990029658920e+00 1.778071423527237584e+02 1.570796326794862363e+00
9.297540599791315197e-01 1.792390451002677025e+02 1.570796326794862363e+00
9.750257205937351568e-01 1.802056832546414000e+02 1.570796326794862363e+00
1.269756890890358259e+00 1.811540072541539530e+02 1.570796326794862363e+00
1.335194329026885285e+00 1.820452724943100122e+02 1.570796326794862363e+00
5.364089914034487760e-01 1.831111784327384555e+02 1.570796326794862363e+00
3.590489673126307846e+00 1.840254331359109301e+02 1.570796326794862363e+00
6.903809286334277040e-01 1.850240584270051727e+02 1.570796326794862363e+00
1.018966306554806023e+00 1.860936132152552318e+02 1.570796326794862363e+00
1.311601584877767568e+00 1.872162507510566627e+02 1.570796326794862363e+00
1.250644890710384205e+00 1.881527511710895624e+02 1.570796326794862363e+00
7.162676281177644544e-01 1.888191396212145889e+02 1.570796326794862363e+00
2.990065626102966778e+00 1.902607822767473351e+02 1.570796326794862363e+00
1.136957449462912439e+00 1.907038744590493309e+02 1.570796326794862363e+00
1.162472253456251048e+00 1.921192665645756108e+02 1.570796326794862363e+00
1.171807686575455199e+00 1.933111845167505294e+02 1.570796326794862363e+00
1.097256857809520980e+00 1.942179340212997261e+02 1.570796326794862363e+00
8.693870036168155346e-01 1.949155293050677358e+02 1.570796326794862363e+00
1.994742818068930390e+00 1.964905944527471604e+02 1.570796326794862363e+00
1.686567153790244022e+00 1.968110687514424058e+02 1.570796326794862363e+00
1.170995483003049564e+00 1.983128842555636595e+02 1.570796326794862363e+00
1.078620155167799188e+00 1.994610768052384344e+02 1.570796326794862363e+00
1.067853481489197565e+00 2.003466925460278674e+02 1.570796326794862363e+00
9.742619495906217342e-01 2.011018390111811129e+02 1.570796326794862363e+00
1.414219717218185846e+00 2.026989355899580403e+02 1.570796326794862363e+00
2.138303948073462468e+00 2.030175409097645058e+02 1.570796326794862363e+00
1.115446722052837902e+00 2.045291020852149870e+02 1.570796326794862363e+00
1.016260326651716284e+00 2.056112644480127472e+02 1.570796326794862363e+00
1.102137943457262459e+00 2.064966532620466921e+02 1.570796326794862363e+00
1.099996577547548871e+00 2.073037537846244334e+02 1.570796326794862363e+00
9.650873923191376491e-01 2.088470986411851982e+02 1.570796326794862363e+00
2.652552590892098827e+00 2.092426075238248870e+02 1.570796326794862363e+00
9.957321729555751455e-01 2.107131162146530414e+02 1.570796326794862363e+00
9.783848817446277879e-01 2.117092032984876084e+02 1.570796326794862363e+00
1.212358414916032689e+00 2.126306894375848060e+02 1.570796326794862363e+00
1.277244286528619099e+00 2.134977141242366088e+02 1.570796326794862363e+00
5.905796223418122715e-01 2.147660011718168676e+02 1.570796326794862363e+00
3.368465423387084545e+00 2.154638170252260068e+02 1.570796326794862363e+00
7.424219706737437141e-01 2.166885355557886044e+02 1.570796326794862363e+00
9.910001152899144961e-01 2.176580455362886823e+02 1.570796326794862363e+00
1.352691012884457811e+00 2.187061934701769417e+02 1.570796326794862363e+00
1.338200396400521353e+00 2.196396557789223323e+02 1.570796326794862363e+00
6.647566119865594425e-01 2.203266043655429485e+02 1.570796326794862363e+00
3.370429598227918877e+00 2.216867140307480781e+02 1.570796326794862363e+00
9.974978214909330232e-01 2.222059012821603119e+02 1.570796326794862363e+00
1.159480425878106180e+00 2.235728521813428529e+02 1.570796326794862363e+00
1.226391558356785261e+00 2.247709123902401132e+02 1.570796326794862363e+00
1.139179560835155813e+00 2.256868710832779072e+02 1.570796326794862363e+00
8.755970968122488429e-01 2.263512748147967102e+02 1.570796326794862363e+00
2.179514561272200890e+00 2.279168439965705772e+02 1.570796326794862363e+00
1.650279039569843231e+00 2.282411671177427195e+02 1.570796326794862363e+00
1.223608044190678701e+00 2.297483593795399486e+02 1.570796326794862363e+00
1.137877450717897920e+00 2.309259606062892374e+02 1.570796326794862363e+00
1.094685364290949758e+00 2.318164437262854278e+02 1.570796326794862363e+00
9.934605553876812989e-01 2.325356046236273926e+02 1.570796326794862363e+00
1.557518260124888920e+00 2.341327920314606956e+02 1.570796326794862363e+00
2.138978419386806440e+00 2.344410215699759306e+02 1.570796326794862363e+00
1.200008093888738303e+00 2.359744715018621832e+02 1.570796326794862363e+00
1.074321613363276917e+00 2.371024640928550298e+02 1.570796326794862363e+00
1.102838755173311647e+00 2.379833523369971147e+02 1.570796326794862363e+00
1.089254592497848728e+00 2.387522775415070839e+02 1.570796326794862363e+00
1.146308711502787903e+00 2.403244531405004238e+02 1.570796326794862363e+00
2.550312407075894239e+00 2.406751653429267606e+02 1.570796326794862363e+00
1.106625249031089719e+00 2.421899094802877812e+02 1.570796326794862363e+00
1.014738536557511228e+00 2.432409018697081535e+02 1.570796326794862363e+00
1.161725348414001546e+00 2.441339744877378450e+02 1.570796326794862363e+00
1.219601564564482654e+00 2.449611997463348700e+02 1.570796326794862363e+00
7.506465239052221294e-01 2.463986280283576775e+02 1.570796326794862363e+00
3.098805653282943329e+00 2.469069892615420088e+02 1.570796326794862363e+00
8.930496939106725707e-01 2.483077410125504798e+02 1.570796326794862363e+00
9.846921336952803028e-01 2.492611199863907245e+02 1.570796326794862363e+00
1.318805297636229446e+00 2.502280304534819777e+02 1.570796326794862363e+00
1.379126563415529416e+00 2.511341316379894124e+02 1.570796326794862363e+00
5.531624175801460597e-01 2.520255184737981722e+02 1.570796326794862363e+00
3.696850946522296510e+00 2.531241561883032603e+02 1.570796326794862363e+00
7.413628427823317768e-01 2.539138130358556680e+02 1.570796326794862363e+00
1.067219167586474837e+00 2.551049481393553719e+02 1.570796326794862363e+00
1.271598188054841261e+00 2.562717001492254099e+02 1.570796326794862363e+00
1.190802142793903062e+00 2.572027439524233046e+02 1.570796326794862363e+00
7.678115810681311881e-01 2.578648412975597921e+02 1.570796326794862363e+00
2.664687895543419227e+00 2.593634006163516119e+02 1.570796326794862363e+00
1.295599580008340634e+00 2.597513361514806434e+02 1.570796326794862363e+00
1.173161191206594012e+00 2.612038589178614529e+02 1.570796326794862363e+00
1.141237865840996735e+00 2.623875241076821112e+02 1.570796326794862363e+00
1.080446243139603579e+00 2.632866885866970961e+02 1.570796326794862363e+00
8.962253215688593677e-01 2.640013984138326464e+02 1.570796326794862363e+00
1.814711628418873346e+00 2.655886322399827577e+02 1.570796326794862363e+00
1.806012202783232823e+00 2.659019443119493644e+02 1.570796326794862363e+00
1.158176861880049646e+00 2.674098785818921442e+02 1.570796326794862363e+00
1.057657099069445161e+00 2.685410930501158191e+02 1.570796326794862363e+00
1.070173556935314796e+00 2.694243925067975169e+02 1.570796326794862363e+00
1.002381549070429090e+00 2.701945800955263621e+02 1.570796326794862363e+00
1.285487947872324899e+00 2.717867167626684477e+02 1.570796326794862363e+00
2.259057641779799841e+00 2.721166047472381138e+02 1.570796326794862363e+00
1.088972963283993067e+00 2.736226889806553686e+02 1.570796326794862363e+00
1.001923458774552467e+00 2.746827389427431285e+02 1.570796326794862363e+00
1.122630070888031684e+00 2.755732906573715582e+02 1.570796326794862363e+00
1.142013937080784247e+00 2.763958052773447207e+02 1.570796326794862363e+00
8.497828346593121474e-01 2.778991479446145263e+02 1.570796326794862363e+00
2.822944662818055228e+00 2.783417316635354837e+02 1.570796326794862363e+00
9.395975013086549366e-01 2.797805384019755479e+02 1.570796326794862363e+00
9.740215659210939014e-01 2.807513101997291756e+02 1.570796326794862363e+00
1.258769982698040746e+00 2.816950230889319187e+02 1.570796326794862363e+00
1.324504808881600937e+00 2.825824693569316537e+02 1.570796326794862363e+00
5.400335587745324073e-01 2.836875955657442319e+02 1.570796326794862363e+00
3.554455974061343060e+00 2.845603332104813035e+02 1.570796326794862363e+00
6.916804682005458504e-01 2.856044747167766786e+02 1.570796326794862363e+00
1.011783345109581678e+00 2.866503401344480721e+02 1.570796326794862363e+00
1.321983477239111249e+00 2.877604936625112941e+02 1.570796326794862363e+00
1.267553126591894452e+00 2.886974132198072880e+02 1.570796326794862363e+00
7.093205900257888441e-01 2.893634246652961224e+02 1.570796326794862363e+00
3.059847307553152262e+00 2.907935285325096402e+02 1.570796326794862363e+00
1.114711045181284943e+00 2.912473336798108221e+02 1.570796326794862363e+00
1.165116410937642843e+00 2.926562993285621133e+02 1.570796326794862363e+00
1.183622786309422192e+00 2.938506177746549497e+02 1.570796326794862363e+00
1.105846665275229457e+00 2.947590888027021379e+02 1.570796326794862363e+00
8.731504749812066812e-01 2.954494501553369332e+02 1.570796326794862363e+00
2.027925751257560805e+00 2.970232798948856612e+02 1.570796326794862363e+00
1.686176118907863009e+00 2.973437442098004908e+02 1.570796326794862363e+00
1.184306055851980899e+00 2.988478568277313343e+02 1.570796326794862363e+00
1.091633200867808240e+00 3.000029507779099163e+02 1.570796326794862363e+00
1.073454786250024773e+00 3.008893406722868349e+02 1.570796326794862363e+00
9.786640798616599302e-01 3.016368549005578643e+02 1.570796326794862363e+00
1.445369504574540054e+00 3.032341054966484535e+02 1.570796326794862363e+00
2.139130367397074295e+00 3.035501591571157860e+02 1.570796326794862363e+00
1.134258926478797669e+00 3.050669305212551876e+02 1.570796326794862363e+00
1.027866274286088899e+00 3.061590465989054906e+02 1.570796326794862363e+00
1.101057613119630574e+00 3.070427503557642126e+02 1.570796326794862363e+00
1.096500377514730618e+00 3.078421161815236928e+02 1.570796326794862363e+00
1.003490884287154383e+00 3.093933952696062875e+02 1.570796326794862363e+00
2.627108496196489451e+00 3.097773863318244594e+02 1.570796326794862363e+00
1.019561182174197667e+00 3.112586984227575044e+02 1.570796326794862363e+00
9.844268635336569373e-01 3.122654404466998130e+02 1.570796326794862363e+00
1.200652613435655214e+00 3.131796963340614752e+02 1.570796326794862363e+00
1.265956234409963299e+00 3.140388083949852103e+02 1.570796326794862363e+00
6.167535824962294688e-01 3.153491062904535056e+02 1.570796326794862363e+00
3.315785294763159641e+00 3.160003620648213314e+02 1.570796326794862363e+00
7.693540686799841266e-01 3.172704050680844148e+02 1.570796326794862363e+00
9.882308931922689776e-01 3.182276502874414064e+02 1.570796326794862363e+00
1.354836854103257826e+00 3.192568795922180129e+02 1.570796326794862363e+00
1.355640178080535829e+00 3.201871700002128023e+02 1.570796326794862363e+00
6.445533326604030444e-01 3.208933194301813501e+02 1.570796326794862363e+00
3.462846815589273319e+00 3.222207535849231022e+02 1.570796326794862363e+00
9.506712982272869095e-01 3.227712865995428615e+02 1.570796326794862363e+00
1.148912805795219816e+00 3.241172843180617633e+02 1.570796326794862363e+00
1.234696715757115593e+00 3.253136061332671147e+02 1.570796326794862363e+00
1.146465027751194521e+00 3.262320160846371095e+02 1.570796326794862363e+00
8.644009727729712322e-01 3.268926966631271966e+02 1.570796326794862363e+00
2.242338252019943745e+00 3.284522726269915438e+02 1.570796326794862363e+00
1.607302225443441923e+00 3.287816866836949430e+02 1.570796326794862363e+00
1.221878462818799527e+00 3.302842133796270900e+02 1.570796326794862363e+00
1.142148307920218597e+00 3.314643332807837055e+02 1.570796326794862363e+00
1.095030417273212375e+00 3.323560256362573000e+02 1.570796326794862363e+00
9.854881580991421419e-01 3.330719913569486721e+02 1.570796326794862363e+00
1.591166363689264784e+00 3.346690664436364386e+02 1.570796326794862363e+00
2.106452180137408092e+00 3.349763276350378760e+02 1.570796326794862363e+00
1.202668437247516264e+00 3.365091438560319261e+02 1.570796326794862363e+00
1.077901286116056623e+00 3.376409393292040022e+02 1.570796326794862363e+00
1.100709289411008429e+00 3.385220180361364442e+02 1.570796326794862363e+00
1.081474836737123413e+00 3.392877399697121632e+02 1.570796326794862363e+00
1.172928629267324219e+00 3.408636807436076310e+02 1.570796326794862363e+00
2.518276157764372414e+00 3.412094180950663258e+02 1.570796326794862363e+00
1.114896824202171510e+00 3.427267491121621674e+02 1.570796326794862363e+00
1.017971835675860914e+00 3.437838051166663149e+02 1.570796326794862363e+00
1.154872505627289270e+00 3.446748840779972056e+02 1.570796326794862363e+00
1.208054221504404779e+00 3.454978387783639846e+02 1.570796326794862363e+00
7.768380135713898182e-01 3.469524967585440436e+02 1.570796326794862363e+00
3.051342980098469493e+00 3.474419453206367052e+02 1.570796326794862363e+00
9.128063615633097427e-01 3.488578149819553573e+02 1.570796326794862363e+00
9.843376529211601556e-01 3.498157281531512695e+02 1.570796326794862363e+00
1.306285181499647674e+00 3.507743678200158683e+02 1.570796326794862363e+00
1.373395377820566532e+00 3.516748521431504741e+02 1.570796326794862363e+00
5.438429538264705210e-01 3.526161302728774558e+02 1.570796326794862363e+00
3.693875804608700797e+00 3.536595450794122826e+02 1.570796326794862363e+00
7.170350127946891750e-01 3.545110501747920466e+02 1.570796326794862363e+00
1.052273672555714690e+00 3.556645598853524461e+02 1.570796326794862363e+00
1.285110998167154905e+00 3.568203159164452813e+02 1.570796326794862363e+00
1.208569207513100263e+00 3.577536069855597702e+02 1.570796326794862363e+00
7.542986639194487752e-01 3.584141080915320572e+02 1.570796326794862363e+00
2.760528492214854968e+00 3.598982058060971099e+02 1.570796326794862363e+00
1.250050598769518517e+00 3.602999760097507078e+02 1.570796326794862363e+00
1.172281870523072866e+00 3.617433066509028663e+02 1.570796326794862363e+00
1.151464545057736988e+00 3.629303585220313835e+02 1.570796326794862363e+00
1.085792456148662710e+00 3.638317502030972150e+02 1.570796326794862363e+00
8.899199768008227984e-01 3.645404847069335688e+02 1.570796326794862363e+00
1.867254165020584500e+00 3.661247438118946320e+02 1.570796326794862363e+00
1.774329133505508915e+00 3.664393374545247752e+02 1.570796326794862363e+00
1.164771505504686111e+00 3.679465359934962407e+02 1.570796326794862363e+00
1.065553443777037312e+00 3.690839338504383704e+02 1.570796326794862363e+00
1.069911610316819139e+00 3.699677811299303016e+02 1.570796326794862363e+00
9.949606246477766813e-01 3.707325125597121769e+02 1.570796326794862363e+00
1.326245111265231147e+00 3.723266870602437848e+02 1.570796326794862363e+00
2.224495386060079127e+00 3.726522851469717352e+02 1.570796326794862363e+00
1.100180153869714905e+00 3.741612667770676808e+02 1.570796326794862363e+00
1.007525695708997526e+00 3.752293856326406853e+02 1.570796326794862363e+00
1.115771621122852109e+00 3.761177403755361865e+02 1.570796326794862363e+00
1.128905717609122838e+00 3.769346069669078929e+02 1.570796326794862363e+00
8.879031492552713623e-01 3.784528996661422298e+02 1.570796326794862363e+00
2.768137026306997761e+00 3.788778964086202450e+02 1.570796326794862363e+00
9.608088049298132427e-01 3.803294348949230539e+02 1.570796326794862363e+00
9.754887929030852112e-01 3.813085076598201226e+02 1.570796326794862363e+00
1.243189985560705146e+00 3.822437984807021962e+02 1.570796326794862363e+00
1.310862270320695133e+00 3.831241249120580505e+02 1.570796326794862363e+00
5.516874098774919855e-01 3.842874613717545458e+02 1.570796326794862363e+00
3.501989639127490506e+00 3.850973576885441503e+02 1.570796326794862363e+00
7.021200011736687951e-01 3.862086690088276555e+02 1.570796326794862363e+00
1.003738954614664003e+00 3.872222791092760303e+02 1.570796326794862363e+00
1.338238851109077254e+00 3.883116663947063216e+02 1.570796326794862363e+00
1.295587872802869356e+00 3.892485389394948356e+02 1.570796326794862363e+00
7.016215605798475918e-01 3.899126401405828801e+02 1.570796326794862363e+00
3.163946704010953681e+00 3.913266147819500134e+02 1.570796326794862363e+00
1.088962348208412978e+00 3.917947409272953223e+02 1.570796326794862363e+00
1.172304659124328241e+00 3.931955945700825055e+02 1.570796326794862363e+00
1.204654192311469085e+00 3.943936692068539287e+02 1.570796326794862363e+00
1.121982715962995591e+00 3.953046630254224283e+02 1.570796326794862363e+00
8.868406361176202068e-01 3.959813589293848963e+02 1.570796326794862363e+00
2.067764157509986322e+00 3.975551444528775278e+02 1.570796326794862363e+00
1.707951467016600944e+00 3.978736683082295826e+02 1.570796326794862363e+00
1.212962408652089596e+00 3.993844965921739458e+02 1.570796326794862363e+00
1.118701673200185542e+00 4.005523329321953838e+02 1.570796326794862363e+00
1.087634621082732345e+00 4.014402341134472749e+02 1.570796326794862363e+00
9.965502027371492266e-01 4.021719630826503362e+02 1.570796326794862363e+00
1.488800801780891803e+00 4.037689764017925427e+02 1.570796326794862363e+00
2.171210382158191177e+00 4.040809772441779160e+02 1.570796326794862363e+00
1.175492738224982459e+00 4.056095181365282656e+02 1.570796326794862363e+00
1.054878024242031032e+00 4.067217200272820605e+02 1.570796326794862363e+00
1.104031231151603398e+00 4.076030914667079514e+02 1.570796326794862363e+00
1.098882816310594146e+00 4.083856805770993219e+02 1.570796326794862363e+00
1.072619777982971812e+00 4.099473415588241210e+02 1.570796326794862363e+00
2.606346111057471493e+00 4.103138138390190761e+02 1.570796326794862363e+00
1.068558311693349250e+00 4.118149522101809907e+02 1.570796326794862363e+00
1.000568632482437881e+00 4.128443434011221029e+02 1.570796326794862363e+00
1.181724257207437567e+00 4.137461980299581228e+02 1.570796326794862363e+00
1.247377543365129737e+00 4.145888546175966098e+02 1.570796326794862363e+00
6.766755620376966318e-01 4.159667963605330101e+02 1.570796326794862363e+00
3.222205317751143383e+00 4.165415618780365890e+02 1.570796326794862363e+00
8.286447401391872081e-01 4.178841650409985959e+02 1.570796326794862363e+00
9.860812711301261135e-01 4.188317083109127452e+02 1.570796326794862363e+00
1.346950245110729361e+00 4.198278576257060308e+02 1.570796326794862363e+00
1.378656337915979080e+00 4.207487748679487822e+02 1.570796326794862363e+00
5.992728241253854060e-01 4.215185910885102203e+02 1.570796326794862363e+00
3.617072699955047543e+00 4.227589987740376500e+02 1.570796326794862363e+00
8.485483049186964832e-01 4.233963306757342480e+02 1.570796326794862363e+00
1.115948706807977864e+00 4.246846688618448979e+02 1.570796326794862363e+00
1.247710052697269090e+00 4.258726432197766485e+02 1.570796326794862363e+00
1.160246113720569294e+00 4.267964936614248472e+02 1.570796326794862363e+00
8.242123973884342147e-01 4.274561462226526487e+02 1.570796326794862363e+00
2.406712875109006333e+00 4.289948646720307579e+02 1.570796326794862363e+00
1.474154947246181235e+00 4.293438616112675277e+02 1.570796326794862363e+00
1.200313743475477812e+00 4.308275978060289049e+02 1.570796326794862363e+00
1.138437395927812679e+00 4.320083595256333524e+02 1.570796326794862363e+00
1.086533948318055831e+00 4.329026468226785482e+02 1.570796326794862363e+00
9.472414017467483127e-01 4.336194956570854515e+02 1.570796326794862363e+00
1.675064945602349420e+00 4.352146632932344232e+02 1.570796326794862363e+00
1.979286917523994660e+00 4.355227575905901745e+02 1.570796326794862363e+00
1.181957785992559629e+00 4.370452788499891881e+02 1.570796326794862363e+00
1.067425861800634035e+00 4.381752873294886399e+02 1.570796326794862363e+00
1.087909775847846205e+00 4.390572199102256832e+02 1.570796326794862363e+00
1.049339506362289010e+00 4.398260963865103008e+02 1.570796326794862363e+00
1.212150788581118688e+00 4.414094052065517531e+02 1.570796326794862363e+00
2.414305514459921920e+00 4.417485765462705558e+02 1.570796326794862363e+00
1.102999701458835302e+00 4.432610729299543664e+02 1.570796326794862363e+00
1.010845867453601166e+00 4.443183102236056357e+02 1.570796326794862363e+00
1.142799324702243435e+00 4.452095094564583064e+02 1.570796326794862363e+00
1.182964490723902307e+00 4.460329654782243551e+02 1.570796326794862363e+00
8.015010733653202823e-01 4.475065693055024099e+02 1.570796326794862363e+00
2.965344181237874910e+00 4.479782103408127227e+02 1.570796326794862363e+00
9.228520742856985981e-01 4.494031886816492261e+02 1.570796326794862363e+00
9.801190221602584796e-01 4.503654283517892054e+02 1.570796326794862363e+00
1.288611568307271416e+00 4.513185635830253091e+02 1.570796326794862363e+00
1.356277095362339313e+00 4.522142632410161696e+02 1.570796326794862363e+00
5.371875636192177117e-01 4.532171605333352886e+02 1.570796326794862363e+00
3.652413652396468979e+00 4.541962362908678301e+02 1.570796326794862363e+00
6.981334335718394346e-01 4.551215797098815301e+02 1.570796326794862363e+00
1.034465490921208763e+00 4.562317627367347654e+02 1.570796326794862363e+00
1.298355605976376781e+00 4.573721489507752267e+02 1.570796326794862363e+00
1.228674752822199290e+00 4.583074127932858914e+02 1.570796326794862363e+00
7.346067507009103048e-01 4.589702499693181039e+02 1.570796326794862363e+00
2.875627892023912668e+00 4.604337439906158806e+02 1.570796326794862363e+00
1.190520147790100847e+00 4.608556175464814828e+02 1.570796326794862363e+00
1.166627715038687896e+00 4.622851324851479262e+02 1.570796326794862363e+00
1.160516474344219340e+00 4.634746479841699625e+02 1.570796326794862363e+00
1.090311270848890235e+00 4.643786738667505460e+02 1.570796326794862363e+00
8.778078701376130777e-01 4.650824663634901412e+02 1.570796326794862363e+00
1.931411372861885578e+00 4.666621105880689697e+02 1.570796326794862363e+00
1.725441860546810924e+00 4.669796679838651130e+02 1.570796326794862363e+00
1.165998883865414726e+00 4.684836184031906896e+02 1.570796326794862363e+00
1.070486439512658317e+00 4.696258444171187989e+02 1.570796326794862363e+00
1.067650925749385360e+00 4.705104983379520718e+02 1.570796326794862363e+00
9.826550892408537630e-01 4.712712093008881311e+02 1.570796326794862363e+00
1.369338468032721856e+00 4.728672268728999484e+02 1.570796326794862363e+00
2.176299064341137512e+00 4.731891453039890507e+02 1.570796326794862363e+00
1.105664381054877632e+00 4.746987983959285202e+02 1.570796326794862363e+00
1.010433278255110201e+00 4.757731121192868500e+02 1.570796326794862363e+00
1.108241552272301478e+00 4.766600510788827023e+02 1.570796326794862363e+00
1.113347978816976669e+00 4.774727297160600870e+02 1.570796326794862363e+00
9.242128849288534509e-01 4.790041455420762873e+02 1.570796326794862363e+00
2.707742281113251437e+00 4.794141649323128718e+02 1.570796326794862363e+00
9.767993243227421907e-01 4.808749052184105608e+02 1.570796326794862363e+00
9.760524911712290530e-01 4.818616977684675362e+02 1.570796326794862363e+00
1.227772999061364834e+00 4.827903193470303904e+02 1.570796326794862363e+00
1.294257969974099698e+00 4.836644488389449066e+02 1.570796326794862363e+00
5.677211548027022436e-01 4.848807254064619201e+02 1.570796326794862363e+00
3.437834401979681154e+00 4.856343489528069313e+02 1.570796326794862363e+00
7.186413611572397553e-01 4.868036819955596570e+02 1.570796326794862363e+00
9.967078272063497613e-01 4.877927417210947851e+02 1.570796326794862363e+00
1.347548617884668509e+00 4.888620428470415504e+02 1.570796326794862363e+00
1.317787239144073475e+00 4.897978214786226658e+02 1.570796326794862363e+00
6.861904055799632474e-01 4.904690435952199437e+02 1.570796326794862363e+00
3.264504046659388870e+00 4.918603285723569911e+02 1.570796326794862363e+00
1.048903726489877286e+00 4.923497126559519756e+02 1.570796326794862363e+00
1.169240172131424949e+00 4.937366936388058889e+02 1.570796326794862363e+00
1.217198175929431470e+00 4.949356673069300427e+02 1.570796326794862363e+00
1.131715393658254909e+00 4.958490251953061829e+02 1.570796326794862363e+00
8.860752661707699263e-01 4.965180719902917303e+02 1.570796326794862363e+00
2.116036176042015438e+00 4.980890908174455944e+02 1.570796326794862363e+00
1.692614347713377043e+00 4.984090418464222125e+02 1.570796326794862363e+00
1.223578327783021447e+00 4.999202404544201386e+02 1.570796326794862363e+00
1.132138654021392021e+00 5.010945386780944091e+02 1.570796326794862363e+00
1.093710236589933604e+00 5.019837572085160105e+02 1.570796326794862363e+00
1.000363257702208797e+00 5.027070573865931351e+02 1.570796326794862363e+00
1.522163110289143528e+00 5.043041140538323361e+02 1.570796326794862363e+00
2.169522009590044487e+00 5.046137939111207515e+02 1.570796326794862363e+00
1.194610694212038027e+00 5.061470399789712360e+02 1.570796326794862363e+00
1.068945220326619649e+00 5.072698827105664918e+02 1.570796326794862363e+00
1.104825542608833810e+00 5.081507075340154529e+02 1.570796326794862363e+00
1.096863046331969516e+00 5.089240060546172231e+02 1.570796326794862363e+00
1.115410924127792081e+00 5.104915367526152181e+02 1.570796326794862363e+00
2.583741755286880437e+00 5.108485422025684102e+02 1.570796326794862363e+00
1.094690195169855107e+00 5.123592586174213466e+02 1.570796326794862363e+00
1.010298258115427616e+00 5.134024170455442118e+02 1.570796326794862363e+00
1.170142453368239632e+00 5.142983580037723641e+02 1.570796326794862363e+00
1.232763492761440816e+00 5.151311268873248537e+02 1.570796326794862363e+00
7.199856582570544061e-01 5.165458244481450265e+02 1.570796326794862363e+00
3.154136920113980391e+00 5.170791931096332519e+02 1.570796326794862363e+00
8.680434476874462346e-01 5.184590436611333644e+02 1.570796326794862363e+00
9.853991414246947578e-01 5.194084419325741919e+02 1.570796326794862363e+00
1.332505396018789590e+00 5.203862332778018072e+02 1.570796326794862363e+00
1.382680330566748328e+00 5.212987743788179387e+02 1.570796326794862363e+00
5.696930882251819428e-01 5.221342957294112921e+02 1.570796326794862363e+00
3.680698297976650490e+00 5.232961393192186961e+02 1.570796326794862363e+00
7.808931893403631141e-01 5.240163677054259779e+02 1.570796326794862363e+00
1.087389699320372882e+00 5.252510773846715892e+02 1.570796326794862363e+00
1.259317543245079829e+00 5.264284567840077216e+02 1.570796326794862363e+00
1.174831486008615977e+00 5.273565215951556411e+02 1.570796326794862363e+00
7.897695870774221749e-01 5.280180760884180700e+02 1.570796326794862363e+00
2.551349900666324721e+00 5.295346802875152434e+02 1.570796326794862363e+00
1.365500211971120592e+00 5.299051067244936348e+02 1.570796326794862363e+00
1.181576524092861957e+00 5.313706935733910086e+02 1.570796326794862363e+00
1.136403790517142909e+00 5.325521026491328485e+02 1.570796326794862363e+00
1.080243238363748803e+00 5.334489202106661878e+02 1.570796326794862363e+00
9.141774626919180191e-01 5.341664675515651197e+02 1.570796326794862363e+00
1.751935278420313935e+00 5.357576425696844353e+02 1.570796326794862363e+00
1.870518455611769770e+00 5.360685398666681749e+02 1.570796326794862363e+00
1.163047432256641311e+00 5.375813036689316959e+02 1.570796326794862363e+00
1.057832204143590804e+00 5.387097616568283911e+02 1.570796326794862363e+00
1.076020653007537353e+00 5.395924794848324382e+02 1.570796326794862363e+00
1.019998920944109155e+00 5.403642703381583487e+02 1.570796326794862363e+00
1.247448089281920858e+00 5.419529928991743191e+02 1.570796326794862363e+00
2.320721243884591445e+00 5.422873297653901545e+02 1.570796326794862363e+00
1.089546557966635021e+00 5.437944205692571131e+02 1.570796326794862363e+00
1.002994590030507061e+00 5.448507295062140656e+02 1.570796326794862363e+00
1.131793144857475619e+00 5.457423603587233174e+02 1.570796326794862363e+00
1.160003451473596403e+00 5.465671355790778989e+02 1.570796326794862363e+00
8.211273410632475844e-01 5.480553672737360102e+02 1.570796326794862363e+00
2.888606288693004842e+00 5.485137750385172239e+02 1.570796326794862363e+00
9.270438230390894985e-01 5.499435514605668232e+02 1.570796326794862363e+00
9.757233428911151751e-01 5.509089477776725516e+02 1.570796326794862363e+00
1.273782007759560742e+00 5.518586970678146599e+02 1.570796326794862363e+00
1.339314383038709089e+00 5.527511625178487975e+02 1.570796326794862363e+00
5.358701474054443636e-01 5.538030539441866722e+02 1.570796326794862363e+00
3.603457684632203506e+00 5.547319834547915889e+02 1.570796326794862363e+00
6.910245421274648914e-01 5.557142836664449987e+02 1.570796326794862363e+00
1.021917825675590530e+00 5.567926392284527992e+02 1.570796326794862363e+00
1.308126616875538994e+00 5.579194681816046568e+02 1.570796326794862363e+00
1.245061759405037494e+00 5.588557449545793361e+02 1.570796326794862363e+00
7.193175353405627526e-01 5.595219568719537619e+02 1.570796326794862363e+00
2.964971123249966922e+00 5.609679794022275701e+02 1.570796326794862363e+00
1.146374750656642627e+00 5.614069147644100894e+02 1.570796326794862363e+00
1.162189333830197624e+00 5.628249060597963762e+02 1.570796326794862363e+00
1.168215602187811397e+00 5.640160531340545731e+02 1.570796326794862363e+00
1.094773446606813305e+00 5.649221860559265451e+02 1.570796326794862363e+00
8.693340783460458132e-01 5.656218933229177992e+02 1.570796326794862363e+00
1.981759531532155227e+00 5.671976595305320643e+02 1.570796326794862363e+00
1.690173993421767662e+00 5.675178550301839095e+02 1.570796326794862363e+00
1.167664499747792517e+00 5.690193688094474282e+02 1.570796326794862363e+00
1.075119074638833938e+00 5.701655184606038347e+02 1.570796326794862363e+00
1.066686682566461153e+00 5.710508942313033458e+02 1.570796326794862363e+00
9.741974970564374336e-01 5.718081526951439173e+02 1.570796326794862363e+00
1.403252483645885507e+00 5.734051173533533756e+02 1.570796326794862363e+00
2.141942432853795708e+00 5.737245835769524547e+02 1.570796326794862363e+00
1.110599298826342896e+00 5.752348651921713554e+02 1.570796326794862363e+00
1.013358010900411443e+00 5.763142118697908245e+02 1.570796326794862363e+00
1.103028116637965184e+00 5.772001444078233590e+02 1.570796326794862363e+00
1.102096145465670807e+00 5.780093535244064924e+02 1.570796326794862363e+00
9.532078365434477618e-01 5.795497995192207554e+02 1.570796326794862363e+00
2.663400577501461974e+00 5.799492087613039075e+02 1.570796326794862363e+00
9.890073765567901631e-01 5.814164662892420665e+02 1.570796326794862363e+00
9.770096116345350357e-01 5.824095404172246617e+02 1.570796326794862363e+00
1.216276469725799947e+00 5.833332660887856491e+02 1.570796326794862363e+00
1.281125355131509602e+00 5.842025696298162529e+02 1.570796326794862363e+00
5.834111680063363004e-01 5.854569460985288742e+02 1.570796326794862363e+00
3.385615305412127185e+00 5.861699952333061674e+02 1.570796326794862363e+00
7.349654634808825415e-01 5.873796858421388833e+02 1.570796326794862363e+00
9.921716642313548329e-01 5.883540582392552096e+02 1.570796326794862363e+00
1.351249475272763290e+00 5.894081753430558592e+02 1.570796326794862363e+00
1.332276991627633356e+00 5.903423960348678747e+02 1.570796326794862363e+00
6.703606199721106051e-01 5.910249360393908091e+02 1.570796326794862363e+00
3.341264654581026505e+00 5.923937703421051992e+02 1.570796326794862363e+00
1.010846489177137597e+00 5.929046878003666734e+02 1.570796326794862363e+00
1.161817009806560108e+00 5.942771362500989198e+02 1.570796326794862363e+00
1.223395086708821689e+00 5.954754340770018644e+02 1.570796326794862363e+00
1.136680981774112142e+00 5.963906673639966129e+02 1.570796326794862363e+00
8.776689616987377596e-01 5.970566855781330560e+02 1.570796326794862363e+00
2.162515954569959042e+00 5.986236266612742156e+02 1.570796326794862363e+00
1.659773924652335975e+00 5.989468979839166423e+02 1.570796326794862363e+00
1.222628540330989111e+00 6.004548674651236979e+02 1.570796326794862363e+00
1.135447444793040050e+00 6.016312590682952077e+02 1.570796326794862363e+00
1.093815846542040893e+00 6.025213603728448106e+02 1.570796326794862363e+00
9.942531448418953088e-01 6.032421463304985991e+02 1.570796326794862363e+00
1.547760199789431912e+00 6.048393425114945785e+02 1.570796326794862363e+00
2.144465863917693671e+00 6.051480232607789276e+02 1.570796326794862363e+00
1.197098925204411080e+00 6.066809807584705823e+02 1.570796326794862363e+00
1.071826313519437246e+00 6.078069795021651771e+02 1.570796326794862363e+00
1.102964814073774003e+00 6.086878659312803848e+02 1.570796326794862363e+00
1.090625619749556741e+00 6.094585637046122883e+02 1.570796326794862363e+00
1.136466387091690011e+00 6.110294752845678659e+02 1.570796326794862363e+00
2.557990797031806984e+00 6.113821095257737852e+02 1.570796326794862363e+00
1.101838496026392278e+00 6.128952408900116779e+02 1.570796326794862363e+00
1.012784720701306762e+00 6.139433920587950979e+02 1.570796326794862363e+00
1.164209708001362031e+00 6.148374762791949024e+02 1.570796326794862363e+00
1.223319584826303208e+00 6.156667364295950620e+02 1.570796326794862363e+00
7.402719227391112433e-01 6.170970821959784871e+02 1.570796326794862363e+00
3.115244228076020860e+00 6.176134071843000584e+02 1.570796326794862363e+00
8.845233477219138774e-01 6.190073855141079093e+02 1.570796326794862363e+00
9.846789764045311699e-01 6.199592323786637280e+02 1.570796326794862363e+00
1.323221420507322055e+00 6.209297360559156687e+02 1.570796326794862363e+00
1.380205840641188786e+00 6.218380358720706909e+02 1.570796326794862363e+00
5.577766337255420925e-01 6.227110985639848195e+02 1.570796326794862363e+00
3.692840967225671012e+00 6.238304698743103245e+02 1.570796326794862363e+00
7.527550640479059307e-01 6.245972598484460150e+02 1.570796326794862363e+00
1.073228579413251671e+00 6.258025831868842488e+02 1.570796326794862363e+00
1.266850118249653212e+00 6.269730015380936266e+02 1.570796326794862363e+00
1.184753370558601082e+00 6.279031039628300732e+02 1.570796326794862363e+00
7.736353746126815034e-01 6.285656327161821082e+02 1.570796326794862363e+00
2.628331958141800762e+00 6.300697050149038887e+02 1.570796326794862363e+00
1.314960610005760255e+00 6.304523451184393252e+02 1.570796326794862363e+00
1.174319308523719796e+00 6.319085561785175287e+02 1.570796326794862363e+00
1.138238860063427005e+00 6.330910837397709656e+02 1.570796326794862363e+00
1.079229954740157371e+00 6.339894379636491522e+02 1.570796326794862363e+00
9.000011910368598267e-01 6.347058987995636699e+02 1.570796326794862363e+00
1.794486220895198825e+00 6.362943204872334491e+02 1.570796326794862363e+00
1.821672839590381177e+00 6.366070487570372052e+02 1.570796326794862363e+00
1.157223277447406273e+00 6.381157472608949774e+02 1.570796326794862363e+00
1.055870623476487191e+00 6.392451359692529422e+02 1.570796326794862363e+00
1.071073028917242098e+00 6.401282571685933362e+02 1.570796326794862363e+00
1.006481082180585629e+00 6.408999149688255557e+02 1.570796326794862363e+00
1.271034651582234609e+00 6.424910747462188283e+02 1.570796326794862363e+00
2.275360987434261961e+00 6.428226099205293167e+02 1.570796326794862363e+00
1.086420901633850411e+00 6.443281147675106695e+02 1.570796326794862363e+00
1.000830105403862413e+00 6.453857952743325086e+02 1.570796326794862363e+00
1.125539543311711910e+00 6.462770495684736716e+02 1.570796326794862363e+00
1.147518103442584758e+00 6.471011644495673636e+02 1.570796326794862363e+00
8.372799736233440537e-01 6.485987799072969437e+02 1.570796326794862363e+00
2.844630356461242737e+00 6.490477978538384605e+02 1.570796326794862363e+00
9.329344108732291474e-01 6.504822448090214948e+02 1.570796326794862363e+00
9.740049126808604241e-01 6.514504960625399690e+02 1.570796326794862363e+00
1.264371386582948231e+00 6.523970473913849446e+02 1.570796326794862363e+00
1.329408933073674914e+00 6.532867880587184573e+02 1.570796326794862363e+00
5.375615861077673863e-01 6.543710881576766951e+02 1.570796326794862363e+00
3.571832418571361689e+00 6.552661804892902637e+02 1.570796326794862363e+00
6.902944920175257959e-01 6.562859678867234834e+02 1.570796326794862363e+00
1.015195636753976949e+00 6.573443391699574931e+02 1.570796326794862363e+00
1.315889097447783707e+00 6.584613332753669965e+02 1.570796326794862363e+00
1.257855386504766360e+00 6.593980539510768040e+02 1.570796326794862363e+00
7.119764831708516040e-01 6.600650540929698309e+02 1.570796326794862363e+00
3.022985358085285235e+00 6.615006535338142157e+02 1.570796326794862363e+00
1.124174076404336198e+00 6.619494990206455896e+02 1.570796326794862363e+00
1.162476190142068377e+00 6.633612426687822108e+02 1.570796326794862363e+00
1.176277153022731836e+00 6.645540403106663234e+02 1.570796326794862363e+00
1.100370883033540137e+00 6.654615943945713070e+02 1.570796326794862363e+00
8.691092914289257898e-01 6.661565785562430619e+02 1.570796326794862363e+00
2.011846514040314560e+00 6.677306564927025647e+02 1.570796326794862363e+00
1.681003301502122849e+00 6.680515909752059542e+02 1.570796326794862363e+00
1.174879221320140665e+00 6.695536307302176056e+02 1.570796326794862363e+00
1.082897550503347128e+00 6.707043141146674543e+02 1.570796326794862363e+00
1.069252459197051586e+00 6.715902573250277783e+02 1.570796326794862363e+00
9.741295378843328745e-01 6.723427982460885914e+02 1.570796326794862363e+00
1.428130624622955924e+00 6.739400437479056336e+02 1.570796326794862363e+00
2.133123705969137252e+00 6.742576091914518202e+02 1.570796326794862363e+00
1.121283149204868046e+00 6.757706633207901632e+02 1.570796326794862363e+00
1.019839086165394759e+00 6.768562912115629615e+02 1.570796326794862363e+00
1.101039354977240592e+00 6.777410616607568272e+02 1.570796326794862363e+00
1.097286651831254511e+00 6.785455508938043749e+02 1.570796326794862363e+00
9.800325229561170914e-01 6.800923877672097433e+02 1.570796326794862363e+00
2.638759675198034671e+00 6.804831826194533733e+02 1.570796326794862363e+00
1.003971943050337545e+00 6.819575752614910016e+02 1.570796326794862363e+00
9.801444237763794476e-01 6.829574813973970322e+02 1.570796326794862363e+00
1.207452642805705523e+00 6.838762664381005152e+02 1.570796326794862363e+00
1.272161260320598064e+00 6.847404381284109149e+02 1.570796326794862363e+00
6.001558837915068612e-01 6.860257609853288159e+02 1.570796326794862363e+00
3.346106066620050168e+00 6.867049388925698850e+02 1.570796326794862363e+00
7.522918482319943534e-01 6.879478202657420525e+02 1.570796326794862363e+00
9.895968412452457175e-01 6.889119567029973723e+02 1.570796326794862363e+00
1.353704702222837675e+00 6.899527090750051457e+02 1.570796326794862363e+00
1.344996187649052821e+00 6.908850590324811947e+02 1.570796326794862363e+00
6.567485135800799068e-01 6.915791214198998205e+02 1.570796326794862363e+00
3.406965574853073608e+00 6.929268288874363861e+02 1.570796326794862363e+00
9.788279847667608058e-01 6.934579284439140565e+02 1.570796326794862363e+00
1.155311907555143458e+00 6.948168815117506938e+02 1.570796326794862363e+00
1.229432112140674827e+00 6.960143259399420685e+02 1.570796326794862363e+00
1.141790160456908287e+00 6.969312334567900962e+02 1.570796326794862363e+00
8.709778254479040305e-01 6.975942956006671238e+02 1.570796326794862363e+00
2.203910107797184548e+00 6.991575401493370236e+02 1.570796326794862363e+00
1.632835753106810728e+00 6.994838403188717848e+02 1.570796326794862363e+00
1.222618766988260441e+00 7.009891366273881204e+02 1.570796326794862363e+00
1.139228936414255156e+00 7.021676206988620379e+02 1.570796326794862363e+00
1.094587466697260814e+00 7.030585569850677530e+02 1.570796326794862363e+00
9.899670186284973417e-01 7.037766490471269663e+02 1.570796326794862363e+00
1.570544293623290510e+00 7.053738276114371502e+02 1.570796326794862363e+00
2.125293088791566198e+00 7.056816790167175668e+02 1.570796326794862363e+00
1.200561100880237264e+00 7.072147413457059884e+02 1.570796326794862363e+00
1.075353171417333220e+00 7.083440202191239905e+02 1.570796326794862363e+00
1.101841255770212191e+00 7.092249811761093952e+02 1.570796326794862363e+00
1.085951214063273218e+00 7.099928584890309367e+02 1.570796326794862363e+00
1.156206247293952272e+00 7.115665381048750078e+02 1.570796326794862363e+00
2.537232817265224760e+00 7.119153457136512770e+02 1.570796326794862363e+00
1.109352964938351338e+00 7.134309436418697032e+02 1.570796326794862363e+00
1.015728164044293669e+00 7.144840684701700866e+02 1.570796326794862363e+00
1.159072098124245054e+00 7.153764221008641471e+02 1.570796326794862363e+00
1.215104171512797260e+00 7.162021568416636228e+02 1.570796326794862363e+00
7.601350540421302204e-01 7.176461559630857892e+02 1.570796326794862363e+00
3.080612218909707156e+00 7.181473775581798691e+02 1.570796326794862363e+00
9.002363825172030598e-01 7.195538100470132576e+02 1.570796326794862363e+00
9.844427094694510050e-01 7.205087274967501116e+02 1.570796326794862363e+00
1.314181723048618577e+00 7.214725742124478529e+02 1.570796326794862363e+00
1.377078934330753901e+00 7.223766484923329472e+02 1.570796326794862363e+00
5.491545019923615989e-01 7.232863665659723438e+02 1.570796326794862363e+00
3.696923859665425915e+00 7.243646801019356189e+02 1.570796326794862363e+00
7.312954897507060181e-01 7.251770408454531207e+02 1.570796326794862363e+00
1.061353661174648133e+00 7.263542210947886133e+02 1.570796326794862363e+00
1.276185066938982038e+00 7.275171133052618870e+02 1.570796326794862363e+00
1.196844141063454048e+00 7.284490243474189128e+02 1.570796326794862363e+00
7.620318609825624812e-01 7.291109045001305731e+02 1.570796326794862363e+00
2.700473151359314095e+00 7.306038555822376566e+02 1.570796326794862363e+00
1.276736902469360446e+00 7.309972015956670930e+02 1.570796326794862363e+00
1.171925428275084391e+00 7.324459746346311704e+02 1.570796326794862363e+00
1.144186211564519162e+00 7.336306954320276645e+02 1.570796326794862363e+00
1.081707909251746980e+00 7.345306633527959548e+02 1.570796326794862363e+00
8.925429563825236778e-01 7.352436749808331342e+02 1.570796326794862363e+00
1.834606046106877386e+00 7.368296824745576714e+02 1.570796326794862363e+00
1.790763766566114690e+00 7.371436413783571879e+02 1.570796326794862363e+00
1.159042366608285857e+00 7.386507838586300068e+02 1.570796326794862363e+00
1.059399194858980930e+00 7.397837483970114363e+02 1.570796326794862363e+00
1.069345700876789262e+00 7.406672395421669535e+02 1.570796326794862363e+00
9.984227033392710782e-01 7.414360071247617725e+02 1.570796326794862363e+00
1.299567440430998477e+00 7.430290123015089421e+02 1.570796326794862363e+00
2.243318209421172771e+00 7.433573845838824354e+02 1.570796326794862363e+00
1.091350543753818014e+00 7.448639729086195302e+02 1.570796326794862363e+00
1.002984854334964648e+00 7.459262847402133048e+02 1.570796326794862363e+00
1.119882532298593025e+00 7.468161947462476746e+02 1.570796326794862363e+00
1.136727957833506775e+00 7.476371813982074173e+02 1.570796326794862363e+00
8.619249024014193905e-01 7.491458143454055971e+02 1.570796326794862363e+00
2.802157857245430428e+00 7.495824300693691384e+02 1.570796326794862363e+00
9.458417987157154982e-01 7.510252146164347096e+02 1.570796326794862363e+00
9.740833845742312702e-01 7.519984761623127270e+02 1.570796326794862363e+00
1.253388086985319561e+00 7.529395430491335901e+02 1.570796326794862363e+00
1.319570388751350132e+00 7.538247905584245245e+02 1.570796326794862363e+00
5.430973786286616978e-01 7.549496546544222610e+02 1.570796326794862363e+00
3.536472817684280123e+00 7.558012537124332084e+02 1.570796326794862363e+00
6.940615185360704542e-01 7.568682087616493845e+02 1.570796326794862363e+00
1.008720082658853601e+00 7.579027232975619199e+02 1.570796326794862363e+00
1.327440322336263634e+00 7.590061502769780191e+02 1.570796326794862363e+00
1.276692362766833844e+00 7.599431521582863525e+02 1.570796326794862363e+00
7.064731556350354325e-01 7.606086247389685013e+02 1.570796326794862363e+00
3.094930396549594676e+00 7.620332003028305508e+02 1.570796326794862363e+00
1.105262469093203359e+00 7.624920017882801631e+02 1.570796326794862363e+00
1.167228326715925357e+00 7.638980885696228142e+02 1.570796326794862363e+00
1.190361073192400143e+00 7.650936832432014398e+02 1.570796326794862363e+00
1.110927758953116795e+00 7.660030142198048679e+02 1.570796326794862363e+00
8.768137423107198458e-01 7.666890944658661056e+02 1.570796326794862363e+00
2.042736227937171911e+00 7.682626866316663836e+02 1.570796326794862363e+00
1.690812774955175790e+00 7.685827328505464493e+02 1.570796326794862363e+00
1.192942940777752314e+00 7.700887195601737858e+02 1.570796326794862363e+00
1.099819676558927206e+00 7.712478404973326178e+02 1.570796326794862363e+00
1.077499788735428732e+00 7.721346885456881637e+02 1.570796326794862363e+00
9.831900759941200052e-01 7.728774456804168267e+02 1.570796326794862363e+00
1.460765169022800070e+00 7.744746734899626972e+02 1.570796326794862363e+00
2.145729787225839402e+00 7.747893813664189793e+02 1.570796326794862363e+00
1.146485747042177650e+00 7.763096173933057571e+02 1.570796326794862363e+00
1.035661227686868857e+00 7.774078404804837419e+02 1.570796326794862363e+00
1.101388067255753889e+00 7.782906888592191308e+02 1.570796326794862363e+00
1.096184819220372919e+00 7.790851194233262049e+02 1.570796326794862363e+00
1.025435049518864661e+00 7.806401627423634864e+02 1.570796326794862363e+00
2.617453174532220928e+00 7.810181975819177751e+02 1.570796326794862363e+00
1.034300182427752013e+00 7.825057619884130418e+02 1.570796326794862363e+00
9.888228648753892847e-01 7.835191949895604466e+02 1.570796326794862363e+00
1.194400702046212626e+00 7.844294046505992810e+02 1.570796326794862363e+00
1.259930980069103867e+00 7.852836259095645346e+02 1.570796326794862363e+00
6.338799947876625485e-01 7.866163672930350685e+02 1.570796326794862363e+00
3.286265778812935245e+00 7.872424558455044235e+02 1.570796326794862363e+00
7.866527906331390874e-01 7.885366222063188388e+02 1.570796326794862363e+00
9.871797805878715915e-01 7.894890796742844259e+02 1.570796326794862363e+00
1.354079801190434029e+00 7.905076938844970300e+02 1.570796326794862363e+00
1.364233875126305673e+00 7.914355874693013675e+02 1.570796326794862363e+00
6.312501617233785556e-01 7.921572450231260518e+02 1.570796326794862363e+00
3.514353427415777720e+00 7.934616759759015849e+02 1.570796326794862363e+00
9.205217125022849833e-01 7.940346904373541292e+02 1.570796326794862363e+00
1.140363335413180801e+00 7.953656401855024569e+02 1.570796326794862363e+00
1.238666941444447334e+00 7.965601489767886960e+02 1.570796326794862363e+00
1.150294659195853830e+00 7.974801049489083198e+02 1.570796326794862363e+00
8.542160810717037700e-01 7.981398063684898716e+02 1.570796326794862363e+00
2.286315524473833349e+00 7.996943897707794804e+02 1.570796326794862363e+00
1.572253096511172288e+00 8.000283623610853283e+02 1.570796326794862363e+00
1.217091191565896846e+00 8.015263601352212390e+02 1.570796326794862363e+00
1.141956522912091820e+00 8.027069801277613124e+02 1.570796326794862363e+00
1.093263290261459852e+00 8.035993837258570238e+02 1.570796326794862363e+00
9.762859423476497600e-01 8.043150444344541938e+02 1.570796326794862363e+00
1.613604608227170445e+00 8.059118826952235395e+02 1.570796326794862363e+00
2.074804456670803265e+00 8.062190147769587156e+02 1.570796326794862363e+00
1.198862669401199899e+00 8.077496514227833586e+02 1.570796326794862363e+00
1.076349534438367783e+00 8.088816700227532692e+02 1.570796326794862363e+00
1.097816348708435141e+00 8.097629595940405807e+02 1.570796326794862363e+00
1.073733263079851952e+00 8.105288167986243479e+02 1.570796326794862363e+00
1.185179264695611190e+00 8.121069164179343716e+02 1.570796326794862363e+00
2.492037566252739200e+00 8.124504787520237414e+02 1.570796326794862363e+00
1.113974273722739827e+00 8.139672949821409702e+02 1.570796326794862363e+00
1.017164001232915505e+00 8.150254305645335080e+02 1.570796326794862363e+00
1.151376727744564787e+00 8.159162116073489415e+02 1.570796326794862363e+00
1.201163710271319740e+00 8.167385249702842884e+02 1.570796326794862363e+00
7.862915399981955655e-01 8.181998137067765811e+02 1.570796326794862363e+00
3.026334066269602996e+00 8.186825672545849102e+02 1.570796326794862363e+00
9.183102002653847906e-01 8.201028035365658297e+02 1.570796326794862363e+00
9.835082771279908265e-01 8.210624625568184456e+02 1.570796326794862363e+00
1.300568392024244346e+00 8.220185961440231495e+02 1.570796326794862363e+00
1.368950675513390669e+00 8.229171130261487406e+02 1.570796326794862363e+00
5.410588790635492140e-01 8.238794786287178340e+02 1.570796326794862363e+00
3.684718790157235357e+00 8.249003563083749668e+02 1.570796326794862363e+00
7.093218821994186074e-01 8.257775565291333351e+02 1.570796326794862363e+00
1.046190913232777575e+00 8.269157732685905557e+02 1.570796326794862363e+00
1.290293652417752623e+00 8.280664598544268529e+02 1.570796326794862363e+00
1.215902344232837606e+00 8.290005328101015039e+02 1.570796326794862363e+00
7.483248538478503020e-01 8.296610038761606347e+02 1.570796326794862363e+00
2.800137018303558545e+00 8.311386368518334393e+02 1.570796326794862363e+00
1.230969910926621891e+00 8.315466462164821451e+02 1.570796326794862363e+00
1.171362671614773143e+00 8.329857904423322452e+02 1.570796326794862363e+00
1.155375196098667345e+00 8.341739981323001984e+02 1.570796326794862363e+00
1.087906032149407620e+00 8.350763083415964729e+02 1.570796326794862363e+00
8.869865134483007063e-01 8.357827974659779784e+02 1.570796326794862363e+00
1.888863264421848154e+00 8.373657074997109930e+02 1.570796326794862363e+00
1.760583111449980809e+00 8.376810103840621196e+02 1.570796326794862363e+00
1.166827276807267832e+00 8.391876633371009575e+02 1.570796326794862363e+00
1.068420807190164412e+00 8.403273158116489867e+02 1.570796326794862363e+00
1.069753804162761002e+00 8.412114300005840732e+02 1.570796326794862363e+00
9.917932304261891652e-01 8.419741480184928832e+02 1.570796326794862363e+00
1.342239501147948655e+00 8.435689991670276413e+02 1.570796326794862363e+00
2.210313116097657460e+00 8.438930919934796293e+02 1.570796326794862363e+00
1.104012627297143778e+00 8.454029590629928634e+02 1.570796326794862363e+00
1.009561382957609776e+00 8.464740378369136806e+02 1.570796326794862363e+00
1.113218147456440876e+00 8.473616736196858028e+02 1.570796326794862363e+00
1.123774330177089054e+00 8.481764641915750644e+02 1.570796326794862363e+00
9.026407172182923100e-01 8.497000088828357320e+02 1.570796326794862363e+00
2.746965810394752960e+00 8.501187973933026569e+02 1.570796326794862363e+00
9.684198541171873398e-01 8.515746635350730003e+02 1.570796326794862363e+00
9.761163652661738466e-01 8.525570296679837838e+02 1.570796326794862363e+00
1.237229476690929086e+00 8.534893400017090244e+02 1.570796326794862363e+00
1.305075190835710108e+00 8.543669786565643562e+02 1.570796326794862363e+00
5.576666060568020722e-01 8.555517754431189132e+02 1.570796326794862363e+00
3.479125865894791225e+00 8.563386168071107249e+02 1.570796326794862363e+00
7.081904732390646995e-01 8.574740235664162356e+02 1.570796326794862363e+00
1.001016842365634929e+00 8.584770093289282613e+02 1.570796326794862363e+00
1.343072110293080712e+00 8.595582741440540531e+02 1.570796326794862363e+00
1.305430308565140640e+00 8.604948485494567194e+02 1.570796326794862363e+00
6.970921966039170803e-01 8.611600133076671000e+02 1.570796326794862363e+00
3.203722288555305386e+00 8.625664398244834956e+02 1.570796326794862363e+00
1.076265361457911851e+00 8.630414383066006394e+02 1.570796326794862363e+00
1.173064777303086670e+00 8.644380304431723516e+02 1.570796326794862363e+00
1.211182819680511891e+00 8.656369330243827562e+02 1.570796326794862363e+00
1.127065658625464151e+00 8.665488604560367776e+02 1.570796326794862363e+00
8.897193719104032894e-01 8.672213286626483750e+02 1.570796326794862363e+00
2.083768766633969705e+00 8.687946906793728203e+02 1.570796326794862363e+00
1.710400392916536783e+00 8.691129965078321220e+02 1.570796326794862363e+00
1.220924556113593740e+00 8.706253527926121478e+02 1.570796326794862363e+00
1.126978701419780293e+00 8.717969588211614109e+02 1.570796326794862363e+00
1.091958131630770268e+00 8.726854487568539298e+02 1.570796326794862363e+00
1.001710776165871231e+00 8.734121838122662211e+02 1.570796326794862363e+00
1.502507759833112466e+00 8.750091242170589112e+02 1.570796326794862363e+00
2.180013120877924315e+00 8.753199144876632545e+02 1.570796326794862363e+00
1.188063055355523812e+00 8.768518999955123263e+02 1.570796326794862363e+00
1.063690585864750737e+00 8.779703897535624719e+02 1.570796326794862363e+00
1.105328450092063264e+00 8.788513362542881850e+02 1.570796326794862363e+00
1.099903606436510417e+00 8.796283946358712456e+02 1.570796326794862363e+00
1.094664361125327057e+00 8.811928452389784070e+02 1.570796326794862363e+00
2.600488155160845416e+00 8.815543628516057879e+02 1.570796326794862363e+00
1.084148239580641659e+00 8.830613096468634922e+02 1.570796326794862363e+00
1.006423675024388453e+00 8.840984125378558929e+02 1.570796326794862363e+00
1.175912947026502620e+00 8.849968100780697569e+02 1.570796326794862363e+00
1.240831997222312078e+00 8.858339005830154065e+02 1.570796326794862363e+00
6.991637051280158444e-01 8.872315235177537716e+02 1.570796326794862363e+00
3.189695449274386085e+00 8.877838753509433900e+02 1.570796326794862363e+00
8.497599386223833040e-01 8.891471032728280761e+02 1.570796326794862363e+00
9.858998332596212721e-01 8.900949337083807222e+02 1.570796326794862363e+00
1.340552966575897731e+00 8.910810392757948648e+02 1.570796326794862363e+00
1.382444079824240557e+00 8.919977623979684722e+02 1.570796326794862363e+00
5.836364307623789216e-01 8.927988105826608489e+02 1.570796326794862363e+00
3.656121683869522965e+00 8.940009063596321539e+02 1.570796326794862363e+00
8.130201985310517854e-01 8.946780523406649763e+02 1.570796326794862363e+00
1.101838880018119804e+00 8.959404461827615478e+02 1.570796326794862363e+00
1.253257854053487996e+00 8.971236314166491184e+02 1.570796326794862363e+00
1.166990617694903865e+00 8.980496116405973908e+02 1.570796326794862363e+00
8.071257051739139099e-01 8.987099341403001063e+02 1.570796326794862363e+00
2.477401737199903753e+00 9.002382496648048118e+02 1.570796326794862363e+00
1.419733978814132991e+00 9.005972747153534783e+02 1.570796326794862363e+00
1.190881545465084290e+00 9.020722649664081700e+02 1.570796326794862363e+00
1.137054089063952000e+00 9.032532574523520452e+02 1.570796326794862363e+00
1.083138685060882400e+00 9.041487398228447319e+02 1.570796326794862363e+00
9.307293112474079866e-01 9.048660754477600676e+02 1.570796326794862363e+00
1.712150474529409383e+00 9.064595546492523681e+02 1.570796326794862363e+00
1.925076063281801142e+00 9.067688071445113565e+02 1.570796326794862363e+00
1.172346143778756122e+00 9.082865109418077054e+02 1.570796326794862363e+00
1.062448884443276231e+00 9.094155699136606472e+02 1.570796326794862363e+00
1.082034694667809660e+00 9.102978850123342909e+02 1.570796326794862363e+00
1.034920590991522227e+00 9.110683532957636999e+02 1.570796326794862363e+00
1.228776536482465431e+00 9.126544258427459226e+02 1.570796326794862363e+00
2.368440385273880455e+00 9.129911993544752704e+02 1.570796326794862363e+00
1.096243080886916577e+00 9.145010114988165242e+02 1.570796326794862363e+00
1.006936594068298385e+00 9.155576725380395828e+02 1.570796326794862363e+00
1.137542082634543039e+00 9.164491255363390110e+02 1.570796326794862363e+00
1.171914983995336890e+00 9.172733085592055886e+02 1.570796326794862363e+00
8.106014136515693469e-01 9.187539634726346094e+02 1.570796326794862363e+00
2.928516115834978617e+00 9.192192810213888379e+02 1.570796326794862363e+00
9.248361236472595337e-01 9.206465732051242412e+02 1.570796326794862363e+00
9.779859439972808932e-01 9.216102874290270393e+02 1.570796326794862363e+00
1.281521726364629910e+00 9.225618279495987508e+02 1.570796326794862363e+00
1.348245607015849723e+00 9.234559876273189047e+02 1.570796326794862363e+00
5.360770144787876390e-01 9.244823957175692613e+02 1.570796326794862363e+00
3.629907808802598002e+00 9.254374052885118545e+02 1.570796326794862363e+00
6.938720672178442239e-01 9.263902461114369089e+02 1.570796326794862363e+00
1.028205550402522261e+00 9.274848648244201286e+02 1.570796326794862363e+00
1.303014005559981925e+00 9.286188998568320585e+02 1.570796326794862363e+00
1.236376708724914231e+00 9.295547083019396268e+02 1.570796326794862363e+00
7.270567411372330646e-01 9.302191322894575478e+02 1.570796326794862363e+00
2.918730055408040425e+00 9.316742679330182000e+02 1.570796326794862363e+00
1.168626507336594011e+00 9.321043209272787635e+02 1.570796326794862363e+00
1.164272847976869807e+00 9.335282646733376168e+02 1.570796326794862363e+00
1.163962568524540053e+00 9.347185463117423296e+02 1.570796326794862363e+00
1.092202016449723700e+00 9.356235787746209098e+02 1.570796326794862363e+00
8.733006609237431439e-01 9.363255601055350326e+02 1.570796326794862363e+00
1.955773758214586433e+00 9.379033093434910597e+02 1.570796326794862363e+00
1.707325918075095261e+00 9.382221712886131400e+02 1.570796326794862363e+00
1.166331910595850729e+00 9.397248013048665598e+02 1.570796326794862363e+00
1.072337702140736759e+00 9.408687673022088802e+02 1.570796326794862363e+00
1.066917481883381091e+00 9.417537563671386351e+02 1.570796326794862363e+00
9.781474191138664898e-01 9.425129935783971860e+02 1.570796326794862363e+00
1.385417770084842903e+00 9.441095272509166989e+02 1.570796326794862363e+00
2.158654413717283393e+00 9.444302556732646963e+02 1.570796326794862363e+00
1.107494211797296346e+00 9.459400453353492821e+02 1.570796326794862363e+00
1.011495802806990918e+00 9.470165661640140797e+02 1.570796326794862363e+00
1.105602025513997555e+00 9.479030526061594628e+02 1.570796326794862363e+00
1.107715216334936414e+00 9.487142373849970909e+02 1.570796326794862363e+00
9.375850216241757851e-01 9.502500372544991478e+02 1.570796326794862363e+00
2.685962769703721165e+00 9.506550028886163091e+02 1.570796326794862363e+00
9.822316456656082773e-01 9.521187244629168163e+02 1.570796326794862363e+00
9.763210332274057102e-01 9.531083508727502931e+02 1.570796326794862363e+00
1.222291392950632272e+00 9.540347170495751925e+02 1.570796326794862363e+00
1.287965985500987953e+00 9.549066506269197134e+02 1.570796326794862363e+00
5.746625886835854402e-01 9.561410723362265571e+02 1.570796326794862363e+00
3.413154075497994988e+00 9.568754414013429823e+02 1.570796326794862363e+00
7.258812557158474954e-01 9.580640643058657133e+02 1.570796326794862363e+00
9.944416438824243976e-01 9.590458252347540338e+02 1.570796326794862363e+00
1.349543110588141692e+00 9.601080012261936645e+02 1.570796326794862363e+00
1.324731171481604797e+00 9.610431280682075794e+02 1.570796326794862363e+00
6.790010982329663936e-01 9.617191549118973626e+02 1.570796326794862363e+00
3.300600398523068080e+00 9.631003679076396793e+02 1.570796326794862363e+00
1.031432043392119136e+00 9.635993887473375707e+02 1.570796326794862363e+00
1.166070238964200367e+00 9.649798745427027598e+02 1.570796326794862363e+00
1.220250036684092487e+00 9.661786293673886803e+02 1.570796326794862363e+00
1.134128192334401763e+00 9.670928560906863822e+02 1.570796326794862363e+00
8.825857995825363567e-01 9.677603311270825088e+02 1.570796326794862363e+00
2.137064197900117701e+00 9.693295904763708677e+02 1.570796326794862363e+00
1.678448837425616125e+00 9.696509315492135102e+02 1.570796326794862363e+00
1.223635329102774838e+00 9.711608327134246110e+02 1.570796326794862363e+00
1.134059235376876140e+00 9.723362591977005422e+02 1.570796326794862363e+00
1.094008045195047130e+00 9.732258945326768753e+02 1.570796326794862363e+00
9.980365234216433956e-01 9.739478040014989801e+02 1.570796326794862363e+00
1.533993682257988489e+00 9.755449345494686213e+02 1.570796326794862363e+00
2.159232973158759616e+00 9.758540941891567400e+02 1.570796326794862363e+00
1.196465827256280923e+00 9.773874313319848852e+02 1.570796326794862363e+00
1.070749374507358853e+00 9.785120276022921644e+02 1.570796326794862363e+00
1.104115281351003119e+00 9.793928595833423287e+02 1.570796326794862363e+00
1.094255794119712188e+00 9.801646810954495095e+02 1.570796326794862363e+00
1.125846270398805249e+00 9.817338453738130966e+02 1.570796326794862363e+00
2.572321274695866578e+00 9.820886579810324974e+02 1.570796326794862363e+00
1.098782621407095261e+00 9.836007825070453237e+02 1.570796326794862363e+00
1.011767919682589056e+00 9.846466020495741986e+02 1.570796326794862363e+00
1.167219289006347749e+00 9.855415330282406785e+02 1.570796326794862363e+00
1.228267541325976042e+00 9.863724204711448920e+02 1.570796326794862363e+00
7.302316596336286825e-01 9.877951055400226323e+02 1.570796326794862363e+00
3.135251597656316225e+00 9.883197121433372558e+02 1.570796326794862363e+00
8.765725721271270254e-01 9.897069542226441854e+02 1.570796326794862363e+00
9.850865440465592648e-01 9.906574909834962455e+02 1.570796326794862363e+00
1.328011036304842518e+00 9.916314989899289003e+02 1.570796326794862363e+00
1.381808840552040119e+00 9.925419128823882602e+02 1.570796326794862363e+00
5.634563087147365090e-01 9.933958602629016923e+02 1.570796326794862363e+00
3.688427100453144813e+00 9.945366949499193652e+02 1.570796326794862363e+00
7.662664962527311330e-01 9.952798179657044102e+02 1.570796326794862363e+00
1.080256098157101219e+00 9.965000076754369047e+02 1.570796326794862363e+00
1.262914392903845107e+00 9.976740583788129015e+02 1.570796326794862363e+00
1.179539530848921158e+00 9.986031537700162062e+02 1.570796326794862363e+00
7.815386225816269850e-01 9.992652229591682271e+02 1.570796326794862363e+00
2.589534424016092906e+00 1.000775649958268446e+03 1.570796326794862363e+00
1.339728294946817222e+00 1.001152095366320282e+03 1.570796326794862363e+00
1.177693758963545889e+00 1.002612984810607031e+03 1.570796326794862363e+00
1.137017171873918153e+00 1.003794874471654339e+03 1.570796326794862363e+00
1.079495451175490839e+00 1.004692437419940120e+03 1.570796326794862363e+00
9.067723899703648005e-01 1.005409600161723461e+03 1.570796326794862363e+00
1.772923549999728010e+00 1.006999445164692588e+03 1.570796326794862363e+00
1.845319437760636561e+00 1.007311239683315534e+03 1.570796326794862363e+00
1.159698454187344296e+00 1.008821857379889025e+03 1.570796326794862363e+00
1.056517407810805498e+00 1.009950596911230264e+03 1.570796326794862363e+00
1.073395137234595120e+00 1.010833515401541604e+03 1.570796326794862363e+00
1.013032311000321206e+00 1.011605417059084516e+03 1.570796326794862363e+00
1.258673152325068711e+00 1.013195395222660750e+03 1.570796326794862363e+00
2.297640707719177833e+00 1.013528363992885261e+03 1.570796326794862363e+00
1.087536887604525493e+00 1.015034520429302120e+03 1.570796326794862363e+00
