1.133985120494268584e+00 1.183557226562248349e-01 2.356194490192261792e+00
1.142956811270499973e+00 1.703425965967940492e+00 2.356194490192261792e+00
1.836911931667051245e+00 2.134392667707300628e+00 2.356194490192261792e+00
1.162595418883247911e+00 3.645585809430825108e+00 2.356194490192261792e+00
1.000146828272484578e+00 4.455917891481331772e+00 2.356194490192261792e+00
1.044906907890674974e+00 5.683530807914509708e+00 2.356194490192261792e+00
1.339968704044467884e+00 6.317683225276327086e+00 2.356194490192261792e+00
7.968036382273638862e-01 7.804457587101623517e+00 2.356194490192261792e+00
2.205750411217606288e+00 8.348918616365605061e+00 2.356194490192261792e+00
9.787305088194068192e-01 9.797077325328496400e+00 2.356194490192261792e+00
1.158234567508877877e+00 1.056840898148209540e+01 2.356194490192261792e+00
9.992031024654554061e-01 1.179254993126338036e+01 2.356194490192261792e+00
1.628659029255713486e+00 1.251391328221382260e+01 2.356194490192261792e+00
5.580674495833441995e-01 1.362994622587831905e+01 2.356194490192261792e+00
2.632185277174271754e+00 1.454639341408934428e+01 2.356194490192261792e+00
7.024711986579714740e-01 1.564827592159885583e+01 2.356194490192261792e+00
1.332276826162211769e+00 1.661198507458631823e+01 2.356194490192261792e+00
9.097798402266490392e-01 1.775780166443362873e+01 2.356194490192261792e+00
1.665220362554857392e+00 1.868564384508866993e+01 2.356194490192261792e+00
7.570630923198693463e-01 1.929778644871433002e+01 2.356194490192261792e+00
2.409855219430757423e+00 2.074253999617955202e+01 2.356194490192261792e+00
1.028627233103150296e+00 2.127485934967274872e+01 2.356194490192261792e+00
1.392780832245662292e+00 2.268122172428811112e+01 2.356194490192261792e+00
8.654772357121451876e-01 2.370458875051712155e+01 2.356194490192261792e+00
1.355360648771021026e+00 2.482066714851465150e+01 2.356194490192261792e+00
9.752009704031268100e-01 2.536884715174621618e+01 2.356194490192261792e+00
1.694062656262429689e+00 2.695128905120573393e+01 2.356194490192261792e+00
1.479204564758089369e+00 2.736295165246247763e+01 2.356194490192261792e+00
1.341333096304478056e+00 2.887741984772377180e+01 2.356194490192261792e+00
9.030284223888651596e-01 2.979815261358104550e+01 2.356194490192261792e+00
1.187086246904575759e+00 3.098556449929538559e+01 2.356194490192261792e+00
1.122823651495437502e+00 3.155435129138474792e+01 2.356194490192261792e+00
1.253889720994294521e+00 3.314715161519188058e+01 2.356194490192261792e+00
1.802304254556906571e+00 3.356471443746140437e+01 2.356194490192261792e+00
1.241576197728091913e+00 3.509367693698835922e+01 2.356194490192261792e+00
9.718130587830136058e-01 3.593443561625085181e+01 2.356194490192261792e+00
1.089926851908854522e+00 3.715501300093946924e+01 2.356194490192261792e+00
1.290320705140947100e+00 3.776101787151569056e+01 2.356194490192261792e+00
9.143345398922760880e-01 3.929511472399731531e+01 2.356194490192261792e+00
2.118629264381425958e+00 3.978608211844748865e+01 2.356194490192261792e+00
1.082979946389666104e+00 4.127984534823147555e+01 2.356194490192261792e+00
1.095944103294012706e+00 4.205901681314283280e+01 2.356194490192261792e+00
1.029110315280286514e+00 4.329073320795745872e+01 2.356194490192261792e+00
1.541369832478435731e+00 4.396346441304003605e+01 2.356194490192261792e+00
6.171575428346688375e-01 4.526004705201909672e+01 2.356194490192261792e+00
2.518802082781734786e+00 4.599511690971139188e+01 2.356194490192261792e+00
7.959656195871134265e-01 4.729055939982156076e+01 2.356194490192261792e+00
1.297523682292172742e+00 4.812477076865103243e+01 2.356194490192261792e+00
9.594542493136262173e-01 4.930174151239996405e+01 2.356194490192261792e+00
1.756480603995361767e+00 5.014411079839169361e+01 2.356194490192261792e+00
6.758438212536508338e-01 5.083569819626285380e+01 2.356194490192261792e+00
2.634209497638756670e+00 5.217754817261977252e+01 2.356194490192261792e+00
8.903484694924982401e-01 5.280365793904537952e+01 2.356194490192261792e+00
1.398115391615327718e+00 5.413603794876527786e+01 2.356194490192261792e+00
8.679072781341166110e-01 5.519442074153896982e+01 2.356194490192261792e+00
1.435219965239162843e+00 5.627504266082789286e+01 2.356194490192261792e+00
9.419607712205083638e-01 5.681802844355836157e+01 2.356194490192261792e+00
1.853854073502630317e+00 5.838626528806789651e+01 2.356194490192261792e+00
1.395895793625264947e+00 5.880800367102757775e+01 2.356194490192261792e+00
1.379016864296771283e+00 6.031378404892421230e+01 2.356194490192261792e+00
8.952803737140638818e-01 6.126458668888296444e+01 2.356194490192261792e+00
1.239953711305856077e+00 6.243638931117460089e+01 2.356194490192261792e+00
1.102250638451390374e+00 6.299038576278626067e+01 2.356194490192261792e+00
1.361401672318519163e+00 6.458701493437384045e+01 2.356194490192261792e+00
1.750581381087058963e+00 6.499606068144662174e+01 2.356194490192261792e+00
1.299400791227795837e+00 6.653352369713051928e+01 2.356194490192261792e+00
9.508090903756102330e-01 6.740330986756929121e+01 2.356194490192261792e+00
1.131538858405998216e+00 6.861475033642791743e+01 2.356194490192261792e+00
1.249324120338993760e+00 6.920012737699319416e+01 2.356194490192261792e+00
1.022286275119601129e+00 7.076188267586142899e+01 2.356194490192261792e+00
2.041898418326409281e+00 7.121990110655075057e+01 2.356194490192261792e+00
1.164978537622838539e+00 7.273996582471592376e+01 2.356194490192261792e+00
1.046648897708156056e+00 7.353939888180902074e+01 2.356194490192261792e+00
1.057244828437883477e+00 7.477059253539029271e+01 2.356194490192261792e+00
1.456001364481984695e+00 7.540912530727889873e+01 2.356194490192261792e+00
7.113966862989269391e-01 7.682333029531005764e+01 2.356194490192261792e+00
2.391228518066005115e+00 7.743893719636176343e+01 2.356194490192261792e+00
9.170936075674686050e-01 7.884663716746223372e+01 2.356194490192261792e+00
1.230233600504168079e+00 7.962722798953068093e+01 2.356194490192261792e+00
9.949287027915399984e-01 8.083610521550684780e+01 2.356194490192261792e+00
1.736444687480958482e+00 8.159941419400183804e+01 2.356194490192261792e+00
5.770326742402878129e-01 8.249392078643134596e+01 2.356194490192261792e+00
2.732219999484294615e+00 8.362591026535412198e+01 2.356194490192261792e+00
7.240330602123677961e-01 8.447646986758725518e+01 2.356194490192261792e+00
1.360413379867486894e+00 8.563097769917423818e+01 2.356194490192261792e+00
8.714209871013670616e-01 8.673798424236755977e+01 2.356194490192261792e+00
1.536663307818288526e+00 8.774882383552905196e+01 2.356194490192261792e+00
8.287550602307994785e-01 8.832429156524693781e+01 2.356194490192261792e+00
2.141953130801041993e+00 8.983660618218524974e+01 2.356194490192261792e+00
1.167942969664701902e+00 9.030797271668522797e+01 2.356194490192261792e+00
1.364215750194246679e+00 9.176170481771892184e+01 2.356194490192261792e+00
8.654437316381345946e-01 9.274391308696206693e+01 2.356194490192261792e+00
1.268974356030458939e+00 9.389169887584345986e+01 2.356194490192261792e+00
9.986918876359395236e-01 9.445354726753123487e+01 2.356194490192261792e+00
1.531711057679790988e+00 9.604432466741269536e+01 2.356194490192261792e+00
1.548094657796101004e+00 9.645272376747595899e+01 2.356194490192261792e+00
1.279935544233973932e+00 9.796673896935307368e+01 2.356194490192261792e+00
9.156580982892282838e-01 9.884949765829115620e+01 2.356194490192261792e+00
1.123561406745134272e+00 1.000530151659269222e+02 2.356194490192261792e+00
1.150114091284030193e+00 1.006432829863511671e+02 2.356194490192261792e+00
1.119986173076805480e+00 1.022254898064459070e+02 2.356194490192261792e+00
1.866693974223641028e+00 1.026603083099060285e+02 2.356194490192261792e+00
1.159650627343226326e+00 1.041720928127525667e+02 2.356194490192261792e+00
1.008030707220311406e+00 1.049796488134693107e+02 2.356194490192261792e+00
1.044888332672938569e+00 1.062080647229094694e+02 2.356194490192261792e+00
1.358475022092392903e+00 1.068439906589305224e+02 2.356194490192261792e+00
7.795347364570008875e-01 1.083194302153960535e+02 2.356194490192261792e+00
2.236067484367164848e+00 1.088754367446292122e+02 2.356194490192261792e+00
9.673658689564184066e-01 1.103172185591565722e+02 2.356194490192261792e+00
1.170518004625675568e+00 1.110891379223722453e+02 2.356194490192261792e+00
9.980968388554252169e-01 1.123113051447922004e+02 2.356194490192261792e+00
1.648164753320771947e+00 1.130396085004853433e+02 2.356194490192261792e+00
5.554610101069001882e-01 1.141189037378070452e+02 2.356194490192261792e+00
2.654970349729288692e+00 1.150712281849046121e+02 2.356194490192261792e+00
6.962611766197508434e-01 1.161326211963138633e+02 2.356194490192261792e+00
1.336982140941639807e+00 1.171260953426192941e+02 2.356194490192261792e+00
9.017465844459493507e-01 1.182662644784264643e+02 2.356194490192261792e+00
1.644162809506313216e+00 1.192085556207248089e+02 2.356194490192261792e+00
7.684272800304703388e-01 1.198131419096879000e+02 2.356194490192261792e+00
2.366944657307618272e+00 1.212704700716638797e+02 2.356194490192261792e+00
1.049457723340027515e+00 1.217915793063887548e+02 2.356194490192261792e+00
1.387850185843275241e+00 1.232064542457935090e+02 2.356194490192261792e+00
8.642994686503222557e-01 1.242233073477820540e+02 2.356194490192261792e+00
1.339728663839903078e+00 1.253448099948076049e+02 2.356194490192261792e+00
9.761770489453235333e-01 1.258959050768180248e+02 2.356194490192261792e+00
1.669144049305504973e+00 1.274795554665845998e+02 2.356194490192261792e+00
1.485397627850292057e+00 1.278906930336565324e+02 2.356194490192261792e+00
1.329071200007821307e+00 1.294043383602213453e+02 2.356194490192261792e+00
9.035429828088371584e-01 1.303182976809536626e+02 2.356194490192261792e+00
1.173975497523488620e+00 1.315086512207735439e+02 2.356194490192261792e+00
1.122894962703561150e+00 1.320818917468081963e+02 2.356194490192261792e+00
1.232836790221255141e+00 1.336735755521764304e+02 2.356194490192261792e+00
1.805645598367495053e+00 1.340933008189259965e+02 2.356194490192261792e+00
1.224699611323437409e+00 1.356185391816920003e+02 2.356194490192261792e+00
9.764973439165933744e-01 1.364525111692427402e+02 2.356194490192261792e+00
1.079269662957715425e+00 1.376748256288984749e+02 2.356194490192261792e+00
1.297917876668454262e+00 1.382866918884755307e+02 2.356194490192261792e+00
8.901764570736865334e-01 1.398131345154418170e+02 2.356194490192261792e+00
2.132716232210889906e+00 1.403131028543052707e+02 2.356194490192261792e+00
1.061334454583891640e+00 1.417985904294106092e+02 2.356194490192261792e+00
1.107887255527211234e+00 1.425745265800929644e+02 2.356194490192261792e+00
1.022213755029123483e+00 1.438054536648189980e+02 2.356194490192261792e+00
1.559201152948087366e+00 1.444875652311313274e+02 2.356194490192261792e+00
6.003217813618360044e-01 1.457516178397828526e+02 2.356194490192261792e+00
2.543738199843314174e+00 1.465195855800073446e+02 2.356194490192261792e+00
7.712440363205470550e-01 1.477814960835656279e+02 2.356194490192261792e+00
1.307967026250497877e+00 1.486359904588391316e+02 2.356194490192261792e+00
9.501499301486688864e-01 1.498059054935840777e+02 2.356194490192261792e+00
1.746568396258332490e+00 1.506663836453202805e+02 2.356194490192261792e+00
6.991586210384999056e-01 1.513304963097356222e+02 2.356194490192261792e+00
2.591830770141597462e+00 1.527032551077760445e+02 2.356194490192261792e+00
9.291993429204862265e-01 1.532998902072669978e+02 2.356194490192261792e+00
1.404650439372374660e+00 1.546562616790706386e+02 2.356194490192261792e+00
8.703565125307680672e-01 1.557068073060386837e+02 2.356194490192261792e+00
1.422427910190434908e+00 1.567968071001812120e+02 2.356194490192261792e+00
9.634558488010074306e-01 1.573355235011270281e+02 2.356194490192261792e+00
1.807943528033618241e+00 1.589104259650580104e+02 2.356194490192261792e+00
1.439337484332024131e+00 1.593266936746499596e+02 2.356194490192261792e+00
1.385463718122496246e+00 1.608406173401095032e+02 2.356194490192261792e+00
9.016410949834338107e-01 1.617882788127042204e+02 2.356194490192261792e+00
1.240631286533257382e+00 1.629627503893727578e+02 2.356194490192261792e+00
1.123377692311991360e+00 1.635141671246132944e+02 2.356194490192261792e+00
1.336905087752637167e+00 1.651103468867246136e+02 2.356194490192261792e+00
1.789854215404491633e+00 1.655206731451160636e+02 2.356194490192261792e+00
1.308001618726587933e+00 1.670630735715902233e+02 2.356194490192261792e+00
9.564472961841160581e-01 1.679329592232411983e+02 2.356194490192261792e+00
1.137189407214647341e+00 1.691449548539081036e+02 2.356194490192261792e+00
1.266949489016656605e+00 1.697278011771865067e+02 2.356194490192261792e+00
1.011539976514480133e+00 1.712858668506813444e+02 2.356194490192261792e+00
2.071886540745836669e+00 1.717474950384100794e+02 2.356194490192261792e+00
1.170139381750447294e+00 1.732700929962494456e+02 2.356194490192261792e+00
1.051475597086969804e+00 1.740694643227156462e+02 2.356194490192261792e+00
1.061314100709226826e+00 1.753008937954501789e+02 2.356194490192261792e+00
1.470090024311796695e+00 1.759383097931757050e+02 2.356194490192261792e+00
7.051691501426576858e-01 1.773443971672585349e+02 2.356194490192261792e+00
2.413046258880259476e+00 1.779674393498073357e+02 2.356194490192261792e+00
9.123116379165082668e-01 1.793710855157475805e+02 2.356194490192261792e+00
1.237773659719681119e+00 1.801532419029430798e+02 2.356194490192261792e+00
9.952216489842266034e-01 1.813600669491037536e+02 2.356194490192261792e+00
1.747514191348442880e+00 1.821275607073961567e+02 2.356194490192261792e+00
5.841633739971446859e-01 1.829986376207710919e+02 2.356194490192261792e+00
2.737967900793640830e+00 1.841531980654534379e+02 2.356194490192261792e+00
7.355404421515173707e-01 1.849770740975041576e+02 2.356194490192261792e+00
1.365320503382507322e+00 1.861525620341214164e+02 2.356194490192261792e+00
8.701667639524049980e-01 1.872546599537772920e+02 2.356194490192261792e+00
1.526119767328552479e+00 1.882737481940840496e+02 2.356194490192261792e+00
8.416703181643477860e-01 1.888438514091508296e+02 2.356194490192261792e+00
2.110873055441303325e+00 1.903641080793524623e+02 2.356194490192261792e+00
1.192794557947156164e+00 1.908281464903385825e+02 2.356194490192261792e+00
1.366617128551742111e+00 1.922887989914814284e+02 2.356194490192261792e+00
8.687628647034675300e-01 1.932673981835687016e+02 2.356194490192261792e+00
1.265748550873509792e+00 1.944181913771638506e+02 2.356194490192261792e+00
1.010829859343048476e+00 1.949785845148219039e+02 2.356194490192261792e+00
1.512046341611152478e+00 1.965708725915598620e+02 2.356194490192261792e+00
1.571836657143114158e+00 1.969785225351730560e+02 2.356194490192261792e+00
1.283480104727322102e+00 1.984958152317435349e+02 2.356194490192261792e+00
9.198563075630041830e-01 1.993773945435238204e+02 2.356194490192261792e+00
1.125358072872848947e+00 2.005817998934010973e+02 2.356194490192261792e+00
1.162030091418544631e+00 2.011710042474997806e+02 2.356194490192261792e+00
1.109574750114846076e+00 2.027515001751887098e+02 2.356194490192261792e+00
1.887776896561731865e+00 2.031883588315361635e+02 2.356194490192261792e+00
1.162744910774609508e+00 2.047019557894850834e+02 2.356194490192261792e+00
1.012029515551386982e+00 2.055091510746148629e+02 2.356194490192261792e+00
1.047559604138223133e+00 2.067378613076147076e+02 2.356194490192261792e+00
1.369285658288481144e+00 2.073732032815095181e+02 2.356194490192261792e+00
7.735000728136885995e-01 2.088435515301459304e+02 2.356194490192261792e+00
2.253536569001796774e+00 2.094044003018581748e+02 2.356194490192261792e+00
9.651843992961322005e-01 2.108446800961959866e+02 2.356194490192261792e+00
1.176021560786274955e+00 2.116168463133109583e+02 2.356194490192261792e+00
9.990181290665196556e-01 2.128382489510471771e+02 2.356194490192261792e+00
1.658415772368462049e+00 2.135685966606403667e+02 2.356194490192261792e+00
5.554078265999518038e-01 2.146317072369486709e+02 2.356194490192261792e+00
2.666932513982131603e+00 2.155994802833528183e+02 2.356194490192261792e+00
6.950146565198911386e-01 2.166431173778677532e+02 2.356194490192261792e+00
1.339743348959533620e+00 2.176498800311410946e+02 2.356194490192261792e+00
8.989708234532736153e-01 2.187874192405199665e+02 2.356194490192261792e+00
1.636289614661484704e+00 2.197359146084345696e+02 2.356194490192261792e+00
7.752102439918373555e-01 2.203361352986491397e+02 2.356194490192261792e+00
2.347687955894215417e+00 2.217997662462358903e+02 2.356194490192261792e+00
1.061716754219226511e+00 2.223150911587438543e+02 2.356194490192261792e+00
1.387603664912875345e+00 2.237346981635683676e+02 2.356194490192261792e+00
8.648833170992765718e-01 2.247488114755096262e+02 2.356194490192261792e+00
1.334754516349150100e+00 2.258727323817064985e+02 2.356194490192261792e+00
9.802415822616515895e-01 2.264238883251699122e+02 2.356194490192261792e+00
1.656549048964767179e+00 2.280085969526407155e+02 2.356194490192261792e+00
1.494448779513724235e+00 2.284190629957254259e+02 2.356194490192261792e+00
1.327530627729320400e+00 2.299337410477468211e+02 2.356194490192261792e+00
9.049630758198391467e-01 2.308457547975800992e+02 2.356194490192261792e+00
1.171547534741247176e+00 2.320371066701368363e+02 2.356194490192261792e+00
1.126825244797139414e+00 2.326109058222722297e+02 2.356194490192261792e+00
1.224379645708243203e+00 2.342020295980885578e+02 2.356194490192261792e+00
1.813448909549306487e+00 2.346226845765181395e+02 2.356194490192261792e+00
1.222365334619768040e+00 2.361478580430999727e+02 2.356194490192261792e+00
9.787270612732901220e-01 2.369803335955277248e+02 2.356194490192261792e+00
1.077980313467283846e+00 2.382031094893302168e+02 2.356194490192261792e+00
1.303007125989581461e+00 2.388159207683579552e+02 2.356194490192261792e+00
8.830258158688553127e-01 2.403395270397970478e+02 2.356194490192261792e+00
2.141460471438777713e+00 2.408425795824729789e+02 2.356194490192261792e+00
1.056813995863443267e+00 2.423263059759555063e+02 2.356194490192261792e+00
1.111858689599268590e+00 2.431015497475185043e+02 2.356194490192261792e+00
1.021313257887275894e+00 2.443322291669089736e+02 2.356194490192261792e+00
1.566212516138835387e+00 2.450165691133057635e+02 2.356194490192261792e+00
5.959141589023255747e-01 2.462700341615824868e+02 2.356194490192261792e+00
2.553521045550995350e+00 2.470484624690643614e+02 2.356194490192261792e+00
7.645598965427414795e-01 2.482998119204523846e+02 2.356194490192261792e+00
1.311416797171025328e+00 2.491610138610929823e+02 2.356194490192261792e+00
9.477079588835259916e-01 2.503287114753414926e+02 2.356194490192261792e+00
1.743994957613539176e+00 2.511946452707828428e+02 2.356194490192261792e+00
7.073096435227305134e-01 2.518501238953045629e+02 2.356194490192261792e+00
2.578172319109430788e+00 2.532324674407493035e+02 2.356194490192261792e+00
9.427902125849284554e-01 2.538199582015745648e+02 2.356194490192261792e+00
1.407639488332966593e+00 2.551839366858376081e+02 2.356194490192261792e+00
8.717742414323899069e-01 2.562321538476776368e+02 2.356194490192261792e+00
1.419713191177734535e+00 2.573249609076642628e+02 2.356194490192261792e+00
9.721754022671337259e-01 2.578616889220181179e+02 2.356194490192261792e+00
1.792866514471093131e+00 2.594388625834617415e+02 2.356194490192261792e+00
1.456419230284790922e+00 2.598532713688349531e+02 2.356194490192261792e+00
1.389836375521282585e+00 2.613704887700845916e+02 2.356194490192261792e+00
9.043581596805307932e-01 2.623178824806976763e+02 2.356194490192261792e+00
1.243121755634344350e+00 2.634929239460859662e+02 2.356194490192261792e+00
1.132606416609570621e+00 2.640425805317636900e+02 2.356194490192261792e+00
1.329527535840390629e+00 2.656385329017816730e+02 2.356194490192261792e+00
1.806428130772963492e+00 2.660492871484907482e+02 2.356194490192261792e+00
1.314168769706606454e+00 2.675942531528348809e+02 2.356194490192261792e+00
9.583493444227669800e-01 2.684653556379948895e+02 2.356194490192261792e+00
1.141550648057652717e+00 2.696772026880166777e+02 2.356194490192261792e+00
1.273849075154913191e+00 2.702580834757323487e+02 2.356194490192261792e+00
1.010551948764365493e+00 2.718152349910529892e+02 2.356194490192261792e+00
2.083271641131354990e+00 2.722775305268079933e+02 2.356194490192261792e+00
1.175506818135708897e+00 2.738021391059127723e+02 2.356194490192261792e+00
1.051997468744352293e+00 2.746024235796481321e+02 2.356194490192261792e+00
1.064366132022947831e+00 2.758338405873970487e+02 2.356194490192261792e+00
1.473530340708694819e+00 2.764695529609786036e+02 2.356194490192261792e+00
7.062662700432936758e-01 2.778755218860816854e+02 2.356194490192261792e+00
2.418350814444265140e+00 2.784982616078688125e+02 2.356194490192261792e+00
9.147523581155331263e-01 2.799033339898695658e+02 2.356194490192261792e+00
1.238376025115101031e+00 2.806851181470567553e+02 2.356194490192261792e+00
9.965784846922199902e-01 2.818920366245389459e+02 2.356194490192261792e+00
1.750397662641828056e+00 2.826586828972769467e+02 2.356194490192261792e+00
5.849849839095182524e-01 2.835280761593869556e+02 2.356194490192261792e+00
2.741067779080553546e+00 2.846838495268994507e+02 2.356194490192261792e+00
7.367495165290179893e-01 2.855059101462679791e+02 2.356194490192261792e+00
1.366716155188837378e+00 2.866829334338205513e+02 2.356194490192261792e+00
8.708032291884255649e-01 2.877847208178000074e+02 2.356194490192261792e+00
1.527098411582310300e+00 2.888043233997817083e+02 2.356194490192261792e+00
8.449351990991093020e-01 2.893727723753271448e+02 2.356194490192261792e+00
2.108183805610059913e+00 2.908944484396568555e+02 2.356194490192261792e+00
1.198461633434274143e+00 2.913571241665281946e+02 2.356194490192261792e+00
1.369485225267494277e+00 2.928194386144502346e+02 2.356194490192261792e+00
8.701619899329636754e-01 2.937983159249878895e+02 2.356194490192261792e+00
1.268068150470640587e+00 2.949491925950180189e+02 2.356194490192261792e+00
1.015372407270758393e+00 2.955082073098496949e+02 2.356194490192261792e+00
1.510252538941641021e+00 2.971009098921594500e+02 2.356194490192261792e+00
1.579704662701085116e+00 2.975082346249412808e+02 2.356194490192261792e+00
1.288173483840811206e+00 2.990272023622969186e+02 2.356194490192261792e+00
9.209514009952688429e-01 2.999100206795376380e+02 2.356194490192261792e+00
1.128960817690824125e+00 3.011141514442172138e+02 2.356194490192261792e+00
1.165773164517154292e+00 3.017018223816039040e+02 2.356194490192261792e+00
1.111226506599878761e+00 3.032822732501199425e+02 2.356194490192261792e+00
1.893769014787985094e+00 3.037189880087905749e+02 2.356194490192261792e+00
1.168083796718456968e+00 3.052343515533376603e+02 2.356194490192261792e+00
1.011775364328099558e+00 3.060427881316493881e+02 2.356194490192261792e+00
1.050571927658731308e+00 3.072713709649690372e+02 2.356194490192261792e+00
1.370340750114767969e+00 3.079049469034848698e+02 2.356194490192261792e+00
7.768959444705012540e-01 3.093766887079152070e+02 2.356194490192261792e+00
2.255111414568545136e+00 3.099357726275766254e+02 2.356194490192261792e+00
9.699349329797378738e-01 3.113785500391315963e+02 2.356194490192261792e+00
1.174718639648922425e+00 3.121504446925901561e+02 2.356194490192261792e+00
1.000859934737726942e+00 3.133723298856073711e+02 2.356194490192261792e+00
1.658497136215601131e+00 3.141005478571436242e+02 2.356194490192261792e+00
5.559433257837923525e-01 3.151682357519075595e+02 2.356194490192261792e+00
2.667768130466510179e+00 3.161311213644000873e+02 2.356194490192261792e+00
6.958193172116095004e-01 3.171803092130122081e+02 2.356194490192261792e+00
1.340332167674461283e+00 3.181830408346119725e+02 2.356194490192261792e+00
9.007952979630124979e-01 3.193211592790548252e+02 2.356194490192261792e+00
1.641275128884319034e+00 3.202678562882956044e+02 2.356194490192261792e+00
7.768037221993009389e-01 3.208667666954610809e+02 2.356194490192261792e+00
2.352507003797476681e+00 3.223306167448675978e+02 2.356194490192261792e+00
1.064021020209091839e+00 3.228455144354651907e+02 2.356194490192261792e+00
1.391454835435420812e+00 3.242659946145076333e+02 2.356194490192261792e+00
8.666283587783989439e-01 3.252811901584134944e+02 2.356194490192261792e+00
1.339561636343546969e+00 3.264045579668551227e+02 2.356194490192261792e+00
9.856757778964267969e-01 3.269534459199481944e+02 2.356194490192261792e+00
1.657169751748339026e+00 3.285388343615667850e+02 2.356194490192261792e+00
1.503335573056412189e+00 3.289486489351540399e+02 2.356194490192261792e+00
1.335107090612248415e+00 3.304656263640393377e+02 2.356194490192261792e+00
9.065459495867107531e-01 3.313801318691656093e+02 2.356194490192261792e+00
1.178225118593117404e+00 3.325706796382835932e+02 2.356194490192261792e+00
1.132387157918450127e+00 3.331417706606526394e+02 2.356194490192261792e+00
1.228608648633161327e+00 3.347330259809801873e+02 2.356194490192261792e+00
1.822053625379753905e+00 3.351532468878433519e+02 2.356194490192261792e+00
1.232264435087560894e+00 3.366813214505567089e+02 2.356194490192261792e+00
9.780977402933340725e-01 3.375168608752832142e+02 2.356194490192261792e+00
1.084261483263272652e+00 3.387390121617413001e+02 2.356194490192261792e+00
1.304089430994675336e+00 3.393485611263322426e+02 2.356194490192261792e+00
8.915018136876088350e-01 3.408744547273936973e+02 2.356194490192261792e+00
2.142646523943724013e+00 3.413745326441517136e+02 2.356194490192261792e+00
1.067296948672381340e+00 3.428624671422029451e+02 2.356194490192261792e+00
1.108063311472553769e+00 3.436388995468990970e+02 2.356194490192261792e+00
1.025272972613830769e+00 3.448700151035277486e+02 2.356194490192261792e+00
1.562433295825339297e+00 3.455500662519592652e+02 2.356194490192261792e+00
6.016189572907775229e-01 3.468148253026295720e+02 2.356194490192261792e+00
2.548594446089200272e+00 3.475815384535271164e+02 2.356194490192261792e+00
7.731641702621817602e-01 3.488454271480787838e+02 2.356194490192261792e+00
1.309154638441259344e+00 3.496988451810659626e+02 2.356194490192261792e+00
9.516505282045198966e-01 3.508686390776103394e+02 2.356194490192261792e+00
1.750504130008139203e+00 3.517284523105458902e+02 2.356194490192261792e+00
7.021071473156169640e-01 3.523895309343329814e+02 2.356194490192261792e+00
2.593394150835378387e+00 3.537646290009074050e+02 2.356194490192261792e+00
9.341364265928302490e-01 3.543585595544852822e+02 2.356194490192261792e+00
1.408342470466526830e+00 3.557175176248078401e+02 2.356194490192261792e+00
8.723470731830323954e-01 3.567680009929726452e+02 2.356194490192261792e+00
1.425737716833370472e+00 3.578584128123345636e+02 2.356194490192261792e+00
9.712829427470861532e-01 3.583943024906857318e+02 2.356194490192261792e+00
1.802691657114663171e+00 3.599708060853002962e+02 2.356194490192261792e+00
1.453218805099334210e+00 3.603856433703209063e+02 2.356194490192261792e+00
1.393727645876173815e+00 3.619028088081114447e+02 2.356194490192261792e+00
9.045261726386496504e-01 3.628525159159444229e+02 2.356194490192261792e+00
1.248134765679775660e+00 3.640263887302953094e+02 2.356194490192261792e+00
1.133596258995771766e+00 3.645743696255298687e+02 2.356194490192261792e+00
1.335943955584162124e+00 3.661705445116265309e+02 2.356194490192261792e+00
1.807008554112649268e+00 3.665807802563126643e+02 2.356194490192261792e+00
1.320562830749552274e+00 3.681270877545017015e+02 2.356194490192261792e+00
9.574587986901340608e-01 3.690010200370379039e+02 2.356194490192261792e+00
1.146561565233157109e+00 3.702119630940397883e+02 2.356194490192261792e+00
1.273149803048885254e+00 3.707905860760749306e+02 2.356194490192261792e+00
1.018872676747403672e+00 3.723493131942652781e+02 2.356194490192261792e+00
2.081280688811034008e+00 3.728095482031977781e+02 2.356194490192261792e+00
1.183905076750751295e+00 3.743366654409980470e+02 2.356194490192261792e+00
1.048440039028636361e+00 3.751393951709663952e+02 2.356194490192261792e+00
1.068051483706171423e+00 3.763705173234168910e+02 2.356194490192261792e+00
1.467865273032881168e+00 3.770030419402719417e+02 2.356194490192261792e+00
7.155742418891449796e-01 3.784170643044986946e+02 2.356194490192261792e+00
2.409575494446527077e+00 3.790313939333805706e+02 2.356194490192261792e+00
9.263009017284511426e-01 3.804443979384043359e+02 2.356194490192261792e+00
1.231980721123216327e+00 3.812236938601097904e+02 2.356194490192261792e+00
9.998819318884027973e-01 3.824330377539520782e+02 2.356194490192261792e+00
1.746236651818926511e+00 3.831930234760893654e+02 2.356194490192261792e+00
5.793918100706416663e-01 3.840828648348157799e+02 2.356194490192261792e+00
2.743444187578614191e+00 3.852178848713618891e+02 2.356194490192261792e+00
7.272621053605081709e-01 3.860635046152326026e+02 2.356194490192261792e+00
1.364970608330660973e+00 3.872222504918050277e+02 2.356194490192261792e+00
8.736343659821579344e-01 3.883283823027202288e+02 2.356194490192261792e+00
1.540624478523655139e+00 3.893406469361910354e+02 2.356194490192261792e+00
8.394425202868587288e-01 3.899104210691322692e+02 2.356194490192261792e+00
2.134218939480023280e+00 3.914275181834989326e+02 2.356194490192261792e+00
1.186295854999617871e+00 3.918942510572879314e+02 2.356194490192261792e+00
1.373961722784661221e+00 3.933535478186632872e+02 2.356194490192261792e+00
8.701769181927376806e-01 3.943367561851359824e+02 2.356194490192261792e+00
1.277029482546603978e+00 3.954847800760799714e+02 2.356194490192261792e+00
1.014057274680671084e+00 3.960418462198518341e+02 2.356194490192261792e+00
1.525935486149904596e+00 3.976341488029722768e+02 2.356194490192261792e+00
1.574647791825215970e+00 3.980413242908717280e+02 2.356194490192261792e+00
1.296074739805727738e+00 3.995610752320894221e+02 2.356194490192261792e+00
9.194597756887535889e-01 4.004481379822842655e+02 2.356194490192261792e+00
1.136070030393219188e+00 4.016506758225382328e+02 2.356194490192261792e+00
1.163005295467487210e+00 4.022356430104886158e+02 2.356194490192261792e+00
1.125838298441274477e+00 4.038177376499500610e+02 2.356194490192261792e+00
1.887306019584958028e+00 4.042520329324299837e+02 2.356194490192261792e+00
1.178253775045217999e+00 4.057699192999331217e+02 2.356194490192261792e+00
1.007188565439369965e+00 4.065819025248923140e+02 2.356194490192261792e+00
1.055497830661309200e+00 4.078098252454038857e+02 2.356194490192261792e+00
1.362123419058713925e+00 4.084396143124387777e+02 2.356194490192261792e+00
7.916662170902343254e-01 4.099197864045795541e+02 2.356194490192261792e+00
2.241472324671706762e+00 4.104697656766291516e+02 2.356194490192261792e+00
9.841923974617416970e-01 4.119201542426941387e+02 2.356194490192261792e+00
1.165797033450276965e+00 4.126914042572198582e+02 2.356194490192261792e+00
1.004600186826136277e+00 4.139151839284351695e+02 2.356194490192261792e+00
1.647896968638888904e+00 4.146360237895748355e+02 2.356194490192261792e+00
5.580049449612439760e-01 4.157317756615648818e+02 2.356194490192261792e+00
2.656929447388466148e+00 4.166665972189335889e+02 2.356194490192261792e+00
7.002072489028379199e-01 4.177478657510880566e+02 2.356194490192261792e+00
1.338776792635686608e+00 4.187270306065741465e+02 2.356194490192261792e+00
9.082916748024778553e-01 4.198691820388914380e+02 2.356194490192261792e+00
1.661667820821796759e+00 4.208049085105446920e+02 2.356194490192261792e+00
7.735247609670539148e-01 4.214052018888746716e+02 2.356194490192261792e+00
2.384325796224371796e+00 4.228630166794235379e+02 2.356194490192261792e+00
1.056862813721673566e+00 4.233828247001669070e+02 2.356194490192261792e+00
1.400990495969865135e+00 4.248005268913240684e+02 2.356194490192261792e+00
8.703943219772576345e-01 4.258210263024353139e+02 2.356194490192261792e+00
1.356465006732737066e+00 4.269406076346335226e+02 2.356194490192261792e+00
9.954288568715754515e-01 4.274836968711639997e+02 2.356194490192261792e+00
1.670505136037578442e+00 4.290698026126675018e+02 2.356194490192261792e+00
1.517049278150604419e+00 4.294785938116082775e+02 2.356194490192261792e+00
1.355784117753988438e+00 4.310003796148458264e+02 2.356194490192261792e+00
9.093716911035284456e-01 4.319231246003502065e+02 2.356194490192261792e+00
1.197897863001617713e+00 4.331105754134589461e+02 2.356194490192261792e+00
1.143591539614550179e+00 4.336740598958213013e+02 2.356194490192261792e+00
1.246564174477124753e+00 4.352661171787343619e+02 2.356194490192261792e+00
1.837935775093286317e+00 4.356844534446584589e+02 2.356194490192261792e+00
1.260384837775343936e+00 4.372200972825098688e+02 2.356194490192261792e+00
9.746426866179463966e-01 4.380654143556863005e+02 2.356194490192261792e+00
1.102507996337043217e+00 4.392852722184825893e+02 2.356194490192261792e+00
1.302865987176444307e+00 4.398853627997777949e+02 2.356194490192261792e+00
9.204387767880335414e-01 4.414192808821823633e+02 2.356194490192261792e+00
2.138562456680138890e+00 4.419093270328834251e+02 2.356194490192261792e+00
1.099543604982026190e+00 4.434095441762069640e+02 2.356194490192261792e+00
1.094300878389000919e+00 4.441907807842930538e+02 2.356194490192261792e+00
1.037000402798446297e+00 4.454228802709498041e+02 2.356194490192261792e+00
1.545012408984504537e+00 4.460896786071278370e+02 2.356194490192261792e+00
6.233176116227463481e-01 4.473930965428150444e+02 2.356194490192261792e+00
2.524597301411223516e+00 4.481201465371323138e+02 2.356194490192261792e+00
8.052330532942041375e-01 4.494253934456314141e+02 2.356194490192261792e+00
1.297570875078054353e+00 4.502542630282270579e+02 2.356194490192261792e+00
9.642011204272038505e-01 4.514324416673941869e+02 2.356194490192261792e+00
1.765576137161512182e+00 4.522698995328134970e+02 2.356194490192261792e+00
6.762891264317963946e-01 4.529615018474585781e+02 2.356194490192261792e+00
2.645916721734654864e+00 4.543014291573163064e+02 2.356194490192261792e+00
8.911785839174217738e-01 4.549283285776489834e+02 2.356194490192261792e+00
1.403105412083541559e+00 4.562606720149802300e+02 2.356194490192261792e+00
8.708774884770792424e-01 4.573202484834896495e+02 2.356194490192261792e+00
1.443220255970210086e+00 4.583999281656343214e+02 2.356194490192261792e+00
9.514419508556813954e-01 4.589386444239120806e+02 2.356194490192261792e+00
1.853265516120738532e+00 4.605087394019451494e+02 2.356194490192261792e+00
1.411666689339301506e+00 4.609286958794034490e+02 2.356194490192261792e+00
1.391822258856289407e+00 4.624386511608650494e+02 2.356194490192261792e+00
8.992856712174431832e-01 4.633933005388627748e+02 2.356194490192261792e+00
1.252512231247556507e+00 4.645637024895310105e+02 2.356194490192261792e+00
1.116222348357669647e+00 4.651122828718216624e+02 2.356194490192261792e+00
1.363758868484477471e+00 4.667091673946767969e+02 2.356194490192261792e+00
1.773427212261835750e+00 4.671177159677418445e+02 2.356194490192261792e+00
1.319393955502933036e+00 4.686610513449556947e+02 2.356194490192261792e+00
9.519333164693252192e-01 4.695376449907366805e+02 2.356194490192261792e+00
1.146708044343081490e+00 4.707472210522086584e+02 2.356194490192261792e+00
1.257515317897376139e+00 4.713258556373314150e+02 2.356194490192261792e+00
1.036442350249900279e+00 4.728891603397017320e+02 2.356194490192261792e+00
2.053831828976633744e+00 4.733444169299330042e+02 2.356194490192261792e+00
1.187726065552598742e+00 4.748717614544474941e+02 2.356194490192261792e+00
1.041082907674765412e+00 4.756770042437263442e+02 2.356194490192261792e+00
1.068373320225997070e+00 4.769075875888561313e+02 2.356194490192261792e+00
1.450686535270324207e+00 4.775379951010800141e+02 2.356194490192261792e+00
7.303549047224923152e-01 4.789660708801022224e+02 2.356194490192261792e+00
2.382807588276841138e+00 4.795665191825322040e+02 2.356194490192261792e+00
9.416126884039370815e-01 4.809900151928256378e+02 2.356194490192261792e+00
1.219291492739418947e+00 4.817662648311580256e+02 2.356194490192261792e+00
1.002841408541732093e+00 4.829794230192380837e+02 2.356194490192261792e+00
1.731816784013200605e+00 4.837296418834849874e+02 2.356194490192261792e+00
5.699666369287820222e-01 4.846598222366990285e+02 2.356194490192261792e+00
2.737759872725105126e+00 4.857550392790937508e+02 2.356194490192261792e+00
7.119865994573179035e-01 4.866473136514913449e+02 2.356194490192261792e+00
1.359987434127199579e+00 4.877698498648536543e+02 2.356194490192261792e+00
8.788567968011308240e-01 4.888840392585692030e+02 2.356194490192261792e+00
1.564793368955747610e+00 4.898817905589513089e+02 2.356194490192261792e+00
8.258472003870825917e-01 4.904563020930345374e+02 2.356194490192261792e+00
2.185249174461308286e+00 4.919628692246852779e+02 2.356194490192261792e+00
1.158308793948854776e+00 4.924390777701357820e+02 2.356194490192261792e+00
1.379190756271862162e+00 4.938907073373486014e+02 2.356194490192261792e+00
8.690993052867411750e-01 4.948815999191698438e+02 2.356194490192261792e+00
1.291615967497822259e+00 4.960241399585402178e+02 2.356194490192261792e+00
1.007587134447881727e+00 4.965789552065215275e+02 2.356194490192261792e+00
1.556572442900833630e+00 4.981699948930881874e+02 2.356194490192261792e+00
1.558269497163648820e+00 4.985773711230471008e+02 2.356194490192261792e+00
1.306141668325419891e+00 5.000969006129968761e+02 2.356194490192261792e+00
9.159903955264127040e-01 5.009906286147527226e+02 2.356194490192261792e+00
1.146048313438369437e+00 5.021904225696373487e+02 2.356194490192261792e+00
1.155041414868123395e+00 5.027718693556389553e+02 2.356194490192261792e+00
1.150955094708232318e+00 5.043567031498618576e+02 2.356194490192261792e+00
1.870769708961494082e+00 5.047870272890600063e+02 2.356194490192261792e+00
1.191894636756023917e+00 5.063077731363636076e+02 2.356194490192261792e+00
9.994276725573556508e-01 5.071252655700521359e+02 2.356194490192261792e+00
1.062071545522448091e+00 5.083519900798606841e+02 2.356194490192261792e+00
1.346850379249692642e+00 5.089765717437969101e+02 2.356194490192261792e+00
8.157824682845991049e-01 5.104697782285795711e+02 2.356194490192261792e+00
2.216002004860205155e+00 5.110057714533710396e+02 2.356194490192261792e+00
1.005479357324429168e+00 5.124668907364609822e+02 2.356194490192261792e+00
1.151000534716013712e+00 5.132380321775664243e+02 2.356194490192261792e+00
1.009705131069755346e+00 5.144643862622058350e+02 2.356194490192261792e+00
1.627833113242804997e+00 5.151742408930323336e+02 2.356194490192261792e+00
5.640126664985543048e-01 5.163153574870002558e+02 2.356194490192261792e+00
2.633939939663328289e+00 5.172050996656843154e+02 2.356194490192261792e+00
7.117411597139695623e-01 5.183371994853101796e+02 2.356194490192261792e+00
1.334391569908214947e+00 5.192796380901056637e+02 2.356194490192261792e+00
9.200235304151742621e-01 5.204282904328553059e+02 2.356194490192261792e+00
1.691417642071915584e+00 5.213456727135026085e+02 2.356194490192261792e+00
7.635450723052593647e-01 5.219521472775145412e+02 2.356194490192261792e+00
2.436930090537903215e+00 5.233969418082939455e+02 2.356194490192261792e+00
1.038226122455054412e+00 5.239277432916462658e+02 2.356194490192261792e+00
1.411537609128133086e+00 5.253378037181850004e+02 2.356194490192261792e+00
8.745732448467222753e-01 5.263661804248953331e+02 2.356194490192261792e+00
1.380053407336711446e+00 5.274794821525458701e+02 2.356194490192261792e+00
1.004687445451222905e+00 5.280154975728795534e+02 2.356194490192261792e+00
1.693705063552080947e+00 5.296018590199291793e+02 2.356194490192261792e+00
1.528165968261928853e+00 5.300097976566986517e+02 2.356194490192261792e+00
1.381779804069042994e+00 5.315367210273109322e+02 2.356194490192261792e+00
9.125992427260047890e-01 5.324706703865729196e+02 2.356194490192261792e+00
1.224316692147043639e+00 5.336535489373185328e+02 2.356194490192261792e+00
1.157456539472737411e+00 5.342069504814984384e+02 2.356194490192261792e+00
1.270888702701602702e+00 5.358000697915615547e+02 2.356194490192261792e+00
1.857185037748374512e+00 5.362159203585682690e+02 2.356194490192261792e+00
1.297870926258724911e+00 5.377612209213638153e+02 2.356194490192261792e+00
9.701942761823082462e-01 5.386206016808116601e+02 2.356194490192261792e+00
1.128351834779217855e+00 5.398367530828509189e+02 2.356194490192261792e+00
1.301661069978635288e+00 5.404240565881931389e+02 2.356194490192261792e+00
9.605126776418021484e-01 5.419677886645444005e+02 2.356194490192261792e+00
2.133322961082708247e+00 5.424453634934939146e+02 2.356194490192261792e+00
1.144410868709704099e+00 5.439612848673136796e+02 2.356194490192261792e+00
1.075208981093351390e+00 5.447515762716571999e+02 2.356194490192261792e+00
1.054223223273328847e+00 5.459840080369212956e+02 2.356194490192261792e+00
1.518555215494263644e+00 5.466329773432712500e+02 2.356194490192261792e+00
6.597984603562008221e-01 5.479867627131529844e+02 2.356194490192261792e+00
2.486518243020919616e+00 5.486619970905549053e+02 2.356194490192261792e+00
8.567492823416902326e-01 5.500197973376127720e+02 2.356194490192261792e+00
1.275029436672091565e+00 5.508211962996480224e+02 2.356194490192261792e+00
9.814730342187999446e-01 5.520126908813550699e+02 2.356194490192261792e+00
1.773166546990758263e+00 5.528166291642842225e+02 2.356194490192261792e+00
6.333765082057342122e-01 5.535730021243239207e+02 2.356194490192261792e+00
2.709835631331743766e+00 5.548432832611873664e+02 2.356194490192261792e+00
8.190021667992218868e-01 5.555395511621912874e+02 2.356194490192261792e+00
1.388472676890546209e+00 5.568160902886048689e+02 2.356194490192261792e+00
8.677998317428418096e-01 5.578921153985827459e+02 2.356194490192261792e+00
1.472337095718722955e+00 5.589503450283358461e+02 2.356194490192261792e+00
9.069232128095520151e-01 5.594995303128913520e+02 2.356194490192261792e+00
1.951853374237174199e+00 5.610532186633423635e+02 2.356194490192261792e+00
1.322173971956471128e+00 5.614872011778466003e+02 2.356194490192261792e+00
1.378936954080987487e+00 5.629789448689914479e+02 2.356194490192261792e+00
8.863431664747960514e-01 5.639410106016341615e+02 2.356194490192261792e+00
1.252931304515652489e+00 5.651050949029601043e+02 2.356194490192261792e+00
1.072372039987169678e+00 5.656591285871877517e+02 2.356194490192261792e+00
1.417683099060131680e+00 5.672557680108060367e+02 2.356194490192261792e+00
1.691113268215791221e+00 5.676626713810615001e+02 2.356194490192261792e+00
1.301276573386215718e+00 5.691952604397957884e+02 2.356194490192261792e+00
9.399091660097605994e-01 5.700718475974581452e+02 2.356194490192261792e+00
1.134961690714299198e+00 5.712801190805744227e+02 2.356194490192261792e+00
1.220017688553957091e+00 5.718642043537652171e+02 2.356194490192261792e+00
1.060087795695655366e+00 5.734345092227858913e+02 2.356194490192261792e+00
1.989574098957083592e+00 5.738827734644457905e+02 2.356194490192261792e+00
1.174992210425370276e+00 5.754040356577061175e+02 2.356194490192261792e+00
1.031351801412599745e+00 5.762089941698070561e+02 2.356194490192261792e+00
1.058964459704554661e+00 5.774390616272648913e+02 2.356194490192261792e+00
1.421447715876704487e+00 5.780725257027194175e+02 2.356194490192261792e+00
7.429255030388494108e-01 5.795151925199648986e+02 2.356194490192261792e+00
2.336903446139190876e+00 5.801023914557886201e+02 2.356194490192261792e+00
9.482757624804750707e-01 5.815312117073494846e+02 2.356194490192261792e+00
1.204578882425092479e+00 5.823058323137327079e+02 2.356194490192261792e+00
1.000962598235680234e+00 5.835220609565384393e+02 2.356194490192261792e+00
1.706707962155319391e+00 5.842657854407303830e+02 2.356194490192261792e+00
5.615712334868052658e-01 5.852416979403773212e+02 2.356194490192261792e+00
2.716377098931924028e+00 5.862932842419724011e+02 2.356194490192261792e+00
7.000324790277923093e-01 5.872381251374675912e+02 2.356194490192261792e+00
1.352078817154623191e+00 5.883199315642345937e+02 2.356194490192261792e+00
8.841719964819394484e-01 5.894427029339327646e+02 2.356194490192261792e+00
1.588060216392884527e+00 5.904238356889027273e+02 2.356194490192261792e+00
8.057436403246567291e-01 5.910076556755233241e+02 2.356194490192261792e+00
2.242915186260360905e+00 5.924992807295682269e+02 2.356194490192261792e+00
1.119745803595200595e+00 5.929892082794754060e+02 2.356194490192261792e+00
1.379434421299128743e+00 5.944289948708601514e+02 2.356194490192261792e+00
8.658352359489759342e-01 5.954275880929403684e+02 2.356194490192261792e+00
1.303383081953365163e+00 5.965639091449155558e+02 2.356194490192261792e+00
9.929210456008877861e-01 5.971189988264982276e+02 2.356194490192261792e+00
1.592707729481744883e+00 5.987075158501763781e+02 2.356194490192261792e+00
1.527265340699928808e+00 5.991161608020585163e+02 2.356194490192261792e+00
1.308194299156128615e+00 6.006322498103489806e+02 2.356194490192261792e+00
9.105195041611604534e-01 6.015307735314125921e+02 2.356194490192261792e+00
1.150151852752736348e+00 6.027281248908677753e+02 2.356194490192261792e+00
1.140072002228290859e+00 6.033087560588938913e+02 2.356194490192261792e+00
1.174641972869436612e+00 6.048961481992155313e+02 2.356194490192261792e+00
1.842667011518932085e+00 6.053229208398139463e+02 2.356194490192261792e+00
1.195932157882986013e+00 6.068432373996175784e+02 2.356194490192261792e+00
9.920266965674772175e-01 6.076640420130397615e+02 2.356194490192261792e+00
1.063264216567366915e+00 6.088897707052656187e+02 2.356194490192261792e+00
1.329408492527217156e+00 6.095123309708517354e+02 2.356194490192261792e+00
8.344338322256137364e-01 6.110157545406050303e+02 2.356194490192261792e+00
2.187031758864243169e+00 6.115411590438177427e+02 2.356194490192261792e+00
1.017575923118495540e+00 6.130080856134052283e+02 2.356194490192261792e+00
1.138775205292979598e+00 6.137797429507741072e+02 2.356194490192261792e+00
1.011287044357642273e+00 6.150075824203136108e+02 2.356194490192261792e+00
1.607379988438144114e+00 6.157106635495076716e+02 2.356194490192261792e+00
5.706562254109763810e-01 6.168873240243312921e+02 2.356194490192261792e+00
2.608037671969262394e+00 6.177422932445723518e+02 2.356194490192261792e+00
7.239547131049537398e-01 6.189125055589603335e+02 2.356194490192261792e+00
1.328036480925735008e+00 6.198279562230518422e+02 2.356194490192261792e+00
9.279870521937699790e-01 6.209822181297955694e+02 2.356194490192261792e+00
1.709019441924798599e+00 6.218845219840338814e+02 2.356194490192261792e+00
7.478177817706244124e-01 6.225028949975821888e+02 2.356194490192261792e+00
2.480405639864440293e+00 6.239314872165164161e+02 2.356194490192261792e+00
1.011041863415794939e+00 6.244768403171805176e+02 2.356194490192261792e+00
1.411718111320074076e+00 6.258750767595209936e+02 2.356194490192261792e+00
8.740315113346506237e-01 6.269092755807765798e+02 2.356194490192261792e+00
1.392177496653815183e+00 6.280169378071470874e+02 2.356194490192261792e+00
9.972137412486076213e-01 6.285523088775451015e+02 2.356194490192261792e+00
1.720926288352215838e+00 6.301366068243061136e+02 2.356194490192261792e+00
1.510803245821110918e+00 6.305458416506137382e+02 2.356194490192261792e+00
1.386435698627606072e+00 6.320709204413275302e+02 2.356194490192261792e+00
9.107694836112272263e-01 6.330093774991221380e+02 2.356194490192261792e+00
1.231652787592238729e+00 6.341898495401082982e+02 2.356194490192261792e+00
1.152510865191013645e+00 6.347412468621586186e+02 2.356194490192261792e+00
1.288004829244205007e+00 6.363353224349021957e+02 2.356194490192261792e+00
1.846263526799912125e+00 6.367495092497863425e+02 2.356194490192261792e+00
1.305990082362680882e+00 6.382957778864406464e+02 2.356194490192261792e+00
9.666884631290039165e-01 6.391596450103018014e+02 2.356194490192261792e+00
1.134452314653770832e+00 6.403743042089337223e+02 2.356194490192261792e+00
1.294452218525843357e+00 6.409585950078887890e+02 2.356194490192261792e+00
9.773904777326797300e-01 6.425068890491811544e+02 2.356194490192261792e+00
2.120083091836381328e+00 6.429791676443178403e+02 2.356194490192261792e+00
1.157372723460133424e+00 6.444990603643750546e+02 2.356194490192261792e+00
1.067112308470432813e+00 6.452929563456287951e+02 2.356194490192261792e+00
1.058716548475947539e+00 6.465251606883060731e+02 2.356194490192261792e+00
1.503993623198668361e+00 6.471687536285460283e+02 2.356194490192261792e+00
6.756524380871511415e-01 6.485417407650579662e+02 2.356194490192261792e+00
2.464788648345585198e+00 6.491975707449893207e+02 2.356194490192261792e+00
8.776169722972394505e-01 6.505736328059145990e+02 2.356194490192261792e+00
1.263030502122383547e+00 6.513667227745521586e+02 2.356194490192261792e+00
9.873193226027034974e-01 6.525638840423345073e+02 2.356194490192261792e+00
1.768520533086414881e+00 6.533542769879195475e+02 2.356194490192261792e+00
6.146298533852828649e-01 6.541468785328651165e+02 2.356194490192261792e+00
2.727141466126287384e+00 6.553799703446567264e+02 2.356194490192261792e+00
7.870931197521195966e-01 6.561157495609251100e+02 2.356194490192261792e+00
1.380164857446580573e+00 6.573607480228657778e+02 2.356194490192261792e+00
8.670784074270805331e-01 6.584452884790357530e+02 2.356194490192261792e+00
1.487835758003925868e+00 6.594914699219120848e+02 2.356194490192261792e+00
8.833340067354753522e-01 6.600476150021136164e+02 2.356194490192261792e+00
2.003919727098156578e+00 6.615909208135707331e+02 2.356194490192261792e+00
1.275546220395529451e+00 6.620341162767163041e+02 2.356194490192261792e+00
1.371945741122732709e+00 6.635152988134364023e+02 2.356194490192261792e+00
8.793872347311866289e-01 6.644816995702568647e+02 2.356194490192261792e+00
1.253636930134472749e+00 6.656420274042523033e+02 2.356194490192261792e+00
1.048712725919005440e+00 6.661992816693256145e+02 2.356194490192261792e+00
1.447368649426640008e+00 6.677948892154416853e+02 2.356194490192261792e+00
1.646487024253187936e+00 6.682017077720961424e+02 2.356194490192261792e+00
1.290841520371545981e+00 6.697280925689007063e+02 2.356194490192261792e+00
9.330112489186338509e-01 6.706046580117600797e+02 2.356194490192261792e+00
1.128151395424022096e+00 6.718121677778233334e+02 2.356194490192261792e+00
1.199024730420221729e+00 6.723994217169910144e+02 2.356194490192261792e+00
1.072732961123963102e+00 6.739731210308367508e+02 2.356194490192261792e+00
1.953478675825866206e+00 6.744179284248220938e+02 2.356194490192261792e+00
1.166323956751919244e+00 6.759352739978013460e+02 2.356194490192261792e+00
1.026077985331764086e+00 6.767397090229675314e+02 2.356194490192261792e+00
1.052844899333952089e+00 6.779695076116114478e+02 2.356194490192261792e+00
1.405252887004216245e+00 6.786052152625975395e+02 2.356194490192261792e+00
7.486936439849684044e-01 6.800548909933760342e+02 2.356194490192261792e+00
2.311283987248812455e+00 6.806358715312394452e+02 2.356194490192261792e+00
9.494990085778644007e-01 6.820660969168594647e+02 2.356194490192261792e+00
1.197248275938410655e+00 6.828402125186667035e+02 2.356194490192261792e+00
9.989849359165439147e-01 6.840576617681086873e+02 2.356194490192261792e+00
1.692611260951167207e+00 6.847990907118751238e+02 2.356194490192261792e+00
5.584677117513492384e-01 6.857972597262253203e+02 2.356194490192261792e+00
2.702255433969775744e+00 6.868278706306239201e+02 2.356194490192261792e+00
6.963366390052307953e-01 6.877979684188757119e+02 2.356194490192261792e+00
1.347869096764398034e+00 6.888603087299968593e+02 2.356194490192261792e+00
8.868339943513301460e-01 6.899870971314445569e+02 2.356194490192261792e+00
1.598516125925363296e+00 6.909600522128901048e+02 2.356194490192261792e+00
7.952206444581733091e-01 6.915494248116954168e+02 2.356194490192261792e+00
2.270596074153011124e+00 6.930329232224471525e+02 2.356194490192261792e+00
1.100123917648028415e+00 6.935303772444557353e+02 2.356194490192261792e+00
1.378639286141408515e+00 6.949636646087935787e+02 2.356194490192261792e+00
8.639812517082454679e-01 6.959659154431010393e+02 2.356194490192261792e+00
1.308519199123101995e+00 6.970991087629427057e+02 2.356194490192261792e+00
9.846063022994869796e-01 6.976548470356648295e+02 2.356194490192261792e+00
1.610798667982523469e+00 6.992418093534652144e+02 2.356194490192261792e+00
1.510138566701423768e+00 6.996513867812211629e+02 2.356194490192261792e+00
1.307700348483274322e+00 7.011652238871200780e+02 2.356194490192261792e+00
9.075639721225875478e-01 7.020656876299116220e+02 2.356194490192261792e+00
1.151026756903957171e+00 7.032619266703181893e+02 2.356194490192261792e+00
1.131711841816474662e+00 7.038426896588080126e+02 2.356194490192261792e+00
1.185611010489124428e+00 7.054311724212601575e+02 2.356194490192261792e+00
1.827235123441574016e+00 7.058564143824098664e+02 2.356194490192261792e+00
1.195927978614923726e+00 7.073758759820565274e+02 2.356194490192261792e+00
9.885909641374729384e-01 7.081977855120875347e+02 2.356194490192261792e+00
1.062730690085774254e+00 7.094230935590948093e+02 2.356194490192261792e+00
1.320758412031585616e+00 7.100453330346739449e+02 2.356194490192261792e+00
8.420990797063608868e-01 7.115529791195941698e+02 2.356194490192261792e+00
2.172664269747494714e+00 7.120740897575021791e+02 2.356194490192261792e+00
1.021251428571068764e+00 7.135427288566764901e+02 2.356194490192261792e+00
1.133614495402160749e+00 7.143146856061927110e+02 2.356194490192261792e+00
1.011261888570213374e+00 7.155430056923805751e+02 2.356194490192261792e+00
1.597818568745448697e+00 7.162438047689109908e+02 2.356194490192261792e+00
5.738360365564384447e-01 7.174348760646472556e+02 2.356194490192261792e+00
2.595413532781582155e+00 7.182758768168008601e+02 2.356194490192261792e+00
7.295970797455781920e-01 7.194609866103993454e+02 2.356194490192261792e+00
1.324634109960796335e+00 7.203660461311565086e+02 2.356194490192261792e+00
9.308649021142396673e-01 7.215227876123225315e+02 2.356194490192261792e+00
1.714444646189232202e+00 7.224187737378579186e+02 2.356194490192261792e+00
7.392678365122447026e-01 7.230442093570667339e+02 2.356194490192261792e+00
2.498477911640384796e+00 7.244642769626063910e+02 2.356194490192261792e+00
9.965340721913852340e-01 7.250175116814012881e+02 2.356194490192261792e+00
1.409613214232590339e+00 7.264091121871816767e+02 2.356194490192261792e+00
8.727480254411535965e-01 7.274457366647491199e+02 2.356194490192261792e+00
1.395538562210775213e+00 7.285507753375721904e+02 2.356194490192261792e+00
9.898017318990125490e-01 7.290873489147764985e+02 2.356194490192261792e+00
1.735278104807792543e+00 7.306700071205195854e+02 2.356194490192261792e+00
1.495907052803501669e+00 7.310804695321206736e+02 2.356194490192261792e+00
1.383848468453966474e+00 7.326030278334382047e+02 2.356194490192261792e+00
9.085918623043176545e-01 7.335421900860123969e+02 2.356194490192261792e+00
1.230729044732761013e+00 7.347219911669194516e+02 2.356194490192261792e+00
1.145290639368014673e+00 7.352743579499123143e+02 2.356194490192261792e+00
1.295295599836990164e+00 7.368688666192055052e+02 2.356194490192261792e+00
1.833100923682063899e+00 7.372824097557108871e+02 2.356194490192261792e+00
1.302823886554683952e+00 7.388270465261240361e+02 2.356194490192261792e+00
9.649524520469623390e-01 7.396906897783403565e+02 2.356194490192261792e+00
1.132326373055607682e+00 7.409052389953283182e+02 2.356194490192261792e+00
1.288800905498006077e+00 7.414904655107834515e+02 2.356194490192261792e+00
9.803314478773715868e-01 7.430400470991910424e+02 2.356194490192261792e+00
2.110604900263424177e+00 7.435111271243936244e+02 2.356194490192261792e+00
1.155711445957215755e+00 7.450302363464417112e+02 2.356194490192261792e+00
1.065624983067051890e+00 7.458241289305160535e+02 2.356194490192261792e+00
1.057416199097601872e+00 7.470562753681746244e+02 2.356194490192261792e+00
1.499592758836129081e+00 7.477002277472251990e+02 2.356194490192261792e+00
6.773750330873076209e-01 7.490760206809804913e+02 2.356194490192261792e+00
2.458116336089266607e+00 7.497293015713306659e+02 2.356194490192261792e+00
8.793273935296269661e-01 7.511070508875080805e+02 2.356194490192261792e+00
1.260681683054910129e+00 7.518993344711749387e+02 2.356194490192261792e+00
9.873380172177504965e-01 7.530973089825358784e+02 2.356194490192261792e+00
1.765611362852997024e+00 7.538861672016040529e+02 2.356194490192261792e+00
6.111693751182001311e-01 7.546858701895946524e+02 2.356194490192261792e+00
2.727485596614906527e+00 7.559120688433285977e+02 2.356194490192261792e+00
7.812417218142111430e-01 7.566556163002443327e+02 2.356194490192261792e+00
1.377844134848987823e+00 7.578943568129875530e+02 2.356194490192261792e+00
8.665687194540274696e-01 7.589804488627869432e+02 2.356194490192261792e+00
1.489734390875254721e+00 7.600243217186292668e+02 2.356194490192261792e+00
8.773456528416865297e-01 7.605826550033796138e+02 2.356194490192261792e+00
2.014181947813601159e+00 7.621233795990623321e+02 2.356194490192261792e+00
1.264231449572556398e+00 7.625689251362855430e+02 2.356194490192261792e+00
1.368862877230147435e+00 7.640473140458484522e+02 2.356194490192261792e+00
8.773672308173723344e-01 7.650141796435183323e+02 2.356194490192261792e+00
1.252174238148417107e+00 7.661738690543397752e+02 2.356194490192261792e+00
1.041956800149501872e+00 7.667325420694417062e+02 2.356194490192261792e+00
1.453197168662943461e+00 7.683277475132324525e+02 2.356194490192261792e+00
1.634210812079264219e+00 7.687347410812583348e+02 2.356194490192261792e+00
1.286018250760038395e+00 7.702590269133937682e+02 2.356194490192261792e+00
9.312638519263143344e-01 7.711347366624030428e+02 2.356194490192261792e+00
1.124683233962826989e+00 7.723423124455706557e+02 2.356194490192261792e+00
1.193344719346968619e+00 7.729311013010122906e+02 2.356194490192261792e+00
1.073522687425681132e+00 7.745053309433950517e+02 2.356194490192261792e+00
1.944003028574304182e+00 7.749497369583314139e+02 2.356194490192261792e+00
1.161390034699028240e+00 7.764652707859692100e+02 2.356194490192261792e+00
1.025524243871436259e+00 7.772688163857941390e+02 2.356194490192261792e+00
1.049938746383383803e+00 7.784986430711974208e+02 2.356194490192261792e+00
1.402192658758213861e+00 7.791359033535401295e+02 2.356194490192261792e+00
7.473407523912340977e-01 7.805855318697980465e+02 2.356194490192261792e+00
2.306480037999955268e+00 7.811669237868362643e+02 2.356194490192261792e+00
9.464923235940859714e-01 7.825955445447904140e+02 2.356194490192261792e+00
1.197025843595751704e+00 7.833699232641901062e+02 2.356194490192261792e+00
9.974581492228752344e-01 7.845871675285125093e+02 2.356194490192261792e+00
1.690255288212292539e+00 7.853297422955764659e+02 2.356194490192261792e+00
5.580676096820517129e-01 7.863281567159926908e+02 2.356194490192261792e+00
2.699078487919992941e+00 7.873589386773387560e+02 2.356194490192261792e+00
6.959745249547066859e-01 7.883290602735153243e+02 2.356194490192261792e+00
1.346803150991213727e+00 7.893912832986590047e+02 2.356194490192261792e+00
8.861110644561829286e-01 7.905181809142991369e+02 2.356194490192261792e+00
1.596727255081975771e+00 7.914910857759356304e+02 2.356194490192261792e+00
7.926162211441030170e-01 7.920821586028830552e+02 2.356194490192261792e+00
2.271354016384279806e+00 7.935643266522572503e+02 2.356194490192261792e+00
1.095816002929405286e+00 7.940631256973202881e+02 2.356194490192261792e+00
1.375912994998645722e+00 7.954949001603152965e+02 2.356194490192261792e+00
8.626408348473442178e-01 7.964968606675090541e+02 2.356194490192261792e+00
1.306087747163337420e+00 7.976300067829033651e+02 2.356194490192261792e+00
9.801904855717098464e-01 7.981872389049781304e+02 2.356194490192261792e+00
1.612377009451140930e+00 7.997736109381961569e+02 2.356194490192261792e+00
1.502534024900099130e+00 8.001836890708542569e+02 2.356194490192261792e+00
1.302878115105052803e+00 8.016958097428978363e+02 2.356194490192261792e+00
9.063219927833027212e-01 8.025949598340286002e+02 2.356194490192261792e+00
1.147116680306468073e+00 8.037915293672591588e+02 2.356194490192261792e+00
1.127613674105207409e+00 8.043739339578260115e+02 2.356194490192261792e+00
1.183924165011260632e+00 8.059624236588605299e+02 2.356194490192261792e+00
1.820669601928176284e+00 8.063878186415134905e+02 2.356194490192261792e+00
1.190017683578984853e+00 8.079054051669797900e+02 2.356194490192261792e+00
9.887165286861875346e-01 8.087257588852130539e+02 2.356194490192261792e+00
1.059150301982422659e+00 8.099513028916278472e+02 2.356194490192261792e+00
1.319420497857741958e+00 8.105754637195119585e+02 2.356194490192261792e+00
8.379851942405115439e-01 8.120819026821432089e+02 2.356194490192261792e+00
2.170721074901600378e+00 8.126046285901614965e+02 2.356194490192261792e+00
1.015594788015356187e+00 8.140707325744200489e+02 2.356194490192261792e+00
1.135251845319610986e+00 8.148424544565567658e+02 2.356194490192261792e+00
1.009049459871033338e+00 8.160704033580850592e+02 2.356194490192261792e+00
1.598532757041045471e+00 8.167735654808111576e+02 2.356194490192261792e+00
5.719153387124378263e-01 8.179592095151966760e+02 2.356194490192261792e+00
2.595978205760014035e+00 8.188059413172049972e+02 2.356194490192261792e+00
7.266087789942521358e-01 8.199846617753310056e+02 2.356194490192261792e+00
1.324682093154655904e+00 8.208940306876544355e+02 2.356194490192261792e+00
9.287341464745685338e-01 8.220500798834209490e+02 2.356194490192261792e+00
1.709534339162752881e+00 8.229485614631477119e+02 2.356194490192261792e+00
7.391968200190296434e-01 8.235741089061707498e+02 2.356194490192261792e+00
2.492013922668712578e+00 8.249951318499513491e+02 2.356194490192261792e+00
9.965334890673667179e-01 8.255477966701407695e+02 2.356194490192261792e+00
1.406844889764564677e+00 8.269395046134523000e+02 2.356194490192261792e+00
8.713336870006026524e-01 8.279751704717226630e+02 2.356194490192261792e+00
1.391155762565780440e+00 8.290808896981361613e+02 2.356194490192261792e+00
9.853965346315166629e-01 8.296194461107127154e+02 2.356194490192261792e+00
1.734480863323027977e+00 8.312015176291982925e+02 2.356194490192261792e+00
1.488743790879701212e+00 8.316125635316753915e+02 2.356194490192261792e+00
1.377223022559367349e+00 8.331331998702402188e+02 2.356194490192261792e+00
9.069858319942109004e-01 8.340701012329722062e+02 2.356194490192261792e+00
1.224303664408264103e+00 8.352507448715949749e+02 2.356194490192261792e+00
1.139343052625282127e+00 8.358057635163797841e+02 2.356194490192261792e+00
1.292592617582366099e+00 8.374002120563079643e+02 2.356194490192261792e+00
1.823652128910618009e+00 8.378140368584164435e+02 2.356194490192261792e+00
1.293070318937908247e+00 8.393559066262058650e+02 2.356194490192261792e+00
9.650821551624053640e-01 8.402161410582619965e+02 2.356194490192261792e+00
1.125292075515516688e+00 8.414315888086780433e+02 2.356194490192261792e+00
1.286421038019536667e+00 8.420201042829968401e+02 2.356194490192261792e+00
9.723111396066973500e-01 8.435682919333414702e+02 2.356194490192261792e+00
2.107461355244487411e+00 8.440414033937098566e+02 2.356194490192261792e+00
1.144677285927750310e+00 8.455568107844335373e+02 2.356194490192261792e+00
1.069189327878954598e+00 8.463481983983555210e+02 2.356194490192261792e+00
1.052600900202285805e+00 8.475804497826446777e+02 2.356194490192261792e+00
1.503804058139867950e+00 8.482285325964398908e+02 2.356194490192261792e+00
6.684860284400024888e-01 8.495951397068229198e+02 2.356194490192261792e+00
2.464375436245734630e+00 8.502581124872823466e+02 2.356194490192261792e+00
8.672322505877843035e-01 8.516259678519215868e+02 2.356194490192261792e+00
1.265971062017883231e+00 8.524224863352305874e+02 2.356194490192261792e+00
9.833864109334957693e-01 8.536177354489201434e+02 2.356194490192261792e+00
1.765662057615252856e+00 8.544137694993682999e+02 2.356194490192261792e+00
6.186484587929347301e-01 8.551971730198881687e+02 2.356194490192261792e+00
2.717969367397220726e+00 8.564405264758884186e+02 2.356194490192261792e+00
7.940372083115079249e-01 8.571659992167851669e+02 2.356194490192261792e+00
1.379915379835567002e+00 8.584189537182359118e+02 2.356194490192261792e+00
8.656586021594161462e-01 8.595010577894724975e+02 2.356194490192261792e+00
1.480128407249904798e+00 8.605505962730442207e+02 2.356194490192261792e+00
8.843330608490491684e-01 8.611073255804353721e+02 2.356194490192261792e+00
1.991590812948104805e+00 8.626519451862969845e+02 2.356194490192261792e+00
1.279009655273924739e+00 8.630940689356569919e+02 2.356194490192261792e+00
1.367639996647583400e+00 8.645756717459954643e+02 2.356194490192261792e+00
8.788454336535805878e-01 8.655394436324316985e+02 2.356194490192261792e+00
1.247586790543478097e+00 8.667012252664396783e+02 2.356194490192261792e+00
1.047276248308433466e+00 8.672603204737007445e+02 2.356194490192261792e+00
1.439565794411058475e+00 8.688558637840399115e+02 2.356194490192261792e+00
1.645491804690917714e+00 8.692630468168484867e+02 2.356194490192261792e+00
1.283830328856715441e+00 8.707880367281227336e+02 2.356194490192261792e+00
9.336156210763684182e-01 8.716615437203714691e+02 2.356194490192261792e+00
1.122478232602097226e+00 8.728700496160594184e+02 2.356194490192261792e+00
1.199264260647799007e+00 8.734596773812722859e+02 2.356194490192261792e+00
1.063419563175158400e+00 8.750321286444294628e+02 2.356194490192261792e+00
1.954959534141475386e+00 8.754787409643028013e+02 2.356194490192261792e+00
1.157656487942876122e+00 8.769935896237924453e+02 2.356194490192261792e+00
1.029300668667948893e+00 8.777954835600224897e+02 2.356194490192261792e+00
1.048777093138150818e+00 8.790256315870069557e+02 2.356194490192261792e+00
1.410247675707521298e+00 8.796645418985960987e+02 2.356194490192261792e+00
7.386870162340141155e-01 8.811073870836794413e+02 2.356194490192261792e+00
2.319360530428950185e+00 8.816957044148575733e+02 2.356194490192261792e+00
9.383890200572364559e-01 8.831191999457694237e+02 2.356194490192261792e+00
1.203373585920868960e+00 8.838947686602447220e+02 2.356194490192261792e+00
9.957950826047615722e-01 8.851103852373730660e+02 2.356194490192261792e+00
1.697893169644233424e+00 8.858577812560782831e+02 2.356194490192261792e+00
5.600148052263478338e-01 8.868360798614659188e+02 2.356194490192261792e+00
2.704961518998846071e+00 8.878867723307985216e+02 2.356194490192261792e+00
6.984969998605207175e-01 8.888335976830124991e+02 2.356194490192261792e+00
1.348214835831970770e+00 8.899135391660732921e+02 2.356194490192261792e+00
8.819544729147594797e-01 8.910369090275037252e+02 2.356194490192261792e+00
1.582948917298889091e+00 8.920173110175239799e+02 2.356194490192261792e+00
7.963930588440898406e-01 8.926069695538920996e+02 2.356194490192261792e+00
2.247426061451551771e+00 8.940938107495908298e+02 2.356194490192261792e+00
1.104098801569030952e+00 8.945885071894369958e+02 2.356194490192261792e+00
1.370318170083044906e+00 8.960229585413426321e+02 2.356194490192261792e+00
8.613081950164604983e-01 8.970207350540661082e+02 2.356194490192261792e+00
1.295612933780845299e+00 8.981567603637398634e+02 2.356194490192261792e+00
9.780015450230354901e-01 8.987167409273972680e+02 2.356194490192261792e+00
1.598630657643377528e+00 9.003033298077328936e+02 2.356194490192261792e+00
1.501456935820988381e+00 9.007135811159295145e+02 2.356194490192261792e+00
1.292356257687939269e+00 9.022239512899000147e+02 2.356194490192261792e+00
9.063888861352574766e-01 9.031182662036092097e+02 2.356194490192261792e+00
1.137485877742240081e+00 9.043166270712571304e+02 2.356194490192261792e+00
1.126488530399734289e+00 9.049025968914800160e+02 2.356194490192261792e+00
1.169438992936773003e+00 9.064900699497756023e+02 2.356194490192261792e+00
1.820842280835855531e+00 9.069172882281026205e+02 2.356194490192261792e+00
1.176800407033116835e+00 9.084314595231959402e+02 2.356194490192261792e+00
9.923765411194437336e-01 9.092473849198577227e+02 2.356194490192261792e+00
1.051801938477566534e+00 9.104737991176190235e+02 2.356194490192261792e+00
1.324843980240099750e+00 9.111025796005195616e+02 2.356194490192261792e+00
8.215819260654054768e-01 9.126020814507581917e+02 2.356194490192261792e+00
2.180303556806965304e+00 9.131327318046633081e+02 2.356194490192261792e+00
9.996320013625132894e-01 9.145913937846673889e+02 2.356194490192261792e+00
1.143760359350795452e+00 9.153626175657992690e+02 2.356194490192261792e+00
1.004231401521052502e+00 9.165891753649551674e+02 2.356194490192261792e+00
1.608854191817221224e+00 9.172998143176191661e+02 2.356194490192261792e+00
5.653417812028095346e-01 9.184595945880216732e+02 2.356194490192261792e+00
2.608539741401158185e+00 9.193324626752836366e+02 2.356194490192261792e+00
7.156684863269007213e-01 9.204825848630600831e+02 2.356194490192261792e+00
1.327514877710470387e+00 9.214118058355408039e+02 2.356194490192261792e+00
9.211986619599514814e-01 9.225640591388521443e+02 2.356194490192261792e+00
1.692669423935305506e+00 9.234738414419134642e+02 2.356194490192261792e+00
7.458158885395683724e-01 9.240941335395766600e+02 2.356194490192261792e+00
2.461063037534703124e+00 9.255243240963077369e+02 2.356194490192261792e+00
1.008221169026244368e+00 9.260692184560483611e+02 2.356194490192261792e+00
1.401389503939483472e+00 9.274664993224211003e+02 2.356194490192261792e+00
8.688493453181732606e-01 9.284976266525507071e+02 2.356194490192261792e+00
1.377282483049125261e+00 9.296072468358922833e+02 2.356194490192261792e+00
9.805791926551750137e-01 9.301497436863354551e+02 2.356194490192261792e+00
1.720128524513666379e+00 9.317317817018382584e+02 2.356194490192261792e+00
1.483357179161616690e+00 9.321432030954782704e+02 2.356194490192261792e+00
1.362755423644530506e+00 9.336611501004088041e+02 2.356194490192261792e+00
9.049798781042833751e-01 9.345917408518992033e+02 2.356194490192261792e+00
1.209186874126932709e+00 9.357750404080381941e+02 2.356194490192261792e+00
1.131274959977513150e+00 9.363357509570315642e+02 2.356194490192261792e+00
1.278783076205089131e+00 9.379296532039120393e+02 2.356194490192261792e+00
1.812447623315040390e+00 9.383447936692641633e+02 2.356194490192261792e+00
1.271819595903646460e+00 9.398812520083880599e+02 2.356194490192261792e+00
9.672169957069257640e-01 9.407334306249699694e+02 2.356194490192261792e+00
1.110261415722537226e+00 9.419510633080229809e+02 2.356194490192261792e+00
1.286333563279670855e+00 9.425468042084939952e+02 2.356194490192261792e+00
9.496075136391974869e-01 9.440900112339979842e+02 2.356194490192261792e+00
2.109312482283753010e+00 9.445696193127843117e+02 2.356194490192261792e+00
1.119288946189840983e+00 9.460764284142804854e+02 2.356194490192261792e+00
1.079509486461254886e+00 9.468622540125055593e+02 2.356194490192261792e+00
1.042440060508769806e+00 9.480945564884796113e+02 2.356194490192261792e+00
1.518214402561383958e+00 9.487525366295062668e+02 2.356194490192261792e+00
6.464688129048202780e-01 9.500927821681606247e+02 2.356194490192261792e+00
2.485597810614738723e+00 9.507830669342189367e+02 2.356194490192261792e+00
8.372606331497424170e-01 9.521236891873827517e+02 2.356194490192261792e+00
1.279778563620028509e+00 9.529331925190319907e+02 2.356194490192261792e+00
9.737342941557434184e-01 9.541210319562138693e+02 2.356194490192261792e+00
1.765097098154480459e+00 9.549358356278490874e+02 2.356194490192261792e+00
6.411091752597893878e-01 9.556778093833958110e+02 2.356194490192261792e+00
2.689020405910277134e+00 9.569648933337052767e+02 2.356194490192261792e+00
8.321249512300695761e-01 9.576451456088296936e+02 2.356194490192261792e+00
1.387348624601300262e+00 9.589340132836932753e+02 2.356194490192261792e+00
8.655135205437819446e-01 9.600057677473577087e+02 2.356194490192261792e+00
1.459027938768365118e+00 9.610694033742321380e+02 2.356194490192261792e+00
9.076787068517613299e-01 9.616202074993492488e+02 2.356194490192261792e+00
1.931739648224100048e+00 9.631756018540286277e+02 2.356194490192261792e+00
1.326581100188953144e+00 9.636082865955016814e+02 2.356194490192261792e+00
1.370499944503950962e+00 9.651001422617729304e+02 2.356194490192261792e+00
8.852109890395668534e-01 9.660574776879478804e+02 2.356194490192261792e+00
1.241848845045017802e+00 9.672240442876768611e+02 2.356194490192261792e+00
1.068821521686891485e+00 9.677816803876800122e+02 2.356194490192261792e+00
1.404640583937884379e+00 9.693780826125837393e+02 2.356194490192261792e+00
1.687496465323160333e+00 9.697857602805019042e+02 2.356194490192261792e+00
1.287622180071447131e+00 9.713154140493387558e+02 2.356194490192261792e+00
9.409689035857066175e-01 9.721862234457983050e+02 2.356194490192261792e+00
1.124108827630758700e+00 9.733963282860679556e+02 2.356194490192261792e+00
1.219890653868942243e+00 9.739850693282903649e+02 2.356194490192261792e+00
1.043169577005039761e+00 9.755529230339361675e+02 2.356194490192261792e+00
1.991263598604098739e+00 9.760046779341000729e+02 2.356194490192261792e+00
1.158081144871033308e+00 9.775209550168690384e+02 2.356194490192261792e+00
1.037550823297571867e+00 9.783210581671461341e+02 2.356194490192261792e+00
1.051103764520411543e+00 9.795517547989062450e+02 2.356194490192261792e+00
1.430805448608573727e+00 9.801914785713737501e+02 2.356194490192261792e+00
7.242531466401759266e-01 9.816205956012310025e+02 2.356194490192261792e+00
2.351860552317965425e+00 9.822222732035211266e+02 2.356194490192261792e+00
9.266817820230852654e-01 9.836375688871535203e+02 2.356194490192261792e+00
1.216261972607133313e+00 9.844154981700728513e+02 2.356194490192261792e+00
9.946870859332643811e-01 9.856279351592197600e+02 2.356194490192261792e+00
1.715803780706292470e+00 9.863834298730732826e+02 2.356194490192261792e+00
5.665205888404216683e-01 9.873214083119858060e+02 2.356194490192261792e+00
2.718640183682119904e+00 9.884114187515076537e+02 2.356194490192261792e+00
7.077873157596026310e-01 9.893118039130291663e+02 2.356194490192261792e+00
1.353001810922785708e+00 9.904274819778049732e+02 2.356194490192261792e+00
8.756711026832214584e-01 9.915432587470870658e+02 2.356194490192261792e+00
1.558877765830797957e+00 9.925384697396034426e+02 2.356194490192261792e+00
8.091415623679252267e-01 9.931224912282993955e+02 2.356194490192261792e+00
2.197763644463061716e+00 9.946207942643213755e+02 2.356194490192261792e+00
1.129758494496543975e+00 9.951050752730983504e+02 2.356194490192261792e+00
1.364446718074741050e+00 9.965475720239028306e+02 2.356194490192261792e+00
8.616695837327148499e-01 9.975374420977459522e+02 2.356194490192261792e+00
1.279825417884605798e+00 9.986792475320767153e+02 2.356194490192261792e+00
9.831263654814937913e-01 9.992416474112211517e+02 2.356194490192261792e+00
1.567560824861925939e+00 1.000829845740244195e+03 2.356194490192261792e+00
1.515691747676681356e+00 1.001239505473519216e+03 2.356194490192261792e+00
1.281216586778575639e+00 1.002749896143185651e+03 2.356194490192261792e+00
9.094779314546196369e-01 1.003637204998757397e+03 2.356194490192261792e+00
1.126540691148565809e+00 1.004838432653403402e+03 2.356194490192261792e+00
1.133531124255016120e+00 1.005428156180076712e+03 2.356194490192261792e+00
1.143486602467045810e+00 1.007013290688150846e+03 2.356194490192261792e+00
1.836087262096567807e+00 1.007444171590432575e+03 2.356194490192261792e+00
1.162566936842826415e+00 1.008955316574494304e+03 2.356194490192261792e+00
9.999607169041142551e-01 1.009765693358232397e+03 2.356194490192261792e+00
1.044851652739960057e+00 1.010993288691901284e+03 2.356194490192261792e+00
1.339502782994807184e+00 1.011627431423642861e+03 2.356194490192261792e+00
7.971595410969921636e-01 1.013114446689115994e+03 2.356194490192261792e+00
2.204987134877955057e+00 1.013658667699981947e+03 2.356194490192261792e+00
9.789055513485364068e-01 1.015106925970748875e+03 2.356194490192261792e+00
