7.638760000000001105e-01 0.000000000000000000e+00 0.000000000000000000e+00
1.261535401239441079e+00 1.293176009150296846e+00 6.284930636431253603e+00
1.880508917095644161e+00 1.694189184272357984e+00 6.284930636431253603e+00
1.035759795431813401e+00 3.107171965801849289e+00 6.284930636431253603e+00
1.486602970215634478e+00 4.500117731657156561e+00 6.284930636431253603e+00
1.695141112970929509e+00 4.886884763411946331e+00 6.284930636431253603e+00
7.694191117366573351e-01 6.173469501409900140e+00 6.284930636431253603e+00
9.392970866667843532e-01 7.409310292701131395e+00 6.284930636431253603e+00
2.343909176658059312e+00 7.911836921435221548e+00 6.284930636431253603e+00
9.623210569611562182e-01 9.291950531423022852e+00 6.284930636431253603e+00
1.070169098734430113e+00 1.060367307771355527e+01 6.284930636431253603e+00
2.425757059725975218e+00 1.108888193710000536e+01 6.284930636431253603e+00
7.791807201551511630e-01 1.230425326477218917e+01 6.284930636431253603e+00
7.196216452209468484e-01 1.332828378221713450e+01 6.284930636431253603e+00
2.968022877843316643e+00 1.413022224347903943e+01 6.284930636431253603e+00
7.530970543027930564e-01 1.524906822789434990e+01 6.284930636431253603e+00
7.337832967078102842e-01 1.636892265709828465e+01 6.284930636431253603e+00
3.118533182417702498e+00 1.730465800864358528e+01 6.284930636431253603e+00
7.186328364975954619e-01 1.823617012561598116e+01 6.284930636431253603e+00
7.875440097698922504e-01 1.916111611661943925e+01 6.284930636431253603e+00
2.702111457384523518e+00 2.034403421955905600e+01 6.284930636431253603e+00
9.894217928996754674e-01 2.087911934422582760e+01 6.284930636431253603e+00
9.484551881311467092e-01 2.216018871576793003e+01 6.284930636431253603e+00
2.575684685429889598e+00 2.352296489497335585e+01 6.284930636431253603e+00
8.772627983321730216e-01 2.407702655564533956e+01 6.284930636431253603e+00
8.012498984759977017e-01 2.526390840974138285e+01 6.284930636431253603e+00
1.830299026511884364e+00 2.654403486212320828e+01 6.284930636431253603e+00
1.463444630545406966e+00 2.693084206388941482e+01 6.284930636431253603e+00
1.069476710292357691e+00 2.832528257735422983e+01 6.284930636431253603e+00
2.103014082314456967e+00 2.974968537982879013e+01 6.284930636431253603e+00
1.160528778739581712e+00 3.017088355671102207e+01 6.284930636431253603e+00
7.922891006512332579e-01 3.144628794107565994e+01 6.284930636431253603e+00
1.379216111413336998e+00 3.273801393032120899e+01 6.284930636431253603e+00
1.839711764281352968e+00 3.312440894169879613e+01 6.284930636431253603e+00
1.084849427927701671e+00 3.454797293178497597e+01 6.284930636431253603e+00
1.713246533099994640e+00 3.596592483711940957e+01 6.284930636431253603e+00
1.503633054467610419e+00 3.634538787550913241e+01 6.284930636431253603e+00
7.889753333907500998e-01 3.763864023258537372e+01 6.284930636431253603e+00
1.063172518388102450e+00 3.889864496072492273e+01 6.284930636431253603e+00
2.217422808963136927e+00 3.934839477970687938e+01 6.284930636431253603e+00
1.033773437822960384e+00 4.076054356535578194e+01 6.284930636431253603e+00
1.292619654127733719e+00 4.212695029120350654e+01 6.284930636431253603e+00
2.067078936914698684e+00 4.254041173574664469e+01 6.284930636431253603e+00
7.945067181427769576e-01 4.380118206927129165e+01 6.284930636431253603e+00
7.901297645950383641e-01 4.492706454086479795e+01 6.284930636431253603e+00
2.756981655416196553e+00 4.557204746435388643e+01 6.284930636431253603e+00
8.590293169341955970e-01 4.686072094378916120e+01 6.284930636431253603e+00
8.310309913403340909e-01 4.806244822368284275e+01 6.284930636431253603e+00
3.046865375576711443e+00 4.874560395605946184e+01 6.284930636431253603e+00
7.558237101273480585e-01 4.983314238361516857e+01 6.284930636431253603e+00
7.580840304010114661e-01 5.069221679964962135e+01 6.284930636431253603e+00
3.047088987735962373e+00 5.178482095814537445e+01 6.284930636431253603e+00
8.383089374375253255e-01 5.246028084586558293e+01 6.284930636431253603e+00
8.658928235708749366e-01 5.366555606159452907e+01 6.284930636431253603e+00
2.774773980427061026e+00 5.495916873221057131e+01 6.284930636431253603e+00
7.943932566873167511e-01 5.560284913133497042e+01 6.284930636431253603e+00
8.033153735015309271e-01 5.672492889571127250e+01 6.284930636431253603e+00
2.057899756589913753e+00 5.798836376605950704e+01 6.284930636431253603e+00
1.315378904936796323e+00 5.839740159192131586e+01 6.284930636431253603e+00
1.045181813042583174e+00 5.976837281480775488e+01 6.284930636431253603e+00
2.242696692036260320e+00 6.118429867100835651e+01 6.284930636431253603e+00
1.062829862706780037e+00 6.163512913485304523e+01 6.284930636431253603e+00
7.944869319013075915e-01 6.289268087959668208e+01 6.284930636431253603e+00
1.504700751762509059e+00 6.418525315717128876e+01 6.284930636431253603e+00
1.719828805316738984e+00 6.456436960051533447e+01 6.284930636431253603e+00
1.086496682006842462e+00 6.598284243604940968e+01 6.284930636431253603e+00
1.840536636639805046e+00 6.740695707214908339e+01 6.284930636431253603e+00
1.376389576971608353e+00 6.779360936489671019e+01 6.284930636431253603e+00
7.887042308718573702e-01 6.908602362131215102e+01 6.284930636431253603e+00
1.162698676544539289e+00 7.036289115295166141e+01 6.284930636431253603e+00
2.080872209626031921e+00 7.078322090755231955e+01 6.284930636431253603e+00
1.058850596522298515e+00 7.220430790546316757e+01 6.284930636431253603e+00
1.439408528567565515e+00 7.359482416155101703e+01 6.284930636431253603e+00
1.838433111574857559e+00 7.398446303867700635e+01 6.284930636431253603e+00
7.920116194955864053e-01 7.526333529099363773e+01 6.284930636431253603e+00
8.725647428245328907e-01 7.645403782117743674e+01 6.284930636431253603e+00
2.551148499694486649e+00 7.700866271898775040e+01 6.284930636431253603e+00
9.374109178841442125e-01 7.836620417903890257e+01 6.284930636431253603e+00
9.736322178031048269e-01 7.964176460519207978e+01 6.284930636431253603e+00
2.708830424234341727e+00 8.018559595466271617e+01 6.284930636431253603e+00
7.813595804522811550e-01 8.136263985861100423e+01 6.284930636431253603e+00
7.174275460868841936e-01 8.228989100085485120e+01 6.284930636431253603e+00
3.117344532566429294e+00 8.322596203799295722e+01 6.284930636431253603e+00
7.349649291987010447e-01 8.415417707599507935e+01 6.284930636431253603e+00
7.556810753032271455e-01 8.527522981780009559e+01 6.284930636431253603e+00
2.974329358125983536e+00 8.640051432887435112e+01 6.284930636431253603e+00
7.227341647488307874e-01 8.719885970610633308e+01 6.284930636431253603e+00
7.866420883433867806e-01 8.822009823369563719e+01 6.284930636431253603e+00
2.417552519885603601e+00 8.944038372027328876e+01 6.284930636431253603e+00
1.089144595442596675e+00 8.991830965562385813e+01 6.284930636431253603e+00
9.738380057549215207e-01 9.123536376746584153e+01 6.284930636431253603e+00
2.367862237597010644e+00 9.262015669821558106e+01 6.284930636431253603e+00
9.426361668716403130e-01 9.312283437611530701e+01 6.284930636431253603e+00
7.767250464572423851e-01 9.435565199986683638e+01 6.284930636431253603e+00
1.692566234979936413e+00 9.564262614373187432e+01 6.284930636431253603e+00
1.501992428030318960e+00 9.602797139485662115e+01 6.284930636431253603e+00
1.042084351007733778e+00 9.742314873515121576e+01 6.284930636431253603e+00
1.891660766316876297e+00 9.883815820135176011e+01 6.284930636431253603e+00
1.258934247706073206e+00 9.923947914779762414e+01 6.284930636431253603e+00
7.638795090780096109e-01 1.005326298508521177e+02 6.284930636431253603e+00
1.267273939015934214e+00 1.018261038600285815e+02 6.284930636431253603e+00
1.873951061200488599e+00 1.022263049080012678e+02 6.284930636431253603e+00
1.036159307245509975e+00 1.036392767586362851e+02 6.284930636431253603e+00
1.492688793162754601e+00 1.050328674354603180e+02 6.284930636431253603e+00
1.686670563866598416e+00 1.054192449251815162e+02 6.284930636431253603e+00
7.691343598074924515e-01 1.067063332352221892e+02 6.284930636431253603e+00
9.439191984943164915e-01 1.079439740099773104e+02 6.284930636431253603e+00
2.334970747395192614e+00 1.084438182187674329e+02 6.284930636431253603e+00
9.643774236439074388e-01 1.098252274796364816e+02 6.284930636431253603e+00
1.077117288418504737e+00 1.111391087855711959e+02 6.284930636431253603e+00
2.410403927969156701e+00 1.116210462434173962e+02 6.284930636431253603e+00
7.793603320193858153e-01 1.128384978882384502e+02 6.284930636431253603e+00
7.210716320997281326e-01 1.138674874743404075e+02 6.284930636431253603e+00
2.958853798999878659e+00 1.146622605475421466e+02 6.284930636431253603e+00
7.561379503554247483e-01 1.157900405197900682e+02 6.284930636431253603e+00
7.349530923129533599e-01 1.169117797833645795e+02 6.284930636431253603e+00
3.123352956315434525e+00 1.178366065125358233e+02 6.284930636431253603e+00
7.195219994677514164e-01 1.187750183870396512e+02 6.284930636431253603e+00
7.874679361854923787e-01 1.196951528752394154e+02 6.284930636431253603e+00
2.717034930596430531e+00 1.208758799227352654e+02 6.284930636431253603e+00
9.848000234795248886e-01 1.214142479163021022e+02 6.284930636431253603e+00
9.470877855286539138e-01 1.226933429433658205e+02 6.284930636431253603e+00
2.586959145434326146e+00 1.240547737693327832e+02 6.284930636431253603e+00
8.745108360668338854e-01 1.246116118271805533e+02 6.284930636431253603e+00
8.028401901680686237e-01 1.257957626980390700e+02 6.284930636431253603e+00
1.836756757195311840e+00 1.270756046338825911e+02 6.284930636431253603e+00
1.463020680082602887e+00 1.274623768872401968e+02 6.284930636431253603e+00
1.071503177619447023e+00 1.288569845824197557e+02 6.284930636431253603e+00
2.115814831729413203e+00 1.302819857161877053e+02 6.284930636431253603e+00
1.156137912842256643e+00 1.307044165722092828e+02 6.284930636431253603e+00
7.944862939319468076e-01 1.319784298270163845e+02 6.284930636431253603e+00
1.384445948092543288e+00 1.332698901204002766e+02 6.284930636431253603e+00
1.840885222577490987e+00 1.336556828658012535e+02 6.284930636431253603e+00
1.088431734061879430e+00 1.350800537473934071e+02 6.284930636431253603e+00
1.727832979535678160e+00 1.364994754563959134e+02 6.284930636431253603e+00
1.494307314257988129e+00 1.368789549483871042e+02 6.284930636431253603e+00
7.908534748279242299e-01 1.381720901753859323e+02 6.284930636431253603e+00
1.070004894529722250e+00 1.394326936757592250e+02 6.284930636431253603e+00
2.213878728808189589e+00 1.398802611081744942e+02 6.284930636431253603e+00
1.038187058496754522e+00 1.412939681678774946e+02 6.284930636431253603e+00
1.306959493093422520e+00 1.426631796423998821e+02 6.284930636431253603e+00
2.048476237617668616e+00 1.430736543556382401e+02 6.284930636431253603e+00
7.956159175236513503e-01 1.443363490071427293e+02 6.284930636431253603e+00
7.957871654307878684e-01 1.454668948914326165e+02 6.284930636431253603e+00
2.745531742906063499e+00 1.461044313135829782e+02 6.284930636431253603e+00
8.659118856154287558e-01 1.473998818862961855e+02 6.284930636431253603e+00
8.403842096370669479e-01 1.486074328646211598e+02 6.284930636431253603e+00
3.029754431781570556e+00 1.492781618500497416e+02 6.284930636431253603e+00
7.584130137598863453e-01 1.503735278951715770e+02 6.284930636431253603e+00
7.548858370920299432e-01 1.512333041176522670e+02 6.284930636431253603e+00
3.062421461018594471e+00 1.523174529016354768e+02 6.284930636431253603e+00
8.281629338013963837e-01 1.530064587986023241e+02 6.284930636431253603e+00
8.580590016381844931e-01 1.542054564491135125e+02 6.284930636431253603e+00
2.784320979826515163e+00 1.554915627391320356e+02 6.284930636431253603e+00
7.883578699600324313e-01 1.561431042877510720e+02 6.284930636431253603e+00
8.014571283870628449e-01 1.572606071431043517e+02 6.284930636431253603e+00
2.078160292992195846e+00 1.585219030552532047e+02 6.284930636431253603e+00
1.298291541039132913e+00 1.589344415726565671e+02 6.284930636431253603e+00
1.039393421091618475e+00 1.603020562438009904e+02 6.284930636431253603e+00
2.243315222952611876e+00 1.617160020430473253e+02 6.284930636431253603e+00
1.055791155099905287e+00 1.621690495649969534e+02 6.284930636431253603e+00
7.916497710163993284e-01 1.634263400222971256e+02 6.284930636431253603e+00
1.514491474258319315e+00 1.647191117654898278e+02 6.284930636431253603e+00
1.702092881645153044e+00 1.650983867117066382e+02 6.284930636431253603e+00
1.081312105688632563e+00 1.665149088386211531e+02 6.284930636431253603e+00
1.835277462109689450e+00 1.679377246291546726e+02 6.284930636431253603e+00
1.372117848741220225e+00 1.683249689380097607e+02 6.284930636431253603e+00
7.855334794673135557e-01 1.696178636626462151e+02 6.284930636431253603e+00
1.166125231159711673e+00 1.708962750628494973e+02 6.284930636431253603e+00
2.066150528510063200e+00 1.713156138377796083e+02 6.284930636431253603e+00
1.055183061236186770e+00 1.727356145827253613e+02 6.284930636431253603e+00
1.435551828103922567e+00 1.741252704415143171e+02 6.284930636431253603e+00
1.834961471466611149e+00 1.745154345936155380e+02 6.284930636431253603e+00
7.896980014346116628e-01 1.757943246643364432e+02 6.284930636431253603e+00
8.737960976268084323e-01 1.769874028773693908e+02 6.284930636431253603e+00
2.540113217510912680e+00 1.775402750349106782e+02 6.284930636431253603e+00
9.369550782678227607e-01 1.788981652499642507e+02 6.284930636431253603e+00
9.749284303217301551e-01 1.801744631976562800e+02 6.284930636431253603e+00
2.698604616571476544e+00 1.807170028567554141e+02 6.284930636431253603e+00
7.805950175108647970e-01 1.818950283138157715e+02 6.284930636431253603e+00
7.164933349135917950e-01 1.828264633452913586e+02 6.284930636431253603e+00
3.111283236146040299e+00 1.837576268182653223e+02 6.284930636431253603e+00
7.339426948363692027e-01 1.846936433432779268e+02 6.284930636431253603e+00
7.532530040177271013e-01 1.858134161315959432e+02 6.284930636431253603e+00
2.978392697409006029e+00 1.869322212678567325e+02 6.284930636431253603e+00
7.214575060063385115e-01 1.877356431539088248e+02 6.284930636431253603e+00
7.857788669434989659e-01 1.887539073967468255e+02 6.284930636431253603e+00
2.428931756917602325e+00 1.899723738204566814e+02 6.284930636431253603e+00
1.082288757383411459e+00 1.904532801768971524e+02 6.284930636431253603e+00
9.711296619820202203e-01 1.917682890351629226e+02 6.284930636431253603e+00
2.371242614007239347e+00 1.931517256616500049e+02 6.284930636431253603e+00
9.389665742236522616e-01 1.936563349364103317e+02 6.284930636431253603e+00
7.759289832624818306e-01 1.948882943217333832e+02 6.284930636431253603e+00
1.698965703339732736e+00 1.961748713607899504e+02 6.284930636431253603e+00
1.494528360151417878e+00 1.965607845168493952e+02 6.284930636431253603e+00
1.040072045034429848e+00 1.979549672426156235e+02 6.284930636431253603e+00
1.891912042149677786e+00 1.993694585942627953e+02 6.284930636431253603e+00
1.255493010105541707e+00 1.997713036427313682e+02 6.284930636431253603e+00
7.627333649709753249e-01 2.010645529234649302e+02 6.284930636431253603e+00
1.270388101696974026e+00 2.023584569518606600e+02 6.284930636431253603e+00
1.866731360219117342e+00 2.027582530121036370e+02 6.284930636431253603e+00
1.034625403878363104e+00 2.041706958696233016e+02 6.284930636431253603e+00
1.492302125006115254e+00 2.055640357300778760e+02 6.284930636431253603e+00
1.683308101331402851e+00 2.059505399264500625e+02 6.284930636431253603e+00
7.680479651029545884e-01 2.072377816535009458e+02 6.284930636431253603e+00
9.455208184003095484e-01 2.084766206316804755e+02 6.284930636431253603e+00
2.328335711457459212e+00 2.089753256325818711e+02 6.284930636431253603e+00
9.641483358718377916e-01 2.103568853929878344e+02 6.284930636431253603e+00
1.078517893833200958e+00 2.116712430316820814e+02 6.284930636431253603e+00
2.403961956590054960e+00 2.121523916984136804e+02 6.284930636431253603e+00
7.788137873470440953e-01 2.133704061009075872e+02 6.284930636431253603e+00
7.215067269317364529e-01 2.144020484979649552e+02 6.284930636431253603e+00
2.952869966704695148e+00 2.151937085440312671e+02 6.284930636431253603e+00
7.572955329409308822e-01 2.163252637055090588e+02 6.284930636431253603e+00
7.353708012938623417e-01 2.174479130967110336e+02 6.284930636431253603e+00
3.123279067469664660e+00 2.183680055566031513e+02 6.284930636431253603e+00
7.196867595656775141e-01 2.193094633286966939e+02 6.284930636431253603e+00
7.867439146520793791e-01 2.202281602377573222e+02 6.284930636431253603e+00
2.723937346869047538e+00 2.214073878415428851e+02 6.284930636431253603e+00
9.810703979622595883e-01 2.219481719398820587e+02 6.284930636431253603e+00
9.452240138902617828e-01 2.232257969447941264e+02 6.284930636431253603e+00
2.589111702616763377e+00 2.245860809221786099e+02 6.284930636431253603e+00
8.726017914110077989e-01 2.251443682458314584e+02 6.284930636431253603e+00
8.023644227205292134e-01 2.263277517602178932e+02 6.284930636431253603e+00
1.841079218537996054e+00 2.276072881764373221e+02 6.284930636431253603e+00
1.458530829835519738e+00 2.279945516729637802e+02 6.284930636431253603e+00
1.070164855693464423e+00 2.293884770482052886e+02 6.284930636431253603e+00
2.115645165462656685e+00 2.308130928389942937e+02 6.284930636431253603e+00
1.154457721265402581e+00 2.312359032045292793e+02 6.284930636431253603e+00
7.937662968220816628e-01 2.325099430953272019e+02 6.284930636431253603e+00
1.386436151373206860e+00 2.338015908186748959e+02 6.284930636431253603e+00
1.836589025312332035e+00 2.341872658012443367e+02 6.284930636431253603e+00
1.087312092594677981e+00 2.356112435369980744e+02 6.284930636431253603e+00
1.726837973072284926e+00 2.370304054163959790e+02 6.284930636431253603e+00
1.493194202607524224e+00 2.374100129755506146e+02 6.284930636431253603e+00
7.901617980204661551e-01 2.387032327069586302e+02 6.284930636431253603e+00
1.070773880007883427e+00 2.399643008397883648e+02 6.284930636431253603e+00
2.210459753191960086e+00 2.404115188713355735e+02 6.284930636431253603e+00
1.037610586352541775e+00 2.418250780538742788e+02 6.284930636431253603e+00
1.306808272490668665e+00 2.431942315667630794e+02 6.284930636431253603e+00
2.046800316717323653e+00 2.436047164763241994e+02 6.284930636431253603e+00
7.951684236855205423e-01 2.448674680825990038e+02 6.284930636431253603e+00
7.962143474763755391e-01 2.459988695455265599e+02 6.284930636431253603e+00
2.742583942110066619e+00 2.466355832867352831e+02 6.284930636431253603e+00
8.663179268304082026e-01 2.479316180818121609e+02 6.284930636431253603e+00
8.411520939107015593e-01 2.491397279048336486e+02 6.284930636431253603e+00
3.026545016362040208e+00 2.498093025780945027e+02 6.284930636431253603e+00
7.584649349896380732e-01 2.509054655142969636e+02 6.284930636431253603e+00
7.541638582065161023e-01 2.517659628749219394e+02 6.284930636431253603e+00
3.063559134650797322e+00 2.528486848660343469e+02 6.284930636431253603e+00
8.263204512908859378e-01 2.535400876268008403e+02 6.284930636431253603e+00
8.564862288293441095e-01 2.547380050744527296e+02 6.284930636431253603e+00
2.784337937941530505e+00 2.560227355791687955e+02 6.284930636431253603e+00
7.872013585639217048e-01 2.566755660218032062e+02 6.284930636431253603e+00
8.006284046308723701e-01 2.577926391780486028e+02 6.284930636431253603e+00
2.081869756274028038e+00 2.590534297322404313e+02 6.284930636431253603e+00
1.293919015743070888e+00 2.594668762879728661e+02 6.284930636431253603e+00
1.037478218547465580e+00 2.608335978193355800e+02 6.284930636431253603e+00
2.240697794486661731e+00 2.622469252561969597e+02 6.284930636431253603e+00
1.054603541013482637e+00 2.627002451962649729e+02 6.284930636431253603e+00
7.903616173367926656e-01 2.639578623741039678e+02 6.284930636431253603e+00
1.516082114491526189e+00 2.652507394977939725e+02 6.284930636431253603e+00
1.696774430216551943e+00 2.656301703940828247e+02 6.284930636431253603e+00
1.079081998637216211e+00 2.670459808327602218e+02 6.284930636431253603e+00
1.830504941517808959e+00 2.684681470925392546e+02 6.284930636431253603e+00
1.372568754021051385e+00 2.688554461331937091e+02 6.284930636431253603e+00
7.841437604119194660e-01 2.701486100938377604e+02 6.284930636431253603e+00
1.165608502668614932e+00 2.714274390619984842e+02 6.284930636431253603e+00
2.062283840896629084e+00 2.718468256742382891e+02 6.284930636431253603e+00
1.053189591663753921e+00 2.732662403468818866e+02 6.284930636431253603e+00
1.431092562870278417e+00 2.746551345549987104e+02 6.284930636431253603e+00
1.837404391472446497e+00 2.750458439854097605e+02 6.284930636431253603e+00
7.887406411095965186e-01 2.763244685804927485e+02 6.284930636431253603e+00
8.725827271129061868e-01 2.775175680964579215e+02 6.284930636431253603e+00
2.539066512132820641e+00 2.780711270725283271e+02 6.284930636431253603e+00
9.354416404969317922e-01 2.794282253264075848e+02 6.284930636431253603e+00
9.724496935226005778e-01 2.807035937084447141e+02 6.284930636431253603e+00
2.701230659150933189e+00 2.812476656871272098e+02 6.284930636431253603e+00
7.798929774883568422e-01 2.824247880321841535e+02 6.284930636431253603e+00
7.163624948491671418e-01 2.833561230904103354e+02 6.284930636431253603e+00
3.109940195627562964e+00 2.842884309839079151e+02 6.284930636431253603e+00
7.339268860502354830e-01 2.852227599054668303e+02 6.284930636431253603e+00
7.534897159172008196e-01 2.863428537351803698e+02 6.284930636431253603e+00
2.974804962091418314e+00 2.874630058138585582e+02 6.284930636431253603e+00
7.214026978187002559e-01 2.882653175241017038e+02 6.284930636431253603e+00
7.850806107792593913e-01 2.892849383988944965e+02 6.284930636431253603e+00
2.426900274096316590e+00 2.905033265740362936e+02 6.284930636431253603e+00
1.081421320710138412e+00 2.909844729626088338e+02 6.284930636431253603e+00
9.701280184900621384e-01 2.922992690218878238e+02 6.284930636431253603e+00
2.366580736279657593e+00 2.936824278218285258e+02 6.284930636431253603e+00
9.391421713245827751e-01 2.941866507909319921e+02 6.284930636431253603e+00
7.747092807890511024e-01 2.954194122571848311e+02 6.284930636431253603e+00
1.698188149777122291e+00 2.967059829560491835e+02 6.284930636431253603e+00
1.491681891185127062e+00 2.970921999105442524e+02 6.284930636431253603e+00
1.038061369272265111e+00 2.984858305785512584e+02 6.284930636431253603e+00
1.885645539665791848e+00 2.998996913227734922e+02 6.284930636431253603e+00
1.257014348332869735e+00 3.003013293872551230e+02 6.284930636431253603e+00
7.613331951919701801e-01 3.015950117692150343e+02 6.284930636431253603e+00
1.268395293072288599e+00 3.028891535938108177e+02 6.284930636431253603e+00
1.864512033507840671e+00 3.032892542416428796e+02 6.284930636431253603e+00
1.032376457592722563e+00 3.047010734149988025e+02 6.284930636431253603e+00
1.485778698347165028e+00 3.060934728985718607e+02 6.284930636431253603e+00
1.687624361137736617e+00 3.064805115584123314e+02 6.284930636431253603e+00
7.670125027730044787e-01 3.077674383358738055e+02 6.284930636431253603e+00
9.428369171019285178e-01 3.090059655382576693e+02 6.284930636431253603e+00
2.329166365214452306e+00 3.095059326068823680e+02 6.284930636431253603e+00
9.618573991703699422e-01 3.108864112710788845e+02 6.284930636431253603e+00
1.073323348572506442e+00 3.121992252859245127e+02 6.284930636431253603e+00
2.411315693604272337e+00 3.126826246098921160e+02 6.284930636431253603e+00
7.779903690958552831e-01 3.138992797422617969e+02 6.284930636431253603e+00
7.205163267717913378e-01 3.149292331707031281e+02 6.284930636431253603e+00
2.954845992937472854e+00 3.157241927290577337e+02 6.284930636431253603e+00
7.555904477965352806e-01 3.168516031655773304e+02 6.284930636431253603e+00
7.345549577098989813e-01 3.179733638700449205e+02 6.284930636431253603e+00
3.118929433243613936e+00 3.188985233034222233e+02 6.284930636431253603e+00
7.189665708775230257e-01 3.198368627155073227e+02 6.284930636431253603e+00
7.860418653151369783e-01 3.207584530675866290e+02 6.284930636431253603e+00
2.717499622167425244e+00 3.219381248912540059e+02 6.284930636431253603e+00
9.813069335192053932e-01 3.224784314591925067e+02 6.284930636431253603e+00
9.444918162155541141e-01 3.237563171016940373e+02 6.284930636431253603e+00
2.580928881145565956e+00 3.251166335785731576e+02 6.284930636431253603e+00
8.730676645150411419e-01 3.256738901251028437e+02 6.284930636431253603e+00
8.003627668059670741e-01 3.268590065648570544e+02 6.284930636431253603e+00
1.839724218579374515e+00 3.281384724290570034e+02 6.284930636431253603e+00
1.454049611999278069e+00 3.285263032181259177e+02 6.284930636431253603e+00
1.066825027269980630e+00 3.299193328285639382e+02 6.284930636431253603e+00
2.103557729479414551e+00 3.313429743508438037e+02 6.284930636431253603e+00
1.156677425381916979e+00 3.317650465775963085e+02 6.284930636431253603e+00
7.909345784612604735e-01 3.330404161226408633e+02 6.284930636431253603e+00
1.383718173524189243e+00 3.343325137836930026e+02 6.284930636431253603e+00
1.830812433272359652e+00 3.347186191979423029e+02 6.284930636431253603e+00
1.082758581838001888e+00 3.361414179291745086e+02 6.284930636431253603e+00
1.712208482816853117e+00 3.375589313222899932e+02 6.284930636431253603e+00
1.500595469136302373e+00 3.379386624651003217e+02 6.284930636431253603e+00
7.876548512423297010e-01 3.392320826205117328e+02 6.284930636431253603e+00
1.065252290606394370e+00 3.404931163123062561e+02 6.284930636431253603e+00
2.209982339261070017e+00 3.409419664756493944e+02 6.284930636431253603e+00
1.032887244133536608e+00 3.423539221082859854e+02 6.284930636431253603e+00
1.293340176562821409e+00 3.437204165981082156e+02 6.284930636431253603e+00
2.062146238810326437e+00 3.441336732994983549e+02 6.284930636431253603e+00
7.936446860952921512e-01 3.453947061538390813e+02 6.284930636431253603e+00
7.914035141626574177e-01 3.465227590309257835e+02 6.284930636431253603e+00
2.749934302722683910e+00 3.471654376064547023e+02 6.284930636431253603e+00
8.603931631582490969e-01 3.484558930129084615e+02 6.284930636431253603e+00
8.332584082123349889e-01 3.496592220613988502e+02 6.284930636431253603e+00
3.039072767952799570e+00 3.503389789072053304e+02 6.284930636431253603e+00
7.561200522595966644e-01 3.514288044545257890e+02 6.284930636431253603e+00
7.563082267620692134e-01 3.522893324929538608e+02 6.284930636431253603e+00
3.050916594144602367e+00 3.533784011072834801e+02 6.284930636431253603e+00
8.335601697395808030e-01 3.540597501290554874e+02 6.284930636431253603e+00
8.619919255161817562e-01 3.552622964684063049e+02 6.284930636431253603e+00
2.775202909655182015e+00 3.565525867299423908e+02 6.284930636431253603e+00
7.914877429330731129e-01 3.571994387166324714e+02 6.284930636431253603e+00
8.013691967953636697e-01 3.583203885386782304e+02 6.284930636431253603e+00
2.067043945055693666e+00 3.595826442762868851e+02 6.284930636431253603e+00
1.304741248114480667e+00 3.599937982826195935e+02 6.284930636431253603e+00
1.040624857651906821e+00 3.613626408723054055e+02 6.284930636431253603e+00
2.236664804783024874e+00 3.627771081894846930e+02 6.284930636431253603e+00
1.059941846747485483e+00 3.632286050958979331e+02 6.284930636431253603e+00
7.914498501744148262e-01 3.644869023125704643e+02 6.284930636431253603e+00
1.508608000365164958e+00 3.657797584052362367e+02 6.284930636431253603e+00
1.707099295215739776e+00 3.661591993023106397e+02 6.284930636431253603e+00
1.081258652829622635e+00 3.675759998621209661e+02 6.284930636431253603e+00
1.829442148230199683e+00 3.689985962718822066e+02 6.284930636431253603e+00
1.377383478643831038e+00 3.693853869077028094e+02 6.284930636431253603e+00
7.854466014400013352e-01 3.706784280841249597e+02 6.284930636431253603e+00
1.161613662758945287e+00 3.719563008364461325e+02 6.284930636431253603e+00
2.071659153700438072e+00 3.723767083258109665e+02 6.284930636431253603e+00
1.054222738662921044e+00 3.737964363266479495e+02 6.284930636431253603e+00
1.429155804491176296e+00 3.751851949414127603e+02 6.284930636431253603e+00
1.843977676701194168e+00 3.755760923084598630e+02 6.284930636431253603e+00
7.897837069368881524e-01 3.768543593470461701e+02 6.284930636431253603e+00
8.698460792927145135e-01 3.780451518845480336e+02 6.284930636431253603e+00
2.548543434675759389e+00 3.786013136886793973e+02 6.284930636431253603e+00
9.339649888816435874e-01 3.799570519613765214e+02 6.284930636431253603e+00
9.680666845731908943e-01 3.812305120574174566e+02 6.284930636431253603e+00
2.714549480387193459e+00 3.817778186452491127e+02 6.284930636431253603e+00
7.797482899314286398e-01 3.829528177980189980e+02 6.284930636431253603e+00
7.171403142670333963e-01 3.838799588797693332e+02 6.284930636431253603e+00
3.114072179192449497e+00 3.848185072373310618e+02 6.284930636431253603e+00
7.349798937780912533e-01 3.857430711687053986e+02 6.284930636431253603e+00
7.562083886234217678e-01 3.868648692546203165e+02 6.284930636431253603e+00
2.966322881304910730e+00 3.879930142751554172e+02 6.284930636431253603e+00
7.226265425599790460e-01 3.887889584888108629e+02 6.284930636431253603e+00
7.850645854802231760e-01 3.898131740016121398e+02 6.284930636431253603e+00
2.413200321050937180e+00 3.910332643338968523e+02 6.284930636431253603e+00
1.087104063353145467e+00 3.915117602446862861e+02 6.284930636431253603e+00
9.715546851323723088e-01 3.928283099346078302e+02 6.284930636431253603e+00
2.357462130069293060e+00 3.942124627720926355e+02 6.284930636431253603e+00
9.430193434537594843e-01 3.947142961983481086e+02 6.284930636431253603e+00
7.739934805796803152e-01 3.959488875147042108e+02 6.284930636431253603e+00
1.690866463559771216e+00 3.972358550386901470e+02 6.284930636431253603e+00
1.495579183057520023e+00 3.976218736314755233e+02 6.284930636431253603e+00
1.037577729713036412e+00 3.990158123869465499e+02 6.284930636431253603e+00
1.877664893725465856e+00 4.004294068354417391e+02 6.284930636431253603e+00
1.262366907112614900e+00 4.008302787459929846e+02 6.284930636431253603e+00
7.607558471403280675e-01 4.021243810733481610e+02 6.284930636431253603e+00
1.262823291791042246e+00 4.034183877311582478e+02 6.284930636431253603e+00
1.869015315559343415e+00 4.038192742313556778e+02 6.284930636431253603e+00
1.031139974593572095e+00 4.052308507219815965e+02 6.284930636431253603e+00
1.478156569175489210e+00 4.066223350300098787e+02 6.284930636431253603e+00
1.696364773759895028e+00 4.070099299844535494e+02 6.284930636431253603e+00
7.668343391213264804e-01 4.082962983516047757e+02 6.284930636431253603e+00
9.379513007814923586e-01 4.095332172290060271e+02 6.284930636431253603e+00
2.336882432994299652e+00 4.100359112766242333e+02 6.284930636431253603e+00
9.592598876554428999e-01 4.114148832708754071e+02 6.284930636431253603e+00
1.065590479649084710e+00 4.127253017435018592e+02 6.284930636431253603e+00
2.426821531079460303e+00 4.132123180549688755e+02 6.284930636431253603e+00
7.775137967930664251e-01 4.144267031194867741e+02 6.284930636431253603e+00
7.189514325699177810e-01 4.154519313122930839e+02 6.284930636431253603e+00
2.963113821162503658e+00 4.162540849594644214e+02 6.284930636431253603e+00
7.524552889691384916e-01 4.173725102801038815e+02 6.284930636431253603e+00
7.333089370863496992e-01 4.184924068790862179e+02 6.284930636431253603e+00
3.113137575877801932e+00 4.194285024427533131e+02 6.284930636431253603e+00
7.179602792873696071e-01 4.203599417586159461e+02 6.284930636431253603e+00
7.858028179048571760e-01 4.212866354980323536e+02 6.284930636431253603e+00
2.702721720445485420e+00 4.224682810273379232e+02 6.284930636431253603e+00
9.851346858650273930e-01 4.230057038586958242e+02 6.284930636431253603e+00
9.452889562580228944e-01 4.242853042053980630e+02 6.284930636431253603e+00
2.568330948670806801e+00 4.256467327220927928e+02 6.284930636431253603e+00
8.755199630850223347e-01 4.262012832742864816e+02 6.284930636431253603e+00
7.982483202382233411e-01 4.273893437798603827e+02 6.284930636431253603e+00
1.833776330465958004e+00 4.286690214139691761e+02 6.284930636431253603e+00
1.452637430919694772e+00 4.290570982158247944e+02 6.284930636431253603e+00
1.063830187085246681e+00 4.304496384748796345e+02 6.284930636431253603e+00
2.088298154831273123e+00 4.318723954717919469e+02 6.284930636431253603e+00
1.161209977356837841e+00 4.322931746895865217e+02 6.284930636431253603e+00
7.880389517063395299e-01 4.335701798963548299e+02 6.284930636431253603e+00
1.378195707897517774e+00 4.348626690568356139e+02 6.284930636431253603e+00
1.827782761733427241e+00 4.352494471197027792e+02 6.284930636431253603e+00
1.078069520094248057e+00 4.366711297341608429e+02 6.284930636431253603e+00
1.694700019910381439e+00 4.380867846145347357e+02 6.284930636431253603e+00
1.511210248868771089e+00 4.384666143696704239e+02 6.284930636431253603e+00
7.851875079182412120e-01 4.397601385264478040e+02 6.284930636431253603e+00
1.057447292206332934e+00 4.410206294294447389e+02 6.284930636431253603e+00
2.212955117239333358e+00 4.414719626408727891e+02 6.284930636431253603e+00
1.027466594043485060e+00 4.428819946644798620e+02 6.284930636431253603e+00
1.276604581467411181e+00 4.442451317871404513e+02 6.284930636431253603e+00
2.083365439824622189e+00 4.446620352705516552e+02 6.284930636431253603e+00
7.921580105039749409e-01 4.459207486075489442e+02 6.284930636431253603e+00
7.850701002477590285e-01 4.470436285202052318e+02 6.284930636431253603e+00
2.762116065279052624e+00 4.476948124643786855e+02 6.284930636431253603e+00
8.525470368222399786e-01 4.489773735046038041e+02 6.284930636431253603e+00
8.229796726851660305e-01 4.501741715300715327e+02 6.284930636431253603e+00
3.056522552393442282e+00 4.508681812348302174e+02 6.284930636431253603e+00
7.531318392363411940e-01 4.519490877362985088e+02 6.284930636431253603e+00
7.596416528684427627e-01 4.528095488258378509e+02 6.284930636431253603e+00
3.032908131557499498e+00 4.539075557014392075e+02 6.284930636431253603e+00
8.445821022268064082e-01 4.545746642825669142e+02 6.284930636431253603e+00
8.702297536896893559e-01 4.557839264867360498e+02 6.284930636431253603e+00
2.764139535107426937e+00 4.570820065561210299e+02 6.284930636431253603e+00
7.979609615362005526e-01 4.577205339271719708e+02 6.284930636431253603e+00
8.030719927966178950e-01 4.588464876541539184e+02 6.284930636431253603e+00
2.045694204635926550e+00 4.601109146759272335e+02 6.284930636431253603e+00
1.322226992155548952e+00 4.605185657087211553e+02 6.284930636431253603e+00
1.046279070852175197e+00 4.618907889199767283e+02 6.284930636431253603e+00
2.234567835291678684e+00 4.633071955705698883e+02 6.284930636431253603e+00
1.067482877364218208e+00 4.637563007767119529e+02 6.284930636431253603e+00
7.940463158055625081e-01 4.650150554892967421e+02 6.284930636431253603e+00
1.498192564910497904e+00 4.663077198104895729e+02 6.284930636431253603e+00
1.724778438147317239e+00 4.666870860369018601e+02 6.284930636431253603e+00
1.086039337444202779e+00 4.681057498777373667e+02 6.284930636431253603e+00
1.832885382960658838e+00 4.695294900794119144e+02 6.284930636431253603e+00
1.382632995066342740e+00 4.699156266447720895e+02 6.284930636431253603e+00
7.883595111909090791e-01 4.712082622378291035e+02 6.284930636431253603e+00
1.157374260004487176e+00 4.724845521964105615e+02 6.284930636431253603e+00
2.086628968843980747e+00 4.729061587624298681e+02 6.284930636431253603e+00
1.057343449316363371e+00 4.743268099394260275e+02 6.284930636431253603e+00
1.431053332387582921e+00 4.757161266518076559e+02 6.284930636431253603e+00
1.849518950010220264e+00 4.761067274022022957e+02 6.284930636431253603e+00
7.919342175361040459e-01 4.773848235960695661e+02 6.284930636431253603e+00
8.677259076131816906e-01 4.785728083053661521e+02 6.284930636431253603e+00
2.560878943523719364e+00 4.791314587628269237e+02 6.284930636431253603e+00
9.335650399145509759e-01 4.804862775270136126e+02 6.284930636431253603e+00
9.650875523221119634e-01 4.817582909213546714e+02 6.284930636431253603e+00
2.728165109930069665e+00 4.823080889128193007e+02 6.284930636431253603e+00
7.802029734162682084e-01 4.834813521116855100e+02 6.284930636431253603e+00
7.182774485826646238e-01 4.844035647579063379e+02 6.284930636431253603e+00
3.119992090918483729e+00 4.853485518626124531e+02 6.284930636431253603e+00
7.364697548851497633e-01 4.862628694808653904e+02 6.284930636431253603e+00
7.594187648910558641e-01 4.873865674494712152e+02 6.284930636431253603e+00
2.959499301949022776e+00 4.885229928646169810e+02 6.284930636431253603e+00
7.242728662721592547e-01 4.893123105208747461e+02 6.284930636431253603e+00
7.857554196867799767e-01 4.903407550182147361e+02 6.284930636431253603e+00
2.398548395131651745e+00 4.915629740878941902e+02 6.284930636431253603e+00
1.095018155177525543e+00 4.920380369098682536e+02 6.284930636431253603e+00
9.743276232905345724e-01 4.933569326545185731e+02 6.284930636431253603e+00
2.351174199902914985e+00 4.947425635850216281e+02 6.284930636431253603e+00
9.476046059621305861e-01 4.952419051763541802e+02 6.284930636431253603e+00
7.743876279675624419e-01 4.964778802358520693e+02 6.284930636431253603e+00
1.682774080007898077e+00 4.977653244809275179e+02 6.284930636431253603e+00
1.503310915383725632e+00 4.981508095093626594e+02 6.284930636431253603e+00
1.039061545143753262e+00 4.995456877995181912e+02 6.284930636431253603e+00
1.874384386776110967e+00 5.009596040193523550e+02 6.284930636431253603e+00
1.267349686881455995e+00 5.013597583611300479e+02 6.284930636431253603e+00
7.614969925857214550e-01 5.026539282525023395e+02 6.284930636431253603e+00
1.258100259865546189e+00 5.039475095905252715e+02 6.284930636431253603e+00
1.876811445269350509e+00 5.043490563855164623e+02 6.284930636431253603e+00
1.031932116026937685e+00 5.057609727700065037e+02 6.284930636431253603e+00
1.475510667090366823e+00 5.071523017127472599e+02 6.284930636431253603e+00
1.702646411402469306e+00 5.075400221824718869e+02 6.284930636431253603e+00
7.676787333460163287e-01 5.088260389648191904e+02 6.284930636431253603e+00
9.347372256173173133e-01 5.100612920086770146e+02 6.284930636431253603e+00
2.345484239216566458e+00 5.105660407199687825e+02 6.284930636431253603e+00
9.584021363882093691e-01 5.119442644902563870e+02 6.284930636431253603e+00
1.061397873481134013e+00 5.132533160774673888e+02 6.284930636431253603e+00
2.438381503233761904e+00 5.137424712037003474e+02 6.284930636431253603e+00
7.777638095693323317e-01 5.149554595849127736e+02 6.284930636431253603e+00
7.180803682373074759e-01 5.159765974920335339e+02 6.284930636431253603e+00
2.971189158863841495e+00 5.167842258579455574e+02 6.284930636431253603e+00
7.503879756201047302e-01 5.178957824568087744e+02 6.284930636431253603e+00
7.326871804070815841e-01 5.190143538117645221e+02 6.284930636431253603e+00
3.110253770493561110e+00 5.199587130745499053e+02 6.284930636431253603e+00
7.174814316688009619e-01 5.208848494989431401e+02 6.284930636431253603e+00
7.861881017249520154e-01 5.218149176125020858e+02 6.284930636431253603e+00
2.691143456567445025e+00 5.229984889832680892e+02 6.284930636431253603e+00
9.895405690539615939e-01 5.235329330649525446e+02 6.284930636431253603e+00
9.469491776640804881e-01 5.248143355486221253e+02 6.284930636431253603e+00
2.561081614117016070e+00 5.261770547486418081e+02 6.284930636431253603e+00
8.780312625394759429e-01 5.267293612261988756e+02 6.284930636431253603e+00
7.976323549578809846e-01 5.279192790546244396e+02 6.284930636431253603e+00
1.827995864097471168e+00 5.291992779522569208e+02 6.284930636431253603e+00
1.455222194435014771e+00 5.295871104943910268e+02 6.284930636431253603e+00
1.063430463635785195e+00 5.309799178624848537e+02 6.284930636431253603e+00
2.081507238349787237e+00 5.324025462964208373e+02 6.284930636431253603e+00
1.164538435287502560e+00 5.328224760587978608e+02 6.284930636431253603e+00
7.872598396905846618e-01 5.341001837987727185e+02 6.284930636431253603e+00
1.374231630960379036e+00 5.353927149624925050e+02 6.284930636431253603e+00
1.829589981675342258e+00 5.357798882973308991e+02 6.284930636431253603e+00
1.076770714408561869e+00 5.372013526311526448e+02 6.284930636431253603e+00
1.687535119069241141e+00 5.386163497595854324e+02 6.284930636431253603e+00
1.516915637311742282e+00 5.389961545996856103e+02 6.284930636431253603e+00
7.845980362447962930e-01 5.402896414781449721e+02 6.284930636431253603e+00
1.053355672295245071e+00 5.415495165580856565e+02 6.284930636431253603e+00
2.216917546041794029e+00 5.420022664076642513e+02 6.284930636431253603e+00
1.025434113888147092e+00 5.434115193501922931e+02 6.284930636431253603e+00
1.269200973189647863e+00 5.447731572615259665e+02 6.284930636431253603e+00
2.094324732791566834e+00 5.451917641409580710e+02 6.284930636431253603e+00
7.918200473295566866e-01 5.464493520019079824e+02 6.284930636431253603e+00
7.819821504758299735e-01 5.475691898643473223e+02 6.284930636431253603e+00
2.769830118629385218e+00 5.482249192964832218e+02 6.284930636431253603e+00
8.487050520921003427e-01 5.495033196254538552e+02 6.284930636431253603e+00
8.179824692599193536e-01 5.506967717702609662e+02 6.284930636431253603e+00
3.066055236879288159e+00 5.513982359738967034e+02 6.284930636431253603e+00
7.517545158030944918e-01 5.524744346847163570e+02 6.284930636431253603e+00
7.616662626202010955e-01 5.533346470983308336e+02 6.284930636431253603e+00
3.023335549573350711e+00 5.544375121801865589e+02 6.284930636431253603e+00
8.510550898936432018e-01 5.550968141277321592e+02 6.284930636431253603e+00
8.750344430984866584e-01 5.563098364873133050e+02 6.284930636431253603e+00
2.759517906186710334e+00 5.576121573964932168e+02 6.284930636431253603e+00
8.017335907731224509e-01 5.582462327300639799e+02 6.284930636431253603e+00
8.044826024572159229e-01 5.593745763478315212e+02 6.284930636431253603e+00
2.033774648245420646e+00 5.606402591604743293e+02 6.284930636431253603e+00
1.333324444475278758e+00 5.610458041629667605e+02 6.284930636431253603e+00
1.050246886469941243e+00 5.624201510582749961e+02 6.284930636431253603e+00
2.236117830579415156e+00 5.638378590259790144e+02 6.284930636431253603e+00
1.071528369207987774e+00 5.642857976639628532e+02 6.284930636431253603e+00
7.962372833139333972e-01 5.655444358925846018e+02 6.284930636431253603e+00
1.492638382454553048e+00 5.668368748469517868e+02 6.284930636431253603e+00
1.736644427993013995e+00 5.672161310967933332e+02 6.284930636431253603e+00
1.089899079127913728e+00 5.686361506282318032e+02 6.284930636431253603e+00
1.838470170323166952e+00 5.700609119972359622e+02 6.284930636431253603e+00
1.384256564263884659e+00 5.704467423037365279e+02 6.284930636431253603e+00
7.907322961245275561e-01 5.717389840532219978e+02 6.284930636431253603e+00
1.156122915343731794e+00 5.730142565723057260e+02 6.284930636431253603e+00
2.095980015024874188e+00 5.734363162047134210e+02 6.284930636431253603e+00
1.060282313828962764e+00 5.748578303579662361e+02 6.284930636431253603e+00
1.435594873049489184e+00 5.762480186813210139e+02 6.284930636431253603e+00
1.849600673841921950e+00 5.766380318967482026e+02 6.284930636431253603e+00
7.935981165440127993e-01 5.779162881292168095e+02 6.284930636431253603e+00
8.678922393981340910e-01 5.791031377588045643e+02 6.284930636431253603e+00
2.566664766947345466e+00 5.796621946597678061e+02 6.284930636431253603e+00
9.346567809510426539e-01 5.810173126493532436e+02 6.284930636431253603e+00
9.659223190754467891e-01 5.822895227930837336e+02 6.284930636431253603e+00
2.731463330059165528e+00 5.828390236023748230e+02 6.284930636431253603e+00
7.809636706496312364e-01 5.840123541020681159e+02 6.284930636431253603e+00
7.188362098933762656e-01 5.849326569797050297e+02 6.284930636431253603e+00
3.123483984482304354e+00 5.858792818065534220e+02 6.284930636431253603e+00
7.370702732490919118e-01 5.867908713559752414e+02 6.284930636431253603e+00
7.605135593195279098e-01 5.879150636018775913e+02 6.284930636431253603e+00
2.959722085499358890e+00 5.890537135953230745e+02 6.284930636431253603e+00
7.249706821568695503e-01 5.898412945226396005e+02 6.284930636431253603e+00
7.866065506457304846e-01 5.908703282056505941e+02 6.284930636431253603e+00
2.394344065695709567e+00 5.920934458575820827e+02 6.284930636431253603e+00
1.098916034454425317e+00 5.925669662177158443e+02 6.284930636431253603e+00
9.762623826752996337e-01 5.938869678516338126e+02 6.284930636431253603e+00
2.352539141651672328e+00 5.952734100159336776e+02 6.284930636431253603e+00
9.492554743797032568e-01 5.957720916407627101e+02 6.284930636431253603e+00
7.755448610848555413e-01 5.970079590704016255e+02 6.284930636431253603e+00
1.680251454240142994e+00 5.982955812987028139e+02 6.284930636431253603e+00
1.508691461357458463e+00 5.986806237355651774e+02 6.284930636431253603e+00
1.041290862041220011e+00 6.000763195611197034e+02 6.284930636431253603e+00
1.878222392174855093e+00 6.014908798642338752e+02 6.284930636431253603e+00
1.268009669854452959e+00 6.018909133066466666e+02 6.284930636431253603e+00
7.629224873462882028e-01 6.031847720783308660e+02 6.284930636431253603e+00
1.257902465651359325e+00 6.044779890007625909e+02 6.284930636431253603e+00
1.881621862275881352e+00 6.048795424420237623e+02 6.284930636431253603e+00
1.034063410283550422e+00 6.062920991563586313e+02 6.284930636431253603e+00
1.479746853978195054e+00 6.076841381492083656e+02 6.284930636431253603e+00
1.701525851841308112e+00 6.080714475638246768e+02 6.284930636431253603e+00
7.688357223358275316e-01 6.093576025562284713e+02 6.284930636431253603e+00
9.356489871868268748e-01 6.105924828346707045e+02 6.284930636431253603e+00
2.348094467808652386e+00 6.110969758376722893e+02 6.284930636431253603e+00
9.599237807228643282e-01 6.124758066451071272e+02 6.284930636431253603e+00
1.063902806082441810e+00 6.137855919655661410e+02 6.284930636431253603e+00
2.436935529202619133e+00 6.142737025434576026e+02 6.284930636431253603e+00
7.785341941437206037e-01 6.154872803680001425e+02 6.284930636431253603e+00
7.184659544329112801e-01 6.165081799677088839e+02 6.284930636431253603e+00
2.972865600057139623e+00 6.173152572440574204e+02 6.284930636431253603e+00
7.508521068483127170e-01 6.184275748410710776e+02 6.284930636431253603e+00
7.329556667549034232e-01 6.195462266864394678e+02 6.284930636431253603e+00
3.113068535867820952e+00 6.204897474122060430e+02 6.284930636431253603e+00
7.178375377973291727e-01 6.214163523698970266e+02 6.284930636431253603e+00
7.869862173402935035e-01 6.223453173140594572e+02 6.284930636431253603e+00
2.691797383110852593e+00 6.235293314312910979e+02 6.284930636431253603e+00
9.912248493926583137e-01 6.240629164461679466e+02 6.284930636431253603e+00
9.483196429234541647e-01 6.253448676719293644e+02 6.284930636431253603e+00
2.565180380786216130e+00 6.267081187966160769e+02 6.284930636431253603e+00
8.786464752184800497e-01 6.272603846308837774e+02 6.284930636431253603e+00
7.991050540164612581e-01 6.284495883275913002e+02 6.284930636431253603e+00
1.826866530379172238e+00 6.297297711347561062e+02 6.284930636431253603e+00
1.460105826481038260e+00 6.301170264938646142e+02 6.284930636431253603e+00
1.066130990583733285e+00 6.315107080544325981e+02 6.284930636431253603e+00
2.088993032726809584e+00 6.329341263724193141e+02 6.284930636431253603e+00
1.163930707213384652e+00 6.333543190413184902e+02 6.284930636431253603e+00
7.893193489612644331e-01 6.346312253233926413e+02 6.284930636431253603e+00
1.375089032110256237e+00 6.359233946647007087e+02 6.284930636431253603e+00
1.834997583791924569e+00 6.363103521761538559e+02 6.284930636431253603e+00
1.080057997913036916e+00 6.377327179646642890e+02 6.284930636431253603e+00
1.696782875085622866e+00 6.391488525795170972e+02 6.284930636431253603e+00
1.512868366974917222e+00 6.395284643561732310e+02 6.284930636431253603e+00
7.864116128927676197e-01 6.408218504960216251e+02 6.284930636431253603e+00
1.056392959067595783e+00 6.420815583971444767e+02 6.284930636431253603e+00
2.218622238543964897e+00 6.425334306258182551e+02 6.284930636431253603e+00
1.028551657544775511e+00 6.439437495920526544e+02 6.284930636431253603e+00
1.277235554158627995e+00 6.453070530879365378e+02 6.284930636431253603e+00
2.085798596914462344e+00 6.457238638498213277e+02 6.284930636431253603e+00
7.929480349021298391e-01 6.469825340539414356e+02 6.284930636431253603e+00
7.845475076224760480e-01 6.481040385791449125e+02 6.284930636431253603e+00
2.766833674940726073e+00 6.487564652349527705e+02 6.284930636431253603e+00
8.520220381956566946e-01 6.500381273409325331e+02 6.284930636431253603e+00
8.220116301056265007e-01 6.512341243505701414e+02 6.284930636431253603e+00
3.061260149213686610e+00 6.519298616671064792e+02 6.284930636431253603e+00
7.531133942655152680e-01 6.530095612597654053e+02 6.284930636431253603e+00
7.608257567488293516e-01 6.538689758748691929e+02 6.284930636431253603e+00
3.030902183633191971e+00 6.549690705276875633e+02 6.284930636431253603e+00
8.476600418717650243e-01 6.556326582397216498e+02 6.284930636431253603e+00
8.727410996645180719e-01 6.568435945903873971e+02 6.284930636431253603e+00
2.764837973596508736e+00 6.581436487051648783e+02 6.284930636431253603e+00
7.998188221262307884e-01 6.587803572248056980e+02 6.284930636431253603e+00
8.045426542623743682e-01 6.599067598568040012e+02 6.284930636431253603e+00
2.040104264684557744e+00 6.611719281601950797e+02 6.284930636431253603e+00
1.329543324201131638e+00 6.615782010722509767e+02 6.284930636431253603e+00
1.049561197250731270e+00 6.629518677181409885e+02 6.284930636431253603e+00
2.239952871883168495e+00 6.643692987217334576e+02 6.284930636431253603e+00
1.069115803487445504e+00 6.648181044204312684e+02 6.284930636431253603e+00
7.963575302229481956e-01 6.660761755764427789e+02 6.284930636431253603e+00
1.495974945574838788e+00 6.673685884265000823e+02 6.284930636431253603e+00
1.733770992627609031e+00 6.677477175890048784e+02 6.284930636431253603e+00
1.089970329415071326e+00 6.691675949504134451e+02 6.284930636431253603e+00
1.841951556294507686e+00 6.705924988190902241e+02 6.284930636431253603e+00
1.381170533988574478e+00 6.709785892934439744e+02 6.284930636431253603e+00
7.908062733890407481e-01 6.722707380039586269e+02 6.284930636431253603e+00
1.158735188896595769e+00 6.735463372083642071e+02 6.284930636431253603e+00
2.092830499440548664e+00 6.739677547203975791e+02 6.284930636431253603e+00
1.060909516375571515e+00 6.753894510861808840e+02 6.284930636431253603e+00
1.439496293201526278e+00 6.767801918439253086e+02 6.284930636431253603e+00
1.844192577730218163e+00 6.771697596933621526e+02 6.284930636431253603e+00
7.935744243475748583e-01 6.784483854889124359e+02 6.284930636431253603e+00
8.702317436901647607e-01 6.796366113082573293e+02 6.284930636431253603e+00
2.561710417029225972e+00 6.801936840194383649e+02 6.284930636431253603e+00
9.365054194566547752e-01 6.815501312849728492e+02 6.284930636431253603e+00
9.700582764548739689e-01 6.828240735422128864e+02 6.284930636431253603e+00
2.721893248209251492e+00 6.833706554211629509e+02 6.284930636431253603e+00
7.815089703297368739e-01 6.845458420230700085e+02 6.284930636431253603e+00
7.183641823339088628e-01 6.854686593902628147e+02 6.284930636431253603e+00
3.122194197548301631e+00 6.864108757866787300e+02 6.284930636431253603e+00
7.362186039312265118e-01 6.873293710902458997e+02 6.284930636431253603e+00
7.585805377910901370e-01 6.884521899183496316e+02 6.284930636431253603e+00
2.966917100399023344e+00 6.895853634107243124e+02 6.284930636431253603e+00
7.241371602611277325e-01 6.903774127155023734e+02 6.284930636431253603e+00
7.869771321886671611e-01 6.914029322098298280e+02 6.284930636431253603e+00
2.403795908639546397e+00 6.926250625284484386e+02 6.284930636431253603e+00
1.095781729515527214e+00 6.931000581945494332e+02 6.284930636431253603e+00
9.758903092481795438e-01 6.944190983658227196e+02 6.284930636431253603e+00
2.360474561095528223e+00 6.958050860270118392e+02 6.284930636431253603e+00
9.467201597554945058e-01 6.963054150986009745e+02 6.284930636431253603e+00
7.765823674325139647e-01 6.975397793981443328e+02 6.284930636431253603e+00
1.685149330738953344e+00 6.988271632797226403e+02 6.284930636431253603e+00
1.507641162987176209e+00 6.992121669346348654e+02 6.284930636431253603e+00
1.042581758147411719e+00 7.006079472878202523e+02 6.284930636431253603e+00
1.886265837145257862e+00 7.020229885425948169e+02 6.284930636431253603e+00
1.263878760040219262e+00 7.024235892366898497e+02 6.284930636431253603e+00
7.639603173697411265e-01 7.037169843042521507e+02 6.284930636431253603e+00
1.262339109549994953e+00 7.050101822997617091e+02 6.284930636431253603e+00
1.879857289782502772e+00 7.054110788817702087e+02 6.284930636431253603e+00
1.035943625629207387e+00 7.068240985169412625e+02 6.284930636431253603e+00
1.487723128494043756e+00 7.082171788760397249e+02 6.284930636431253603e+00
1.693861631808442292e+00 7.086038653417409705e+02 6.284930636431253603e+00
7.694467225323137205e-01 7.098905302649650366e+02 6.284930636431253603e+00
9.400093062335200811e-01 7.111266082994592352e+02 6.284930636431253603e+00
2.342784888315060154e+00 7.116287344581423895e+02 6.284930636431253603e+00
9.627074352286927317e-01 7.130090711608240781e+02 6.284930636431253603e+00
1.071311343256461823e+00 7.143211476849110113e+02 6.284930636431253603e+00
2.423469260021788863e+00 7.148058234253945784e+02 6.284930636431253603e+00
7.792533844183391345e-01 7.160215291745553259e+02 6.284930636431253603e+00
7.198454565254766013e-01 7.170462562645932394e+02 6.284930636431253603e+00
2.966821113425611056e+00 7.178471340578220179e+02 6.284930636431253603e+00
7.535518834365532159e-01 7.189673147885005164e+02 6.284930636431253603e+00
7.339533647281588635e-01 7.200874335538586593e+02 6.284930636431253603e+00
3.119431105548568617e+00 7.210215574689074174e+02 6.284930636431253603e+00
7.187779479822979933e-01 7.219540872996732332e+02 6.284930636431253603e+00
7.875883591045804710e-01 7.228782688122943227e+02 6.284930636431253603e+00
2.704285141890478972e+00 7.240609064297037776e+02 6.284930636431253603e+00
9.888740329655650863e-01 7.245963988822287547e+02 6.284930636431253603e+00
9.483542041825001601e-01 7.258772248228021908e+02 6.284930636431253603e+00
2.577572288343468188e+00 7.272398468303362051e+02 6.284930636431253603e+00
8.769091026294664193e-01 7.277943009977443580e+02 6.284930636431253603e+00
8.015767059350858981e-01 7.289807460332065148e+02 6.284930636431253603e+00
1.831142369405387216e+00 7.302608439009651420e+02 6.284930636431253603e+00
1.463715271773893933e+00 7.306476071640685177e+02 6.284930636431253603e+00
1.069949524492643578e+00 7.320421309023536196e+02 6.284930636431253603e+00
2.105353104279353627e+00 7.334666728884753866e+02 6.284930636431253603e+00
1.159855885125542718e+00 7.338880649535781231e+02 6.284930636431253603e+00
7.927424782111500701e-01 7.351632165544050395e+02 6.284930636431253603e+00
1.380021153178838889e+00 7.364548799379925867e+02 6.284930636431253603e+00
1.840244397304627189e+00 7.368411740192135539e+02 6.284930636431253603e+00
1.085584197041484567e+00 7.382649143810175474e+02 6.284930636431253603e+00
1.715961609082718553e+00 7.396831537129787648e+02 6.284930636431253603e+00
1.502018755977495568e+00 7.400626060428663777e+02 6.284930636431253603e+00
7.893660581127955878e-01 7.413558348097108137e+02 6.284930636431253603e+00
1.064355951929548461e+00 7.426159154940316967e+02 6.284930636431253603e+00
2.217025346212293080e+00 7.430652919863651960e+02 6.284930636431253603e+00
1.034616753728885508e+00 7.444777364531032617e+02 6.284930636431253603e+00
1.295218495360021871e+00 7.458446584395371701e+02 6.284930636431253603e+00
2.063826982224602702e+00 7.462575692978361985e+02 6.284930636431253603e+00
7.947411621541892179e-01 7.475186891559171727e+02 6.284930636431253603e+00
7.911118984250586905e-01 7.486453574095050953e+02 6.284930636431253603e+00
2.755130784585477777e+00 7.492890448261534857e+02 6.284930636431253603e+00
8.602422186939711057e-01 7.505789170400150851e+02 6.284930636431253603e+00
8.326392741572241629e-01 7.517816529821159293e+02 6.284930636431253603e+00
3.044100887799607857e+00 7.524626311500726388e+02 6.284930636431253603e+00
7.562869259094090468e-01 7.535515341366869961e+02 6.284930636431253603e+00
7.575643890357673937e-01 7.544106453776213357e+02 6.284930636431253603e+00
3.049833560996421333e+00 7.555018552524911684e+02 6.284930636431253603e+00
8.366069114825261943e-01 7.561795378369361060e+02 6.284930636431253603e+00
8.646087683188741213e-01 7.573837695922238709e+02 6.284930636431253603e+00
2.776470192964821226e+00 7.586761621648606706e+02 6.284930636431253603e+00
7.933924591575721719e-01 7.593211388134939170e+02 6.284930636431253603e+00
8.030439064727350473e-01 7.604424416016861414e+02 6.284930636431253603e+00
2.061226631782362428e+00 7.617055378475547514e+02 6.284930636431253603e+00
1.312642968886787775e+00 7.621151240386401469e+02 6.284930636431253603e+00
1.044289792004572170e+00 7.634855653061688372e+02 6.284930636431253603e+00
2.242978307052445164e+00 7.649011856041804549e+02 6.284930636431253603e+00
1.061667497484669820e+00 7.653523860813930924e+02 6.284930636431253603e+00
7.940724640164545933e-01 7.666098710012510082e+02 6.284930636431253603e+00
1.506317942578260460e+00 7.679024752093931738e+02 6.284930636431253603e+00
1.717052614069168870e+00 7.682816047328306013e+02 6.284930636431253603e+00
1.085734877015885447e+00 7.696997830146746082e+02 6.284930636431253603e+00
1.839935649891504044e+00 7.711237134445013908e+02 6.284930636431253603e+00
1.375606607252853664e+00 7.715104662117835232e+02 6.284930636431253603e+00
7.882402763074305430e-01 7.728029464801078348e+02 6.284930636431253603e+00
1.163339267513254116e+00 7.740800599718979811e+02 6.284930636431253603e+00
2.078537991829648046e+00 7.745002095161870557e+02 6.284930636431253603e+00
1.058344508901334802e+00 7.759211466596673290e+02 6.284930636431253603e+00
1.439045900677505818e+00 7.773115652562074729e+02 6.284930636431253603e+00
1.837644582614787359e+00 7.777012583349446686e+02 6.284930636431253603e+00
7.916710156205640780e-01 7.789801524443755625e+02 6.284930636431253603e+00
8.728694367174906210e-01 7.801712754088724751e+02 6.284930636431253603e+00
2.549270295018206678e+00 7.807255395235703190e+02 6.284930636431253603e+00
9.374426070377712694e-01 7.820832018339442584e+02 6.284930636431253603e+00
9.740443999170019795e-01 7.833589619387258836e+02 6.284930636431253603e+00
2.706822395149781624e+00 7.839024508081664635e+02 6.284930636431253603e+00
7.812767441061042595e-01 7.850797359923707290e+02 6.284930636431253603e+00
7.172670202227453551e-01 7.860077353657861750e+02 6.284930636431253603e+00
3.116384184306811633e+00 7.869428523607450643e+02 6.284930636431253603e+00
7.347734138209880417e-01 7.878725787927717192e+02 6.284930636431253603e+00
7.552241180520554709e-01 7.889933726622737140e+02 6.284930636431253603e+00
2.975311545293925608e+00 7.901174137471341510e+02 6.284930636431253603e+00
7.225050735181960393e-01 7.909167408775978174e+02 6.284930636431253603e+00
7.865370654831370656e-01 7.919373541860259138e+02 6.284930636431253603e+00
2.419722934241386181e+00 7.931573224807065117e+02 6.284930636431253603e+00
1.087977885124807642e+00 7.936357603421140539e+02 6.284930636431253603e+00
9.734245904249200221e-01 7.949524653595475456e+02 6.284930636431253603e+00
2.368785329548477314e+00 7.963370369490028224e+02 6.284930636431253603e+00
9.419680432146838589e-01 7.968400842142525562e+02 6.284930636431253603e+00
7.766669432588891864e-01 7.980726946280771017e+02 6.284930636431253603e+00
1.693758511075256434e+00 7.993595991988578362e+02 6.284930636431253603e+00
1.500856543976690105e+00 7.997450234842179952e+02 6.284930636431253603e+00
1.041864642985064870e+00 8.011400620171980336e+02 6.284930636431253603e+00
1.892138909179520878e+00 8.025550229243865488e+02 6.284930636431253603e+00
1.258214649123830631e+00 8.029564513683488940e+02 6.284930636431253603e+00
7.637719028050037329e-01 8.042495896367817068e+02 6.284930636431253603e+00
1.267965660496486180e+00 8.055431246658260989e+02 6.284930636431253603e+00
1.872816910650257460e+00 8.059432316408530141e+02 6.284930636431253603e+00
1.036042329188297639e+00 8.073561526991691153e+02 6.284930636431253603e+00
1.493074611952195596e+00 8.087497641228754901e+02 6.284930636431253603e+00
1.685769318011198559e+00 8.091361273444349536e+02 6.284930636431253603e+00
7.690126116210401763e-01 8.104232645222090241e+02 6.284930636431253603e+00
9.443912694998484181e-01 8.116611417285741936e+02 6.284930636431253603e+00
2.333728408607310456e+00 8.121606941214270137e+02 6.284930636431253603e+00
9.644976420276649698e-01 8.135422062328613038e+02 6.284930636431253603e+00
1.077732052999572199e+00 8.148562810335249651e+02 6.284930636431253603e+00
2.408735500164379317e+00 8.153379198767000844e+02 6.284930636431253603e+00
7.793207582195965655e-01 8.165555672769403373e+02 6.284930636431253603e+00
7.212167592992273502e-01 8.175851500625534527e+02 6.284930636431253603e+00
2.957649041520862276e+00 8.183791348579492251e+02 6.284930636431253603e+00
7.564624362324144924e-01 8.195078837944723773e+02 6.284930636431253603e+00
7.350809065161960643e-01 8.206298451666496021e+02 6.284930636431253603e+00
3.123657434083560780e+00 8.215534698384494732e+02 6.284930636431253603e+00
7.196009668119242031e-01 8.224926453994225994e+02 6.284930636431253603e+00
7.873901650562665777e-01 8.234123162903580351e+02 6.284930636431253603e+00
2.718719933661795096e+00 8.245927470597215461e+02 6.284930636431253603e+00
9.841206149853559682e-01 8.251315755136510006e+02 6.284930636431253603e+00
9.468103085721735201e-01 8.264103919691220881e+02 6.284930636431253603e+00
2.587925882693890234e+00 8.277716182194462817e+02 6.284930636431253603e+00
8.741389204876687247e-01 8.283287858050141494e+02 6.284930636431253603e+00
8.028995813105422874e-01 8.295126772761848315e+02 6.284930636431253603e+00
1.837615036358437370e+00 8.307924703208224173e+02 6.284930636431253603e+00
1.462549235920383772e+00 8.311792884274689186e+02 6.284930636431253603e+00
1.071506683372231095e+00 8.325738400145763762e+02 6.284930636431253603e+00
2.116656877349972099e+00 8.339988429730047983e+02 6.284930636431253603e+00
1.155680753988430620e+00 8.344213943616450706e+02 6.284930636431253603e+00
7.945635590818045380e-01 8.356953158184444419e+02 6.284930636431253603e+00
1.384989213678224251e+00 8.369867767155875526e+02 6.284930636431253603e+00
1.840546774960297727e+00 8.373725177436213016e+02 6.284930636431253603e+00
1.088563102506249436e+00 8.387969043432333365e+02 6.284930636431253603e+00
1.728719053805122696e+00 8.402163989147024949e+02 6.284930636431253603e+00
1.493575831586117841e+00 8.405958939329259465e+02 6.284930636431253603e+00
7.909133815690551073e-01 8.418890276283175353e+02 6.284930636431253603e+00
1.070538443407049067e+00 8.431497153281802639e+02 6.284930636431253603e+00
2.213313518638241550e+00 8.435971040105583825e+02 6.284930636431253603e+00
1.038427778207861030e+00 8.450109004240866852e+02 6.284930636431253603e+00
1.307914914736956424e+00 8.463802936060089905e+02 6.284930636431253603e+00
2.047066062995134939e+00 8.467905726027186120e+02 6.284930636431253603e+00
7.956471782648087965e-01 8.480533997856560973e+02 6.284930636431253603e+00
7.962151526034730864e-01 8.491843395965670425e+02 6.284930636431253603e+00
2.744474092921683539e+00 8.498212994382555507e+02 6.284930636431253603e+00
8.664159625800783582e-01 8.511172548008640888e+02 6.284930636431253603e+00
8.411031227438336977e-01 8.523252539530690228e+02 6.284930636431253603e+00
3.028242857797451393e+00 8.529950419013088094e+02 6.284930636431253603e+00
7.585932359203598763e-01 8.540910083354135622e+02 6.284930636431253603e+00
7.545985927810350269e-01 8.549509211732594167e+02 6.284930636431253603e+00
3.063532166858669914e+00 8.560343463562222723e+02 6.284930636431253603e+00
8.273054794153980041e-01 8.567245237355443805e+02 6.284930636431253603e+00
8.573717821186573884e-01 8.579229882279219055e+02 6.284930636431253603e+00
2.784987522405337756e+00 8.592084359053378648e+02 6.284930636431253603e+00
7.878376787561881534e-01 8.598606487575990514e+02 6.284930636431253603e+00
8.012519750434022869e-01 8.609777899308992346e+02 6.284930636431253603e+00
2.079917342591380169e+00 8.622388869415091222e+02 6.284930636431253603e+00
1.296707433370442697e+00 8.626517583687734714e+02 6.284930636431253603e+00
1.038814755170187842e+00 8.640190555382000639e+02 6.284930636431253603e+00
2.243129273946707691e+00 8.654328053273541173e+02 6.284930636431253603e+00
1.055188648380492644e+00 8.658860353092496780e+02 6.284930636431253603e+00
7.913355671629901389e-01 8.671433355971676065e+02 6.284930636431253603e+00
1.515325577518966238e+00 8.684361282090085297e+02 6.284930636431253603e+00
1.700372170227625324e+00 8.688154310543066003e+02 6.284930636431253603e+00
1.080746487934855393e+00 8.702317512247548166e+02 6.284930636431253603e+00
1.834480041983028276e+00 8.716544169460903504e+02 6.284930636431253603e+00
1.371854411299178178e+00 8.720417081257845666e+02 6.284930636431253603e+00
7.851850869733132399e-01 8.733346610357439204e+02 6.284930636431253603e+00
1.166320597759742173e+00 8.746132175261360544e+02 6.284930636431253603e+00
2.064765688687685508e+00 8.750324917610945477e+02 6.284930636431253603e+00
1.054743093002540766e+00 8.764523623808120192e+02 6.284930636431253603e+00
1.434873733442687538e+00 8.778418882589527357e+02 6.284930636431253603e+00
1.834938239602637466e+00 8.782321388819698313e+02 6.284930636431253603e+00
7.894476033094017797e-01 8.795110061761782845e+02 6.284930636431253603e+00
8.737720010253295921e-01 8.807042530365316679e+02 6.284930636431253603e+00
2.539240382219990266e+00 8.812570648936218731e+02 6.284930636431253603e+00
9.367828170270052768e-01 8.826149063632649359e+02 6.284930636431253603e+00
9.747902682557239018e-01 8.838911701980536009e+02 6.284930636431253603e+00
2.698129555261911783e+00 8.844337604506509933e+02 6.284930636431253603e+00
7.804759842184724183e-01 8.856117713960410356e+02 6.284930636431253603e+00
7.164174239332653515e-01 8.865434912525042819e+02 6.284930636431253603e+00
3.110726987866731630e+00 8.874744155652339259e+02 6.284930636431253603e+00
7.338740128988505695e-01 8.884108223245652880e+02 6.284930636431253603e+00
7.531081376878600020e-01 8.895305383157242431e+02 6.284930636431253603e+00
2.978347317665798855e+00 8.906490110981814041e+02 6.284930636431253603e+00
7.213654483062234002e-01 8.914526871022173964e+02 6.284930636431253603e+00
7.856550096825178908e-01 8.924708672111346459e+02 6.284930636431253603e+00
2.429541967447751194e+00 8.936891984308037991e+02 6.284930636431253603e+00
1.081733221110060095e+00 8.941703364623276684e+02 6.284930636431253603e+00
9.708495669177809040e-01 8.954851826447726353e+02 6.284930636431253603e+00
2.371057788858304871e+00 8.968684986386449509e+02 6.284930636431253603e+00
9.387261991786599591e-01 8.973732088161740421e+02 6.284930636431253603e+00
7.757629534462459064e-01 8.986051803742245738e+02 6.284930636431253603e+00
1.699344633924209091e+00 8.998917284703383075e+02 6.284930636431253603e+00
1.493748747021972356e+00 9.002777096960563767e+02 6.284930636431253603e+00
1.039748869401456277e+00 9.016717725323288732e+02 6.284930636431253603e+00
1.891361482208372635e+00 9.030861703736477466e+02 6.284930636431253603e+00
1.255389519082431571e+00 9.034880333290874432e+02 6.284930636431253603e+00
7.625260263263553551e-01 9.047813290734951579e+02 6.284930636431253603e+00
1.270426472596213552e+00 9.060752843848904377e+02 6.284930636431253603e+00
1.866023730084122256e+00 9.064750799930221774e+02 6.284930636431253603e+00
1.034313369376298253e+00 9.078874290428126415e+02 6.284930636431253603e+00
1.491681064877996343e+00 9.092806659260127162e+02 6.284930636431253603e+00
1.683464471254017658e+00 9.096672270331538357e+02 6.284930636431253603e+00
7.678775193084070860e-01 9.109544513658345295e+02 6.284930636431253603e+00
9.453888958853744473e-01 9.121933458707782165e+02 6.284930636431253603e+00
2.327945824326540070e+00 9.126920856505381607e+02 6.284930636431253603e+00
9.639232171183488296e-01 9.140735576606596169e+02 6.284930636431253603e+00
1.078140933127688772e+00 9.153878080558239390e+02 6.284930636431253603e+00
2.404182863602997156e+00 9.158691058334909485e+02 6.284930636431253603e+00
7.787004468846691063e-01 9.170870362200917043e+02 6.284930636431253603e+00
7.214464334057473227e-01 9.181187095963447291e+02 6.284930636431253603e+00
2.952632589167183852e+00 9.189104529094796590e+02 6.284930636431253603e+00
7.572200132089519364e-01 9.200418938629291006e+02 6.284930636431253603e+00
7.353248009503653426e-01 9.211645250445511692e+02 6.284930636431253603e+00
3.122879163046803797e+00 9.220847495490148731e+02 6.284930636431253603e+00
7.196323862546579742e-01 9.230261357380445588e+02 6.284930636431253603e+00
7.866297014075928073e-01 9.239449962373066683e+02 6.284930636431253603e+00
2.723831824025483961e+00 9.251241593167358133e+02 6.284930636431253603e+00
9.808326174228056971e-01 9.256650691752812463e+02 6.284930636431253603e+00
9.450275510440994120e-01 9.269426152449963183e+02 6.284930636431253603e+00
2.588517916109282169e+00 9.283028219172269928e+02 6.284930636431253603e+00
8.725104230316341747e-01 9.288611172065837991e+02 6.284930636431253603e+00
8.021486973320425262e-01 9.300446047663825766e+02 6.284930636431253603e+00
1.841261514972359681e+00 9.313241131274612599e+02 6.284930636431253603e+00
1.457806516454754009e+00 9.317114631265586695e+02 6.284930636431253603e+00
1.069766206374728856e+00 9.331052587688435551e+02 6.284930636431253603e+00
2.114527922744487309e+00 9.345297587599180815e+02 6.284930636431253603e+00
1.154541384385013192e+00 9.349525279769482040e+02 6.284930636431253603e+00
7.934562726992180348e-01 9.362266921584800912e+02 6.284930636431253603e+00
1.386331839416092615e+00 9.375183942499327259e+02 6.284930636431253603e+00
1.835753730184208177e+00 9.379041001023742865e+02 6.284930636431253603e+00
1.086815978512648551e+00 9.393279421703684875e+02 6.284930636431253603e+00
1.725423916566130478e+00 9.407469351947777341e+02 6.284930636431253603e+00
1.493791619814870630e+00 9.411265611721978530e+02 6.284930636431253603e+00
7.898822735611420454e-01 9.424198072572012279e+02 6.284930636431253603e+00
1.070323672692074179e+00 9.436809058886897219e+02 6.284930636431253603e+00
2.210168981318735515e+00 9.441282472595580657e+02 6.284930636431253603e+00
1.037136416309255349e+00 9.455416498012197053e+02 6.284930636431253603e+00
1.305556085350785489e+00 9.469105563352928812e+02 6.284930636431253603e+00
2.048088768318988340e+00 9.473212923614256624e+02 6.284930636431253603e+00
7.949969777103184088e-01 9.485838926700147340e+02 6.284930636431253603e+00
7.957984060518401570e-01 9.497150487452448715e+02 6.284930636431253603e+00
2.743052421234510874e+00 9.503522489071128803e+02 6.284930636431253603e+00
8.658007140042034422e-01 9.516478183328562181e+02 6.284930636431253603e+00
8.404690953810272092e-01 9.528555264954682116e+02 6.284930636431253603e+00
3.027510039794920171e+00 9.535259498944985808e+02 6.284930636431253603e+00
7.582524324533628235e-01 9.546215893057556059e+02 6.284930636431253603e+00
7.543128062882046292e-01 9.554821252777328482e+02 6.284930636431253603e+00
3.062497631921428987e+00 9.565653423909085404e+02 6.284930636431253603e+00
8.268565559778223717e-01 9.572559691113744975e+02 6.284930636431253603e+00
8.568892533135926692e-01 9.584542412872341401e+02 6.284930636431253603e+00
2.783490220945526339e+00 9.597394007034514516e+02 6.284930636431253603e+00
7.875164717898410771e-01 9.603917602935466675e+02 6.284930636431253603e+00
8.006404609046180454e-01 9.615091668344347227e+02 6.284930636431253603e+00
2.080741493575401613e+00 9.627700606014593632e+02 6.284930636431253603e+00
1.294622479036891649e+00 9.631833534158009797e+02 6.284930636431253603e+00
1.037639822562228753e+00 9.645502119496138675e+02 6.284930636431253603e+00
2.240139921616984164e+00 9.659636038009304002e+02 6.284930636431253603e+00
1.055018414315955999e+00 9.664167714690715911e+02 6.284930636431253603e+00
7.903739402023678418e-01 9.676744752970323589e+02 6.284930636431253603e+00
1.515493158666770368e+00 9.689673587341923167e+02 6.284930636431253603e+00
1.697368892790633410e+00 9.693468000601718586e+02 6.284930636431253603e+00
1.079131883953577731e+00 9.707626542209666241e+02 6.284930636431253603e+00
1.830078889897382766e+00 9.721848161721430870e+02 6.284930636431253603e+00
1.373047562555156365e+00 9.725720714827427855e+02 6.284930636431253603e+00
7.841697908527888172e-01 9.738652423687151440e+02 6.284930636431253603e+00
1.165200410361281635e+00 9.751440117531717533e+02 6.284930636431253603e+00
2.062891216564221253e+00 9.755634959060388383e+02 6.284930636431253603e+00
1.053150511484532537e+00 9.769829001245585687e+02 6.284930636431253603e+00
1.430610547796266507e+00 9.783717301837357354e+02 6.284930636431253603e+00
1.838179500747060491e+00 9.787624940885274327e+02 6.284930636431253603e+00
7.887725672481701311e-01 9.800410673209248671e+02 6.284930636431253603e+00
8.722455924535633676e-01 9.812339552042570858e+02 6.284930636431253603e+00
2.539874820745964268e+00 9.817878014160994553e+02 6.284930636431253603e+00
9.352036253764418605e-01 9.831447211621277802e+02 6.284930636431253603e+00
9.718757096694599085e-01 9.844198506202226326e+02 6.284930636431253603e+00
2.702641453497987456e+00 9.849643243149721457e+02 6.284930636431253603e+00
7.798329643072483552e-01 9.861411900548052927e+02 6.284930636431253603e+00
7.164224043176407042e-01 9.870721283610629371e+02 6.284930636431253603e+00
3.110244173385434241e+00 9.880050922074883601e+02 6.284930636431253603e+00
7.340149430282965071e-01 9.889384044482516174e+02 6.284930636431253603e+00
7.537513730036502491e-01 9.900586719355520700e+02 6.284930636431253603e+00
2.973774788645441536e+00 9.911796595814042803e+02 6.284930636431253603e+00
7.215073769155166961e-01 9.919813061839195143e+02 6.284930636431253603e+00
7.850295316710259597e-01 9.930014463551000290e+02 6.284930636431253603e+00
2.425495367947288816e+00 9.942199861552232960e+02 6.284930636431253603e+00
1.081879104038427020e+00 9.947009048185199163e+02 6.284930636431253603e+00
9.701876015022590227e-01 9.960158472510584033e+02 6.284930636431253603e+00
2.365408143390618445e+00 9.973990781930360754e+02 6.284930636431253603e+00
9.395088935016283616e-01 9.979030532342610513e+02 6.284930636431253603e+00
7.745555899794092092e-01 9.991360412935080149e+02 6.284930636431253603e+00
1.697459578168518446e+00 1.000422648070637933e+03 6.284930636431253603e+00
1.491833364823924368e+00 1.000808868287334008e+03 6.284930636431253603e+00
1.037872327484448576e+00 1.002202487619614203e+03 6.284930636431253603e+00
1.884462642287839440e+00 1.003616278745806881e+03 6.284930636431253603e+00
1.257612527918979151e+00 1.004017831237185078e+03 6.284930636431253603e+00
7.611790775451395819e-01 1.005311583730264942e+03 6.284930636431253603e+00
1.267740712042761064e+00 1.006605730774633685e+03 6.284930636431253603e+00
1.864762968734881454e+00 1.007005924727379352e+03 6.284930636431253603e+00
1.032101321300148200e+00 1.008417676932945710e+03 6.284930636431253603e+00
1.484611080742377354e+00 1.009809925165514642e+03 6.284930636431253603e+00
1.688732509238042745e+00 1.010197052734954809e+03 6.284930636431253603e+00
7.669212439352492972e-01 1.011483905966950260e+03 6.284930636431253603e+00
9.421957727906312696e-01 1.012722264917705502e+03 6.284930636431253603e+00
2.329929713719930184e+00 1.013222570985969583e+03 6.284930636431253603e+00
9.614557643894338090e-01 1.014602835052971955e+03 6.284930636431253603e+00
1.072241784629044847e+00 1.015915319832716932e+03 6.284930636431253603e+00
