7.482250000000001400e-01 0.000000000000000000e+00 0.000000000000000000e+00
1.258560082763944488e+00 1.296786158757159857e+00 6.284930636431253603e+00
1.833440902291247010e+00 1.698538205960305802e+00 6.284930636431253603e+00
1.011912192871661231e+00 3.104409809291834410e+00 6.284930636431253603e+00
1.435538043125363039e+00 4.488969015027497456e+00 6.284930636431253603e+00
1.713503502956379210e+00 4.880803394162078312e+00 6.284930636431253603e+00
7.568181996297186354e-01 6.165272618720877063e+00 6.284930636431253603e+00
9.255489667490225392e-01 7.403866678698750370e+00 6.284930636431253603e+00
2.321787771780353893e+00 7.911375381733861900e+00 6.284930636431253603e+00
9.438036555309906595e-01 9.283622792631399889e+00 6.284930636431253603e+00
1.037418134874119602e+00 1.058551947932153858e+01 6.284930636431253603e+00
2.452268091374283365e+00 1.108506861624823792e+01 6.284930636431253603e+00
7.703543907618459752e-01 1.229215399811857168e+01 6.284930636431253603e+00
7.143283147613612716e-01 1.331551093285679066e+01 6.284930636431253603e+00
2.955128537857715010e+00 1.412871748479972567e+01 6.284930636431253603e+00
7.458667702853504222e-01 1.523255831074494715e+01 6.284930636431253603e+00
7.301083316564236370e-01 1.635037578765238564e+01 6.284930636431253603e+00
3.082505041221509590e+00 1.730316727991662873e+01 6.284930636431253603e+00
7.140034661628518187e-01 1.822445313269662392e+01 6.284930636431253603e+00
7.784991874090697594e-01 1.916542562935868688e+01 6.284930636431253603e+00
2.683456226129603994e+00 2.034478844420897659e+01 6.284930636431253603e+00
9.737598582931390467e-01 2.088739917054619966e+01 6.284930636431253603e+00
9.339172361415222223e-01 2.216364951071828671e+01 6.284930636431253603e+00
2.522009905576772404e+00 2.352125876581502695e+01 6.284930636431253603e+00
8.722405315105257184e-01 2.407387657077575938e+01 6.284930636431253603e+00
7.837826259897575643e-01 2.527063162963446175e+01 6.284930636431253603e+00
1.837095711080260596e+00 2.654870730772319831e+01 6.284930636431253603e+00
1.410448511303658226e+00 2.694215891298848931e+01 6.284930636431253603e+00
1.038286750802598801e+00 2.832679672261466663e+01 6.284930636431253603e+00
2.013525698040572465e+00 2.974196891417269129e+01 6.284930636431253603e+00
1.169690325582796619e+00 3.015974721323653185e+01 6.284930636431253603e+00
7.685143188266136960e-01 3.144445840638076817e+01 6.284930636431253603e+00
1.364822323625337175e+00 3.274014658325637583e+01 6.284930636431253603e+00
1.781632829859708167e+00 3.312948227038466342e+01 6.284930636431253603e+00
1.046860411930774504e+00 3.454266463485122074e+01 6.284930636431253603e+00
1.605667986097713662e+00 3.594715508744325660e+01 6.284930636431253603e+00
1.552998776340333231e+00 3.632955581688356261e+01 6.284930636431253603e+00
7.683615061610560293e-01 3.762314265974469407e+01 6.284930636431253603e+00
1.025666547666979511e+00 3.888444639874923325e+01 6.284930636431253603e+00
2.202159119545170185e+00 3.934550513799091931e+01 6.284930636431253603e+00
9.974068115870211582e-01 4.074478949086813628e+01 6.284930636431253603e+00
1.199759670347225748e+00 4.209119321137686143e+01 6.284930636431253603e+00
2.168534904600091906e+00 4.252727943072033412e+01 6.284930636431253603e+00
7.814072899975292863e-01 4.377434832769992568e+01 6.284930636431253603e+00
7.608479476250832318e-01 4.487988556263468354e+01 6.284930636431253603e+00
2.792974037980279434e+00 4.556508272364563794e+01 6.284930636431253603e+00
8.205649078684453812e-01 4.681338065793497805e+01 6.284930636431253603e+00
7.865484941673105412e-01 4.798584070295802206e+01 6.284930636431253603e+00
3.092253443774483745e+00 4.873799234257122492e+01 6.284930636431253603e+00
7.400645598851653961e-01 4.978359718265688372e+01 6.284930636431253603e+00
7.664724192963289218e-01 5.065559694234801213e+01 6.284930636431253603e+00
2.955610000282820948e+00 5.177812904685630002e+01 6.284930636431253603e+00
8.759303480404457831e-01 5.240763505446933834e+01 6.284930636431253603e+00
8.898126545927916853e-01 5.363567122976254353e+01 6.284930636431253603e+00
2.709000163391040772e+00 5.495313334556851004e+01 6.284930636431253603e+00
8.155182195822255897e-01 5.556781387815662043e+01 6.284930636431253603e+00
8.004578365532434292e-01 5.671242290921474449e+01 6.284930636431253603e+00
1.989287280867938490e+00 5.798105291981962495e+01 6.284930636431253603e+00
1.350970569041560987e+00 5.838327218511523853e+01 6.284930636431253603e+00
1.048742224980165449e+00 5.976039749557760672e+01 6.284930636431253603e+00
2.188569824809134534e+00 6.117814381203475449e+01 6.284930636431253603e+00
1.090550587614544265e+00 6.161896862946290554e+01 6.284930636431253603e+00
7.899655817750306230e-01 6.288411079477061350e+01 6.284930636431253603e+00
1.466630737256684025e+00 6.417736310164995928e+01 6.284930636431253603e+00
1.743366491433022469e+00 6.455839096726157322e+01 6.284930636431253603e+00
1.080409187200645604e+00 6.597697085350704072e+01 6.284930636431253603e+00
1.786520355561050044e+00 6.739770347232249037e+01 6.284930636431253603e+00
1.416958453437332954e+00 6.778157044544747123e+01 6.284930636431253603e+00
7.848494733571912407e-01 6.907538910084423378e+01 6.284930636431253603e+00
1.128741027054165347e+00 7.034891527609995876e+01 6.284930636431253603e+00
2.112740130803071548e+00 7.077771134329086067e+01 6.284930636431253603e+00
1.046604701519816549e+00 7.219507922230901897e+01 6.284930636431253603e+00
1.381727673604836282e+00 7.357676486586494491e+01 6.284930636431253603e+00
1.912893245423849642e+00 7.397392747511865707e+01 6.284930636431253603e+00
7.903972399464292975e-01 7.524712636411324240e+01 6.284930636431253603e+00
8.415242444420675261e-01 7.641979161882696303e+01 6.284930636431253603e+00
2.611899324512629850e+00 7.700182490771685195e+01 6.284930636431253603e+00
9.107138334256967838e-01 7.833973544066031991e+01 6.284930636431253603e+00
9.189021232078047330e-01 7.959115209218218467e+01 6.284930636431253603e+00
2.830436146995728652e+00 8.017689160735174880e+01 6.284930636431253603e+00
7.726381943051332524e-01 8.132737545462883588e+01 6.284930636431253603e+00
7.252389217281944855e-01 8.222569806112362301e+01 6.284930636431253603e+00
3.120274307786236268e+00 8.321779316225578782e+01 6.284930636431253603e+00
7.518256790391877331e-01 8.405735118726505561e+01 6.284930636431253603e+00
7.837379914839179840e-01 8.519970337807147587e+01 6.284930636431253603e+00
2.882041097384968609e+00 8.639156549887336212e+01 6.284930636431253603e+00
7.367747680222344053e-01 8.713303651522150517e+01 6.284930636431253603e+00
7.829772015639211435e-01 8.819795692951127819e+01 6.284930636431253603e+00
2.295589045027714548e+00 8.943135224583322440e+01 6.284930636431253603e+00
1.134615325612103875e+00 8.988949738388383537e+01 6.284930636431253603e+00
9.809794950898993449e-01 9.121973320821884101e+01 6.284930636431253603e+00
2.272617440818140544e+00 9.261088269229918524e+01 6.284930636431253603e+00
9.783209665998854332e-01 9.309262456545182829e+01 6.284930636431253603e+00
7.662985224211893431e-01 9.434293669855401276e+01 6.284930636431253603e+00
1.626767684459198282e+00 9.563321755314329664e+01 6.284930636431253603e+00
1.526733698007880502e+00 9.601834386464240367e+01 6.284930636431253603e+00
1.030578487227041595e+00 9.741403678991292736e+01 6.284930636431253603e+00
1.801221717519653209e+00 9.882416820557054393e+01 6.284930636431253603e+00
1.313301423750646180e+00 9.921897939763978513e+01 6.284930636431253603e+00
7.545919136950182127e-01 1.005163122266286706e+02 6.284930636431253603e+00
1.211465579827811556e+00 1.018088525895686161e+02 6.284930636431253603e+00
1.908996669998189954e+00 1.022178729308510725e+02 6.284930636431253603e+00
1.017686655513253324e+00 1.036262934961520870e+02 6.284930636431253603e+00
1.405130417112204322e+00 1.050081456786054304e+02 6.284930636431253603e+00
1.781772847677765004e+00 1.054027290396856387e+02 6.284930636431253603e+00
7.646711399689331001e-01 1.066828578495824900e+02 6.284930636431253603e+00
8.931494668986978969e-01 1.079032645378750033e+02 6.284930636431253603e+00
2.409452721703878364e+00 1.084338232436365104e+02 6.284930636431253603e+00
9.326043875702731967e-01 1.097962396480085374e+02 6.284930636431253603e+00
9.940588826617279272e-01 1.110822253213267032e+02 6.284930636431253603e+00
2.573404850201180594e+00 1.116078266721138874e+02 6.284930636431253603e+00
7.713692434396709485e-01 1.127981345169480107e+02 6.284930636431253603e+00
7.097307012532422243e-01 1.137803887992149185e+02 6.284930636431253603e+00
3.026546918985460355e+00 1.146512415431062522e+02 6.284930636431253603e+00
7.315594941849260513e-01 1.156778142602834976e+02 6.284930636431253603e+00
7.325772607511576995e-01 1.167899942652790060e+02 6.284930636431253603e+00
3.027680365568606202e+00 1.178260565180221136e+02 6.284930636431253603e+00
7.119608359271323295e-01 1.186909899409256610e+02 6.284930636431253603e+00
7.779853839234736057e-01 1.196719634599441662e+02 6.284930636431253603e+00
2.563578331746919403e+00 1.208683524779862211e+02 6.284930636431253603e+00
1.011909909373863492e+00 1.213849611478074308e+02 6.284930636431253603e+00
9.439800283275023851e-01 1.226767858381464436e+02 6.284930636431253603e+00
2.429552854491169089e+00 1.240445460227367533e+02 6.284930636431253603e+00
8.983088525685301029e-01 1.245740423324640886e+02 6.284930636431253603e+00
7.721903670188731139e-01 1.257918683857035091e+02 6.284930636431253603e+00
1.775993297092611112e+00 1.270731712663801005e+02 6.284930636431253603e+00
1.423625827441236336e+00 1.274655257646234077e+02 6.284930636431253603e+00
1.025348716233124069e+00 1.288503224322993219e+02 6.284930636431253603e+00
1.921091058070589330e+00 1.302612187778160262e+02 6.284930636431253603e+00
1.210894581903383171e+00 1.306703545575415433e+02 6.284930636431253603e+00
7.556903849706537724e-01 1.319626696892935342e+02 6.284930636431253603e+00
1.314430138554257610e+00 1.332596933436983875e+02 6.284930636431253603e+00
1.795291381367284833e+00 1.336545059652367229e+02 6.284930636431253603e+00
1.025780027774153780e+00 1.350631298718614062e+02 6.284930636431253603e+00
1.513145858440830382e+00 1.364570619571186398e+02 6.284930636431253603e+00
1.629606970363177032e+00 1.368432347035520422e+02 6.284930636431253603e+00
7.598278317299055340e-01 1.381333295776778414e+02 6.284930636431253603e+00
9.744191887406205010e-01 1.393858911140431189e+02 6.284930636431253603e+00
2.251260962123562859e+00 1.398679143388050932e+02 6.284930636431253603e+00
9.689223400461659530e-01 1.412543321351096495e+02 6.284930636431253603e+00
1.112726348852958846e+00 1.425789203481300262e+02 6.284930636431253603e+00
2.307346920192215656e+00 1.430443485807799391e+02 6.284930636431253603e+00
7.750591941748338209e-01 1.442728600406432520e+02 6.284930636431253603e+00
7.323572846024587468e-01 1.453396166492242116e+02 6.284930636431253603e+00
2.874773228036451744e+00 1.460858703614411809e+02 6.284930636431253603e+00
7.785547178184392125e-01 1.472697710222095395e+02 6.284930636431253603e+00
7.479420630684554538e-01 1.484091812508629573e+02 6.284930636431253603e+00
3.119792044580214085e+00 1.492594051889103923e+02 6.284930636431253603e+00
7.249953201521273094e-01 1.502449050058169746e+02 6.284930636431253603e+00
7.777564793175392177e-01 1.511425102477594180e+02 6.284930636431253603e+00
2.822511074631655514e+00 1.522996739987384274e+02 6.284930636431253603e+00
9.331017566938045738e-01 1.528754547679516520e+02 6.284930636431253603e+00
9.211323431729657729e-01 1.541325685934678802e+02 6.284930636431253603e+00
2.631433471583864314e+00 1.554762862515509596e+02 6.284930636431253603e+00
8.470992960850217690e-01 1.560565289111525544e+02 6.284930636431253603e+00
7.992548703558938206e-01 1.572261875572868064e+02 6.284930636431253603e+00
1.902173536846152757e+00 1.585013031573224112e+02 6.284930636431253603e+00
1.406296029861733743e+00 1.588949537042476265e+02 6.284930636431253603e+00
1.057405119740308264e+00 1.602809117965374810e+02 6.284930636431253603e+00
2.133198626377375007e+00 1.617017320342738458e+02 6.284930636431253603e+00
1.128406286274745929e+00 1.621310987751915604e+02 6.284930636431253603e+00
7.887115223328909908e-01 1.634031966769169912e+02 6.284930636431253603e+00
1.417896388620836001e+00 1.646963270941680548e+02 6.284930636431253603e+00
1.788529487377610527e+00 1.650800815193496192e+02 6.284930636431253603e+00
1.079277845532288449e+00 1.665005058275161787e+02 6.284930636431253603e+00
1.736337571776827238e+00 1.679186685617644343e+02 6.284930636431253603e+00
1.466870891729290083e+00 1.682999219022109116e+02 6.284930636431253603e+00
7.847922198894825563e-01 1.695939096277792260e+02 6.284930636431253603e+00
1.089816421707452632e+00 1.708609868036354555e+02 6.284930636431253603e+00
2.165585879122282176e+00 1.713012754441337222e+02 6.284930636431253603e+00
1.036741691035752977e+00 1.727150962053587193e+02 6.284930636431253603e+00
1.324912825955793183e+00 1.740872964441433624e+02 6.284930636431253603e+00
2.002019084036694707e+00 1.744940428456224026e+02 6.284930636431253603e+00
7.913727997351834853e-01 1.757600005536239962e+02 6.284930636431253603e+00
8.096789898543628183e-01 1.769073914383874637e+02 6.284930636431253603e+00
2.691968662268120926e+00 1.775247447978720174e+02 6.284930636431253603e+00
8.802346384928915191e-01 1.788358302641445619e+02 6.284930636431253603e+00
8.642005591661443553e-01 1.800584008623096679e+02 6.284930636431253603e+00
2.961319849864762599e+00 1.806986276896442689e+02 6.284930636431253603e+00
7.625167022404720774e-01 1.818140827978082257e+02 6.284930636431253603e+00
7.418697424053877221e-01 1.826863646788679887e+02 6.284930636431253603e+00
3.090864078226080558e+00 1.837390457814693434e+02 6.284930636431253603e+00
7.937313146942609476e-01 1.844800264085365313e+02 6.284930636431253603e+00
8.279124774856664315e-01 1.856568297082586412e+02 6.284930636431253603e+00
2.804258581762122393e+00 1.869124789259652459e+02 6.284930636431253603e+00
7.662203710955065583e-01 1.875936087461844863e+02 6.284930636431253603e+00
7.899419829729836806e-01 1.886970119740069265e+02 6.284930636431253603e+00
2.155614947849687546e+00 1.899480983058460026e+02 6.284930636431253603e+00
1.224027627258152062e+00 1.903780117693344494e+02 6.284930636431253603e+00
1.009704679220036594e+00 1.917298708260777289e+02 6.284930636431253603e+00
2.224420869689688551e+00 1.931335652595318493e+02 6.284930636431253603e+00
1.028459919182607152e+00 1.935947076548324333e+02 6.284930636431253603e+00
7.743702094267048697e-01 1.948538919746400211e+02 6.284930636431253603e+00
1.551158730183074930e+00 1.961471685779154370e+02 6.284930636431253603e+00
1.616933921978005673e+00 1.965289799118699250e+02 6.284930636431253603e+00
1.050204631936998645e+00 1.979346728403511122e+02 6.284930636431253603e+00
1.784438274472360142e+00 1.993488724515247270e+02 6.284930636431253603e+00
1.363590010759089477e+00 1.997382326058844910e+02 6.284930636431253603e+00
7.662876103301925479e-01 2.010343946247683959e+02 6.284930636431253603e+00
1.170090993838754700e+00 2.023197688325523131e+02 6.284930636431253603e+00
1.998065928710558214e+00 2.027372711348657504e+02 6.284930636431253603e+00
1.029235125732684608e+00 2.041495224571040410e+02 6.284930636431253603e+00
1.389243007400035035e+00 2.055306202684986090e+02 6.284930636431253603e+00
1.845019793390609619e+00 2.059268850104587898e+02 6.284930636431253603e+00
7.756818129866510647e-01 2.072034208640168629e+02 6.284930636431253603e+00
8.668007593627841123e-01 2.084029251290308480e+02 6.284930636431253603e+00
2.502288548339386409e+00 2.089569689937916337e+02 6.284930636431253603e+00
9.229180832033934134e-01 2.103089950139894029e+02 6.284930636431253603e+00
9.575113394176882897e-01 2.115793978547096970e+02 6.284930636431253603e+00
2.692743367545090472e+00 2.121315603523000561e+02 6.284930636431253603e+00
7.725307586090345291e-01 2.133044843063783560e+02 6.284930636431253603e+00
7.128884144889263696e-01 2.142464188517862169e+02 6.284930636431253603e+00
3.082921439310045475e+00 2.151740779700232338e+02 6.284930636431253603e+00
7.312131703677678951e-01 2.161165725151734591e+02 6.284930636431253603e+00
7.488892284213983785e-01 2.172358108569725346e+02 6.284930636431253603e+00
2.958457699137194918e+00 2.183486047083762855e+02 6.284930636431253603e+00
7.176325600366512125e-01 2.191561981837368194e+02 6.284930636431253603e+00
7.775454351058583846e-01 2.201781410532914265e+02 6.284930636431253603e+00
2.441510268429095909e+00 2.213908996535698464e+02 6.284930636431253603e+00
1.057021560028192031e+00 2.218820736499978068e+02 6.284930636431253603e+00
9.554982526925617226e-01 2.231897781473847431e+02 6.284930636431253603e+00
2.341873243392579962e+00 2.245671291881261880e+02 6.284930636431253603e+00
9.304006912135923679e-01 2.250738437310920972e+02 6.284930636431253603e+00
7.637319686741127489e-01 2.263101137735637280e+02 6.284930636431253603e+00
1.709213637978685085e+00 2.275953601982365058e+02 6.284930636431253603e+00
1.451533961460224065e+00 2.279855298316384733e+02 6.284930636431253603e+00
1.018150586986713124e+00 2.293724569027326368e+02 6.284930636431253603e+00
1.842156341153951438e+00 2.307803301860319038e+02 6.284930636431253603e+00
1.257966054072346962e+00 2.311820712190809388e+02 6.284930636431253603e+00
7.482517283730835134e-01 2.324789557247457594e+02 6.284930636431253603e+00
1.262220743185487715e+00 2.337758848294075733e+02 6.284930636431253603e+00
1.829377429569275293e+00 2.341771448261128512e+02 6.284930636431253603e+00
1.012161673392318884e+00 2.355830142436560664e+02 6.284930636431253603e+00
1.439227332997505604e+00 2.369679931843870975e+02 6.284930636431253603e+00
1.708138636529899612e+00 2.373595086968176702e+02 6.284930636431253603e+00
7.566198708618026014e-01 2.386443498793311164e+02 6.284930636431253603e+00
9.283747659792410678e-01 2.398840820468816446e+02 6.284930636431253603e+00
2.316157209721410037e+00 2.403898757438621772e+02 6.284930636431253603e+00
9.450265462707760911e-01 2.417629587567455758e+02 6.284930636431253603e+00
1.041432547727856983e+00 2.430661935996440945e+02 6.284930636431253603e+00
2.443054650990772458e+00 2.435636273465637771e+02 6.284930636431253603e+00
7.704636657184005255e-01 2.447720527459544542e+02 6.284930636431253603e+00
7.150713026589335941e-01 2.457983564126463421e+02 6.284930636431253603e+00
2.949812443961782105e+00 2.466072217827520490e+02 6.284930636431253603e+00
7.474831624938745867e-01 2.477165530012725867e+02 6.284930636431253603e+00
7.305623616699693512e-01 2.488352883623662137e+02 6.284930636431253603e+00
3.086048352173691001e+00 2.497816221461468729e+02 6.284930636431253603e+00
7.144636409700415580e-01 2.507070841483323704e+02 6.284930636431253603e+00
7.785684240720960325e-01 2.516450817893845056e+02 6.284930636431253603e+00
2.692377855260732034e+00 2.528231593235567800e+02 6.284930636431253603e+00
9.712152526609648673e-01 2.533676980655700675e+02 6.284930636431253603e+00
9.332669677985740986e-01 2.546428167906824171e+02 6.284930636431253603e+00
2.529257845390907367e+00 2.559996644699776596e+02 6.284930636431253603e+00
8.705431277296400427e-01 2.565540097700254591e+02 6.284930636431253603e+00
7.848302919479354101e-01 2.577490628747911501e+02 6.284930636431253603e+00
1.841348549515857469e+00 2.590269440578105673e+02 6.284930636431253603e+00
1.410241882252691648e+00 2.594203922175315142e+02 6.284930636431253603e+00
1.039599420516387429e+00 2.608051398780968952e+02 6.284930636431253603e+00
2.021315418812929643e+00 2.622207174360836461e+02 6.284930636431253603e+00
1.166824031834121644e+00 2.626392002926518217e+02 6.284930636431253603e+00
7.697878904672681433e-01 2.639231756004512022e+02 6.284930636431253603e+00
1.368492021934078817e+00 2.652187038642907737e+02 6.284930636431253603e+00
1.781727265356266354e+00 2.656076452356637105e+02 6.284930636431253603e+00
1.048913062305251165e+00 2.670212929090473040e+02 6.284930636431253603e+00
1.613854307602695881e+00 2.684266958057029910e+02 6.284930636431253603e+00
1.547148174719137792e+00 2.688088836321122699e+02 6.284930636431253603e+00
7.693211116343987577e-01 2.701026323410570171e+02 6.284930636431253603e+00
1.029841478922637776e+00 2.713644267328426167e+02 6.284930636431253603e+00
2.199264914777895985e+00 2.718239827421406289e+02 6.284930636431253603e+00
9.999169779677741232e-01 2.732242808255485897e+02 6.284930636431253603e+00
1.207416838593027730e+00 2.745724307082588211e+02 6.284930636431253603e+00
2.157558095739998461e+00 2.750063402429379948e+02 6.284930636431253603e+00
7.820319052049832242e-01 2.762547918933395863e+02 6.284930636431253603e+00
7.635846531272526549e-01 2.773632172458494551e+02 6.284930636431253603e+00
2.786542298102723691e+00 2.780437571247176152e+02 6.284930636431253603e+00
8.242494409154302870e-01 2.792966618535456860e+02 6.284930636431253603e+00
7.905783513779728322e-01 2.804721349679046511e+02 6.284930636431253603e+00
3.087135089347955663e+00 2.812166587803389461e+02 6.284930636431253603e+00
7.414279836447638106e-01 2.822669631237439489e+02 6.284930636431253603e+00
7.651702591921272223e-01 2.831377801103146226e+02 6.284930636431253603e+00
2.965812900221175941e+00 2.842568121345265695e+02 6.284930636431253603e+00
8.707834098436876280e-01 2.848918203297414493e+02 6.284930636431253603e+00
8.865198397750770898e-01 2.861170372633990269e+02 6.284930636431253603e+00
2.714603853059290195e+00 2.874316676491949920e+02 6.284930636431253603e+00
8.126229296261571200e-01 2.880496652547246299e+02 6.284930636431253603e+00
8.000463094550285259e-01 2.891921395935923442e+02 6.284930636431253603e+00
1.997839433413401533e+00 2.904600074103402108e+02 6.284930636431253603e+00
1.344366619562600507e+00 2.908633865027500747e+02 6.284930636431253603e+00
1.046953309489430550e+00 2.922393348185836430e+02 6.284930636431253603e+00
2.190978117724238672e+00 2.936564780941127424e+02 6.284930636431253603e+00
1.087255361420437216e+00 2.940983032575385323e+02 6.284930636431253603e+00
7.893181370418035359e-01 2.953630986805653151e+02 6.284930636431253603e+00
1.470973431998584324e+00 2.966564269278126744e+02 6.284930636431253603e+00
1.737158903503950524e+00 2.970373559690842740e+02 6.284930636431253603e+00
1.079207601938448224e+00 2.984553928395517914e+02 6.284930636431253603e+00
1.787415643178210445e+00 2.998759180411468606e+02 6.284930636431253603e+00
1.413850690545187971e+00 3.002600574840481613e+02 6.284930636431253603e+00
7.841030637971179162e-01 3.015539583694805401e+02 6.284930636431253603e+00
1.131179833912271171e+00 3.028281319100221367e+02 6.284930636431253603e+00
2.107035109408725848e+00 3.032562083127616575e+02 6.284930636431253603e+00
1.046174374283577846e+00 3.046734673965783031e+02 6.284930636431253603e+00
1.383372147388012952e+00 3.060553492664161581e+02 6.284930636431253603e+00
1.908239219990772506e+00 3.064522723875650172e+02 6.284930636431253603e+00
7.898174811014323504e-01 3.077257547070844339e+02 6.284930636431253603e+00
8.432510381340785344e-01 3.089000566270442505e+02 6.284930636431253603e+00
2.605829566684675580e+00 3.094801807473846793e+02 6.284930636431253603e+00
9.119689438318139274e-01 3.108192816278371993e+02 6.284930636431253603e+00
9.217964466156918224e-01 3.120721495219401618e+02 6.284930636431253603e+00
2.821791408591856509e+00 3.126552764055202260e+02 6.284930636431253603e+00
7.729129650963517673e-01 3.138074788056813418e+02 6.284930636431253603e+00
7.242945954574344647e-01 3.147081443990619505e+02 6.284930636431253603e+00
3.119725417794865230e+00 3.156962483230474845e+02 6.284930636431253603e+00
7.498641021569478760e-01 3.165423050425659994e+02 6.284930636431253603e+00
7.811711574003985525e-01 3.176827827133373603e+02 6.284930636431253603e+00
2.886967923698980698e+00 3.188700670592042457e+02 6.284930636431253603e+00
7.352238147321501494e-01 3.196156017855748814e+02 6.284930636431253603e+00
7.825692572637824584e-01 3.206779113310761318e+02 6.284930636431253603e+00
2.304748613761413711e+00 3.219100663336369053e+02 6.284930636431253603e+00
1.129258652761146342e+00 3.223701987081509515e+02 6.284930636431253603e+00
9.792226496159971427e-01 3.236990084483743431e+02 6.284930636431253603e+00
2.276331665892215028e+00 3.250893065194304086e+02 6.284930636431253603e+00
9.751539685654904144e-01 3.255725117446547756e+02 6.284930636431253603e+00
7.659359264685662305e-01 3.268221039843326139e+02 6.284930636431253603e+00
1.631850469080252442e+00 3.281121137862734258e+02 6.284930636431253603e+00
1.521364157483872104e+00 3.284975260033492077e+02 6.284930636431253603e+00
1.029505415117485834e+00 3.298926011988064602e+02 6.284930636431253603e+00
1.802967239303803426e+00 3.313025167851608330e+02 6.284930636431253603e+00
1.309895211121350656e+00 3.316977202251300696e+02 6.284930636431253603e+00
7.539788375554902222e-01 3.329950902636032879e+02 6.284930636431253603e+00
1.214399528203769840e+00 3.342880043293697554e+02 6.284930636431253603e+00
1.903493934216833994e+00 3.346965071990723004e+02 6.284930636431253603e+00
1.017079090735484970e+00 3.361047058296325076e+02 6.284930636431253603e+00
1.406590482452472868e+00 3.374866620885946418e+02 6.284930636431253603e+00
1.777427364125782283e+00 3.378811015428303222e+02 6.284930636431253603e+00
7.640258859179021034e-01 3.391614930634880807e+02 6.284930636431253603e+00
8.950753063074482485e-01 3.403831965654583769e+02 6.284930636431253603e+00
2.403432034663007588e+00 3.409122212792681808e+02 6.284930636431253603e+00
9.332572456887344714e-01 3.422752878798546021e+02 6.284930636431253603e+00
9.966443711250659865e-01 3.435622965180647270e+02 6.284930636431253603e+00
2.565484365975161385e+00 3.440861868946307141e+02 6.284930636431253603e+00
7.712767117624550472e-01 3.452776046858137988e+02 6.284930636431253603e+00
7.097811847905118876e-01 3.462625707383064650e+02 6.284930636431253603e+00
3.022201352719877221e+00 3.471296426727816424e+02 6.284930636431253603e+00
7.320986384909543565e-01 3.481615409484567181e+02 6.284930636431253603e+00
7.319711362803450472e-01 3.492737018059605134e+02 6.284930636431253603e+00
3.031896426245310305e+00 3.503044539702355564e+02 6.284930636431253603e+00
7.118805559378276193e-01 3.511731387796002082e+02 6.284930636431253603e+00
7.780585506349898539e-01 3.521514011774124810e+02 6.284930636431253603e+00
2.571528521155560743e+00 3.533467160370140618e+02 6.284930636431253603e+00
1.009296209877473816e+00 3.538649745931920165e+02 6.284930636431253603e+00
9.433470595343413923e-01 3.551557954250510534e+02 6.284930636431253603e+00
2.435665912905139230e+00 3.565229333895533159e+02 6.284930636431253603e+00
8.964474220185730813e-01 3.570539404800912280e+02 6.284930636431253603e+00
7.729205577125753956e-01 3.582704306473836482e+02 6.284930636431253603e+00
1.780170059044000830e+00 3.595515040235528659e+02 6.284930636431253603e+00
1.422509699347569656e+00 3.599439465540218634e+02 6.284930636431253603e+00
1.026131619594728761e+00 3.613287056269811615e+02 6.284930636431253603e+00
1.927010940879168022e+00 3.627398771235593813e+02 6.284930636431253603e+00
1.207987044861356551e+00 3.631495472982674073e+02 6.284930636431253603e+00
7.564383223410686696e-01 3.644414386575518847e+02 6.284930636431253603e+00
1.317873663027545161e+00 3.657384001744783859e+02 6.284930636431253603e+00
1.793922230805900409e+00 3.661328190311909339e+02 6.284930636431253603e+00
1.027039762043830740e+00 3.675417157696360846e+02 6.284930636431253603e+00
1.518898354996873312e+00 3.689363321432267639e+02 6.284930636431253603e+00
1.624389563043395324e+00 3.693221805261194959e+02 6.284930636431253603e+00
7.602744151716424037e-01 3.706125786015041967e+02 6.284930636431253603e+00
9.777267742048242338e-01 3.718658324417553445e+02 6.284930636431253603e+00
2.247578285186826008e+00 3.723463583719184271e+02 6.284930636431253603e+00
9.707340199168033035e-01 3.737336698573010381e+02 6.284930636431253603e+00
1.118117682120886247e+00 3.750597280189223284e+02 6.284930636431253603e+00
2.298125132774834878e+00 3.755230685565917952e+02 6.284930636431253603e+00
7.754543707861728530e-01 3.767528912565991845e+02 6.284930636431253603e+00
7.339180436495487125e-01 3.778222939303597627e+02 6.284930636431253603e+00
2.869548420542570977e+00 3.785643896175779446e+02 6.284930636431253603e+00
7.810724553534502679e-01 3.797529345451973199e+02 6.284930636431253603e+00
7.498373896885121015e-01 3.808942048992503260e+02 6.284930636431253603e+00
3.120172164160827766e+00 3.817378652394104392e+02 6.284930636431253603e+00
7.258865488108322550e-01 3.827273839334052923e+02 6.284930636431253603e+00
7.773830329560007524e-01 3.836226867682895545e+02 6.284930636431253603e+00
2.831393184058754287e+00 3.847780841201184217e+02 6.284930636431253603e+00
9.299766844488659423e-01 3.853565486889985436e+02 6.284930636431253603e+00
9.197593941290220787e-01 3.866121463691147824e+02 6.284930636431253603e+00
2.637445933113071739e+00 3.879546380865949686e+02 6.284930636431253603e+00
8.453462736106792663e-01 3.885368052287004730e+02 6.284930636431253603e+00
7.998426408730897608e-01 3.897047981954434590e+02 6.284930636431253603e+00
1.906793033131909620e+00 3.909796499671290348e+02 6.284930636431253603e+00
1.404668126674509132e+00 3.913735137556979566e+02 6.284930636431253603e+00
1.057870043307786556e+00 3.927592912832236607e+02 6.284930636431253603e+00
2.139104348866645466e+00 3.941802309794922508e+02 6.284930636431253603e+00
1.125976005577905337e+00 3.946103419742188407e+02 6.284930636431253603e+00
7.895261213471386208e-01 3.958817472283722054e+02 6.284930636431253603e+00
1.420980426292626664e+00 3.971747890185989149e+02 6.284930636431253603e+00
1.787844282213010283e+00 3.975582693109001298e+02 6.284930636431253603e+00
1.080573428444687512e+00 3.989789299545834069e+02 6.284930636431253603e+00
1.742766189932211107e+00 4.003976662681595258e+02 6.284930636431253603e+00
1.462465610396659788e+00 4.007790199156382869e+02 6.284930636431253603e+00
7.854845364187746926e-01 4.020729358556169473e+02 6.284930636431253603e+00
1.093212696414501917e+00 4.033403408570106308e+02 6.284930636431253603e+00
2.163171090915115169e+00 4.037796249380762106e+02 6.284930636431253603e+00
1.038536820731055688e+00 4.051940605160099835e+02 6.284930636431253603e+00
1.331443599068414807e+00 4.065674532832722434e+02 6.284930636431253603e+00
1.993466293791730237e+00 4.069729880996990232e+02 6.284930636431253603e+00
7.917524876165010772e-01 4.082397603681694136e+02 6.284930636431253603e+00
8.125900389187508122e-01 4.093892991975748146e+02 6.284930636431253603e+00
2.686043367207318067e+00 4.100032981818922622e+02 6.284930636431253603e+00
8.833988240075882903e-01 4.113172017070585866e+02 6.284930636431253603e+00
8.691508523486706217e-01 4.125425373862753418e+02 6.284930636431253603e+00
2.951127295465989953e+00 4.131772977405302072e+02 6.284930636431253603e+00
7.636880694884052856e-01 4.142962218833738461e+02 6.284930636431253603e+00
7.403843647751017221e-01 4.151698541442312944e+02 6.284930636431253603e+00
3.095880924518514377e+00 4.162177294647462418e+02 6.284930636431253603e+00
7.895160578607935964e-01 4.169664867782546480e+02 6.284930636431253603e+00
8.240655628915477537e-01 4.181401852800226493e+02 6.284930636431253603e+00
2.810503701673332078e+00 4.193911501844895042e+02 6.284930636431253603e+00
7.634592010658691752e-01 4.200769619878437311e+02 6.284930636431253603e+00
7.892995792514093667e-01 4.211774259885169158e+02 6.284930636431253603e+00
2.166804981824422160e+00 4.224271802809162750e+02 6.284930636431253603e+00
1.216254986337249822e+00 4.228592145434328700e+02 6.284930636431253603e+00
1.007221830927216066e+00 4.242093389838209987e+02 6.284930636431253603e+00
2.227519313560907488e+00 4.256120428934077040e+02 6.284930636431253603e+00
1.024350561047041808e+00 4.260747049810993872e+02 6.284930636431253603e+00
7.735063061679828822e-01 4.273333415076817801e+02 6.284930636431253603e+00
1.557042896530111964e+00 4.286264704215342363e+02 6.284930636431253603e+00
1.609044546222966776e+00 4.290084747535469205e+02 6.284930636431253603e+00
1.048347710718230186e+00 4.304133123254810016e+02 6.284930636431253603e+00
1.784905943886193391e+00 4.318271108916215439e+02 6.284930636431253603e+00
1.359781202914677856e+00 4.322168724938379682e+02 6.284930636431253603e+00
7.651564243373432106e-01 4.335131714953015489e+02 6.284930636431253603e+00
1.173098538960027915e+00 4.347992260095513757e+02 6.284930636431253603e+00
1.990569705556591185e+00 4.352160253018479921e+02 6.284930636431253603e+00
1.028101391191006853e+00 4.366279231340342335e+02 6.284930636431253603e+00
1.389914212260731752e+00 4.380089949214475951e+02 6.284930636431253603e+00
1.840343150134002403e+00 4.384051884766616354e+02 6.284930636431253603e+00
7.747046868848476153e-01 4.396819656011226698e+02 6.284930636431253603e+00
8.686337113268682852e-01 4.408831882571653864e+02 6.284930636431253603e+00
2.494885671877172140e+00 4.414354070806410846e+02 6.284930636431253603e+00
9.236124831380235767e-01 4.427882556697732639e+02 6.284930636431253603e+00
9.601177995520455699e-01 4.440598513181769817e+02 6.284930636431253603e+00
2.683535776690231245e+00 4.446099468791545632e+02 6.284930636431253603e+00
7.724323928597435218e-01 4.457842400509780987e+02 6.284930636431253603e+00
7.123751653812436802e-01 4.467292636936155645e+02 6.284930636431253603e+00
3.079150850603780576e+00 4.476525587680396256e+02 6.284930636431253603e+00
7.306727787850182398e-01 4.486017685558013568e+02 6.284930636431253603e+00
7.471473004972528642e-01 4.497200157529027251e+02 6.284930636431253603e+00
2.963863228929296767e+00 4.508271273418073406e+02 6.284930636431253603e+00
7.168514064168544087e-01 4.516391847734820999e+02 6.284930636431253603e+00
7.774428614622255207e-01 4.526580447101825371e+02 6.284930636431253603e+00
2.451106559817975761e+00 4.538694811788652146e+02 6.284930636431253603e+00
1.052907334492386271e+00 4.543627388786093206e+02 6.284930636431253603e+00
9.543144197579676025e-01 4.556691038856461091e+02 6.284930636431253603e+00
2.347943331876331641e+00 4.570456434559821446e+02 6.284930636431253603e+00
9.275862965236960633e-01 4.575541121445601789e+02 6.284930636431253603e+00
7.640776669018074507e-01 4.587891360048934644e+02 6.284930636431253603e+00
1.714633783433614278e+00 4.600740405393706851e+02 6.284930636431253603e+00
1.448222458259397216e+00 4.604644694635061342e+02 6.284930636431253603e+00
1.018169410067753189e+00 4.618510583383735479e+02 6.284930636431253603e+00
1.847009722315038571e+00 4.632590197964133267e+02 6.284930636431253603e+00
1.254180804131938665e+00 4.636612839336075922e+02 6.284930636431253603e+00
7.484234096971572603e-01 4.649579662909648050e+02 6.284930636431253603e+00
1.266110265123625789e+00 4.662550085844305272e+02 6.284930636431253603e+00
1.825537856064145315e+00 4.666557518176188069e+02 6.284930636431253603e+00
1.012634851582928652e+00 4.680616796020691481e+02 6.284930636431253603e+00
1.443561123817496572e+00 4.694471705816435474e+02 6.284930636431253603e+00
1.702373697980899880e+00 4.698383135488365383e+02 6.284930636431253603e+00
7.565280850855548023e-01 4.711235608517510514e+02 6.284930636431253603e+00
9.314781273664421990e-01 4.723644463155028461e+02 6.284930636431253603e+00
2.310469161634916890e+00 4.728684129760047199e+02 6.284930636431253603e+00
9.464632046655674369e-01 4.742424284470541238e+02 6.284930636431253603e+00
1.045943887972952124e+00 4.755471421611104006e+02 6.284930636431253603e+00
2.433190937971871026e+00 4.760422566888575489e+02 6.284930636431253603e+00
7.706496301905776392e-01 4.772521451923868199e+02 6.284930636431253603e+00
7.159428080879520762e-01 4.782815394048706139e+02 6.284930636431253603e+00
2.944279492090056127e+00 4.790857711781940793e+02 6.284930636431253603e+00
7.493012072736067175e-01 4.802009186589362457e+02 6.284930636431253603e+00
7.311600059857548128e-01 4.813207060951628478e+02 6.284930636431253603e+00
3.089827468308892655e+00 4.822601167909977562e+02 6.284930636431253603e+00
7.150127989370415049e-01 4.831900272859529082e+02 6.284930636431253603e+00
7.786766191141288873e-01 4.841248250087648444e+02 6.284930636431253603e+00
2.701883641361253918e+00 4.853015524263780662e+02 6.284930636431253603e+00
9.686173289426349697e-01 4.858481027746560699e+02 6.284930636431253603e+00
9.326421180717859860e-01 4.871220449165930404e+02 6.284930636431253603e+00
2.537157518565350323e+00 4.884781039333342392e+02 6.284930636431253603e+00
8.688014305605291643e-01 4.890342804037713336e+02 6.284930636431253603e+00
7.860250447516026195e-01 4.902274805076288544e+02 6.284930636431253603e+00
1.845774850117827492e+00 4.915051716495311780e+02 6.284930636431253603e+00
1.410318391515233527e+00 4.918985781281723462e+02 6.284930636431253603e+00
1.041146647607486431e+00 4.932834945021060662e+02 6.284930636431253603e+00
2.029993580314894519e+00 4.946995456013289640e+02 6.284930636431253603e+00
1.163796337852081253e+00 4.951187936641704823e+02 6.284930636431253603e+00
7.712649714512669341e-01 4.964019324997759099e+02 6.284930636431253603e+00
1.372402368127285444e+00 4.976972704334449418e+02 6.284930636431253603e+00
1.782201049271295634e+00 4.980857854220895433e+02 6.284930636431253603e+00
1.051289849915866936e+00 4.994999810473717616e+02 6.284930636431253603e+00
1.623083372943808111e+00 5.009064145729666961e+02 6.284930636431253603e+00
1.540774680470145874e+00 5.012883788127801381e+02 6.284930636431253603e+00
7.704587582224341480e-01 5.025822802924538450e+02 6.284930636431253603e+00
1.034437154245841928e+00 5.038445642245841896e+02 6.284930636431253603e+00
2.196385063899167545e+00 5.043025019898911410e+02 6.284930636431253603e+00
1.002759779175202981e+00 5.057039260698596763e+02 6.284930636431253603e+00
1.216023368380020120e+00 5.070540103583992391e+02 6.284930636431253603e+00
2.145508192730454677e+00 5.074855430693802987e+02 6.284930636431253603e+00
7.827636917410754069e-01 5.087355033278710152e+02 6.284930636431253603e+00
7.666768361155856804e-01 5.098470469657794411e+02 6.284930636431253603e+00
2.779580594382400793e+00 5.105225116046275957e+02 6.284930636431253603e+00
8.283580277450747209e-01 5.117803966711717862e+02 6.284930636431253603e+00
7.951807141267579482e-01 5.129592328853598246e+02 6.284930636431253603e+00
3.081071542239690597e+00 5.136954155611659871e+02 6.284930636431253603e+00
7.429609413923692340e-01 5.147508634963821805e+02 6.284930636431253603e+00
7.637038861414674473e-01 5.156205151180324719e+02 6.284930636431253603e+00
2.976899231414938729e+00 5.167355842002466488e+02 6.284930636431253603e+00
8.651104608306882104e-01 5.173768286526885731e+02 6.284930636431253603e+00
8.828186761530153470e-01 5.185988860593230356e+02 6.284930636431253603e+00
2.720823543162137259e+00 5.199102820304864281e+02 6.284930636431253603e+00
8.094109087140874959e-01 5.205320297556678497e+02 6.284930636431253603e+00
7.995655917550668068e-01 5.216720995878807798e+02 6.284930636431253603e+00
2.007473716255780083e+00 5.229390919214615678e+02 6.284930636431253603e+00
1.336936127210140546e+00 5.233438102892465622e+02 6.284930636431253603e+00
1.044907265452787337e+00 5.247184169631450459e+02 6.284930636431253603e+00
2.193600286415409162e+00 5.261348654640370341e+02 6.284930636431253603e+00
1.083564985655989021e+00 5.265778208958718096e+02 6.284930636431253603e+00
7.885663722373186246e-01 5.278422325484107205e+02 6.284930636431253603e+00
1.475858450001416244e+00 5.291356379548797122e+02 6.284930636431253603e+00
1.730127887113341645e+00 5.295164733964642210e+02 6.284930636431253603e+00
1.077803904789887079e+00 5.309338823919966899e+02 6.284930636431253603e+00
1.788269990788934338e+00 5.323541552332224001e+02 6.284930636431253603e+00
1.410418422840174157e+00 5.327386028030412035e+02 6.284930636431253603e+00
7.832335320609593587e-01 5.340326010851110823e+02 6.284930636431253603e+00
1.133875407814788350e+00 5.353074972282718136e+02 6.284930636431253603e+00
2.100595803340842949e+00 5.357347853222688627e+02 6.284930636431253603e+00
1.045623357558096211e+00 5.371518994161891669e+02 6.284930636431253603e+00
1.385037956574993956e+00 5.385339678817606455e+02 6.284930636431253603e+00
1.903190001635084894e+00 5.389306523171658228e+02 6.284930636431253603e+00
7.891414007557073784e-01 5.402044355700650158e+02 6.284930636431253603e+00
8.451329756237907498e-01 5.413805350198753104e+02 6.284930636431253603e+00
2.599079340556687878e+00 5.419585870200345425e+02 6.284930636431253603e+00
9.132882205613320759e-01 5.432989521370544708e+02 6.284930636431253603e+00
9.249284292667696583e-01 5.445533805275227905e+02 6.284930636431253603e+00
2.812286148444434364e+00 5.451337090452045686e+02 6.284930636431253603e+00
7.731810584929661445e-01 5.462877544583964209e+02 6.284930636431253603e+00
7.232859602302638136e-01 5.471910517628799653e+02 6.284930636431253603e+00
3.118863563081925250e+00 5.481747603682060799e+02 6.284930636431253603e+00
7.478182595687583589e-01 5.490279610452060979e+02 6.284930636431253603e+00
7.784085740950380528e-01 5.501664377331703690e+02 6.284930636431253603e+00
2.892421230412762334e+00 5.513486320387507931e+02 6.284930636431253603e+00
7.335786465963082259e-01 5.520986506848296358e+02 6.284930636431253603e+00
7.821477475974937255e-01 5.531580620802743624e+02 6.284930636431253603e+00
2.314812939012377058e+00 5.543888515430965072e+02 6.284930636431253603e+00
1.123490656039793922e+00 5.548511696259298560e+02 6.284930636431253603e+00
9.773447460927401353e-01 5.561784241953530454e+02 6.284930636431253603e+00
2.280588908133149850e+00 5.575677939222318855e+02 6.284930636431253603e+00
9.717016951849906103e-01 5.580526255249721999e+02 6.284930636431253603e+00
7.655925615786602911e-01 5.593013910844230168e+02 6.284930636431253603e+00
1.637453442638903134e+00 5.605910947227835095e+02 6.284930636431253603e+00
1.515631762682020822e+00 5.609768214410070186e+02 6.284930636431253603e+00
1.028411033625240334e+00 5.623712396854411963e+02 6.284930636431253603e+00
1.805118246621041145e+00 5.637809421437458468e+02 6.284930636431253603e+00
1.306115114579848857e+00 5.641765834182064054e+02 6.284930636431253603e+00
7.533630289631596533e-01 5.654739799798937838e+02 6.284930636431253603e+00
1.217693795699584580e+00 5.667672841151113516e+02 6.284930636431253603e+00
1.897568069044784922e+00 5.671752177777483439e+02 6.284930636431253603e+00
1.016490166291156960e+00 5.685831935062475395e+02 6.284930636431253603e+00
1.408399916892292714e+00 5.699652952646964650e+02 6.284930636431253603e+00
1.772537146949269227e+00 5.703595554024614103e+02 6.284930636431253603e+00
7.633551613356714949e-01 5.716402489699703438e+02 6.284930636431253603e+00
8.972731182715472098e-01 5.728633708509520375e+02 6.284930636431253603e+00
2.396830591182012693e+00 5.733906834711167448e+02 6.284930636431253603e+00
9.340304099700118545e-01 5.747544877289221859e+02 6.284930636431253603e+00
9.996136674607604133e-01 5.760426551747829080e+02 6.284930636431253603e+00
2.556642094234964357e+00 5.765646147058514543e+02 6.284930636431253603e+00
7.711952879365282509e-01 5.777572812058832596e+02 6.284930636431253603e+00
7.098855145482514395e-01 5.787452546913767719e+02 6.284930636431253603e+00
3.017348766511645852e+00 5.796081077715468837e+02 6.284930636431253603e+00
7.327761361097421267e-01 5.806459065262481545e+02 6.284930636431253603e+00
7.313728250758507743e-01 5.817581101959572152e+02 6.284930636431253603e+00
3.036581306166008964e+00 5.827829116938715970e+02 6.284930636431253603e+00
7.118378564485200455e-01 5.836557710027997246e+02 6.284930636431253603e+00
7.781600732720821423e-01 5.846309995235160386e+02 6.284930636431253603e+00
2.580369613355958158e+00 5.858251279783193013e+02 6.284930636431253603e+00
1.006467770357976077e+00 5.863452024727313301e+02 6.284930636431253603e+00
9.426843134974288718e-01 5.876349224184134528e+02 6.284930636431253603e+00
2.442579904723290340e+00 5.890013790242279583e+02 6.284930636431253603e+00
8.944229540861743377e-01 5.895340663014280835e+02 6.284930636431253603e+00
7.737812403456217902e-01 5.907490420899389392e+02 6.284930636431253603e+00
1.784767869914602567e+00 5.920298687885289155e+02 6.284930636431253603e+00
1.421447485697417079e+00 5.924223901829795977e+02 6.284930636431253603e+00
1.027090135492117584e+00 5.938071366741407928e+02 6.284930636431253603e+00
1.933812218285885676e+00 5.952186383279346273e+02 6.284930636431253603e+00
1.204772958962720297e+00 5.956289123535738099e+02 6.284930636431253603e+00
7.573389266670205178e-01 5.969203033628090225e+02 6.284930636431253603e+00
1.321720206233599537e+00 5.982171816947213756e+02 6.284930636431253603e+00
1.792605392555613575e+00 5.986111621793445465e+02 6.284930636431253603e+00
1.028544547887942251e+00 6.000203901931278097e+02 6.284930636431253603e+00
1.525560055326097286e+00 6.014157996823224721e+02 6.284930636431253603e+00
1.618519458993074478e+00 6.018012853454188189e+02 6.284930636431253603e+00
7.608326383108778845e-01 6.030920152539467836e+02 6.284930636431253603e+00
9.814907463357417372e-01 6.043460159852731977e+02 6.284930636431253603e+00
2.243592803011812187e+00 6.048248706702611344e+02 6.284930636431253603e+00
9.728324004022278482e-01 6.062131975015463468e+02 6.284930636431253603e+00
1.124328171641046037e+00 6.075409269247614930e+02 6.284930636431253603e+00
2.287706780691698860e+00 6.080019146228123645e+02 6.284930636431253603e+00
7.759266804005642282e-01 6.092332145264542760e+02 6.284930636431253603e+00
7.357446502387706699e-01 6.103055779573596737e+02 6.284930636431253603e+00
2.863677368962454395e+00 6.110429956745356321e+02 6.284930636431253603e+00
7.839763160683372867e-01 6.122367239209486343e+02 6.284930636431253603e+00
7.520947084364929536e-01 6.133801575626649765e+02 6.284930636431253603e+00
3.120312008153644623e+00 6.142164065324042213e+02 6.284930636431253603e+00
7.269215439317456839e-01 6.152104566117777722e+02 6.284930636431253603e+00
7.769183801287483648e-01 6.161032276112881618e+02 6.284930636431253603e+00
2.841427460877706590e+00 6.172565723638286954e+02 6.284930636431253603e+00
9.263797099195985041e-01 6.178381604409564716e+02 6.284930636431253603e+00
9.181319551286166725e-01 6.190920012402723387e+02 6.284930636431253603e+00
2.644134973278028156e+00 6.204330538926701593e+02 6.284930636431253603e+00
8.433405077685185436e-01 6.210174282060534097e+02 6.284930636431253603e+00
8.004547341545253936e-01 6.221835398099158283e+02 6.284930636431253603e+00
1.912109501667784928e+00 6.234580801351683021e+02 6.284930636431253603e+00
1.402632648483183253e+00 6.238522165229412622e+02 6.284930636431253603e+00
1.058291699271457720e+00 6.252377513495367793e+02 6.284930636431253603e+00
2.145548552500927020e+00 6.266587932001366426e+02 6.284930636431253603e+00
1.123243974965961511e+00 6.270897466052316531e+02 6.284930636431253603e+00
7.903788155979157848e-01 6.283603874120119599e+02 6.284930636431253603e+00
1.424451441621078507e+00 6.296533390662204965e+02 6.284930636431253603e+00
1.786882770299555334e+00 6.300365198145984778e+02 6.284930636431253603e+00
1.081925293507819408e+00 6.314574147652625697e+02 6.284930636431253603e+00
1.749747879061267053e+00 6.328767588053750615e+02 6.284930636431253603e+00
1.457624207459634169e+00 6.332582417125692018e+02 6.284930636431253603e+00
7.862107489837700802e-01 6.345520717342959642e+02 6.284930636431253603e+00
1.096959863941861846e+00 6.358198473488031368e+02 6.284930636431253603e+00
2.160396112251936174e+00 6.362580321993814323e+02 6.284930636431253603e+00
1.040461103189379788e+00 6.376731225255294930e+02 6.284930636431253603e+00
1.338589432813529267e+00 6.390478029583333637e+02 6.284930636431253603e+00
1.984091418126198159e+00 6.394520449767513810e+02 6.284930636431253603e+00
7.921448451362401721e-01 6.407196925977559658e+02 6.284930636431253603e+00
8.158276775970406680e-01 6.418715899588130469e+02 6.284930636431253603e+00
2.679435220049785737e+00 6.424819251130110160e+02 6.284930636431253603e+00
8.868665173299946636e-01 6.437988721677784270e+02 6.284930636431253603e+00
8.746868686554398753e-01 6.450272507388434633e+02 6.284930636431253603e+00
2.939566893699211647e+00 6.456560604327985402e+02 6.284930636431253603e+00
7.649653566729949228e-01 6.467787651984980357e+02 6.284930636431253603e+00
7.387566160670181459e-01 6.476540485728812655e+02 6.284930636431253603e+00
3.101044589976952537e+00 6.486965045613922030e+02 6.284930636431253603e+00
7.849692310413330931e-01 6.494540384413551237e+02 6.284930636431253603e+00
8.198114608333170183e-01 6.506243081852220485e+02 6.284930636431253603e+00
2.817635927399175788e+00 6.518699230133314586e+02 6.284930636431253603e+00
7.604477102815261347e-01 6.525610381448930184e+02 6.284930636431253603e+00
7.886283086352710026e-01 6.536581401126878745e+02 6.284930636431253603e+00
2.179384048000527319e+00 6.549063883613742973e+02 6.284930636431253603e+00
1.207734580237874944e+00 6.553408165905860869e+02 6.284930636431253603e+00
1.004526170287709075e+00 6.566890112819154410e+02 6.284930636431253603e+00
2.231326804656161400e+00 6.580906170512082554e+02 6.284930636431253603e+00
1.019749325195152378e+00 6.585550204626226787e+02 6.284930636431253603e+00
7.726289730516164855e-01 6.598129856932124540e+02 6.284930636431253603e+00
1.563704256810521942e+00 6.611059249832012483e+02 6.284930636431253603e+00
1.600447737498056355e+00 6.614881533562510185e+02 6.284930636431253603e+00
1.046399108442426007e+00 6.628920632335675691e+02 6.284930636431253603e+00
1.785835598612434794e+00 6.643054524180527096e+02 6.284930636431253603e+00
1.355386262965362354e+00 6.646956730633684174e+02 6.284930636431253603e+00
7.639741092215175389e-01 6.659921086074089089e+02 6.284930636431253603e+00
1.176610278293845013e+00 6.672788966516358187e+02 6.284930636431253603e+00
1.982293255142963284e+00 6.676948972884168825e+02 6.284930636431253603e+00
1.026948267100312950e+00 6.691064309043449612e+02 6.284930636431253603e+00
1.391002683405138329e+00 6.704875270834523917e+02 6.284930636431253603e+00
1.834837929151354574e+00 6.708835979515123427e+02 6.284930636431253603e+00
7.736582828496649800e-01 6.721606737047114848e+02 6.284930636431253603e+00
8.708302077794698448e-01 6.733638393141818597e+02 6.284930636431253603e+00
2.486514778360089384e+00 6.739139390384272019e+02 6.284930636431253603e+00
9.244890136377382772e-01 6.752677624124029307e+02 6.284930636431253603e+00
9.632579346265622844e-01 6.765407683936552985e+02 6.284930636431253603e+00
2.672889967292646940e+00 6.770884292927968318e+02 6.284930636431253603e+00
7.723553517958046122e-01 6.782643259016737147e+02 6.284930636431253603e+00
7.118518037541881061e-01 6.792128912865491657e+02 6.284930636431253603e+00
3.074775004002843204e+00 6.801311368608181738e+02 6.284930636431253603e+00
7.301832480031981154e-01 6.810880629025923554e+02 6.284930636431253603e+00
7.452463783806062558e-01 6.822052544210769156e+02 6.284930636431253603e+00
2.970247718650003588e+00 6.833057509822800739e+02 6.284930636431253603e+00
7.160399624715724221e-01 6.841229613307785939e+02 6.284930636431253603e+00
7.773999117402075054e-01 6.851382024907538835e+02 6.284930636431253603e+00
2.462142802179319467e+00 6.863481483225360762e+02 6.284930636431253603e+00
1.048409844561630999e+00 6.868437432027584464e+02 6.284930636431253603e+00
9.530912091282006671e-01 6.881486179376930750e+02 6.284930636431253603e+00
2.355303305038046968e+00 6.895242647907787159e+02 6.284930636431253603e+00
9.244381576727568328e-01 6.900347605795057007e+02 6.284930636431253603e+00
7.646113170191584096e-01 6.912682761798488400e+02 6.284930636431253603e+00
1.720825297472116766e+00 6.925527980339502392e+02 6.284930636431253603e+00
1.444854258823327520e+00 6.929434872070219171e+02 6.284930636431253603e+00
1.018423284069410073e+00 6.943297589123232001e+02 6.284930636431253603e+00
1.853167083617142774e+00 6.957378894936513234e+02 6.284930636431253603e+00
1.249805624235326151e+00 6.961407695682941039e+02 6.284930636431253603e+00
7.487838743452697177e-01 6.974371696173446935e+02 6.284930636431253603e+00
1.270707298632859583e+00 6.987343035214387328e+02 6.284930636431253603e+00
1.821526355174748479e+00 6.991344434931470460e+02 6.284930636431253603e+00
1.013422632363535802e+00 7.005405061930574675e+02 6.284930636431253603e+00
1.449145068699182248e+00 7.019266738082511665e+02 6.284930636431253603e+00
1.695493465738819427e+00 7.023173437910855910e+02 6.284930636431253603e+00
7.565515343120490233e-01 7.036030800687650526e+02 6.284930636431253603e+00
9.352619274487048440e-01 7.048452643918859621e+02 6.284930636431253603e+00
2.304073666534641962e+00 7.053470703213446313e+02 6.284930636431253603e+00
9.483122992512795779e-01 7.067222336044252415e+02 6.284930636431253603e+00
1.051559700040183953e+00 7.080287563358747320e+02 6.284930636431253603e+00
2.421440727054805730e+00 7.085210582083458348e+02 6.284930636431253603e+00
7.709447885767835018e-01 7.097327151493402653e+02 6.284930636431253603e+00
7.170760282304738942e-01 7.107657223954372512e+02 6.284930636431253603e+00
2.937840209556944693e+00 7.115644527348199517e+02 6.284930636431253603e+00
7.515775606847264756e-01 7.126864467039465580e+02 6.284930636431253603e+00
7.320173674910958050e-01 7.138075814153155534e+02 6.284930636431253603e+00
3.094236971241708378e+00 7.147387307275263311e+02 6.284930636431253603e+00
7.157336952270699770e-01 7.156739135995376273e+02 6.284930636431253603e+00
7.788277991549025225e-01 7.166048996166182405e+02 6.284930636431253603e+00
2.713160829369798854e+00 7.177800351268189161e+02 6.284930636431253603e+00
9.656316279206703657e-01 7.183289440625194402e+02 6.284930636431253603e+00
9.319507208240330742e-01 7.196015109935946157e+02 6.284930636431253603e+00
2.546669661136584217e+00 7.209566475090957738e+02 6.284930636431253603e+00
8.668027077119807577e-01 7.215149885174333804e+02 6.284930636431253603e+00
7.875100243780733811e-01 7.227059532216783282e+02 6.284930636431253603e+00
1.850914962399297981e+00 7.239834355943681885e+02 6.284930636431253603e+00
1.410680194984649694e+00 7.243767578765725830e+02 6.284930636431253603e+00
1.043113114393474650e+00 7.257619207578106852e+02 6.284930636431253603e+00
2.040631169366009967e+00 7.271785688567981651e+02 6.284930636431253603e+00
1.160245434159821398e+00 7.275987411619852310e+02 6.284930636431253603e+00
7.731307231511986844e-01 7.288808328139930381e+02 6.284930636431253603e+00
1.377015750660915749e+00 7.301759263589135571e+02 6.284930636431253603e+00
1.783140774324395661e+00 7.305639323636713698e+02 6.284930636431253603e+00
1.054288908094336730e+00 7.319788267165090474e+02 6.284930636431253603e+00
1.634524831732071082e+00 7.333865344946298137e+02 6.284930636431253603e+00
1.533106152682975898e+00 7.337682491009801424e+02 6.284930636431253603e+00
7.719235874808807463e-01 7.350623011453373010e+02 6.284930636431253603e+00
1.040022010645348161e+00 7.363251259267270825e+02 6.284930636431253603e+00
2.193201492823160681e+00 7.367811413369287266e+02 6.284930636431253603e+00
1.006291829808223959e+00 7.381839374547645320e+02 6.284930636431253603e+00
1.226689578185448992e+00 7.395363789127214886e+02 6.284930636431253603e+00
2.130892761280972714e+00 7.399650626215899365e+02 6.284930636431253603e+00
7.836944028767448556e-01 7.412168313466742120e+02 6.284930636431253603e+00
7.705445969874039625e-01 7.423321012037305309e+02 6.284930636431253603e+00
2.771204044716002013e+00 7.430014590465489164e+02 6.284930636431253603e+00
8.334204709456043414e-01 7.442652772321866905e+02 6.284930636431253603e+00
8.010116366267623356e-01 7.454482681874327454e+02 6.284930636431253603e+00
3.073020022608632829e+00 7.461743815536856346e+02 6.284930636431253603e+00
7.448627089964102721e-01 7.472360487873294232e+02 6.284930636431253603e+00
7.618580279372187958e-01 7.481045034104514571e+02 6.284930636431253603e+00
2.990164616740718984e+00 7.492145675026587242e+02 6.284930636431253603e+00
8.581646891627812135e-01 7.498637024745598865e+02 6.284930636431253603e+00
8.781747923280445178e-01 7.510818171035787145e+02 6.284930636431253603e+00
2.728441392685761357e+00 7.523890807994694114e+02 6.284930636431253603e+00
8.054453912693455564e-01 7.530155562866235641e+02 6.284930636431253603e+00
7.989187664887587026e-01 7.541526188243492470e+02 6.284930636431253603e+00
2.019581916871423743e+00 7.554184820754428529e+02 6.284930636431253603e+00
1.327566547980657319e+00 7.558249411842841710e+02 6.284930636431253603e+00
1.042260530671176522e+00 7.571978286896171539e+02 6.284930636431253603e+00
2.196669412046931225e+00 7.586133721020723897e+02 6.284930636431253603e+00
1.078962708708449902e+00 7.590577488274296911e+02 6.284930636431253603e+00
7.875625661776272102e-01 7.603217004348178989e+02 6.284930636431253603e+00
1.481978861090239130e+00 7.616151928825727282e+02 6.284930636431253603e+00
1.721166625071890444e+00 7.619959411207595394e+02 6.284930636431253603e+00
1.075923175196571213e+00 7.634125253222999845e+02 6.284930636431253603e+00
1.788992130694974092e+00 7.648324395052268301e+02 6.284930636431253603e+00
1.406247067593489719e+00 7.652172751957295986e+02 6.284930636431253603e+00
7.820720432430445790e-01 7.665114078899139258e+02 6.284930636431253603e+00
1.137147978386992442e+00 7.677872067470694901e+02 6.284930636431253603e+00
2.092447967660884256e+00 7.682135450941163981e+02 6.284930636431253603e+00
1.044790153493174278e+00 7.696304310305472427e+02 6.284930636431253603e+00
1.386736846690753255e+00 7.710126631920111322e+02 6.284930636431253603e+00
1.897229239790755306e+00 7.714091096698956562e+02 6.284930636431253603e+00
7.882405961665057692e-01 7.726832342563728844e+02 6.284930636431253603e+00
8.473591274362833881e-01 7.738615111103847539e+02 6.284930636431253603e+00
2.590755929971618521e+00 7.744371081913064927e+02 6.284930636431253603e+00
9.147606929052535252e-01 7.757789208189649344e+02 6.284930636431253603e+00
9.285909170014652325e-01 7.770351661931837270e+02 6.284930636431253603e+00
2.800823226854526560e+00 7.776122498110944434e+02 6.284930636431253603e+00
7.734380822034588876e-01 7.787684387095068814e+02 6.284930636431253603e+00
7.221030463200597271e-01 7.796750065867655621e+02 6.284930636431253603e+00
3.117407918072729434e+00 7.806534041259295691e+02 6.284930636431253603e+00
7.454976984109850102e-01 7.815152207367156052e+02 6.284930636431253603e+00
7.751522845459346556e-01 7.826513695960970836e+02 6.284930636431253603e+00
2.898980970162990722e+00 7.838273413304809765e+02 6.284930636431253603e+00
7.316699883229794699e-01 7.845827895197581938e+02 6.284930636431253603e+00
7.816551275562251266e-01 7.856386835083815185e+02 6.284930636431253603e+00
2.326953127264529630e+00 7.868678138969361271e+02 6.284930636431253603e+00
1.116642790291942466e+00 7.873327874132901343e+02 6.284930636431253603e+00
9.751156198650355877e-01 7.886581690302006109e+02 6.284930636431253603e+00
2.285866676632773320e+00 7.900464166373261605e+02 6.284930636431253603e+00
9.675693798168912840e-01 7.905332330633206084e+02 6.284930636431253603e+00
7.652229435838173721e-01 7.917809667544603371e+02 6.284930636431253603e+00
1.644234643380327210e+00 7.930702897901074948e+02 6.284930636431253603e+00
1.508858929694616879e+00 7.934564037229428095e+02 6.284930636431253603e+00
1.027154972965965918e+00 7.948500439949924612e+02 6.284930636431253603e+00
1.807894703083832155e+00 7.962595058108549892e+02 6.284930636431253603e+00
1.301534424762352593e+00 7.966556838802769107e+02 6.284930636431253603e+00
7.526663287748097675e-01 7.979530994451471315e+02 6.284930636431253603e+00
1.221724837569059252e+00 7.992468524753720658e+02 6.284930636431253603e+00
1.890524036789580808e+00 7.996541055756759988e+02 6.284930636431253603e+00
1.015835091039640758e+00 8.010618255729820021e+02 6.284930636431253603e+00
1.410728447633197824e+00 8.024441230828316520e+02 6.284930636431253603e+00
1.766571886080318565e+00 8.028381550469664489e+02 6.284930636431253603e+00
7.625748801478481331e-01 8.041192211579831337e+02 6.284930636431253603e+00
8.999861798625375942e-01 8.053440378151598225e+02 6.284930636431253603e+00
2.388894685904016324e+00 8.058692784140090453e+02 6.284930636431253603e+00
9.349896913437844015e-01 8.072339770703196109e+02 6.284930636431253603e+00
1.003277546405180631e+00 8.085235559409140933e+02 6.284930636431253603e+00
2.545913485414025068e+00 8.090431721649263181e+02 6.284930636431253603e+00
7.711040563447909557e-01 8.102373516521073498e+02 6.284930636431253603e+00
7.100709549062615977e-01 8.112289684039648137e+02 6.284930636431253603e+00
3.011384241535068895e+00 8.120867041295922490e+02 6.284930636431253603e+00
7.336968421612443114e-01 8.131316004072471060e+02 6.284930636431253603e+00
7.307506836004066253e-01 8.142439482326274174e+02 6.284930636431253603e+00
3.042152078350007560e+00 8.152614941798638029e+02 6.284930636431253603e+00
7.118414089426625679e-01 8.161394026309478704e+02 6.284930636431253603e+00
7.782841367567764346e-01 8.171109621044603273e+02 6.284930636431253603e+00
2.591064653401748075e+00 8.183036501974073644e+02 6.284930636431253603e+00
1.003091047509333311e+00 8.188259253885374847e+02 6.284930636431253603e+00
9.418931062641673346e-01 8.201143151452969278e+02 6.284930636431253603e+00
2.450990965801701726e+00 8.214799436315803405e+02 6.284930636431253603e+00
8.920157582898796678e-01 8.220146666100073389e+02 6.284930636431253603e+00
7.748483344674585993e-01 8.232277888407985529e+02 6.284930636431253603e+00
1.790286827120843638e+00 8.245083234671457149e+02 6.284930636431253603e+00
1.420277058268441639e+00 8.249009297890739845e+02 6.284930636431253603e+00
1.028297739365399366e+00 8.262856775610439399e+02 6.284930636431253603e+00
1.942162007269238488e+00 8.276975896534997901e+02 6.284930636431253603e+00
1.200924156448283764e+00 8.281086048546799248e+02 6.284930636431253603e+00
7.584735792774500718e-01 8.293993648334079580e+02 6.284930636431253603e+00
1.326361763532071691e+00 8.306961322393418641e+02 6.284930636431253603e+00
1.791175867549054113e+00 8.310895879179271333e+02 6.284930636431253603e+00
1.030429995532401000e+00 8.324992326819674417e+02 6.284930636431253603e+00
1.533789663333538833e+00 8.338956168668159989e+02 6.284930636431253603e+00
1.611416453573535801e+00 8.342806763992418837e+02 6.284930636431253603e+00
7.615529336427925289e-01 8.355717929772929438e+02 6.284930636431253603e+00
9.860942907115330947e-01 8.368266679463663422e+02 6.284930636431253603e+00
2.238889359109700994e+00 8.373035179764299301e+02 6.284930636431253603e+00
9.754167740745953719e-01 8.386930736023406325e+02 6.284930636431253603e+00
1.131992162815594671e+00 8.400228347175940371e+02 6.284930636431253603e+00
2.275039772276460592e+00 8.404809897492149275e+02 6.284930636431253603e+00
7.765147552224859195e-01 8.417140693383348662e+02 6.284930636431253603e+00
7.380484095279087331e-01 8.427900109605428725e+02 6.284930636431253603e+00
2.856508777753148820e+00 8.435217660094704115e+02 6.284930636431253603e+00
7.875819783514542705e-01 8.447217056861272795e+02 6.284930636431253603e+00
7.550009019202127414e-01 8.458678574340419800e+02 6.284930636431253603e+00
3.119985217326370019e+00 8.466951011844136019e+02 6.284930636431253603e+00
7.282107450547860017e-01 8.476946526838911495e+02 6.284930636431253603e+00
7.762674988324421710e-01 8.485844723021763230e+02 6.284930636431253603e+00
2.853637042049185002e+00 8.497352122783398727e+02 6.284930636431253603e+00
9.218513014053493215e-01 8.503207776840512224e+02 6.284930636431253603e+00
9.159963764486783733e-01 8.515723935023130480e+02 6.284930636431253603e+00
2.652043159925417726e+00 8.529115918513872430e+02 6.284930636431253603e+00
8.408329858833422099e-01 8.534987158360291915e+02 6.284930636431253603e+00
8.010836810698528376e-01 8.546625496766782817e+02 6.284930636431253603e+00
1.918794212604598703e+00 8.559366807809341253e+02 6.284930636431253603e+00
1.399712785166438600e+00 8.563312186935125965e+02 6.284930636431253603e+00
1.058574272433698171e+00 8.577163725085027863e+02 6.284930636431253603e+00
2.152866021220962711e+00 8.591374674937786722e+02 6.284930636431253603e+00
1.119930288362100068e+00 8.595694446177734562e+02 6.284930636431253603e+00
7.912560952940053127e-01 8.608392056619105688e+02 6.284930636431253603e+00
1.428666545420871348e+00 8.621320714277178467e+02 6.284930636431253603e+00
1.785243124988723951e+00 8.625149080375221047e+02 6.284930636431253603e+00
1.083306355190136072e+00 8.639360117511063208e+02 6.284930636431253603e+00
1.757563113536433796e+00 8.653560047433005593e+02 6.284930636431253603e+00
1.452013747392275844e+00 8.657376681358563246e+02 6.284930636431253603e+00
7.869520919258489178e-01 8.670313971815382956e+02 6.284930636431253603e+00
1.101318223286500420e+00 8.682996371859269402e+02 6.284930636431253603e+00
2.156844854561519753e+00 8.687365505021772378e+02 6.284930636431253603e+00
1.042556889360453987e+00 8.701523512105201235e+02 6.284930636431253603e+00
1.346698616437725926e+00 8.715284685383685428e+02 6.284930636431253603e+00
1.973310520747020735e+00 8.719312841451293252e+02 6.284930636431253603e+00
7.925311900851819136e-01 8.731999104071605871e+02 6.284930636431253603e+00
8.196067722880797657e-01 8.743545500787655556e+02 6.284930636431253603e+00
2.671571749635665682e+00 8.749606802273235644e+02 6.284930636431253603e+00
8.908342308243495378e-01 8.762810648512626130e+02 6.284930636431253603e+00
8.811853545687317046e-01 8.775129553180540825e+02 6.284930636431253603e+00
2.925691658890961389e+00 8.781349793931652812e+02 6.284930636431253603e+00
7.664108445829702632e-01 8.792620034679968057e+02 6.284930636431253603e+00
7.368724594954442209e-01 8.801394482901935135e+02 6.284930636431253603e+00
3.106484219398339963e+00 8.811754384878829569e+02 6.284930636431253603e+00
7.798178311400058016e-01 8.819434558889541904e+02 6.284930636431253603e+00
8.148430907833031922e-01 8.831097363604993689e+02 6.284930636431253603e+00
2.826208917510120600e+00 8.843488684659162118e+02 6.284930636431253603e+00
7.569885690599611472e-01 8.850463422442365982e+02 6.284930636431253603e+00
7.878810200934963648e-01 8.861393804768918017e+02 6.284930636431253603e+00
2.194349671422851866e+00 8.873858212203532503e+02 6.284930636431253603e+00
1.197846817045458367e+00 8.878231203431896574e+02 6.284930636431253603e+00
1.001418257461557992e+00 8.891690366183697734e+02 6.284930636431253603e+00
2.236204710837638832e+00 8.905693472227663960e+02 6.284930636431253603e+00
1.014304823045381942e+00 8.910358632154679981e+02 6.284930636431253603e+00
7.716868551563015322e-01 8.922929659478553504e+02 6.284930636431253603e+00
1.571683567930163061e+00 8.935856504484719380e+02 6.284930636431253603e+00
1.590521935734208858e+00 8.939681590115266090e+02 6.284930636431253603e+00
1.044227305053952115e+00 8.953709994973448829e+02 6.284930636431253603e+00
1.787368231083210413e+00 8.967839440074674258e+02 6.284930636431253603e+00
1.350046663143853465e+00 8.971747211010909950e+02 6.284930636431253603e+00
7.626633621390562778e-01 8.984712995520667391e+02 6.284930636431253603e+00
1.180927182378640472e+00 8.997589218624957539e+02 6.284930636431253603e+00
1.972618075867090592e+00 9.001739694220634647e+02 6.284930636431253603e+00
1.025699512816919290e+00 9.015851020563611655e+02 6.284930636431253603e+00
1.392636177048514057e+00 9.029662802251515359e+02 6.284930636431253603e+00
1.828051709502175104e+00 9.033621641548720618e+02 6.284930636431253603e+00
7.724677422039156749e-01 9.046396220913309207e+02 6.284930636431253603e+00
8.735846008771073201e-01 9.058450997029228802e+02 6.284930636431253603e+00
2.476522890901446505e+00 9.063926211264830499e+02 6.284930636431253603e+00
9.256170720047366407e-01 9.077476429465889396e+02 6.284930636431253603e+00
9.671998744634755507e-01 9.090223868770729041e+02 6.284930636431253603e+00
2.659955044525418533e+00 9.095670601040347947e+02 6.284930636431253603e+00
7.722908146607754265e-01 9.107449151351662522e+02 6.284930636431253603e+00
7.113072821324595285e-01 9.116977654330589758e+02 6.284930636431253603e+00
3.069361808038574058e+00 9.126098701408559464e+02 6.284930636431253603e+00
7.297732564775035735e-01 9.135761044733679910e+02 6.284930636431253603e+00
7.430904927109448499e-01 9.146921450406862277e+02 6.284930636431253603e+00
2.978106674855603764e+00 9.157845347053452087e+02 6.284930636431253603e+00
7.151739461171905399e-01 9.166079940005340632e+02 6.284930636431253603e+00
7.774270549022423982e-01 9.176187829516750298e+02 6.284930636431253603e+00
2.475480965176803050e+00 9.188269573838809947e+02 6.284930636431253603e+00
1.043238432349766098e+00 9.193253158409858088e+02 6.284930636431253603e+00
9.517619458354226181e-01 9.206284428501217008e+02 6.284930636431253603e+00
2.364612164325891275e+00 9.220030519737456416e+02 6.284930636431253603e+00
9.207457284430471400e-01 9.225160092634243938e+02 6.284930636431253603e+00
7.654090939646058800e-01 9.237476143649695359e+02 6.284930636431253603e+00
1.728247122152327453e+00 9.250316873832002784e+02 6.284930636431253603e+00
1.441291693297637622e+00 9.254226476400485808e+02 6.284930636431253603e+00
1.018991851026548101e+00 9.268086175012286958e+02 6.284930636431253603e+00
1.861254851026495238e+00 9.282170273817672523e+02 6.284930636431253603e+00
1.244515192584324526e+00 9.286206714834504510e+02 6.284930636431253603e+00
7.494074822447146511e-01 9.299166681963843075e+02 6.284930636431253603e+00
1.276389586861684577e+00 9.312138674939495786e+02 6.284930636431253603e+00
1.817165839826992313e+00 9.316132728376703653e+02 6.284930636431253603e+00
1.014652968262272248e+00 9.330195748258785216e+02 6.284930636431253603e+00
1.456578936562655358e+00 9.344066567728184509e+02 6.284930636431253603e+00
1.686924708092547132e+00 9.347967138878211699e+02 6.284930636431253603e+00
7.567313724653341733e-01 9.360830588871569944e+02 6.284930636431253603e+00
9.400782777987458649e-01 9.373267698752990782e+02 6.284930636431253603e+00
2.296546208027521185e+00 9.378259124533419708e+02 6.284930636431253603e+00
9.507661656592845123e-01 9.392025384594813886e+02 6.284930636431253603e+00
1.058842657895308736e+00 9.405113614117636871e+02 6.284930636431253603e+00
2.406801484532708812e+00 9.410001221673970804e+02 6.284930636431253603e+00
7.713908471055312965e-01 9.422139999286047214e+02 6.284930636431253603e+00
7.186194516402304444e-01 9.432514346304042192e+02 6.284930636431253603e+00
2.929941617885864158e+00 9.440433375762523838e+02 6.284930636431253603e+00
7.545682822828800873e-01 9.451737375214503345e+02 6.284930636431253603e+00
7.332982896382657101e-01 9.462966941125285985e+02 6.284930636431253603e+00
3.099462575844996515e+00 9.472175278123357884e+02 6.284930636431253603e+00
7.167169212229052011e-01 9.481592445645239877e+02 6.284930636431253603e+00
7.790089052850101004e-01 9.490855188891752050e+02 6.284930636431253603e+00
2.727165766671474145e+00 9.502586623171640667e+02 6.284930636431253603e+00
9.619720153100167481e-01 9.508105126028743825e+02 6.284930636431253603e+00
9.310942289587026410e-01 9.520813694534235765e+02 6.284930636431253603e+00
2.558525193047406443e+00 9.534353482620438172e+02 6.284930636431253603e+00
8.643818563944662969e-01 9.539963759844163178e+02 6.284930636431253603e+00
7.893888153441865896e-01 9.551845362572046270e+02 6.284930636431253603e+00
1.857193534352149289e+00 9.564617724129310545e+02 6.284930636431253603e+00
1.411306686832169532e+00 9.568549679781760915e+02 6.284930636431253603e+00
1.045628913031047214e+00 9.582404648955512130e+02 6.284930636431253603e+00
2.054056907802040310e+00 9.596578704043351991e+02 6.284930636431253603e+00
1.155905423369532281e+00 9.600792092178128314e+02 6.284930636431253603e+00
7.755309906093887928e-01 9.613599475440596507e+02 6.284930636431253603e+00
1.382666983806494443e+00 9.626547242183701201e+02 6.284930636431253603e+00
1.784643908351525310e+00 9.630421027115984316e+02 6.284930636431253603e+00
1.058144800923932483e+00 9.644578988880773522e+02 6.284930636431253603e+00
1.649124602088128055e+00 9.658672181850748757e+02 6.284930636431253603e+00
1.523566270543436074e+00 9.662486633318334270e+02 6.284930636431253603e+00
7.738423011453277045e-01 9.675428518562083582e+02 6.284930636431253603e+00
1.047039014917335642e+00 9.688062979003030932e+02 6.284930636431253603e+00
2.189517134599861414e+00 9.692599571923818758e+02 6.284930636431253603e+00
1.010795055686061872e+00 9.706644665702485781e+02 6.284930636431253603e+00
1.240341840547787289e+00 9.720198621838809458e+02 6.284930636431253603e+00
2.112554286971190187e+00 9.724450465293875823e+02 6.284930636431253603e+00
7.848962538494874686e-01 9.736990398631996868e+02 6.284930636431253603e+00
7.755706785581529816e-01 9.748189239752690582e+02 6.284930636431253603e+00
2.760689662019972790e+00 9.754806898366095993e+02 6.284930636431253603e+00
8.398777693000168965e-01 9.767517862833338995e+02 6.284930636431253603e+00
8.087114128190892037e-01 9.779401025254508113e+02 6.284930636431253603e+00
3.061729788404013330e+00 9.786536605639898880e+02 6.284930636431253603e+00
7.473016020589674513e-01 9.797231030958819247e+02 6.284930636431253603e+00
7.594191370186931245e-01 9.805904392228958386e+02 6.284930636431253603e+00
3.006475535558051693e+00 9.816938698786171926e+02 6.284930636431253603e+00
8.493135727735422469e-01 9.823534931260803660e+02 6.284930636431253603e+00
8.720646468317028166e-01 9.835664623272682547e+02 6.284930636431253603e+00
2.738113310417243706e+00 9.848681620323606012e+02 6.284930636431253603e+00
8.003332802234774945e-01 9.855008936976232690e+02 6.284930636431253603e+00
7.979829219025816878e-01 9.866340254638232636e+02 6.284930636431253603e+00
2.035549132959500795e+00 9.878983471819301485e+02 6.284930636431253603e+00
1.315131582834533575e+00 9.883072068559119998e+02 6.284930636431253603e+00
1.038625474784949487e+00 9.896777649480749233e+02 6.284930636431253603e+00
2.200287295213497529e+00 9.910920550077778444e+02 6.284930636431253603e+00
1.072948743707276220e+00 9.915383062971127401e+02 6.284930636431253603e+00
7.861237990910078244e-01 9.928016959788506028e+02 6.284930636431253603e+00
1.490018114032185537e+00 9.940952866605330200e+02 6.284930636431253603e+00
1.709092900471401943e+00 9.944759746094827051e+02 6.284930636431253603e+00
1.073220692491741790e+00 9.958914033099687231e+02 6.284930636431253603e+00
1.789285271666291033e+00 9.973107666722578415e+02 6.284930636431253603e+00
1.400996440716462343e+00 9.976961149530778812e+02 6.284930636431253603e+00
7.804076478033178388e-01 9.989904488743618458e+02 6.284930636431253603e+00
1.141251324725985894e+00 1.000267433404429426e+03 6.284930636431253603e+00
2.081575067953765679e+00 1.000692590311310141e+03 6.284930636431253603e+00
1.043428993628537915e+00 1.002109090864995210e+03 6.284930636431253603e+00
1.388246651547971444e+00 1.003491409589919044e+03 6.284930636431253603e+00
1.890053377058726447e+00 1.003887653178953769e+03 6.284930636431253603e+00
7.869543901192979085e-01 1.005162162005712162e+03 6.284930636431253603e+00
8.500345995522928799e-01 1.006343173387027377e+03 6.284930636431253603e+00
2.580046424532288274e+00 1.006915794025968353e+03 6.284930636431253603e+00
9.163679034037016669e-01 1.008259270412247702e+03 6.284930636431253603e+00
9.329087181975704857e-01 1.009517654717917821e+03 6.284930636431253603e+00
2.786594225096983291e+00 1.010090935089596542e+03 6.284930636431253603e+00
7.736332818211011375e-01 1.011249649934655508e+03 6.284930636431253603e+00
7.206761206877001502e-01 1.012160447064422897e+03 6.284930636431253603e+00
3.114900990439216866e+00 1.013132233824252125e+03 6.284930636431253603e+00
7.428299343971543900e-01 1.014004749057669983e+03 6.284930636431253603e+00
7.712162856783496556e-01 1.015138141280748414e+03 6.284930636431253603e+00
