7.834261174679785222e-01 3.292385547747101460e-01 3.141592653589661222e+00
7.782001558376051564e-01 1.765417852774600505e+00 3.141592653589661222e+00
9.965239542106344439e-01 2.378376130636733699e+00 3.141592653589661222e+00
7.743989289985329094e-01 3.712081379065494513e+00 3.141592653589661222e+00
1.077641524489457048e+00 4.330889681064231667e+00 3.141592653589661222e+00
6.283944652959541077e-01 5.713452361129626844e+00 3.141592653589661222e+00
1.029523862858195526e+00 6.433954859760846468e+00 3.141592653589661222e+00
5.782607442140392795e-01 7.751534868878308338e+00 3.141592653589661222e+00
1.244060545739477774e+00 8.529604205508853454e+00 3.141592653589661222e+00
6.376037195838746285e-01 9.743549430059223582e+00 3.141592653589661222e+00
1.328322086732626417e+00 1.050580144151580697e+01 3.141592653589661222e+00
5.616216170152164011e-01 1.174756973155563422e+01 3.141592653589661222e+00
1.236243907721695345e+00 1.260944076908813827e+01 3.141592653589661222e+00
5.276070907272263355e-01 1.369314055128092811e+01 3.141592653589661222e+00
1.397554424302115184e+00 1.471744178400823344e+01 3.141592653589661222e+00
5.871006977114283654e-01 1.572062968178686937e+01 3.141592653589661222e+00
1.401633085973011950e+00 1.670522967637455380e+01 3.141592653589661222e+00
5.294759484176115860e-01 1.774907948492159093e+01 3.141592653589661222e+00
1.250184347631313697e+00 1.881315008192114746e+01 3.141592653589661222e+00
5.596250619199190091e-01 1.968763030103539435e+01 3.141592653589661222e+00
1.350129810273292374e+00 2.091715674194317742e+01 3.141592653589661222e+00
6.325468698256749844e-01 2.169529064471239366e+01 3.141592653589661222e+00
1.269403586341429024e+00 2.289582785441650614e+01 3.141592653589661222e+00
5.698974010223808451e-01 2.369668707288662191e+01 3.141592653589661222e+00
1.058300221355084947e+00 2.499467970499567926e+01 3.141592653589661222e+00
6.222005850272921412e-01 2.572462619436899089e+01 3.141592653589661222e+00
1.111632904596560278e+00 2.709803779543525692e+01 3.141592653589661222e+00
7.598896615521714137e-01 2.772524246620652022e+01 3.141592653589661222e+00
1.024743137090197820e+00 2.905327540964313116e+01 3.141592653589661222e+00
7.520259011748847700e-01 2.967627168085907741e+01 3.141592653589661222e+00
8.060263039473681834e-01 3.110837613371168331e+01 3.141592653589661222e+00
7.623122948935299181e-01 3.176791492177630261e+01 3.141592653589661222e+00
8.068104747885956884e-01 3.320572859648061126e+01 3.141592653589661222e+00
9.709521188336770470e-01 3.381111362571759571e+01 3.141592653589661222e+00
7.936971825790007928e-01 3.515076869943293758e+01 3.141592653589661222e+00
1.046404901135052912e+00 3.576148701096797566e+01 3.141592653589661222e+00
6.391041632364768965e-01 3.715506270379751186e+01 3.141592653589661222e+00
1.003027185543275523e+00 3.786450292277402241e+01 3.141592653589661222e+00
5.915142822146464141e-01 3.920208110238719712e+01 3.141592653589661222e+00
1.220642359194042736e+00 3.995691059945723822e+01 3.141592653589661222e+00
6.477209147392629651e-01 4.118797878268023993e+01 3.141592653589661222e+00
1.308991032957918410e+00 4.193092987866155141e+01 3.141592653589661222e+00
5.665313799070361700e-01 4.318960329676370691e+01 3.141592653589661222e+00
1.221794928529404967e+00 4.403431776056550007e+01 3.141592653589661222e+00
5.274606536059173179e-01 4.514286659698225890e+01 3.141592653589661222e+00
1.389803563437807643e+00 4.614231389758808177e+01 3.141592653589661222e+00
5.879302931313823422e-01 4.716986618505143980e+01 3.141592653589661222e+00
1.404352538018182939e+00 4.812984505647872879e+01 3.141592653589661222e+00
5.308585501298078713e-01 4.919711910318933690e+01 3.141592653589661222e+00
1.259844189491332811e+00 5.023743466088060927e+01 3.141592653589661222e+00
5.548815643244817686e-01 5.113024738456559959e+01 3.141592653589661222e+00
1.365296638940231455e+00 5.234180442687274848e+01 3.141592653589661222e+00
6.238549581855991066e-01 5.314059383477057708e+01 3.141592653589661222e+00
1.290371832350730941e+00 5.432230461900060448e+01 3.141592653589661222e+00
5.599391467761076768e-01 5.514764600440462772e+01 3.141592653589661222e+00
1.083867271354808093e+00 5.642355668051196460e+01 3.141592653589661222e+00
6.134969391241106296e-01 5.716570982010644997e+01 3.141592653589661222e+00
1.141908900767298451e+00 5.852685548910002922e+01 3.141592653589661222e+00
7.429647130787973008e-01 5.916476089992148957e+01 3.141592653589661222e+00
1.051339766897272376e+00 6.048461995109224176e+01 3.141592653589661222e+00
7.263411020971359822e-01 6.111904004109930355e+01 3.141592653589661222e+00
8.297721021705478650e-01 6.254560690943628742e+01 3.141592653589661222e+00
7.424502109279916828e-01 6.320721102430061933e+01 3.141592653589661222e+00
8.364813940613228249e-01 6.464475774300274225e+01 3.141592653589661222e+00
9.458728773655539213e-01 6.524452437572155361e+01 3.141592653589661222e+00
8.139948906651304217e-01 6.658882145614076364e+01 3.141592653589661222e+00
1.014797915216802071e+00 6.719300089476166704e+01 3.141592653589661222e+00
6.508851454001356451e-01 6.859665161349614948e+01 3.141592653589661222e+00
9.763164903200433065e-01 6.929588728308277723e+01 3.141592653589661222e+00
6.064985390390987829e-01 7.065198232727877325e+01 3.141592653589661222e+00
1.196367851725121279e+00 7.138463918810099074e+01 3.141592653589661222e+00
6.587119561417952296e-01 7.263180377057378223e+01 3.141592653589661222e+00
1.287824050983983115e+00 7.335635226848368973e+01 3.141592653589661222e+00
5.717345743999938668e-01 7.463138641963210773e+01 3.141592653589661222e+00
1.205332546623916867e+00 7.545955221553263925e+01 3.141592653589661222e+00
5.282988228216168869e-01 7.659321240557419230e+01 3.141592653589661222e+00
1.379905804774402167e+00 7.756733211959362961e+01 3.141592653589661222e+00
5.898433547471159111e-01 7.861893037771829995e+01 3.141592653589661222e+00
1.404716008568728247e+00 7.955437622801363773e+01 3.141592653589661222e+00
5.328866928033798578e-01 8.064441034836190170e+01 3.141592653589661222e+00
1.267052585326856162e+00 8.166153662883523623e+01 3.141592653589661222e+00
5.503457282780667148e-01 8.257342206884473512e+01 3.141592653589661222e+00
1.378240508066932657e+00 8.376632821358752778e+01 3.141592653589661222e+00
6.159945543882716645e-01 8.458656118141811930e+01 3.141592653589661222e+00
1.309987123297015277e+00 8.574847779265398628e+01 3.141592653589661222e+00
5.515169296814412814e-01 8.659883212147738618e+01 3.141592653589661222e+00
1.108595494301453321e+00 8.785173005960950832e+01 3.141592653589661222e+00
6.055308175120430736e-01 8.860674069947363307e+01 3.141592653589661222e+00
1.171275069344529074e+00 8.995496326321659808e+01 3.141592653589661222e+00
7.269705063940703482e-01 9.060484100662040419e+01 3.141592653589661222e+00
1.078002318666497983e+00 9.191531785653729969e+01 3.141592653589661222e+00
7.020947701250190853e-01 9.256301423769302517e+01 3.141592653589661222e+00
8.544683145353771936e-01 9.398199114434584089e+01 3.141592653589661222e+00
7.238805229691966936e-01 9.464704222147689450e+01 3.141592653589661222e+00
8.670428243903609555e-01 9.608252353654255273e+01 3.141592653589661222e+00
9.213830695042022345e-01 9.667861258775087663e+01 3.141592653589661222e+00
8.352642388780061600e-01 9.802622031619740994e+01 3.141592653589661222e+00
9.829993906702401141e-01 9.862549532988793999e+01 3.141592653589661222e+00
6.638158043618092030e-01 1.000381599024791370e+02 3.141592653589661222e+00
9.495832843136584600e-01 1.007281384351972662e+02 3.141592653589661222e+00
