7.691290000000000626e-01 0.000000000000000000e+00 0.000000000000000000e+00
1.262256086805319422e+00 1.291905670977447684e+00 6.284930636431253603e+00
1.896506910793840150e+00 1.692733778054575255e+00 6.284930636431253603e+00
1.043721229615495627e+00 3.108061139838846465e+00 6.284930636431253603e+00
1.504099749246335938e+00 4.503792918206363183e+00 6.284930636431253603e+00
1.688444779853163435e+00 4.889009560970954738e+00 6.284930636431253603e+00
7.735922117083144922e-01 6.176182612339306210e+00 6.284930636431253603e+00
9.439796074388480118e-01 7.411191427541871768e+00 6.284930636431253603e+00
2.350883437458451297e+00 7.912015078614864194e+00 6.284930636431253603e+00
9.685375276235139719e-01 9.294711197705355588e+00 6.284930636431253603e+00
1.081617626547933142e+00 1.060976968030012912e+01 6.284930636431253603e+00
2.415475160285541989e+00 1.109024335090265012e+01 6.284930636431253603e+00
7.820415914428282544e-01 1.230835313708556455e+01 6.284930636431253603e+00
7.215053143782833578e-01 1.333313891514802307e+01 6.284930636431253603e+00
2.971112353322061139e+00 1.413080189618044180e+01 6.284930636431253603e+00
7.558106456779095650e-01 1.525524795830911096e+01 6.284930636431253603e+00
7.351782748404296353e-01 1.637605168029578095e+01 6.284930636431253603e+00
3.130111207870176937e+00 1.730521777901430625e+01 6.284930636431253603e+00
7.202166873301670824e-01 1.824061188713037751e+01 6.284930636431253603e+00
7.904011037209928148e-01 1.916002703094013171e+01 6.284930636431253603e+00
2.709092452460557077e+00 2.034386883683090019e+01 6.284930636431253603e+00
9.940684311337493195e-01 2.087684935904628958e+01 6.284930636431253603e+00
9.530016715218730949e-01 2.215929937139444306e+01 6.284930636431253603e+00
2.594252686139195241e+00 2.352358181527034020e+01 6.284930636431253603e+00
8.786607952385995235e-01 2.407834467291693770e+01 6.284930636431253603e+00
8.071993418219839400e-01 2.526174864923886787e+01 6.284930636431253603e+00
1.827678560085054249e+00 2.654242948863795704e+01 6.284930636431253603e+00
1.481703740257639623e+00 2.692711850521769890e+01 6.284930636431253603e+00
1.080188750648412688e+00 2.832486935012756746e+01 6.284930636431253603e+00
2.135566838454996397e+00 2.975237420594516280e+01 6.284930636431253603e+00
1.156818116437467570e+00 3.017504046443141874e+01 6.284930636431253603e+00
8.008485214970701982e-01 3.144683583031607199e+01 6.284930636431253603e+00
1.383455167210237313e+00 3.273705777369430336e+01 6.284930636431253603e+00
1.861301974152028249e+00 3.312250984414503563e+01 6.284930636431253603e+00
1.098542887378441302e+00 3.454975095572827115e+01 6.284930636431253603e+00
1.753979516792292026e+00 3.597244083324973474e+01 6.284930636431253603e+00
1.485249381761471366e+00 3.635149889647755828e+01 6.284930636431253603e+00
7.966530464285939139e-01 3.764399173953101041e+01 6.284930636431253603e+00
1.076765777867712215e+00 3.890344550983165561e+01 6.284930636431253603e+00
2.223537789190233482e+00 3.934934975987452077e+01 6.284930636431253603e+00
1.047216373897157604e+00 4.076595724476131721e+01 6.284930636431253603e+00
1.329230287403622590e+00 4.213953484395740645e+01 6.284930636431253603e+00
2.027965734453355928e+00 4.254572043130739445e+01 6.284930636431253603e+00
7.991719269277266502e-01 4.381091236340478901e+01 6.284930636431253603e+00
8.025989041959435966e-01 4.494468369939158237e+01 6.284930636431253603e+00
2.740940292064782291e+00 4.557478422727112388e+01 6.284930636431253603e+00
8.745150611843472976e-01 4.687756500529829395e+01 6.284930636431253603e+00
8.516345534325221456e-01 4.809150877362178278e+01 6.284930636431253603e+00
3.015933716907971185e+00 4.874887746284031920e+01 6.284930636431253603e+00
7.620827037099714429e-01 4.985240184291143350e+01 6.284930636431253603e+00
7.530551814106680730e-01 5.071089085477026259e+01 6.284930636431253603e+00
3.079430419710774913e+00 5.178788509037264021e+01 6.284930636431253603e+00
8.208525378115260063e-01 5.248793501805431561e+01 6.284930636431253603e+00
8.526891369472772153e-01 5.368190072659315604e+01 6.284930636431253603e+00
2.799016169986721536e+00 5.496192589921734850e+01 6.284930636431253603e+00
7.841430282273714747e-01 5.562032104566637969e+01 6.284930636431253603e+00
8.021178133462385507e-01 5.673245032530029164e+01 6.284930636431253603e+00
2.093881750189890756e+00 5.799248876872456293e+01 6.284930636431253603e+00
1.290677911422098312e+00 5.840674110286719412e+01 6.284930636431253603e+00
1.038596741511753851e+00 5.977291377662509575e+01 6.284930636431253603e+00
2.255775023388965739e+00 6.118638628088584142e+01 6.284930636431253603e+00
1.049900094961461194e+00 6.164179789889896455e+01 6.284930636431253603e+00
7.928139216625830210e-01 6.289721535249437778e+01 6.284930636431253603e+00
1.522979257400888242e+00 6.418977097712517832e+01 6.284930636431253603e+00
1.697497173387592095e+00 6.456869776917949366e+01 6.284930636431253603e+00
1.082833762683008683e+00 6.598522253970972429e+01 6.284930636431253603e+00
1.847822686100663692e+00 6.740880035522914682e+01 6.284930636431253603e+00
1.363411610151831210e+00 6.779677279531735223e+01 6.284930636431253603e+00
7.865957942877045417e-01 6.908922523792817572e+01 6.284930636431253603e+00
1.173731825083672797e+00 7.036820398210761596e+01 6.284930636431253603e+00
2.059896490859066898e+00 7.078582818435893387e+01 6.284930636431253603e+00
1.058014356912919673e+00 7.220663168201062376e+01 6.284930636431253603e+00
1.448802597435798090e+00 7.359820223316741306e+01 6.284930636431253603e+00
1.819005373434455342e+00 7.398689661968981568e+01 6.284930636431253603e+00
7.901972364483418332e-01 7.526692269244051658e+01 6.284930636431253603e+00
8.810140956181388150e-01 7.646357584517060957e+01 6.284930636431253603e+00
2.527337510297694934e+00 7.701081586775278254e+01 6.284930636431253603e+00
9.426932306034963016e-01 7.837256141705276491e+01 6.284930636431253603e+00
9.877438141557278728e-01 7.965396373104381667e+01 6.284930636431253603e+00
2.671078234934577189e+00 8.018804900964514104e+01 6.284930636431253603e+00
7.823596944210690074e-01 8.137138952492892940e+01 6.284930636431253603e+00
7.157923016219679413e-01 8.230999379151757012e+01 6.284930636431253603e+00
3.106699760515286624e+00 8.322845581223302247e+01 6.284930636431253603e+00
7.329324124617387914e-01 8.418393014300067989e+01 6.284930636431253603e+00
7.487835060314365077e-01 8.530068585496422884e+01 6.284930636431253603e+00
3.000268508843063842e+00 8.640318635634616840e+01 6.284930636431253603e+00
7.199939348756166924e-01 8.721938379631176019e+01 6.284930636431253603e+00
7.875632625643695928e-01 8.822699787028602714e+01 6.284930636431253603e+00
2.455422262041584869e+00 8.944300472024768567e+01 6.284930636431253603e+00
1.075831554013754632e+00 8.992743327647845319e+01 6.284930636431253603e+00
9.714778461007984589e-01 9.124025727767947558e+01 6.284930636431253603e+00
2.397445849192580081e+00 9.262283327586406756e+01 6.284930636431253603e+00
9.327519815730700437e-01 9.313214777103171116e+01 6.284930636431253603e+00
7.802792774688005473e-01 9.435910825617366982e+01 6.284930636431253603e+00
1.711941870326053161e+00 9.564511728482146680e+01 6.284930636431253603e+00
1.496426323950807991e+00 9.603051496286634858e+01 6.284930636431253603e+00
1.046206408758898032e+00 9.742571617026455044e+01 6.284930636431253603e+00
1.921025382911995871e+00 9.884227652085363047e+01 6.284930636431253603e+00
1.243564134309247393e+00 9.924593574791036588e+01 6.284930636431253603e+00
7.674754105845612573e-01 1.005372400551924557e+02 6.284930636431253603e+00
1.283970289970385537e+00 1.018306704311227833e+02 6.284930636431253603e+00
1.866480066992567410e+00 1.022285331139917020e+02 6.284930636431253603e+00
1.042661630958255481e+00 1.036430226462659050e+02 6.284930636431253603e+00
1.521919534132070817e+00 1.050402501538367801e+02 6.284930636431253603e+00
1.658732638482280031e+00 1.054246848693335750e+02 6.284930636431253603e+00
7.712406245420216910e-01 1.067134523537438895e+02 6.284930636431253603e+00
9.603133711112089577e-01 1.079553658831416669e+02 6.284930636431253603e+00
2.314957485464949727e+00 1.084467895498166001e+02 6.284930636431253603e+00
9.742807945904022882e-01 1.098333682047893660e+02 6.284930636431253603e+00
1.104919514822388038e+00 1.111554084256424773e+02 6.284930636431253603e+00
2.360375308654826476e+00 1.116254328434421268e+02 6.284930636431253603e+00
7.816961466627109223e-01 1.128502997039249323e+02 6.284930636431253603e+00
7.272474928684726780e-01 1.138937869497891455e+02 6.284930636431253603e+00
2.933765238938675246e+00 1.146656979731453845e+02 6.284930636431253603e+00
7.675811950667346117e-01 1.158213562776082455e+02 6.284930636431253603e+00
7.408293813201367595e-01 1.169503017298893042e+02 6.284930636431253603e+00
3.139708563223123861e+00 1.178397520145576749e+02 6.284930636431253603e+00
7.234774406676557357e-01 1.188000694855166870e+02 6.284930636431253603e+00
7.881891967047943703e-01 1.197040274694558377e+02 6.284930636431253603e+00
2.764240838844960635e+00 1.208784027910525367e+02 6.284930636431253603e+00
9.729801070565419208e-01 1.214259387485090684e+02 6.284930636431253603e+00
9.446148780969264580e-01 1.226995939033196095e+02 6.284930636431253603e+00
2.627570907434181979e+00 1.240574438749288646e+02 6.284930636431253603e+00
8.672581346886858444e-01 1.246228017321657262e+02 6.284930636431253603e+00
8.099883429410267288e-01 1.257973430039705107e+02 6.284930636431253603e+00
1.854178842234799118e+00 1.270766325208973200e+02 6.284930636431253603e+00
1.469716092026850163e+00 1.274623663500879331e+02 6.284930636431253603e+00
1.081985312548914058e+00 1.288588843481841479e+02 6.284930636431253603e+00
2.167640179738335338e+00 1.302869044742058406e+02 6.284930636431253603e+00
1.142275771133844042e+00 1.307136977378597749e+02 6.284930636431253603e+00
8.048783897515056074e-01 1.319817885858239492e+02 6.284930636431253603e+00
1.400586643652669050e+00 1.332717729023957816e+02 6.284930636431253603e+00
1.855408778615630805e+00 1.336554773503262084e+02 6.284930636431253603e+00
1.105265707931524677e+00 1.350839014307020989e+02 6.284930636431253603e+00
1.789964705969738112e+00 1.365096693107866770e+02 6.284930636431253603e+00
1.459718710670093955e+00 1.368894910490436985e+02 6.284930636431253603e+00
8.002469005585438611e-01 1.381814136754489368e+02 6.284930636431253603e+00
1.095744826001540773e+00 1.394431188381578295e+02 6.284930636431253603e+00
2.208564012470082272e+00 1.398831017581197216e+02 6.284930636431253603e+00
1.057404956851355493e+00 1.413031928518122697e+02 6.284930636431253603e+00
1.367299526982065361e+00 1.426836015511622975e+02 6.284930636431253603e+00
1.977295987446558989e+00 1.430830568611909541e+02 6.284930636431253603e+00
8.011605510821678822e-01 1.443527660288336847e+02 6.284930636431253603e+00
8.194104407679567714e-01 1.454997030633441000e+02 6.284930636431253603e+00
2.705116259506211929e+00 1.461098210437169769e+02 6.284930636431253603e+00
8.934735723653277617e-01 1.474296356489938944e+02 6.284930636431253603e+00
8.808690804663094065e-01 1.486601670255393799e+02 6.284930636431253603e+00
2.954416873784080799e+00 1.492846655905262310e+02 6.284930636431253603e+00
7.690581829503637668e-01 1.504091896553152878e+02 6.284930636431253603e+00
7.431596857172404480e-01 1.512753791387198135e+02 6.284930636431253603e+00
3.113498763091359756e+00 1.523239160776073504e+02 6.284930636431253603e+00
7.924736696941135916e-01 1.530700974687759697e+02 6.284930636431253603e+00
8.279709500122457433e-01 1.542445991693573148e+02 6.284930636431253603e+00
2.830182082883978101e+00 1.554975706029283060e+02 6.284930636431253603e+00
7.662280122095944668e-01 1.561829749519001496e+02 6.284930636431253603e+00
7.962007558777290939e-01 1.572792313437019800e+02 6.284930636431253603e+00
2.161300149010618732e+00 1.585314886339500049e+02 6.284930636431253603e+00
1.236979758933439699e+00 1.589584838898944952e+02 6.284930636431253603e+00
1.019925770279184185e+00 1.603133355538379021e+02 6.284930636431253603e+00
2.260814250954891858e+00 1.617200462681531405e+02 6.284930636431253603e+00
1.026470863566543823e+00 1.621834575612334390e+02 6.284930636431253603e+00
7.841162263954599698e-01 1.634374317366219316e+02 6.284930636431253603e+00
1.556397136975840034e+00 1.647300135606253662e+02 6.284930636431253603e+00
1.640869771228237406e+00 1.651100418462875155e+02 6.284930636431253603e+00
1.066252375428050625e+00 1.665201052088313247e+02 6.284930636431253603e+00
1.832904110376335050e+00 1.679395215347202566e+02 6.284930636431253603e+00
1.347933651261346233e+00 1.683295897869897431e+02 6.284930636431253603e+00
7.764681454666692018e-01 1.696235627286849308e+02 6.284930636431253603e+00
1.186074712265918984e+00 1.709072881532741803e+02 6.284930636431253603e+00
2.011425869576813685e+00 1.713217544661725071e+02 6.284930636431253603e+00
1.045943873238511568e+00 1.727389187705580014e+02 6.284930636431253603e+00
1.436728080864750234e+00 1.741277224614830175e+02 6.284930636431253603e+00
1.806411414139736271e+00 1.745180559745238043e+02 6.284930636431253603e+00
7.824911635055247228e-01 1.757982466448580681e+02 6.284930636431253603e+00
8.856223515333166985e-01 1.770027368883703502e+02 6.284930636431253603e+00
2.489911003540588474e+00 1.775440719118516313e+02 6.284930636431253603e+00
9.408704585303855339e-01 1.789067824302566123e+02 6.284930636431253603e+00
9.920667457028284897e-01 1.801905129797845007e+02 6.284930636431253603e+00
2.636945508753557821e+00 1.807205235889865662e+02 6.284930636431253603e+00
7.795504559845763959e-01 1.819069461931337628e+02 6.284930636431253603e+00
7.134779919611012877e-01 1.828598573415450517e+02 6.284930636431253603e+00
3.083396460173875031e+00 1.837617776840345982e+02 6.284930636431253603e+00
7.315188897034303750e-01 1.847426862455033074e+02 6.284930636431253603e+00
7.422720073424746712e-01 1.858567130522633306e+02 6.284930636431253603e+00
3.013604816782443852e+00 1.869365984628697390e+02 6.284930636431253603e+00
7.168775939768832206e-01 1.877697946117395702e+02 6.284930636431253603e+00
7.850759797315800537e-01 1.887672156048589045e+02 6.284930636431253603e+00
2.493084197687029935e+00 1.899771556977501064e+02 6.284930636431253603e+00
1.054958874804347913e+00 1.904714554381595519e+02 6.284930636431253603e+00
9.632964493522161442e-01 1.917776928823960247e+02 6.284930636431253603e+00
2.411298460511821506e+00 1.931558591179961581e+02 6.284930636431253603e+00
9.212846240531760156e-01 1.936718236785957572e+02 6.284930636431253603e+00
7.785563844523500920e-01 1.948953111421006099e+02 6.284930636431253603e+00
1.733093278586310459e+00 1.961799747911607028e+02 6.284930636431253603e+00
1.474705478609165121e+00 1.965671504075768894e+02 6.284930636431253603e+00
1.041019089641896711e+00 1.979594730173447203e+02 6.284930636431253603e+00
1.925750066833255225e+00 1.993747214910382013e+02 6.284930636431253603e+00
1.232012362860692933e+00 1.997802752202157990e+02 6.284930636431253603e+00
7.647605986841519154e-01 2.010715427994275046e+02 6.284930636431253603e+00
1.295190174869772504e+00 2.023660689271346484e+02 6.284930636431253603e+00
1.845270843314264164e+00 2.027626120306495920e+02 6.284930636431253603e+00
1.039095397383376751e+00 2.041757486136172304e+02 6.284930636431253603e+00
1.524473723957302518e+00 2.055726762112225288e+02 6.284930636431253603e+00
1.646087795554886934e+00 2.059572964671102682e+02 6.284930636431253603e+00
7.684650682717549808e-01 2.072466855349414345e+02 6.284930636431253603e+00
9.670380718694940869e-01 2.084922893761350906e+02 6.284930636431253603e+00
2.294001729340490847e+00 2.089796777403504677e+02 6.284930636431253603e+00
9.746085679180254147e-01 2.103671199388694220e+02 6.284930636431253603e+00
1.112146618134381981e+00 2.116912990196044291e+02 6.284930636431253603e+00
2.336929138144526075e+00 2.121580135958564881e+02 6.284930636431253603e+00
7.803115009453880369e-01 2.133851587227875086e+02 6.284930636431253603e+00
7.298091250049809631e-01 2.144376478324620905e+02 6.284930636431253603e+00
2.913091638897839619e+00 2.151984362957133499e+02 6.284930636431253603e+00
7.727854977638792811e-01 2.163668495339339017e+02 6.284930636431253603e+00
7.439540298112021777e-01 2.175000671413344548e+02 6.284930636431253603e+00
3.137019169584191136e+00 2.183723010336574362e+02 6.284930636431253603e+00
7.246481676492011470e-01 2.193434849117747092e+02 6.284930636431253603e+00
7.853876992794850409e-01 2.202427265899311521e+02 6.284930636431253603e+00
2.789114288373232053e+00 2.214113057602037316e+02 6.284930636431253603e+00
9.596292835859274728e-01 2.219681238748175360e+02 6.284930636431253603e+00
9.376076720615766913e-01 2.232362492860769976e+02 6.284930636431253603e+00
2.635265513450097963e+00 2.245896363701958478e+02 6.284930636431253603e+00
8.604793340789693712e-01 2.251604623856001695e+02 6.284930636431253603e+00
8.081755155608931762e-01 2.263320677104917138e+02 6.284930636431253603e+00
1.870334828915728220e+00 2.276102207024121924e+02 6.284930636431253603e+00
1.453044601894751153e+00 2.279978334550207535e+02 6.284930636431253603e+00
1.076884933510803499e+00 2.293917741855824204e+02 6.284930636431253603e+00
2.166295005353500613e+00 2.308183103489548955e+02 6.284930636431253603e+00
1.136477796687834108e+00 2.312464882149117216e+02 6.284930636431253603e+00
8.020990801225553746e-01 2.325147154714105113e+02 6.284930636431253603e+00
1.407923314396983594e+00 2.338054048947618924e+02 6.284930636431253603e+00
1.839340979741344029e+00 2.341887293651526250e+02 6.284930636431253603e+00
1.100881984132847879e+00 2.356156358324872997e+02 6.284930636431253603e+00
1.785164046449102759e+00 2.370403400450836955e+02 6.284930636431253603e+00
1.456486784202506435e+00 2.374206152853659546e+02 6.284930636431253603e+00
7.975748887227375183e-01 2.387128959013098211e+02 6.284930636431253603e+00
1.098261625973270927e+00 2.399761983457968029e+02 6.284930636431253603e+00
2.196240656534512059e+00 2.404151067514522992e+02 6.284930636431253603e+00
1.054885134206692721e+00 2.418345075613745792e+02 6.284930636431253603e+00
1.365454676076594209e+00 2.432144457869264613e+02 6.284930636431253603e+00
1.973096869963163025e+00 2.436141868163311699e+02 6.284930636431253603e+00
7.994414271693003338e-01 2.448839628892435769e+02 6.284930636431253603e+00
8.206532560099391027e-01 2.460334293508451537e+02 6.284930636431253603e+00
2.695471628271366882e+00 2.466413570424597879e+02 6.284930636431253603e+00
8.942298953115670468e-01 2.479624147626524859e+02 6.284930636431253603e+00
8.830818210875591712e-01 2.491943881341277347e+02 6.284930636431253603e+00
2.943710177289202701e+00 2.498161516418263659e+02 6.284930636431253603e+00
7.689846736943358740e-01 2.509426253229084409e+02 6.284930636431253603e+00
7.411400851679063040e-01 2.518118985569850565e+02 6.284930636431253603e+00
3.114108485037411889e+00 2.528556696474089449e+02 6.284930636431253603e+00
7.878770996734338894e-01 2.536099110979470481e+02 6.284930636431253603e+00
8.234221066130796851e-01 2.547812816990028750e+02 6.284930636431253603e+00
2.831716964131487213e+00 2.560292601123624650e+02 6.284930636431253603e+00
7.630344883350823615e-01 2.567192410794237958e+02 6.284930636431253603e+00
7.940360340403220807e-01 2.578135941640296096e+02 6.284930636431253603e+00
2.173323216343911124e+00 2.590640526563253729e+02 6.284930636431253603e+00
1.224856275904677494e+00 2.594941612749185538e+02 6.284930636431253603e+00
1.014681245413560307e+00 2.608462997675468387e+02 6.284930636431253603e+00
2.256060734616554431e+00 2.622511708052401218e+02 6.284930636431253603e+00
1.022225551920886266e+00 2.627158339179408699e+02 6.284930636431253603e+00
7.808770763216680288e-01 2.639703453638870201e+02 6.284930636431253603e+00
1.562162727570788112e+00 2.652629529132030939e+02 6.284930636431253603e+00
1.626108578779894343e+00 2.656435835346062504e+02 6.284930636431253603e+00
1.060403374047018898e+00 2.670516529016858271e+02 6.284930636431253603e+00
1.822130291872781527e+00 2.684694050551506166e+02 6.284930636431253603e+00
1.347315834057444484e+00 2.688597552642757478e+02 6.284930636431253603e+00
7.728116671772914392e-01 2.701544147815272936e+02 6.284930636431253603e+00
1.185932095814491438e+00 2.714393004298030974e+02 6.284930636431253603e+00
1.999680131324498511e+00 2.718536630581199915e+02 6.284930636431253603e+00
1.040768818603764911e+00 2.732692891814720610e+02 6.284930636431253603e+00
1.426357431830156397e+00 2.746562762835947069e+02 6.284930636431253603e+00
1.810242298512324988e+00 2.750478642745898696e+02 6.284930636431253603e+00
7.798124934820442888e-01 2.763275187061282736e+02 6.284930636431253603e+00
8.833479982953705845e-01 2.775327445035448477e+02 6.284930636431253603e+00
2.484503172289317607e+00 2.780749943753409639e+02 6.284930636431253603e+00
9.374415592849584256e-01 2.794361321589879594e+02 6.284930636431253603e+00
9.868863587651989233e-01 2.807180737992345598e+02 6.284930636431253603e+00
2.639914583869424014e+00 2.812509381324678088e+02 6.284930636431253603e+00
7.778006309043200561e-01 2.824357384777480320e+02 6.284930636431253603e+00
7.128670500452548575e-01 2.833894890628299095e+02 6.284930636431253603e+00
3.078949505030240452e+00 2.842925874552940968e+02 6.284930636431253603e+00
7.310492270749835431e-01 2.852718829879083273e+02 6.284930636431253603e+00
7.420590033919317596e-01 2.863861756786834576e+02 6.284930636431253603e+00
3.006775916827404860e+00 2.874673827493675162e+02 6.284930636431253603e+00
7.163139092544715814e-01 2.882995433134693712e+02 6.284930636431253603e+00
7.832588341691006928e-01 2.892992311762487248e+02 6.284930636431253603e+00
2.491724457689140859e+00 2.905083899814075039e+02 6.284930636431253603e+00
1.051081577645254894e+00 2.910042246875940464e+02 6.284930636431253603e+00
9.602602751223934252e-01 2.923093548171081579e+02 6.284930636431253603e+00
2.401958977499105696e+00 2.936864622584513995e+02 6.284930636431253603e+00
9.204142366021341726e-01 2.942022094178828979e+02 6.284930636431253603e+00
7.755402744622965638e-01 2.954272598686199558e+02 6.284930636431253603e+00
1.733621993904792324e+00 2.967117070423223595e+02 6.284930636431253603e+00
1.465768867611153770e+00 2.970998392688682088e+02 6.284930636431253603e+00
1.035777709550133263e+00 2.984905556648532752e+02 6.284930636431253603e+00
1.911540322386521495e+00 2.999042075444834836e+02 6.284930636431253603e+00
1.234049015728290843e+00 3.003094146995179585e+02 6.284930636431253603e+00
7.611215188775098950e-01 3.016018030633587159e+02 6.284930636431253603e+00
1.291887650044037050e+00 3.028970022033732903e+02 6.284930636431253603e+00
1.837377952105391232e+00 3.032940810783578058e+02 6.284930636431253603e+00
1.033345279944674067e+00 3.047056010329953892e+02 6.284930636431253603e+00
1.509093300397921000e+00 3.061003137222427881e+02 6.284930636431253603e+00
1.654505311470262141e+00 3.064860479367183643e+02 6.284930636431253603e+00
7.656158791344058745e-01 3.077748931993046995e+02 6.284930636431253603e+00
9.613444284516873273e-01 3.090203320933435407e+02 6.284930636431253603e+00
2.293168047657635711e+00 3.095100425759054019e+02 6.284930636431253603e+00
9.692193471422763107e-01 3.108951647045534514e+02 6.284930636431253603e+00
1.100176354150349312e+00 3.122160313099389555e+02 6.284930636431253603e+00
2.351734783736535661e+00 3.126873505954785060e+02 6.284930636431253603e+00
7.782472938129268991e-01 3.139117399063504195e+02 6.284930636431253603e+00
7.272004975424666284e-01 3.149611995562168545e+02 6.284930636431253603e+00
2.916287506372794880e+00 3.157284442437512553e+02 6.284930636431253603e+00
7.686371595896351883e-01 3.168890885583052750e+02 6.284930636431253603e+00
7.412720346137476879e-01 3.180198681871664803e+02 6.284930636431253603e+00
3.129826879232647574e+00 3.189023746584049945e+02 6.284930636431253603e+00
7.228349770167595834e-01 3.198674307768388871e+02 6.284930636431253603e+00
7.840980438932035890e-01 3.207722796532919460e+02 6.284930636431253603e+00
2.776189811514361061e+00 3.219418288517793485e+02 6.284930636431253603e+00
9.601123674256717422e-01 3.224976141018858584e+02 6.284930636431253603e+00
9.362742600644853308e-01 3.237663126146880472e+02 6.284930636431253603e+00
2.619209622570854101e+00 3.251198401906843287e+02 6.284930636431253603e+00
8.611746312378020241e-01 3.256886694188116849e+02 6.284930636431253603e+00
8.041523880634704469e-01 3.268637648000081981e+02 6.284930636431253603e+00
1.868232883788265131e+00 3.281417099254558707e+02 6.284930636431253603e+00
1.443632001123058783e+00 3.285305462567013137e+02 6.284930636431253603e+00
1.070078987331945175e+00 3.299226206209816610e+02 6.284930636431253603e+00
2.141638889274981139e+00 3.313472017763951953e+02 6.284930636431253603e+00
1.140442929915364223e+00 3.317738432161725655e+02 6.284930636431253603e+00
7.961346951155876539e-01 3.330449603930764511e+02 6.284930636431253603e+00
1.403321769972147859e+00 3.343365958422765516e+02 6.284930636431253603e+00
1.826091927900383327e+00 3.347207400062753209e+02 6.284930636431253603e+00
1.091265518906336052e+00 3.361451513710978247e+02 6.284930636431253603e+00
1.754137008052167879e+00 3.375664957387364211e+02 6.284930636431253603e+00
1.470972631787838214e+00 3.379466999399728024e+02 6.284930636431253603e+00
7.920365439601154689e-01 3.392397804852140553e+02 6.284930636431253603e+00
1.087243089602160984e+00 3.405033179197830009e+02 6.284930636431253603e+00
2.193331433958249921e+00 3.409451987578989929e+02 6.284930636431253603e+00
1.044895272283508314e+00 3.423613977121315770e+02 6.284930636431253603e+00
1.336281141790262028e+00 3.437360022674167226e+02 6.284930636431253603e+00
2.004083487426997046e+00 3.441407687396018105e+02 6.284930636431253603e+00
7.961112767632942955e-01 3.454074305699534762e+02 6.284930636431253603e+00
8.097704936682427190e-01 3.465505938900734577e+02 6.284930636431253603e+00
2.710159592530173800e+00 3.471700433344979047e+02 6.284930636431253603e+00
8.817085726726892059e-01 3.484808271868140537e+02 6.284930636431253603e+00
8.641993172367582465e-01 3.497026856426614927e+02 6.284930636431253603e+00
2.976973540324212575e+00 3.503442115741513021e+02 6.284930636431253603e+00
7.639848050425457338e-01 3.514583037890961350e+02 6.284930636431253603e+00
7.455260978267390648e-01 3.523245727508878531e+02 6.284930636431253603e+00
3.093817661673130992e+00 3.533839328221995970e+02 6.284930636431253603e+00
8.013257027011368994e-01 3.541132489984598806e+02 6.284930636431253603e+00
8.354150499735755186e-01 3.552947082386547777e+02 6.284930636431253603e+00
2.807987633062772215e+00 3.565575565547460428e+02 6.284930636431253603e+00
7.715719739567512558e-01 3.572324327387532321e+02 6.284930636431253603e+00
7.949444658271412889e-01 3.583371126498906278e+02 6.284930636431253603e+00
2.137835835238155013e+00 3.595913335473149459e+02 6.284930636431253603e+00
1.246799368130095731e+00 3.600156205424035534e+02 6.284930636431253603e+00
1.020605064505275106e+00 3.613725364286897843e+02 6.284930636431253603e+00
2.240732641645223122e+00 3.627798985735383326e+02 6.284930636431253603e+00
1.034876438370916363e+00 3.632396003616446478e+02 6.284930636431253603e+00
7.818846785732320726e-01 3.644966787187257751e+02 6.284930636431253603e+00
1.543476944673960904e+00 3.657897303678630010e+02 6.284930636431253603e+00
1.646146995791035739e+00 3.661701854957806859e+02 6.284930636431253603e+00
1.063331211332092963e+00 3.675800889770871436e+02 6.284930636431253603e+00
1.812707426770512553e+00 3.689981885932818955e+02 6.284930636431253603e+00
1.361018474324131144e+00 3.693871709983567939e+02 6.284930636431253603e+00
7.744697096766646194e-01 3.706818428415782023e+02 6.284930636431253603e+00
1.174198868502956516e+00 3.719649544737801534e+02 6.284930636431253603e+00
2.019774476540519892e+00 3.723819095034991165e+02 6.284930636431253603e+00
1.041303553876238963e+00 3.737977663057998257e+02 6.284930636431253603e+00
1.416194958772567514e+00 3.751835575746416112e+02 6.284930636431253603e+00
1.830330813215464314e+00 3.755762653060472189e+02 6.284930636431253603e+00
7.815104211890753216e-01 3.768546349408873084e+02 6.284930636431253603e+00
8.745292957595935945e-01 3.780540561065002976e+02 6.284930636431253603e+00
2.508357046432427406e+00 3.786037217973197926e+02 6.284930636431253603e+00
9.323230752308514502e-01 3.799607563445650840e+02 6.284930636431253603e+00
9.728498165121879371e-01 3.812369487280449221e+02 6.284930636431253603e+00
2.677108790118997828e+00 3.817794438406995141e+02 6.284930636431253603e+00
7.769287420088634155e-01 3.829580628783153884e+02 6.284930636431253603e+00
7.138872543926927383e-01 3.839004705662155743e+02 6.284930636431253603e+00
3.091348947207546161e+00 3.848210714953335696e+02 6.284930636431253603e+00
7.316509487089466468e-01 3.857739095223482195e+02 6.284930636431253603e+00
7.477113800480146288e-01 3.868913618239546395e+02 6.284930636431253603e+00
2.981157112508928453e+00 3.879957244092683482e+02 6.284930636431253603e+00
7.181996652330804309e-01 3.888102112370941086e+02 6.284930636431253603e+00
7.820302831568114454e-01 3.898235651712940921e+02 6.284930636431253603e+00
2.454475218724355479e+00 3.910369383523829470e+02 6.284930636431253603e+00
1.062731316968945849e+00 3.915264173348978147e+02 6.284930636431253603e+00
9.619314038695800928e-01 3.928355423195569642e+02 6.284930636431253603e+00
2.370843849519736146e+00 3.942147389543860641e+02 6.284930636431253603e+00
9.296241301822992797e-01 3.947237755920148743e+02 6.284930636431253603e+00
7.713658812438970447e-01 3.959550458827667967e+02 6.284930636431253603e+00
1.714401893515819619e+00 3.972404553617297438e+02 6.284930636431253603e+00
1.469149783436641599e+00 3.976286182701075518e+02 6.284930636431253603e+00
1.030657161905836450e+00 3.990190120903316142e+02 6.284930636431253603e+00
1.880068991218847518e+00 4.004308348730028229e+02 6.284930636431253603e+00
1.249242666686476655e+00 4.008336825884810537e+02 6.284930636431253603e+00
7.568558833395940821e-01 4.021280693929688255e+02 6.284930636431253603e+00
1.274680585401680499e+00 4.034235394120788101e+02 6.284930636431253603e+00
1.843029282857865825e+00 4.038229180873687483e+02 6.284930636431253603e+00
1.025941921826196035e+00 4.052326640612266146e+02 6.284930636431253603e+00
1.478076535240748335e+00 4.066234226769734619e+02 6.284930636431253603e+00
1.682877259387016045e+00 4.070113542824155388e+02 6.284930636431253603e+00
7.630117343570542721e-01 4.082983663247540562e+02 6.284930636431253603e+00
9.443606212792132748e-01 4.095397895158369010e+02 6.284930636431253603e+00
2.312121304860462079e+00 4.100379979149932410e+02 6.284930636431253603e+00
9.588119741829610465e-01 4.114177398316814447e+02 6.284930636431253603e+00
1.071620487883450323e+00 4.127302184531938565e+02 6.284930636431253603e+00
2.401564482549642054e+00 4.132138467668478938e+02 6.284930636431253603e+00
7.756282800097075159e-01 4.144305944612149801e+02 6.284930636431253603e+00
7.206468370104494037e-01 4.154659476257829169e+02 6.284930636431253603e+00
2.940655505250727053e+00 4.162559616596734600e+02 6.284930636431253603e+00
7.568993366000347223e-01 4.173891712893510544e+02 6.284930636431253603e+00
7.348263421562459818e-01 4.185124594977567085e+02 6.284930636431253603e+00
3.114002276725822860e+00 4.194301911653774937e+02 6.284930636431253603e+00
7.186416040822553031e-01 4.203734644422978590e+02 6.284930636431253603e+00
7.833269975405294794e-01 4.212942931509077766e+02 6.284930636431253603e+00
2.729203316372103227e+00 4.224703163099658809e+02 6.284930636431253603e+00
9.715106373131807693e-01 4.230167573498646902e+02 6.284930636431253603e+00
9.386605255232033374e-01 4.242909146850301454e+02 6.284930636431253603e+00
2.578267320101678806e+00 4.256481085371880226e+02 6.284930636431253603e+00
8.683390457684673214e-01 4.262082673084783551e+02 6.284930636431253603e+00
7.969825149892967309e-01 4.273931017576477416e+02 6.284930636431253603e+00
1.850024470558800926e+00 4.286716049010397569e+02 6.284930636431253603e+00
1.437264367432242951e+00 4.290614353983572755e+02 6.284930636431253603e+00
1.059708351646560409e+00 4.304516577564410227e+02 6.284930636431253603e+00
2.090772086093164450e+00 4.318732236414384715e+02 6.284930636431253603e+00
1.154248592231714499e+00 4.322955993631415481e+02 6.284930636431253603e+00
7.860626001086237213e-01 4.335723924831916634e+02 6.284930636431253603e+00
1.386257911817471822e+00 4.348654258211690262e+02 6.284930636431253603e+00
1.813239365825400018e+00 4.352516855749204296e+02 6.284930636431253603e+00
1.075005850405962748e+00 4.366721841846683674e+02 6.284930636431253603e+00
1.694653769269042431e+00 4.380872821618773969e+02 6.284930636431253603e+00
1.504976069957968621e+00 4.384675460037338439e+02 6.284930636431253603e+00
7.831906763740958954e-01 4.397613487249516879e+02 6.284930636431253603e+00
1.061665481044134829e+00 4.410236292819081427e+02 6.284930636431253603e+00
2.200105600349089308e+00 4.414732010255415844e+02 6.284930636431253603e+00
1.026465799893653275e+00 4.428830884485435604e+02 6.284930636431253603e+00
1.279331343199354709e+00 4.442466939390179164e+02 6.284930636431253603e+00
2.072959526916904771e+00 4.446628878477047806e+02 6.284930636431253603e+00
7.908269017311733151e-01 4.459222720434277676e+02 6.284930636431253603e+00
7.877445829117903919e-01 4.470493457924688983e+02 6.284930636431253603e+00
2.749028397058589590e+00 4.476957977373807012e+02 6.284930636431253603e+00
8.555539262887387197e-01 4.489821813263933450e+02 6.284930636431253603e+00
8.275425697265552660e-01 4.501822699893490380e+02 6.284930636431253603e+00
3.042150998934251227e+00 4.508691433865647582e+02 6.284930636431253603e+00
7.538882005989574475e-01 4.519547782782133254e+02 6.284930636431253603e+00
7.563418718097537630e-01 4.528175360777376000e+02 6.284930636431253603e+00
3.041292909978796644e+00 4.539088760963270488e+02 6.284930636431253603e+00
8.354861633179467839e-01 4.545870267752564473e+02 6.284930636431253603e+00
8.629328513932568168e-01 4.557911057202847473e+02 6.284930636431253603e+00
2.765696100821808390e+00 4.570830145284629680e+02 6.284930636431253603e+00
7.924577603309997942e-01 4.577275279773228363e+02 6.284930636431253603e+00
7.996256520255428102e-01 4.588512146022300158e+02 6.284930636431253603e+00
2.062784447542192812e+00 4.601134870429021362e+02 6.284930636431253603e+00
1.302759163712843060e+00 4.605249723128729329e+02 6.284930636431253603e+00
1.038099753009876114e+00 4.618933291809552770e+02 6.284930636431253603e+00
2.224500180351101974e+00 4.633071135003867198e+02 6.284930636431253603e+00
1.061982377797024979e+00 4.637575252710176414e+02 6.284930636431253603e+00
7.886997043197722101e-01 4.650175070034931082e+02 6.284930636431253603e+00
1.505510657004094144e+00 4.663106739294121326e+02 6.284930636431253603e+00
1.701899629783519829e+00 4.666905850378411174e+02 6.284930636431253603e+00
1.076819208956381280e+00 4.681062801372386843e+02 6.284930636431253603e+00
1.814011882829909439e+00 4.695273619920699844e+02 6.284930636431253603e+00
1.383864063292436608e+00 4.699138181549477622e+02 6.284930636431253603e+00
7.826536485401753840e-01 4.712074999032444680e+02 6.284930636431253603e+00
1.155833151301954631e+00 4.724856156479655169e+02 6.284930636431253603e+00
2.069985483008557559e+00 4.729072615986814299e+02 6.284930636431253603e+00
1.049334275037953956e+00 4.743255495005593048e+02 6.284930636431253603e+00
1.413876779310935694e+00 4.757118626236962768e+02 6.284930636431253603e+00
1.858276861261036972e+00 4.761046666726986132e+02 6.284930636431253603e+00
7.880256634435415242e-01 4.773817136700592414e+02 6.284930636431253603e+00
8.634204825988089915e-01 4.785700939651365502e+02 6.284930636431253603e+00
2.555409558323524788e+00 4.791311218264183367e+02 6.284930636431253603e+00
9.278859956111347174e-01 4.804829722006068664e+02 6.284930636431253603e+00
9.563030813108945871e-01 4.817516263023860006e+02 6.284930636431253603e+00
2.735951385742054320e+00 4.823070607470862683e+02 6.284930636431253603e+00
7.774687512396994959e-01 4.834770329774439119e+02 6.284930636431253603e+00
7.177340182433277205e-01 4.843997219491763531e+02 6.284930636431253603e+00
3.113591054445005835e+00 4.853480720141129154e+02 6.284930636431253603e+00
7.364980233961954115e-01 4.862575006381263734e+02 6.284930636431253603e+00
7.600172428248993528e-01 4.873823269829219953e+02 6.284930636431253603e+00
2.947009834966997310e+00 4.885224382943177375e+02 6.284930636431253603e+00
7.240150633202928621e-01 4.893085088346165890e+02 6.284930636431253603e+00
7.831159639388883820e-01 4.903413503759882701e+02 6.284930636431253603e+00
2.392852893374784351e+00 4.915630647714510246e+02 6.284930636431253603e+00
1.090964911499112899e+00 4.920393509087202233e+02 6.284930636431253603e+00
9.703550901999066225e-01 4.933572134893508974e+02 6.284930636431253603e+00
2.334939114029650042e+00 4.947416641193098030e+02 6.284930636431253603e+00
9.479012185264639179e-01 4.952398554344375157e+02 6.284930636431253603e+00
7.699816849736879076e-01 4.964785338353376005e+02 6.284930636431253603e+00
1.680471421462483628e+00 4.977659452517057730e+02 6.284930636431253603e+00
1.492575382226485337e+00 4.981525342210155713e+02 6.284930636431253603e+00
1.031761051256916639e+00 4.995453703785156563e+02 6.284930636431253603e+00
1.852496648800892265e+00 5.009569885799617737e+02 6.284930636431253603e+00
1.272544542086121000e+00 5.013565519784482944e+02 6.284930636431253603e+00
7.565273734244919446e-01 5.026521295697531286e+02 6.284930636431253603e+00
1.251206082603168568e+00 5.039465792511950895e+02 6.284930636431253603e+00
1.868718243966993819e+00 5.043492045340953496e+02 6.284930636431253603e+00
1.023965448492993646e+00 5.057588748722034211e+02 6.284930636431253603e+00
1.453034874575656055e+00 5.071468498026425209e+02 6.284930636431253603e+00
1.717623376494449738e+00 5.075366540801919086e+02 6.284930636431253603e+00
7.640347312274717861e-01 5.088214288363298010e+02 6.284930636431253603e+00
9.256443157297751245e-01 5.100555736953953669e+02 6.284930636431253603e+00
2.348074564592627311e+00 5.105648189139744773e+02 6.284930636431253603e+00
9.504019720617491451e-01 5.119391263820222093e+02 6.284930636431253603e+00
1.044016221025785285e+00 5.132427574435637325e+02 6.284930636431253603e+00
2.462930164691902846e+00 5.137400468569394434e+02 6.284930636431253603e+00
7.747752965287525440e-01 5.149481341680216246e+02 6.284930636431253603e+00
7.152074193352266906e-01 5.159638761627657004e+02 6.284930636431253603e+00
2.976274616330641720e+00 5.167826313594703151e+02 6.284930636431253603e+00
7.453758253301759895e-01 5.178797406962239620e+02 6.284930636431253603e+00
7.309059747852196809e-01 5.189961882583851320e+02 6.284930636431253603e+00
3.092305832082216099e+00 5.199572037573443595e+02 6.284930636431253603e+00
7.152729487275581999e-01 5.208728268772935053e+02 6.284930636431253603e+00
7.831315296729154385e-01 5.218132668332061712e+02 6.284930636431253603e+00
2.669823200208901959e+00 5.229978415288210272e+02 6.284930636431253603e+00
9.888903830009408980e-01 5.235314994026821296e+02 6.284930636431253603e+00
9.433295881627921098e-01 5.248132509058914366e+02 6.284930636431253603e+00
2.531156580659581490e+00 5.261755637757065642e+02 6.284930636431253603e+00
8.793287496772370648e-01 5.267244869128307982e+02 6.284930636431253603e+00
7.901003744441907894e-01 5.279205181934468101e+02 6.284930636431253603e+00
1.823343873811895666e+00 5.292001915869145705e+02 6.284930636431253603e+00
1.437939672986084050e+00 5.295902148918918328e+02 6.284930636431253603e+00
1.050862384527309512e+00 5.309795852549923438e+02 6.284930636431253603e+00
2.038208334778162989e+00 5.323984820205554342e+02 6.284930636431253603e+00
1.172573619123329136e+00 5.328160147715782387e+02 6.284930636431253603e+00
7.771208693110148724e-01 5.340981677670961290e+02 6.284930636431253603e+00
1.363529104484187293e+00 5.353923063837917198e+02 6.284930636431253603e+00
1.809693846187054644e+00 5.357811147731814572e+02 6.284930636431253603e+00
1.060510546074235450e+00 5.371983142010064967e+02 6.284930636431253603e+00
1.636935796689154232e+00 5.386072692474565429e+02 6.284930636431253603e+00
1.543645221587667704e+00 5.389882256203898123e+02 6.284930636431253603e+00
7.759861411204537207e-01 5.402817372542511976e+02 6.284930636431253603e+00
1.033620529482113026e+00 5.415412160740773970e+02 6.284930636431253603e+00
2.216622088996561324e+00 5.420002628693675888e+02 6.284930636431253603e+00
1.008842080378280937e+00 5.434035256001830021e+02 6.284930636431253603e+00
1.224067883236122256e+00 5.447554703144596715e+02 6.284930636431253603e+00
2.148050627920346400e+00 5.451851439434319673e+02 6.284930636431253603e+00
7.863933437356931400e-01 5.464359137351399340e+02 6.284930636431253603e+00
7.669699843380579640e-01 5.475437200607292425e+02 6.284930636431253603e+00
2.793965155554453350e+00 5.482211143436419434e+02 6.284930636431253603e+00
8.289590124541976746e-01 5.494781026091173999e+02 6.284930636431253603e+00
7.950122190294718338e-01 5.506560144683271574e+02 6.284930636431253603e+00
3.093898059957134627e+00 5.513941682053523436e+02 6.284930636431253603e+00
7.439679705459378845e-01 5.524478735062645001e+02 6.284930636431253603e+00
7.674547912301665775e-01 5.533135749336197478e+02 6.284930636431253603e+00
2.974292983967189219e+00 5.544336427679511416e+02 6.284930636431253603e+00
8.742160037778198278e-01 5.550661753883681513e+02 6.284930636431253603e+00
8.902130315740355293e-01 5.562926067608901803e+02 6.284930636431253603e+00
2.729029268919532125e+00 5.576088723980749364e+02 6.284930636431253603e+00
8.146967195067712497e-01 5.582266724364270658e+02 6.284930636431253603e+00
8.052067694632335515e-01 5.593663443654755838e+02 6.284930636431253603e+00
1.993283616328669128e+00 5.606354102450718528e+02 6.284930636431253603e+00
1.360975000512611777e+00 5.610359861182613486e+02 6.284930636431253603e+00
1.056579125557162602e+00 5.624152429342716459e+02 6.284930636431253603e+00
2.217995111541133824e+00 5.638352240816515177e+02 6.284930636431253603e+00
1.086884265047559861e+00 5.642780335729778471e+02 6.284930636431253603e+00
7.972944723717174664e-01 5.655393536607859915e+02 6.284930636431253603e+00
1.471755709713155058e+00 5.668316637146004950e+02 6.284930636431253603e+00
1.760206920204704817e+00 5.672116040370815426e+02 6.284930636431253603e+00
1.092339258668747926e+00 5.686333034258649377e+02 6.284930636431253603e+00
1.824870334143243511e+00 5.700580535854302298e+02 6.284930636431253603e+00
1.401342795122504814e+00 5.704423957633134705e+02 6.284930636431253603e+00
7.921293313937777247e-01 5.717347779359599826e+02 6.284930636431253603e+00
1.141926321481439244e+00 5.730075271633560305e+02 6.284930636431253603e+00
2.119134127174175486e+00 5.734333183370084726e+02 6.284930636431253603e+00
1.059114941981887048e+00 5.748544637751582513e+02 6.284930636431253603e+00
1.418811771384344222e+00 5.762423744651008519e+02 6.284930636431253603e+00
1.877871501907092622e+00 5.766343801351852107e+02 6.284930636431253603e+00
7.949332448408557017e-01 5.779107844325358201e+02 6.284930636431253603e+00
8.561412101506690187e-01 5.790894821203753509e+02 6.284930636431253603e+00
2.596577309770295550e+00 5.796593329721397367e+02 6.284930636431253603e+00
9.256839052169848481e-01 5.810074623944092309e+02 6.284930636431253603e+00
9.454582998609866173e-01 5.822706756772017798e+02 6.284930636431253603e+00
2.782980115559805512e+00 5.828355991280280932e+02 6.284930636431253603e+00
7.785301088671737757e-01 5.839990051330970573e+02 6.284930636431253603e+00
7.223631693032280809e-01 5.849054744415678897e+02 6.284930636431253603e+00
3.129809014650226207e+00 5.858758519750920186e+02 6.284930636431253603e+00
7.437852507787211520e-01 5.867496926981261822e+02 6.284930636431253603e+00
7.724813368535075053e-01 5.878824900190248854e+02 6.284930636431253603e+00
2.923808939481149949e+00 5.890499724726328168e+02 6.284930636431253603e+00
7.309078575900738173e-01 5.898133810862442488e+02 6.284930636431253603e+00
7.859885462735063388e-01 5.908603175227682414e+02 6.284930636431253603e+00
2.342178379077189287e+00 5.920894421914530312e+02 6.284930636431253603e+00
1.120459426284001081e+00 5.925537178154903586e+02 6.284930636431253603e+00
9.809212894508179126e-01 5.938799660794693409e+02 6.284930636431253603e+00
2.316207823928336129e+00 5.952696988231276691e+02 6.284930636431253603e+00
9.645959112637655375e-01 5.957595014622706913e+02 6.284930636431253603e+00
7.724161270103150345e-01 5.970022734603604704e+02 6.284930636431253603e+00
1.652322439148098177e+00 5.982913207425506243e+02 6.284930636431253603e+00
1.522874362418126459e+00 5.986759132280334370e+02 6.284930636431253603e+00
1.038636211603135129e+00 6.000725024933926761e+02 6.284930636431253603e+00
1.845591947099518793e+00 6.014857138916205486e+02 6.284930636431253603e+00
1.289695702747983175e+00 6.018829597889994147e+02 6.284930636431253603e+00
7.603537883487426763e-01 6.031783629170566883e+02 6.284930636431253603e+00
1.235868852071554169e+00 6.044709523099778608e+02 6.284930636431253603e+00
1.898915718467953706e+00 6.048758962266779236e+02 6.284930636431253603e+00
1.028467507901220657e+00 6.062872084207220951e+02 6.284930636431253603e+00
1.448260954011370005e+00 6.076752551414745085e+02 6.284930636431253603e+00
1.737757476930363643e+00 6.080652228734854816e+02 6.284930636431253603e+00
7.679199655143884584e-01 6.093489144301827309e+02 6.284930636431253603e+00
9.161417589074202228e-01 6.105769233774359463e+02 6.284930636431253603e+00
2.379159346219166249e+00 6.110930272692713743e+02 6.284930636431253603e+00
9.486629813434555025e-01 6.124651189938240350e+02 6.284930636431253603e+00
1.032484784322391658e+00 6.137646328917262508e+02 6.284930636431253603e+00
2.500586994403295460e+00 6.142686029579059550e+02 6.284930636431253603e+00
7.761134981866477656e-01 6.154722705124876256e+02 6.284930636431253603e+00
7.135558093993066286e-01 6.164741748637317187e+02 6.284930636431253603e+00
3.002879173714990468e+00 6.173109301658242885e+02 6.284930636431253603e+00
7.401779156697828599e-01 6.183844696546839259e+02 6.284930636431253603e+00
7.308698732082632432e-01 6.194980822965073912e+02 6.284930636431253603e+00
3.080241148426962727e+00 6.204856758492318249e+02 6.284930636431253603e+00
7.145401637199430001e-01 6.213837265768628413e+02 6.284930636431253603e+00
7.842396774506568136e-01 6.223355505862083419e+02 6.284930636431253603e+00
2.631796252327433638e+00 6.235262605655814241e+02 6.284930636431253603e+00
1.003652599534865297e+00 6.240503570084169951e+02 6.284930636431253603e+00
9.486466842075246264e-01 6.253379363881207382e+02 6.284930636431253603e+00
2.507229032154811854e+00 6.267043195361749213e+02 6.284930636431253603e+00
8.881048835194118585e-01 6.272458734118697521e+02 6.284930636431253603e+00
7.882114817017856767e-01 6.284478256473108786e+02 6.284930636431253603e+00
1.803635657937414205e+00 6.297286532127410510e+02 6.284930636431253603e+00
1.447405637438738291e+00 6.301177514860356723e+02 6.284930636431253603e+00
1.049863745211302435e+00 6.315081362492838934e+02 6.284930636431253603e+00
2.016749303939866511e+00 6.329266531515803536e+02 6.284930636431253603e+00
1.184308027487705361e+00 6.333415144784886479e+02 6.284930636431253603e+00
7.750331214557647508e-01 6.346256273708079334e+02 6.284930636431253603e+00
1.349726065705843414e+00 6.359198189654742919e+02 6.284930636431253603e+00
1.817941200965691007e+00 6.363100116303933191e+02 6.284930636431253603e+00
1.056961592645403680e+00 6.377266763511080399e+02 6.284930636431253603e+00
1.615476796804982795e+00 6.391335697736077464e+02 6.284930636431253603e+00
1.562985233025157461e+00 6.395148031151630903e+02 6.284930636431253603e+00
7.747024136556551754e-01 6.408077789084045435e+02 6.284930636431253603e+00
1.020412630435151291e+00 6.420647556421499758e+02 6.284930636431253603e+00
2.232010987326739748e+00 6.425289007047792893e+02 6.284930636431253603e+00
1.002726871419260313e+00 6.439295273643002702e+02 6.284930636431253603e+00
1.202043185423621097e+00 6.452765094742501333e+02 6.284930636431253603e+00
2.184105838608418004e+00 6.457124119701562677e+02 6.284930636431253603e+00
7.855507897719032906e-01 6.469591180862925057e+02 6.284930636431253603e+00
7.584268194456006418e-01 6.480563743954347729e+02 6.284930636431253603e+00
2.819120355464578065e+00 6.487493220385666746e+02 6.284930636431253603e+00
8.172636915368912680e-01 6.499910840061883164e+02 6.284930636431253603e+00
7.821419351814256071e-01 6.511590232549593793e+02 6.284930636431253603e+00
3.114153898159264244e+00 6.519224318071243260e+02 6.284930636431253603e+00
7.399307302395764507e-01 6.529604036277883097e+02 6.284930636431253603e+00
7.729772355720977428e-01 6.538289317467113051e+02 6.284930636431253603e+00
2.939574630300180846e+00 6.549615854442173486e+02 6.284930636431253603e+00
8.943179378399039869e-01 6.555740909192913932e+02 6.284930636431253603e+00
9.033607464015750432e-01 6.568109856563527273e+02 6.284930636431253603e+00
2.715209868288532391e+00 6.581375906903467694e+02 6.284930636431253603e+00
8.257493848477569509e-01 6.587439016946440233e+02 6.284930636431253603e+00
8.087107498860433008e-01 6.598898821064229878e+02 6.284930636431253603e+00
1.961652911829077084e+00 6.611618460085727520e+02 6.284930636431253603e+00
1.391077971745743769e+00 6.615576013268894258e+02 6.284930636431253603e+00
1.066680018522719875e+00 6.629421940880464490e+02 6.284930636431253603e+00
2.221101336841953433e+00 6.643653523560337817e+02 6.284930636431253603e+00
1.097681135366157079e+00 6.648052091300854727e+02 6.284930636431253603e+00
8.027873764153835578e-01 6.660663100336271327e+02 6.284930636431253603e+00
1.457182921864631719e+00 6.673577538803751850e+02 6.284930636431253603e+00
1.791067691084547109e+00 6.677378002522245879e+02 6.284930636431253603e+00
1.101712751058747441e+00 6.691627871254759157e+02 6.284930636431253603e+00
1.837236577633275525e+00 6.705899442975594411e+02 6.284930636431253603e+00
1.406261742178603003e+00 6.709734565802328916e+02 6.284930636431253603e+00
7.978611619086556361e-01 6.722649437318506216e+02 6.284930636431253603e+00
1.137909705756150913e+00 6.735349280211778478e+02 6.284930636431253603e+00
2.143152427317221775e+00 6.739622119125779136e+02 6.284930636431253603e+00
1.065684185993972077e+00 6.753852608030106239e+02 6.284930636431253603e+00
1.427436596214954445e+00 6.767749344776132148e+02 6.284930636431253603e+00
1.880783416641436112e+00 6.771657565958192890e+02 6.284930636431253603e+00
7.988347395121384587e-01 6.784423779192842403e+02 6.284930636431253603e+00
8.553582436905429187e-01 6.796175749422727677e+02 6.284930636431253603e+00
2.612727667193512460e+00 6.801895117666106216e+02 6.284930636431253603e+00
9.269848191496619094e-01 6.815374562599018873e+02 6.284930636431253603e+00
9.449238946541580475e-01 6.828000339964977456e+02 6.284930636431253603e+00
2.796422580084606757e+00 6.833661085904338961e+02 6.284930636431253603e+00
7.798611699440614053e-01 6.845284671786324679e+02 6.284930636431253603e+00
7.243335126355853193e-01 6.854291726016241455e+02 6.284930636431253603e+00
3.137084034201427230e+00 6.864058936371890240e+02 6.284930636431253603e+00
7.467855325001405697e-01 6.872691166371032523e+02 6.284930636431253603e+00
7.769375209573015084e-01 6.884045584431188445e+02 6.284930636431253603e+00
2.920821877800520383e+00 6.895799643242202137e+02 6.284930636431253603e+00
7.336673288510279223e-01 6.903368029322136863e+02 6.284930636431253603e+00
7.881774932445735349e-01 6.913868527527478136e+02 6.284930636431253603e+00
2.326589622900373744e+00 6.926186958935398934e+02 6.284930636431253603e+00
1.133054976068001540e+00 6.930783855407639749e+02 6.284930636431253603e+00
9.864770093225557757e-01 6.944080183197678480e+02 6.284930636431253603e+00
2.317206744101378391e+00 6.958000780080465120e+02 6.284930636431253603e+00
9.702870168390564931e-01 6.962875569644022562e+02 6.284930636431253603e+00
7.752992354586182300e-01 6.975305019439284706e+02 6.284930636431253603e+00
1.643664984368977233e+00 6.988200253966009541e+02 6.284930636431253603e+00
1.538482044080802247e+00 6.992035481578209328e+02 6.284930636431253603e+00
1.044351489902344943e+00 7.006023429303104422e+02 6.284930636431253603e+00
1.853254390263965101e+00 7.020171477700636160e+02 6.284930636431253603e+00
1.293053494282666138e+00 7.024138535881587586e+02 6.284930636431253603e+00
7.639191237039179017e-01 7.037085969414742976e+02 6.284930636431253603e+00
1.233774957292698593e+00 7.050000964616777992e+02 6.284930636431253603e+00
1.912918712316557412e+00 7.054053776834988412e+02 6.284930636431253603e+00
1.033562012931101837e+00 7.068182525499272515e+02 6.284930636431253603e+00
1.456635346919400886e+00 7.082078418814677434e+02 6.284930636431253603e+00
1.737706723520954233e+00 7.085968686926155442e+02 6.284930636431253603e+00
7.708395479978279452e-01 7.098807930817531542e+02 6.284930636431253603e+00
9.169147902270600170e-01 7.111072444227422693e+02 6.284930636431253603e+00
2.388439556293747046e+00 7.116236157928577768e+02 6.284930636431253603e+00
9.515738571076717278e-01 7.129967271963569146e+02 6.284930636431253603e+00
1.036022893059499905e+00 7.142972575811984370e+02 6.284930636431253603e+00
2.502644879918205056e+00 7.147997912580192406e+02 6.284930636431253603e+00
7.778826278468353728e-01 7.160041879092256067e+02 6.284930636431253603e+00
7.141113585572176348e-01 7.170036985516235291e+02 6.284930636431253603e+00
3.009935043652334219e+00 7.178416873524121229e+02 6.284930636431253603e+00
7.403626908221238034e-01 7.189136327159867506e+02 6.284930636431253603e+00
7.313811101487696087e-01 7.200269780978846939e+02 6.284930636431253603e+00
3.084557276680530702e+00 7.210164614751529371e+02 6.284930636431253603e+00
7.151639248639721780e-01 7.219131570499914687e+02 6.284930636431253603e+00
7.860487631086564564e-01 7.228642689343727170e+02 6.284930636431253603e+00
2.628106153168134895e+00 7.240566315621920239e+02 6.284930636431253603e+00
1.009159921359701340e+00 7.245778201676688468e+02 6.284930636431253603e+00
9.521782785533223770e-01 7.258672642646216673e+02 6.284930636431253603e+00
2.512621000806191773e+00 7.272352346179552569e+02 6.284930636431253603e+00
8.904301300505510497e-01 7.277758399601082147e+02 6.284930636431253603e+00
7.909291965427932558e-01 7.289770814657831579e+02 6.284930636431253603e+00
1.799382568257649861e+00 7.302583969128089620e+02 6.284930636431253603e+00
1.458136162251906454e+00 7.306462720892093330e+02 6.284930636431253603e+00
1.055066266183243062e+00 7.320384912663104160e+02 6.284930636431253603e+00
2.028459603106433917e+00 7.334585403783522679e+02 6.284930636431253603e+00
1.184477330350114377e+00 7.338735106132314741e+02 6.284930636431253603e+00
7.786835348736936835e-01 7.351564535919110313e+02 6.284930636431253603e+00
1.350224819386280695e+00 7.364499572517960360e+02 6.284930636431253603e+00
1.828746466397957349e+00 7.368398754565652098e+02 6.284930636431253603e+00
1.062725009945094223e+00 7.382581905265478781e+02 6.284930636431253603e+00
1.629731939555344455e+00 7.396670433610748887e+02 6.284930636431253603e+00
1.557546328536828062e+00 7.400476589855900329e+02 6.284930636431253603e+00
7.778429530267167991e-01 7.413406587453522434e+02 6.284930636431253603e+00
1.024596110752540978e+00 7.425971145255532520e+02 6.284930636431253603e+00
2.236524003793753046e+00 7.430600314331355776e+02 6.284930636431253603e+00
1.007751943911946002e+00 7.444624586505013895e+02 6.284930636431253603e+00
1.213387094002947642e+00 7.458120544678940860e+02 6.284930636431253603e+00
2.172950221735348908e+00 7.462448660138787773e+02 6.284930636431253603e+00
7.875863570000480873e-01 7.474933892036366387e+02 6.284930636431253603e+00
7.614324184411205287e-01 7.485924429744861754e+02 6.284930636431253603e+00
2.817483073945461491e+00 7.492809865094042152e+02 6.284930636431253603e+00
8.214578298353776287e-01 7.505275406749319700e+02 6.284930636431253603e+00
7.862875467378125371e-01 7.516983631439995861e+02 6.284930636431253603e+00
3.113933800394299123e+00 7.524541330155681180e+02 6.284930636431253603e+00
7.417598603267637758e-01 7.534965970727140530e+02 6.284930636431253603e+00
7.730360982423939431e-01 7.543621710111208358e+02 6.284930636431253603e+00
2.949776048666645334e+00 7.554930423502169106e+02 6.284930636431253603e+00
8.922304009610689812e-01 7.561080143888593739e+02 6.284930636431253603e+00
9.027080900641640815e-01 7.573435839113070642e+02 6.284930636431253603e+00
2.724530557355576033e+00 7.586690858988785067e+02 6.284930636431253603e+00
8.246538899465291061e-01 7.592774009873645582e+02 6.284930636431253603e+00
8.105099541331322044e-01 7.604209398556844235e+02 6.284930636431253603e+00
1.965110405418638795e+00 7.616928844441644060e+02 6.284930636431253603e+00
1.393561296184437914e+00 7.620882604339597037e+02 6.284930636431253603e+00
1.069420510157767623e+00 7.634734361511742691e+02 6.284930636431253603e+00
2.233789787749356659e+00 7.648973460881700248e+02 6.284930636431253603e+00
1.095331351606894765e+00 7.653382635954633315e+02 6.284930636431253603e+00
8.056586632477570342e-01 7.665976923573801969e+02 6.284930636431253603e+00
1.460020911579450464e+00 7.678887421586592836e+02 6.284930636431253603e+00
1.796776772823524659e+00 7.682683387790038978e+02 6.284930636431253603e+00
1.106371977756203995e+00 7.696944855809592809e+02 6.284930636431253603e+00
1.853690462316117893e+00 7.711232367336355082e+02 6.284930636431253603e+00
1.398980078474816757e+00 7.715071157733029850e+02 6.284930636431253603e+00
8.007696697754157489e-01 7.727978984631147341e+02 6.284930636431253603e+00
1.143786918933105357e+00 7.740676941621970855e+02 6.284930636431253603e+00
2.144787489451943863e+00 7.744936057167521994e+02 6.284930636431253603e+00
1.070855203469581740e+00 7.759181832518434021e+02 6.284930636431253603e+00
1.443825051495718270e+00 7.773104756124121195e+02 6.284930636431253603e+00
1.864849840445235607e+00 7.776992840789002912e+02 6.284930636431253603e+00
8.006162380956960423e-01 7.789771731580880214e+02 6.284930636431253603e+00
8.620931371949034361e-01 7.801552800202150593e+02 6.284930636431253603e+00
2.604727238939561929e+00 7.807217252691219755e+02 6.284930636431253603e+00
9.336963768560769816e-01 7.820741197615494684e+02 6.284930636431253603e+00
9.575026935554257213e-01 7.833420758821745267e+02 6.284930636431253603e+00
2.772630672091699111e+00 7.838989256758936790e+02 6.284930636431253603e+00
7.824031191589017054e-01 7.850670440341256153e+02 6.284930636431253603e+00
7.229734686658555454e-01 7.859724388991890009e+02 6.284930636431253603e+00
3.139682016334210513e+00 7.869384273445124336e+02 6.284930636431253603e+00
7.433063339334142761e-01 7.878186176249276969e+02 6.284930636431253603e+00
7.715231481302246008e-01 7.889496521167829997e+02 6.284930636431253603e+00
2.940630360100901175e+00 7.901126552705807171e+02 6.284930636431253603e+00
7.310192093145521097e-01 7.908802978658801521e+02 6.284930636431253603e+00
7.895321963299705148e-01 7.919215205377759048e+02 6.284930636431253603e+00
2.349404963845391325e+00 7.931512528784826372e+02 6.284930636431253603e+00
1.125978310604874189e+00 7.936139900311981137e+02 6.284930636431253603e+00
9.862808994620396730e-01 7.949416167927256538e+02 6.284930636431253603e+00
2.338220413495838645e+00 7.963329122120501324e+02 6.284930636431253603e+00
9.638415778506881360e-01 7.968243225804858412e+02 6.284930636431253603e+00
7.782970570016914946e-01 7.980635184191755798e+02 6.284930636431253603e+00
1.655618450998650903e+00 7.993524821771679854e+02 6.284930636431253603e+00
1.537046165414083676e+00 7.997357155480543724e+02 6.284930636431253603e+00
1.048362208707009025e+00 8.011349860973963359e+02 6.284930636431253603e+00
1.875275110613288332e+00 8.025512743555153747e+02 6.284930636431253603e+00
1.281951767336460213e+00 8.029493128692392929e+02 6.284930636431253603e+00
7.669216406337862058e-01 8.042428915842267543e+02 6.284930636431253603e+00
1.245357756099417124e+00 8.055343445418770898e+02 6.284930636431253603e+00
1.909024485957347528e+00 8.059377582201491350e+02 6.284930636431253603e+00
1.039052173133587775e+00 8.073520567571052879e+02 6.284930636431253603e+00
1.478589580767673661e+00 8.087446451435563404e+02 6.284930636431253603e+00
1.716529444722304731e+00 8.091317299304778317e+02 6.284930636431253603e+00
7.726370043622202699e-01 8.104171570204144928e+02 6.284930636431253603e+00
9.284725967292679627e-01 8.116470259382699624e+02 6.284930636431253603e+00
2.374380315665485242e+00 8.121566872593200515e+02 6.284930636431253603e+00
9.595246488084817615e-01 8.135342493390617165e+02 6.284930636431253603e+00
1.055971852527307187e+00 8.148412948927509660e+02 6.284930636431253603e+00
2.466001392768454981e+00 8.153338276518946941e+02 6.284930636431253603e+00
7.801303933859494721e-01 8.165443992042945638e+02 6.284930636431253603e+00
7.169236167996291265e-01 8.175540431220231312e+02 6.284930636431253603e+00
2.995982438485585320e+00 8.183750890692174380e+02 6.284930636431253603e+00
7.462753976965147418e-01 8.194695637796737628e+02 6.284930636431253603e+00
7.322149823718792083e-01 8.205852402395394165e+02 6.284930636431253603e+00
3.107260128138929822e+00 8.215497474282927897e+02 6.284930636431253603e+00
7.171709161804850075e-01 8.224626998808297458e+02 6.284930636431253603e+00
7.887279154225410593e-01 8.233997202994646614e+02 6.284930636431253603e+00
2.661631689125744327e+00 8.245891142849869766e+02 6.284930636431253603e+00
1.004702968697181120e+00 8.251141986000066026e+02 6.284930636431253603e+00
9.539922688315078947e-01 8.264013842029914940e+02 6.284930636431253603e+00
2.550103073698756440e+00 8.277684476125097035e+02 6.284930636431253603e+00
8.859582639754386424e-01 8.283148449828755702e+02 6.284930636431253603e+00
7.989235874130393711e-01 8.295081779178265151e+02 6.284930636431253603e+00
1.810637162873393047e+00 8.307893511400509396e+02 6.284930636431253603e+00
1.471743340322746896e+00 8.311754617818453426e+02 6.284930636431253603e+00
1.067688126186097763e+00 8.325706754946156707e+02 6.284930636431253603e+00
2.078377692400918964e+00 8.339945059647220660e+02 6.284930636431253603e+00
1.172158214236312945e+00 8.344127387068310782e+02 6.284930636431253603e+00
7.892729228764625571e-01 8.356907032561799724e+02 6.284930636431253603e+00
1.365516572525701244e+00 8.369826040400330385e+02 6.284930636431253603e+00
1.845052181839305749e+00 8.373704280025785920e+02 6.284930636431253603e+00
1.079795416006693598e+00 8.387930782634431353e+02 6.284930636431253603e+00
1.686769096345257735e+00 8.402085664608305251e+02 6.284930636431253603e+00
1.524093388433136464e+00 8.405879333440801702e+02 6.284930636431253603e+00
7.866110152717297188e-01 8.418811234403171966e+02 6.284930636431253603e+00
1.048534284080808066e+00 8.431390031523976631e+02 6.284930636431253603e+00
2.230796275901011150e+00 8.435938109595058449e+02 6.284930636431253603e+00
1.026137231225116242e+00 8.450030719871157316e+02 6.284930636431253603e+00
1.265319144085028435e+00 8.463639829358410225e+02 6.284930636431253603e+00
2.106783799951299496e+00 8.467836120708533372e+02 6.284930636431253603e+00
7.931311016284904314e-01 8.480403263593642578e+02 6.284930636431253603e+00
7.789017941328746364e-01 8.491552910427507186e+02 6.284930636431253603e+00
2.784419713534665775e+00 8.498166805542326756e+02 6.284930636431253603e+00
8.449860256448998852e-01 8.510902777608324641e+02 6.284930636431253603e+00
8.127739345725705222e-01 8.522798418242082334e+02 6.284930636431253603e+00
3.081399010674080063e+00 8.529900218898778803e+02 6.284930636431253603e+00
7.507640221751235021e-01 8.540604944866969390e+02 6.284930636431253603e+00
7.654186499318473835e-01 8.549187722957382221e+02 6.284930636431253603e+00
3.012023458531298381e+00 8.560288900397339376e+02 6.284930636431253603e+00
8.618432473110592129e-01 8.566762339275260274e+02 6.284930636431253603e+00
8.832989861201469006e-01 8.578951122912116034e+02 6.284930636431253603e+00
2.758325885847463521e+00 8.592039706270990109e+02 6.284930636431253603e+00
8.080175529127722189e-01 8.598316648685280370e+02 6.284930636431253603e+00
8.084706082740437116e-01 8.609623187666707054e+02 6.284930636431253603e+00
2.014861015747485773e+00 8.622302020409416627e+02 6.284930636431253603e+00
1.355743866826137900e+00 8.626317426146007392e+02 6.284930636431253603e+00
1.059627660869906896e+00 8.640103786560833896e+02 6.284930636431253603e+00
2.249083029067135975e+00 8.654310085497985483e+02 6.284930636431253603e+00
1.077154840093176746e+00 8.658777213522671445e+02 6.284930636431253603e+00
8.025502799922467068e-01 8.671347611745494532e+02 6.284930636431253603e+00
1.484724341444205509e+00 8.684264198890915623e+02 6.284930636431253603e+00
1.763072987437905637e+00 8.688051891365676056e+02 6.284930636431253603e+00
1.100639033026526548e+00 8.702285886607268139e+02 6.284930636431253603e+00
1.861782844625623490e+00 8.716564565175252710e+02 6.284930636431253603e+00
1.381587323639165810e+00 8.720420700189622494e+02 6.284930636431253603e+00
7.974144024193022817e-01 8.733329819169720167e+02 6.284930636431253603e+00
1.158439873152133481e+00 8.746061685940555890e+02 6.284930636431253603e+00
2.114651616512134069e+00 8.750280605670719751e+02 6.284930636431253603e+00
1.069700810008035186e+00 8.764523201002773476e+02 6.284930636431253603e+00
1.456861718948955220e+00 8.778461121865123005e+02 6.284930636431253603e+00
1.837509503080365203e+00 8.782335891414110165e+02 6.284930636431253603e+00
7.980653374587525217e-01 8.795130589951603497e+02 6.284930636431253603e+00
8.735968360250729869e-01 8.806999377592791234e+02 6.284930636431253603e+00
2.571194652998263219e+00 8.812556441493250077e+02 6.284930636431253603e+00
9.417891402717567528e-01 8.826145441614448828e+02 6.284930636431253603e+00
9.775882155262702877e-01 8.838911976965816848e+02 6.284930636431253603e+00
2.718495230201368074e+00 8.844333498244303655e+02 6.284930636431253603e+00
7.842426557983993574e-01 8.856110285496527013e+02 6.284930636431253603e+00
7.192498258677872958e-01 8.865319331208278300e+02 6.284930636431253603e+00
3.129903533722688813e+00 8.874729693842458573e+02 6.284930636431253603e+00
7.367257553841428663e-01 8.883928836051024973e+02 6.284930636431253603e+00
7.590436105191459282e-01 8.895152775530621057e+02 6.284930636431253603e+00
2.976536229135299916e+00 8.906474998241022831e+02 6.284930636431253603e+00
7.249399218898097130e-01 8.914405196902845319e+02 6.284930636431253603e+00
7.897193129332032990e-01 8.924631979849439176e+02 6.284930636431253603e+00
2.404336864057051049e+00 8.936864912284146385e+02 6.284930636431253603e+00
1.102290655219881899e+00 8.941592085246354600e+02 6.284930636431253603e+00
9.806132165654269928e-01 8.954800072043626642e+02 6.284930636431253603e+00
2.374237783897458431e+00 8.968675934485227117e+02 6.284930636431253603e+00
9.479448930871088308e-01 8.973682317904439287e+02 6.284930636431253603e+00
7.810374869813379028e-01 8.986003909702519650e+02 6.284930636431253603e+00
1.684364778831850540e+00 8.998879392862503437e+02 6.284930636431253603e+00
1.521006175819450856e+00 9.002717048909955793e+02 6.284930636431253603e+00
1.050293998936405737e+00 9.016698152172573373e+02 6.284930636431253603e+00
1.907202647705779297e+00 9.030872115619989700e+02 6.284930636431253603e+00
1.260324635110182001e+00 9.034882603557840639e+02 6.284930636431253603e+00
7.692063025374550334e-01 9.047801461718540850e+02 6.284930636431253603e+00
1.267362386355281201e+00 9.060723196043896905e+02 6.284930636431253603e+00
1.890885349065459131e+00 9.064724084698657407e+02 6.284930636431253603e+00
1.044213263024971639e+00 9.078877643102471211e+02 6.284930636431253603e+00
1.509898746159065164e+00 9.092841128193265376e+02 6.284930636431253603e+00
1.680781745036566743e+00 9.096689896938943320e+02 6.284930636431253603e+00
7.734180211119214832e-01 9.109565957669784666e+02 6.284930636431253603e+00
9.482219840458384619e-01 9.121931970272389663e+02 6.284930636431253603e+00
2.343024160693079061e+00 9.126916072182879134e+02 6.284930636431253603e+00
9.705159408397363574e-01 9.140754970109051101e+02 6.284930636431253603e+00
1.088195000689562875e+00 9.153925507927899616e+02 6.284930636431253603e+00
2.401373029443643947e+00 9.158700481201768753e+02 6.284930636431253603e+00
7.822528906123630277e-01 9.170900481976073024e+02 6.284930636431253603e+00
7.229146556448214911e-01 9.181193582084381433e+02 6.284930636431253603e+00
2.962761913763264143e+00 9.189104680855393781e+02 6.284930636431253603e+00
7.587152669026365759e-01 9.200430526623154037e+02 6.284930636431253603e+00
7.363869007504436626e-01 9.211656854318586056e+02 6.284930636431253603e+00
3.134341550404944332e+00 9.220848010315529564e+02 6.284930636431253603e+00
7.210825992814469121e-01 9.230265086634088902e+02 6.284930636431253603e+00
7.903158320192837927e-01 9.239415120541158331e+02 6.284930636431253603e+00
2.722793098475715379e+00 9.251233594685204480e+02 6.284930636431253603e+00
9.898125159519223226e-01 9.256593176217213568e+02 6.284930636431253603e+00
9.517366748409956667e-01 9.269399641759817996e+02 6.284930636431253603e+00
2.604520994929160338e+00 9.283030217896850900e+02 6.284930636431253603e+00
8.761977886863542286e-01 9.288602889870213630e+02 6.284930636431253603e+00
8.086796060751678672e-01 9.300411946985951772e+02 6.284930636431253603e+00
1.833338913386109992e+00 9.313216351381788627e+02 6.284930636431253603e+00
1.481533875235233166e+00 9.317062566987214041e+02 6.284930636431253603e+00
1.082127166329616808e+00 9.331041984093459405e+02 6.284930636431253603e+00
2.147606588698557140e+00 9.345322653682735563e+02 6.284930636431253603e+00
1.152896118804651593e+00 9.349560877354630293e+02 6.284930636431253603e+00
8.029940603852493419e-01 9.362265188915920362e+02 6.284930636431253603e+00
1.387964538837961781e+00 9.375164723395674855e+02 6.284930636431253603e+00
1.863028562159006363e+00 9.379013838101743659e+02 6.284930636431253603e+00
1.102047916244235815e+00 9.393294228584528582e+02 6.284930636431253603e+00
1.768147189256711771e+00 9.407534994386651306e+02 6.284930636431253603e+00
1.476669309636144511e+00 9.411326850796189092e+02 6.284930636431253603e+00
7.985762731432956008e-01 9.424249270923733093e+02 6.284930636431253603e+00
1.083076409490103309e+00 9.436848379791002799e+02 6.284930636431253603e+00
2.220922465278516889e+00 9.441288125371364686e+02 6.284930636431253603e+00
1.051506148246792449e+00 9.455468662156449682e+02 6.284930636431253603e+00
1.343332720934512059e+00 9.469230579034268658e+02 6.284930636431253603e+00
2.010509071224244604e+00 9.473266465220983719e+02 6.284930636431253603e+00
8.002920802980503234e-01 9.485935137239864616e+02 6.284930636431253603e+00
8.082736610482842421e-01 9.497315215052104804e+02 6.284930636431253603e+00
2.730240235967015039e+00 9.503548076329420837e+02 6.284930636431253603e+00
8.811750582028281542e-01 9.516636203163245682e+02 6.284930636431253603e+00
8.613650764366115320e-01 9.528832041349659221e+02 6.284930636431253603e+00
2.997159941768207325e+00 9.535291511953392956e+02 6.284930636431253603e+00
7.646123747055081354e-01 9.546399122782557924e+02 6.284930636431253603e+00
7.499355288698889010e-01 9.555000424544367661e+02 6.284930636431253603e+00
3.092445730998670594e+00 9.565682004607554063e+02 6.284930636431253603e+00
8.114403114996839861e-01 9.572824722658141354e+02 6.284930636431253603e+00
8.448889291639611887e-01 9.584701981304959872e+02 6.284930636431253603e+00
2.809216176228265915e+00 9.597420802809607494e+02 6.284930636431253603e+00
7.783637043926913135e-01 9.604087855488096466e+02 6.284930636431253603e+00
8.003861094148577715e-01 9.615159497622338449e+02 6.284930636431253603e+00
2.114781026690320420e+00 9.627736992463990191e+02 6.284930636431253603e+00
1.273994372246841866e+00 9.631916808358100752e+02 6.284930636431253603e+00
1.032968668086293063e+00 9.645544434211748239e+02 6.284930636431253603e+00
2.257649533201111058e+00 9.659659143244473398e+02 6.284930636431253603e+00
1.042662060706186056e+00 9.664237540293037227e+02 6.284930636431253603e+00
7.902322627597042626e-01 9.676786960061174341e+02 6.284930636431253603e+00
1.533260617445111551e+00 9.689713289749834075e+02 6.284930636431253603e+00
1.680232056408872188e+00 9.693504861069075105e+02 6.284930636431253603e+00
1.077954105204289803e+00 9.707651030458114292e+02 6.284930636431253603e+00
1.843823067713453723e+00 9.721874791255714854e+02 6.284930636431253603e+00
1.358536496619640932e+00 9.725760955737486029e+02 6.284930636431253603e+00
7.836237097781934002e-01 9.738689814338872566e+02 6.284930636431253603e+00
1.177714199845974141e+00 9.751494351151890214e+02 6.284930636431253603e+00
2.045194572259605881e+00 9.755660172701692545e+02 6.284930636431253603e+00
1.054601724886533365e+00 9.769857964859945696e+02 6.284930636431253603e+00
1.445888648883596694e+00 9.783766465526299498e+02 6.284930636431253603e+00
1.814576785295304084e+00 9.787657529815692214e+02 6.284930636431253603e+00
7.879619143602063502e-01 9.800458818413621884e+02 6.284930636431253603e+00
8.827288977237313095e-01 9.812450290500112260e+02 6.284930636431253603e+00
2.515722033505623845e+00 9.817902428099307599e+02 6.284930636431253603e+00
9.424994390147062306e-01 9.831524918943828197e+02 6.284930636431253603e+00
9.897376672171803724e-01 9.844348636168480198e+02 6.284930636431253603e+00
2.659566370389982115e+00 9.849672861424130588e+02 6.284930636431253603e+00
7.816545831744560191e-01 9.861518273766954508e+02 6.284930636431253603e+00
7.150360095484317169e-01 9.870950047202990163e+02 6.284930636431253603e+00
3.099801713156921767e+00 9.880079270698964820e+02 6.284930636431253603e+00
7.323648014861230404e-01 9.889719772718036666e+02 6.284930636431253603e+00
7.465389710261700618e-01 9.900876793272902887e+02 6.284930636431253603e+00
3.005461512636652177e+00 9.911826949891965342e+02 6.284930636431253603e+00
7.189470173364634897e-01 9.920045773073787814e+02 6.284930636431253603e+00
7.869297306658196156e-01 9.930086049927751901e+02 6.284930636431253603e+00
2.467944228060438228e+00 9.942227198518144178e+02 6.284930636431253603e+00
1.069284163135433285e+00 9.947102021789115724e+02 6.284930636431253603e+00
9.690843861243066959e-01 9.960209808743720714e+02 6.284930636431253603e+00
2.402857106238251994e+00 9.974022293967531141e+02 6.284930636431253603e+00
9.290410069717037755e-01 9.979137269503617063e+02 6.284930636431253603e+00
7.799922243325859705e-01 9.991394179049567583e+02 6.284930636431253603e+00
1.718811728906013636e+00 1.000425015789506688e+03 6.284930636431253603e+00
1.490106607421302742e+00 1.000810890451373552e+03 6.284930636431253603e+00
1.044998540314876490e+00 1.002205302752408215e+03 6.284930636431253603e+00
1.923915516624527644e+00 1.003621586689724381e+03 6.284930636431253603e+00
1.239561328333912416e+00 1.004025895033545453e+03 6.284930636431253603e+00
7.669243638601316304e-01 1.005317084108749896e+03 6.284930636431253603e+00
1.287954799325458977e+00 1.006610821802713758e+03 6.284930636431253603e+00
1.860241864059011707e+00 1.007008188322558908e+03 6.284930636431253603e+00
1.042043885561142469e+00 1.008422391322079079e+03 6.284930636431253603e+00
1.524247822080007753e+00 1.009819735691239771e+03 6.284930636431253603e+00
1.653738663396198127e+00 1.010204123187906475e+03 6.284930636431253603e+00
7.706000174409404213e-01 1.011493146119775815e+03 6.284930636431253603e+00
9.630685130354753598e-01 1.012736306334704523e+03 6.284930636431253603e+00
2.308119488271384689e+00 1.013226162843408588e+03 6.284930636431253603e+00
9.749302171433305020e-01 1.014613262632342412e+03 6.284930636431253603e+00
1.108487536298903287e+00 1.015936342738750341e+03 6.284930636431253603e+00
