7.447690000000000143e-01 0.000000000000000000e+00 0.000000000000000000e+00
1.257735432772913997e+00 1.297548816637150715e+00 6.284930636431253603e+00
1.823166566218168416e+00 1.699500887033286389e+00 6.284930636431253603e+00
1.006625873798909554e+00 3.103778011654310109e+00 6.284930636431253603e+00
1.424487800364157453e+00 4.486471487115530898e+00 6.284930636431253603e+00
1.717204377802784565e+00 4.879512153752849635e+00 6.284930636431253603e+00
7.539996667770986205e-01 6.163443440017410069e+00 6.284930636431253603e+00
9.225611365962107513e-01 7.402706882985038206e+00 6.284930636431253603e+00
2.316604052450177420e+00 7.911290145828497877e+00 6.284930636431253603e+00
9.397169099828253103e-01 9.281767492813175480e+00 6.284930636431253603e+00
1.030458421496874388e+00 1.058152349277448501e+01 6.284930636431253603e+00
2.457240534741766957e+00 1.108427506795133155e+01 6.284930636431253603e+00
7.683430818743299806e-01 1.228951134349796526e+01 6.284930636431253603e+00
7.132102604533722134e-01 1.331304955866733764e+01 6.284930636431253603e+00
2.951523278138183493e+00 1.412843195158593979e+01 6.284930636431253603e+00
7.444245245573903880e-01 1.522932429172087865e+01 6.284930636431253603e+00
7.293658920747492225e-01 1.634683304528224923e+01 6.284930636431253603e+00
3.074308355080127786e+00 1.730287494517737201e+01 6.284930636431253603e+00
7.129926237401165157e-01 1.822218110376704914e+01 6.284930636431253603e+00
7.764094673990955542e-01 1.916658755868830966e+01 6.284930636431253603e+00
2.679745992240505359e+00 2.034500551760880427e+01 6.284930636431253603e+00
9.699734926063798834e-01 2.088952480851562754e+01 6.284930636431253603e+00
9.305341717595881912e-01 2.216457824886440875e+01 6.284930636431253603e+00
2.510582296167902072e+00 2.352091482347088558e+01 6.284930636431253603e+00
8.709521955535093340e-01 2.407335473416182836e+01 6.284930636431253603e+00
7.799989843916914634e-01 2.527217600982362811e+01 6.284930636431253603e+00
1.838430053823016275e+00 2.654971838190696332e+01 6.284930636431253603e+00
1.399059140584722361e+00 2.694469895034964324e+01 6.284930636431253603e+00
1.031579479119739462e+00 2.832719363340699914e+01 6.284930636431253603e+00
1.995302143019920482e+00 2.974034457245077334e+01 6.284930636431253603e+00
1.171261621633862049e+00 3.015755722402101568e+01 6.284930636431253603e+00
7.635901588001197116e-01 3.144405312942883057e+01 6.284930636431253603e+00
1.361489151015675247e+00 3.274052850227012357e+01 6.284930636431253603e+00
1.769809737727759291e+00 3.313051913785201208e+01 6.284930636431253603e+00
1.039011300130997295e+00 3.454151703891512426e+01 6.284930636431253603e+00
1.584499217015882699e+00 3.594318115657350887e+01 6.284930636431253603e+00
1.562646106725257056e+00 3.632651373940372252e+01 6.284930636431253603e+00
7.641812785428545585e-01 3.761987271640780506e+01 6.284930636431253603e+00
1.018128930328611625e+00 3.888146131818493245e+01 6.284930636431253603e+00
2.198906655048997294e+00 3.934490718692462252e+01 6.284930636431253603e+00
9.900656811647078337e-01 4.074144761628403444e+01 6.284930636431253603e+00
1.182203860357529335e+00 4.208374690872857116e+01 6.284930636431253603e+00
2.187644170560094636e+00 4.252486149827227990e+01 6.284930636431253603e+00
7.786237885435580708e-01 4.376890118376538652e+01 6.284930636431253603e+00
7.557579613968448129e-01 4.487076347928528008e+01 6.284930636431253603e+00
2.798320739633562315e+00 4.556379305080032793e+01 6.284930636431253603e+00
8.135796244542380373e-01 4.680381280689542933e+01 6.284930636431253603e+00
7.794731043717886276e-01 4.797123717060809867e+01 6.284930636431253603e+00
3.094737265910870505e+00 4.873667250995392664e+01 6.284930636431253603e+00
7.371118920426382726e-01 4.977434939842969186e+01 6.284930636431253603e+00
7.669753894532099769e-01 5.065063906385505987e+01 6.284930636431253603e+00
2.937884160723447824e+00 5.177711899799525952e+01 6.284930636431253603e+00
8.809233268871629052e-01 5.240082818142258247e+01 6.284930636431253603e+00
8.921696297086072480e-01 5.363188653198337619e+01 6.284930636431253603e+00
2.694373693033439210e+00 5.495212213389778100e+01 6.284930636431253603e+00
8.182868042922311069e-01 5.556261287851731367e+01 6.284930636431253603e+00
7.983870554257160856e-01 5.671138291552076538e+01 6.284930636431253603e+00
1.980358820323872227e+00 5.798039735872308853e+01 6.284930636431253603e+00
1.351264645819324262e+00 5.838252640734712884e+01 6.284930636431253603e+00
1.046228582473406554e+00 5.975951843524538987e+01 6.284930636431253603e+00
2.172016188300835093e+00 6.117660872627550361e+01 6.284930636431253603e+00
1.095098324802167289e+00 6.161566522149376368e+01 6.284930636431253603e+00
7.868752557588770680e-01 6.288293597734353568e+01 6.284930636431253603e+00
1.460337198894158917e+00 6.417658380985028543e+01 6.284930636431253603e+00
1.740306598332130195e+00 6.455824969680149650e+01 6.284930636431253603e+00
1.075508315198495879e+00 6.597572981771342882e+01 6.284930636431253603e+00
1.767134978102815168e+00 6.739462398573978419e+01 6.284930636431253603e+00
1.427299471792024210e+00 6.777814262775180509e+01 6.284930636431253603e+00
7.819454012760947981e-01 6.907247808555142399e+01 6.284930636431253603e+00
1.120138720781749253e+00 7.034580683028521264e+01 6.284930636431253603e+00
2.114645870696705288e+00 7.077675515062554723e+01 6.284930636431253603e+00
1.040847743364473832e+00 7.219232114983790893e+01 6.284930636431253603e+00
1.362593557090904017e+00 7.357074029041739038e+01 6.284930636431253603e+00
1.933979607921055166e+00 7.397084840776817316e+01 6.284930636431253603e+00
7.886835154130894532e-01 7.524210047213556152e+01 6.284930636431253603e+00
8.331949878363433815e-01 7.641033762317711364e+01 6.284930636431253603e+00
2.624436004430585889e+00 7.700010105452554399e+01 6.284930636431253603e+00
9.023930900568273294e-01 7.833176004836663253e+01 6.284930636431253603e+00
9.042787335191554421e-01 7.957620959968514285e+01 6.284930636431253603e+00
2.859031223224697715e+00 8.017464791038770500e+01 6.284930636431253603e+00
7.694931031387431952e-01 8.131716425894425981e+01 6.284930636431253603e+00
7.276989665882253044e-01 8.221041536071797395e+01 6.284930636431253603e+00
3.113890246100107451e+00 8.321576272521868134e+01 6.284930636431253603e+00
7.583524868082153203e-01 8.403414820920764328e+01 6.284930636431253603e+00
7.916408718567038427e-01 8.518305631376850329e+01 6.284930636431253603e+00
2.859230522310503009e+00 8.638934413557618086e+01 6.284930636431253603e+00
7.414761860248624270e-01 8.711741287924873234e+01 6.284930636431253603e+00
7.822973644124723291e-01 8.819240912027379409e+01 6.284930636431253603e+00
2.266222163461000694e+00 8.942895527858604510e+01 6.284930636431253603e+00
1.147084597057806077e+00 8.988234448267884602e+01 6.284930636431253603e+00
9.832039662746578923e-01 9.121587319241210423e+01 6.284930636431253603e+00
2.251362680969440699e+00 9.260857555865038648e+01 6.284930636431253603e+00
9.879672337874623178e-01 9.308544672639150974e+01 6.284930636431253603e+00
7.645478699220960017e-01 9.433939465743519293e+01 6.284930636431253603e+00
1.610258751237272357e+00 9.563049708732317811e+01 6.284930636431253603e+00
1.535759639865306836e+00 9.601547514335516098e+01 6.284930636431253603e+00
1.029063799541621194e+00 9.741166885901766648e+01 6.284930636431253603e+00
1.782572262190685208e+00 9.882091347976859197e+01 6.284930636431253603e+00
1.327091744847229693e+00 9.921441648829437554e+01 6.284930636431253603e+00
7.534096607296332238e-01 1.005122597422514588e+02 6.284930636431253603e+00
1.198310842497333661e+00 1.018041753325666292e+02 6.284930636431253603e+00
1.920901407592634058e+00 1.022155580107111774e+02 6.284930636431253603e+00
1.014576570166657365e+00 1.036231754992317775e+02 6.284930636431253603e+00
1.387479913883848948e+00 1.050025220719080465e+02 6.284930636431253603e+00
1.804562531263820047e+00 1.053992528482895210e+02 6.284930636431253603e+00
7.644602061538878779e-01 1.066775443047753669e+02 6.284930636431253603e+00
8.822095786059036548e-01 1.078930382428915493e+02 6.284930636431253603e+00
2.429533848097915172e+00 1.084314374903840417e+02 6.284930636431253603e+00
9.256281738843716855e-01 1.097890337047484905e+02 6.284930636431253603e+00
9.767968476360874286e-01 1.110683945658584548e+02 6.284930636431253603e+00
2.611044929666078485e+00 1.116050034324743763e+02 6.284930636431253603e+00
7.695980711971884825e-01 1.127884314239883139e+02 6.284930636431253603e+00
7.090668892540358259e-01 1.137600153585926535e+02 6.284930636431253603e+00
3.039059395661432461e+00 1.146487014923151548e+02 6.284930636431253603e+00
7.292201776059304974e-01 1.156497729826424745e+02 6.284930636431253603e+00
7.355510188275741212e-01 1.167629458937445435e+02 6.284930636431253603e+00
3.000035715793521351e+00 1.178234630960928513e+02 6.284930636431253603e+00
7.119277500855468732e-01 1.186707330307499006e+02 6.284930636431253603e+00
7.754028289542787000e-01 1.196664458101492983e+02 6.284930636431253603e+00
2.526830131756700570e+00 1.208664241780950590e+02 6.284930636431253603e+00
1.018929009040021594e+00 1.213779118299023594e+02 6.284930636431253603e+00
9.430610095180294028e-01 1.226727273600399002e+02 6.284930636431253603e+00
2.392053921200724353e+00 1.240417969465093933e+02 6.284930636431253603e+00
9.054674768382003913e-01 1.245645669357811016e+02 6.284930636431253603e+00
7.655256245747309451e-01 1.257899485099153907e+02 6.284930636431253603e+00
1.758044969039622041e+00 1.270719018973695995e+02 6.284930636431253603e+00
1.418559355592702076e+00 1.274651020182520114e+02 6.284930636431253603e+00
1.015927430900193551e+00 1.288481924609219220e+02 6.284930636431253603e+00
1.879652151938587368e+00 1.302560133157703035e+02 6.284930636431253603e+00
1.225712758548790582e+00 1.306625816569608105e+02 6.284930636431253603e+00
7.483855413750748475e-01 1.319578398279964233e+02 6.284930636431253603e+00
1.295429191528451485e+00 1.332558302224878446e+02 6.284930636431253603e+00
1.792773168378632764e+00 1.336530516234453785e+02 6.284930636431253603e+00
1.013853430821017421e+00 1.350586266631988792e+02 6.284930636431253603e+00
1.471581212408079375e+00 1.364470443548532330e+02 6.284930636431253603e+00
1.661406480385232198e+00 1.368361728827308070e+02 6.284930636431253603e+00
7.547222185195964217e-01 1.381241042749205974e+02 6.284930636431253603e+00
9.538745256387125560e-01 1.393734284185484569e+02 6.284930636431253603e+00
2.266215467225500824e+00 1.398646976376892894e+02 6.284930636431253603e+00
9.550204006019610281e-01 1.412444610343949591e+02 6.284930636431253603e+00
1.076843579241552495e+00 1.425589057749759263e+02 6.284930636431253603e+00
2.362566444824508949e+00 1.430389409553655184e+02 6.284930636431253603e+00
7.708870575757785781e-01 1.442584546000547334e+02 6.284930636431253603e+00
7.233250268214568290e-01 1.453108447942835255e+02 6.284930636431253603e+00
2.899053067844317599e+00 1.460820213322212169e+02 6.284930636431253603e+00
7.638242691480779945e-01 1.472369747856777451e+02 6.284930636431253603e+00
7.380164613884439007e-01 1.483665566034595713e+02 6.284930636431253603e+00
3.105601159566654612e+00 1.492558839512108193e+02 6.284930636431253603e+00
7.193053608959489864e-01 1.502175193535633753e+02 6.284930636431253603e+00
7.769542015490124021e-01 1.511322229577854159e+02 6.284930636431253603e+00
2.770631954071050007e+00 1.522970187958288193e+02 6.284930636431253603e+00
9.449523245180427855e-01 1.528618400360314524e+02 6.284930636431253603e+00
9.238146278582224369e-01 1.541251654906267845e+02 6.284930636431253603e+00
2.585358787470276365e+00 1.554733119808774404e+02 6.284930636431253603e+00
8.545518797381282949e-01 1.560436275277777725e+02 6.284930636431253603e+00
7.911240607647118672e-01 1.572245084960824499e+02 6.284930636431253603e+00
1.881264804510686783e+00 1.585001842784232053e+02 6.284930636431253603e+00
1.398907422133927492e+00 1.588949674930063338e+02 6.284930636431253603e+00
1.045753568122124388e+00 1.602788424814887378e+02 6.284930636431253603e+00
2.076975235510074569e+00 1.616962795797547017e+02 6.284930636431253603e+00
1.143073233008972567e+00 1.621209200969320818e+02 6.284930636431253603e+00
7.774848950230066613e-01 1.633993230156337972e+02 6.284930636431253603e+00
1.398407814466761323e+00 1.646939891472068211e+02 6.284930636431253603e+00
1.774321261283558160e+00 1.650800692421470330e+02 6.284930636431253603e+00
1.061268390690993879e+00 1.664961472864244172e+02 6.284930636431253603e+00
1.671551526119174236e+00 1.679073888818887781e+02 6.284930636431253603e+00
1.503451864441255559e+00 1.682889220145378033e+02 6.284930636431253603e+00
7.750134240184440859e-01 1.695834760245052166e+02 6.284930636431253603e+00
1.061503388354846367e+00 1.708493683716198177e+02 6.284930636431253603e+00
2.172619905336357959e+00 1.712979923463451541e+02 6.284930636431253603e+00
1.016649085546721398e+00 1.727048799703275108e+02 6.284930636431253603e+00
1.263655726765138487e+00 1.740650911647824159e+02 6.284930636431253603e+00
2.075478583724932768e+00 1.744845519867631367e+02 6.284930636431253603e+00
7.854706558556817653e-01 1.757423972989044501e+02 6.284930636431253603e+00
7.858833291443434454e-01 1.768729387912729010e+02 6.284930636431253603e+00
2.732686763308469491e+00 1.775191410336103388e+02 6.284930636431253603e+00
8.523921542975274601e-01 1.788042446163082957e+02 6.284930636431253603e+00
8.251211268973094315e-01 1.800037131920907996e+02 6.284930636431253603e+00
3.029153465193827444e+00 1.806921994479184832e+02 6.284930636431253603e+00
7.516857858205521215e-01 1.817774852316690328e+02 6.284930636431253603e+00
7.525774502416654466e-01 1.826462012345914445e+02 6.284930636431253603e+00
3.037074615136151845e+00 1.837327660499921365e+02 6.284930636431253603e+00
8.278154535727358931e-01 1.844195968368847218e+02 6.284930636431253603e+00
8.557975137595114079e-01 1.856197696887640802e+02 6.284930636431253603e+00
2.755044714494563340e+00 1.869065162922416903e+02 6.284930636431253603e+00
7.874445080414345099e-01 1.875549714005798023e+02 6.284930636431253603e+00
7.934021635783130577e-01 1.886796013520014696e+02 6.284930636431253603e+00
2.076655739098327569e+00 1.899392658182837863e+02 6.284930636431253603e+00
1.278174504010157531e+00 1.903557998510582365e+02 6.284930636431253603e+00
1.025487926535400440e+00 1.917190438749514101e+02 6.284930636431253603e+00
2.198124432914577930e+00 1.931288816303978990e+02 6.284930636431253603e+00
1.057968983601556445e+00 1.935795373610982892e+02 6.284930636431253603e+00
7.791954724070454530e-01 1.948429596249164888e+02 6.284930636431253603e+00
1.509664365572880751e+00 1.961369435143655551e+02 6.284930636431253603e+00
1.669701005752302514e+00 1.965181966868818222e+02 6.284930636431253603e+00
1.060777809004655570e+00 1.979290919308078003e+02 6.284930636431253603e+00
1.774217024140636090e+00 1.993452250809650081e+02 6.284930636431253603e+00
1.392741122308839508e+00 1.997318316657850232e+02 6.284930636431253603e+00
7.727635392818842375e-01 2.010272876444271617e+02 6.284930636431253603e+00
1.146801387300790731e+00 2.023077616354430859e+02 6.284930636431253603e+00
2.049123382021616369e+00 2.027310277913724690e+02 6.284930636431253603e+00
1.034221686956694475e+00 2.041447892979870176e+02 6.284930636431253603e+00
1.376507162546372287e+00 2.055246417143042095e+02 6.284930636431253603e+00
1.884915038594744408e+00 2.059226166724923530e+02 6.284930636431253603e+00
7.813703789301181812e-01 2.071967517178864000e+02 6.284930636431253603e+00
8.510973473370845310e-01 2.083827932874463329e+02 6.284930636431253603e+00
2.556683150298051377e+00 2.089524140151672214e+02 6.284930636431253603e+00
9.142374507274894091e-01 2.102960292530468109e+02 6.284930636431253603e+00
9.332879851943594041e-01 2.115552114265043429e+02 6.284930636431253603e+00
2.767338462543280198e+00 2.121270148581841397e+02 6.284930636431253603e+00
7.715346869419331677e-01 2.132871074771119595e+02 6.284930636431253603e+00
7.179281279167000207e-01 2.142062592905358542e+02 6.284930636431253603e+00
3.103340535022522939e+00 2.151690156626663111e+02 6.284930636431253603e+00
7.389251302967374535e-01 2.160564611993579263e+02 6.284930636431253603e+00
7.651608697056607733e-01 2.171863823180980262e+02 6.284930636431253603e+00
2.911022348253378578e+00 2.183431097194033441e+02 6.284930636431253603e+00
7.256372627682610155e-01 2.191147105412492522e+02 6.284930636431253603e+00
7.779668968985941069e-01 2.201618904393399987e+02 6.284930636431253603e+00
2.363761443091484615e+00 2.213848652330097195e+02 6.284930636431253603e+00
1.090916209130711412e+00 2.218600076754807446e+02 6.284930636431253603e+00
9.646194565269853305e-01 2.231782030054432937e+02 6.284930636431253603e+00
2.292282612473000913e+00 2.245616450455994482e+02 6.284930636431253603e+00
9.540896194767800598e-01 2.250545039405149623e+02 6.284930636431253603e+00
7.609344676190286094e-01 2.263004951448018289e+02 6.284930636431253603e+00
1.665195861218620177e+00 2.275884252699426327e+02 6.284930636431253603e+00
1.479062930944761378e+00 2.279767487906166537e+02 6.284930636431253603e+00
1.017861482863271716e+00 2.293663223918657650e+02 6.284930636431253603e+00
1.802510584631960677e+00 2.307733215912111575e+02 6.284930636431253603e+00
1.289874357443722142e+00 2.311710791973512471e+02 6.284930636431253603e+00
7.470105891664481357e-01 2.324693302325925970e+02 6.284930636431253603e+00
1.230343959359224248e+00 2.337650703727830717e+02 6.284930636431253603e+00
1.861928654505504710e+00 2.341709473884446879e+02 6.284930636431253603e+00
1.008171252583422772e+00 2.355761988692540854e+02 6.284930636431253603e+00
1.403658890888110689e+00 2.369567645616109814e+02 6.284930636431253603e+00
1.756984651696245958e+00 2.373517910977433871e+02 6.284930636431253603e+00
7.575172418629543269e-01 2.386330272646467847e+02 6.284930636431253603e+00
9.031419782278835573e-01 2.398625278991806908e+02 6.284930636431253603e+00
2.364277265894313196e+00 2.403842442426922901e+02 6.284930636431253603e+00
9.325775092608045158e-01 2.417488967214141553e+02 6.284930636431253603e+00
1.004427919664217850e+00 2.430393028104505504e+02 6.284930636431253603e+00
2.525821339702551072e+00 2.435573119982795731e+02 6.284930636431253603e+00
7.685358967140005770e-01 2.447527923878977276e+02 6.284930636431253603e+00
7.096562646901060090e-01 2.457534977522665258e+02 6.284930636431253603e+00
2.992024152461090658e+00 2.466014780498794607e+02 6.284930636431253603e+00
7.350118754975100144e-01 2.476596404611806292e+02 6.284930636431253603e+00
7.291837475986329142e-01 2.487727177596657100e+02 6.284930636431253603e+00
3.044650277203515110e+00 2.497761926647495443e+02 6.284930636431253603e+00
7.110410504493013262e-01 2.506638436569777468e+02 6.284930636431253603e+00
7.760015471116745722e-01 2.516306838078164105e+02 6.284930636431253603e+00
2.612428383962854372e+00 2.528188098437148597e+02 6.284930636431253603e+00
9.904705528525817870e-01 2.533485615993181739e+02 6.284930636431253603e+00
9.358930772997222647e-01 2.546323369345094534e+02 6.284930636431253603e+00
2.457362456309411858e+00 2.559944578533111326e+02 6.284930636431253603e+00
8.850838860938470276e-01 2.565337203615759449e+02 6.284930636431253603e+00
7.730312934272380865e-01 2.577447918563636335e+02 6.284930636431253603e+00
1.804064526501500287e+00 2.590241161066051632e+02 6.284930636431253603e+00
1.404940775845954448e+00 2.594185585952168367e+02 6.284930636431253603e+00
1.023583472682284778e+00 2.608009348078862217e+02 6.284930636431253603e+00
1.941554553332895283e+00 2.622114971089532673e+02 6.284930636431253603e+00
1.194146757611224796e+00 2.626237459236935479e+02 6.284930636431253603e+00
7.558100785105055230e-01 2.639147530568918114e+02 6.284930636431253603e+00
1.332775338821816202e+00 2.652121389316959039e+02 6.284930636431253603e+00
1.775871705286399482e+00 2.656051611543916806e+02 6.284930636431253603e+00
1.026380793425520688e+00 2.670133940589851704e+02 6.284930636431253603e+00
1.530710019012950562e+00 2.684088845189294830e+02 6.284930636431253603e+00
1.605934596952036220e+00 2.687944068711743171e+02 6.284930636431253603e+00
7.589061450179516166e-01 2.700857806288681786e+02 6.284930636431253603e+00
9.886717931474109378e-01 2.713427386119245739e+02 6.284930636431253603e+00
2.225453511079856561e+00 2.718179282654551230e+02 6.284930636431253603e+00
9.735626187588527491e-01 2.732071179689851874e+02 6.284930636431253603e+00
1.132170116406285620e+00 2.745369757535759163e+02 6.284930636431253603e+00
2.265872842131837928e+00 2.749947601863002546e+02 6.284930636431253603e+00
7.748148572351059027e-01 2.762282554804755819e+02 6.284930636431253603e+00
7.390937555267380610e-01 2.773085664593716047e+02 6.284930636431253603e+00
2.844143553684534975e+00 2.780358832577924773e+02 6.284930636431253603e+00
7.894708849572309450e-01 2.792401877842239060e+02 6.284930636431253603e+00
7.567085519041767405e-01 2.803885080098239655e+02 6.284930636431253603e+00
3.112672879873939369e+00 2.812091069479608336e+02 6.284930636431253603e+00
7.283682477214710183e-01 2.822130020038028988e+02 6.284930636431253603e+00
7.735932591303500416e-01 2.831030075440633027e+02 6.284930636431253603e+00
2.863387874904629093e+00 2.842496348623653830e+02 6.284930636431253603e+00
9.132933290404587900e-01 2.848420450341149035e+02 6.284930636431253603e+00
9.103226114901611377e-01 2.860898662003259005e+02 6.284930636431253603e+00
2.650567784906515012e+00 2.874255082995917405e+02 6.284930636431253603e+00
8.363075109134581187e-01 2.880160447710561016e+02 6.284930636431253603e+00
7.979503749411732683e-01 2.891791735243273820e+02 6.284930636431253603e+00
1.929922069857718192e+00 2.904520753396764121e+02 6.284930636431253603e+00
1.383668256006053365e+00 2.908489703918496048e+02 6.284930636431253603e+00
1.051720949540856820e+00 2.922312596381520962e+02 6.284930636431253603e+00
2.141524721300741785e+00 2.936503017555123165e+02 6.284930636431253603e+00
1.116836980245104138e+00 2.940827687052635611e+02 6.284930636431253603e+00
7.865662646819536752e-01 2.953538739173960153e+02 6.284930636431253603e+00
1.432223943962538382e+00 2.966474734286627495e+02 6.284930636431253603e+00
1.767459898204382096e+00 2.970305710372374506e+02 6.284930636431253603e+00
1.075629689661456556e+00 2.984493445105954379e+02 6.284930636431253603e+00
1.740495579415458849e+00 2.998670130638899423e+02 6.284930636431253603e+00
1.455287661353405149e+00 3.002490504418481692e+02 6.284930636431253603e+00
7.823924364921543972e-01 3.015433694185369973e+02 6.284930636431253603e+00
1.098347949284523173e+00 3.028129565042376043e+02 6.284930636431253603e+00
2.145754461507336508e+00 3.032503390054990291e+02 6.284930636431253603e+00
1.036044458223888798e+00 3.046641311748676912e+02 6.284930636431253603e+00
1.332319768944149940e+00 3.060374977556330123e+02 6.284930636431253603e+00
1.983146752974994431e+00 3.064428101243586866e+02 6.284930636431253603e+00
7.895863626753113484e-01 3.077100743688557714e+02 6.284930636431253603e+00
8.157110005000623998e-01 3.088641436269306837e+02 6.284930636431253603e+00
2.669816191292781138e+00 3.094734715150831903e+02 6.284930636431253603e+00
8.858840524617286327e-01 3.107904249786327000e+02 6.284930636431253603e+00
8.744561703269355668e-01 3.120190449088634068e+02 6.284930636431253603e+00
2.931615262641963593e+00 3.126474309050806824e+02 6.284930636431253603e+00
7.640904648957413947e-01 3.137706752019749956e+02 6.284930636431253603e+00
7.369810858669697540e-01 3.146492205294334212e+02 6.284930636431253603e+00
3.098526930454327477e+00 3.156882365140106117e+02 6.284930636431253603e+00
7.815074190763097173e-01 3.164517775884170874e+02 6.284930636431253603e+00
8.161803387184884961e-01 3.176198174284559741e+02 6.284930636431253603e+00
2.816173969091157581e+00 3.188615942018973897e+02 6.284930636431253603e+00
7.578786993847130837e-01 3.195560272414192013e+02 6.284930636431253603e+00
7.862437834666654579e-01 3.206523423491173048e+02 6.284930636431253603e+00
2.188355235269075827e+00 3.218989046059479620e+02 6.284930636431253603e+00
1.196842382171263486e+00 3.223363066751533097e+02 6.284930636431253603e+00
9.992981448097135733e-01 3.236819737070777023e+02 6.284930636431253603e+00
2.224443269455197658e+00 3.250817479104916856e+02 6.284930636431253603e+00
1.016252425281423122e+00 3.255470460347656285e+02 6.284930636431253603e+00
7.691400737588025560e-01 3.268058882815979587e+02 6.284930636431253603e+00
1.567821682681714179e+00 3.280987995134198059e+02 6.284930636431253603e+00
1.586472051217891588e+00 3.284817786262772188e+02 6.284930636431253603e+00
1.040224883500846076e+00 3.298836511392065063e+02 6.284930636431253603e+00
1.773393586492456597e+00 3.312952159643687082e+02 6.284930636431253603e+00
1.355721672540135758e+00 3.316856986096666446e+02 6.284930636431253603e+00
7.601274740336496638e-01 3.329827978508216120e+02 6.284930636431253603e+00
1.175131637893952474e+00 3.342706726447175924e+02 6.284930636431253603e+00
1.971444330870234962e+00 3.346868406231896529e+02 6.284930636431253603e+00
1.021305797574700636e+00 3.360966701375505750e+02 6.284930636431253603e+00
1.379083396198925060e+00 3.374756376319328979e+02 6.284930636431253603e+00
1.840397713157817750e+00 3.378733541076857136e+02 6.284930636431253603e+00
7.708324710922178635e-01 3.391495989245469787e+02 6.284930636431253603e+00
8.676510351592346959e-01 3.403531491870742798e+02 6.284930636431253603e+00
2.482308085225457539e+00 3.409048872394612886e+02 6.284930636431253603e+00
9.203509997891278216e-01 3.422565777746694380e+02 6.284930636431253603e+00
9.568420964524317895e-01 3.435271948593245952e+02 6.284930636431253603e+00
2.677881632379811805e+00 3.440788630730503996e+02 6.284930636431253603e+00
7.703194549857942386e-01 3.452524298522527602e+02 6.284930636431253603e+00
7.112491617165437319e-01 3.462014732726154307e+02 6.284930636431253603e+00
3.070077356343620778e+00 3.471219985667755736e+02 6.284930636431253603e+00
7.298063414331693588e-01 3.480756557715700410e+02 6.284930636431253603e+00
7.453589799045966524e-01 3.491934164678146999e+02 6.284930636431253603e+00
2.960941515137482050e+00 3.502965622629885161e+02 6.284930636431253603e+00
7.155721341299581262e-01 3.511115738344541910e+02 6.284930636431253603e+00
7.753057302916056548e-01 3.521301173773385926e+02 6.284930636431253603e+00
2.458143888999854365e+00 3.533394698518813470e+02 6.284930636431253603e+00
1.044901314169554452e+00 3.538363291745146739e+02 6.284930636431253603e+00
9.498762090677971281e-01 3.551402547944188086e+02 6.284930636431253603e+00
2.343445970828400338e+00 3.565148604005182165e+02 6.284930636431253603e+00
9.241231124228701521e-01 3.570246948616447753e+02 6.284930636431253603e+00
7.612117493040105876e-01 3.582602182687043069e+02 6.284930636431253603e+00
1.719509109859077789e+00 3.595445575621578769e+02 6.284930636431253603e+00
1.436212318121137255e+00 3.599362469631471981e+02 6.284930636431253603e+00
1.012760434101381390e+00 3.613208675618121219e+02 6.284930636431253603e+00
1.837282183004673719e+00 3.627272192307761998e+02 6.284930636431253603e+00
1.252761175170122421e+00 3.631297545867856229e+02 6.284930636431253603e+00
7.449455475978092878e-01 3.644271953312440360e+02 6.284930636431253603e+00
1.265866016993312915e+00 3.657250067596941676e+02 6.284930636431253603e+00
1.814560759628555342e+00 3.661258888940170095e+02 6.284930636431253603e+00
1.007326234286291866e+00 3.675302057948121046e+02 6.284930636431253603e+00
1.432885517436508493e+00 3.689138798798339280e+02 6.284930636431253603e+00
1.705295337452655824e+00 3.693061599722835808e+02 6.284930636431253603e+00
7.536411582958785216e-01 3.705909459372294918e+02 6.284930636431253603e+00
9.288519016556889829e-01 3.718326761426952203e+02 6.284930636431253603e+00
2.304382462057512182e+00 3.723374623187478960e+02 6.284930636431253603e+00
9.424774388022419958e-01 3.737098195719136697e+02 6.284930636431253603e+00
1.039349276382967924e+00 3.750125562558789056e+02 6.284930636431253603e+00
2.437060422697179263e+00 3.755105724170832673e+02 6.284930636431253603e+00
7.686270602387825779e-01 3.767188021848164112e+02 6.284930636431253603e+00
7.148676766329767895e-01 3.777487368703426114e+02 6.284930636431253603e+00
2.940013426992007517e+00 3.785546026650378622e+02 6.284930636431253603e+00
7.479745784160831690e-01 3.796674961694729404e+02 6.284930636431253603e+00
7.303921130081723057e-01 3.807870191614402415e+02 6.284930636431253603e+00
3.082168662365919687e+00 3.817289364846507738e+02 6.284930636431253603e+00
7.140236219623845582e-01 3.826573893392659897e+02 6.284930636431253603e+00
7.766006784147396758e-01 3.835952718369690047e+02 6.284930636431253603e+00
2.699263392685832930e+00 3.847708700330720148e+02 6.284930636431253603e+00
9.645225870623437281e-01 3.853196175200746438e+02 6.284930636431253603e+00
9.291730601216768859e-01 3.865922070295047774e+02 6.284930636431253603e+00
2.526654580968645813e+00 3.879468795570429052e+02 6.284930636431253603e+00
8.672462188312037856e-01 3.885031353671291754e+02 6.284930636431253603e+00
7.823377549906850303e-01 3.896981900284753237e+02 6.284930636431253603e+00
1.847891544421231158e+00 3.909752989586266949e+02 6.284930636431253603e+00
1.398662311570811889e+00 3.913702787714736928e+02 6.284930636431253603e+00
1.034503251821712988e+00 3.927530207755686433e+02 6.284930636431253603e+00
2.012434393610529337e+00 3.941670781384098632e+02 6.284930636431253603e+00
1.164937063561859665e+00 3.945858237782596234e+02 6.284930636431253603e+00
7.663830482523588117e-01 3.958707345449096238e+02 6.284930636431253603e+00
1.369699825958447637e+00 3.971668514488807773e+02 6.284930636431253603e+00
1.769887751303329759e+00 3.975559728650476359e+02 6.284930636431253603e+00
1.043496949788437211e+00 3.989679902481346971e+02 6.284930636431253603e+00
1.602284260278697969e+00 4.003716671787007613e+02 6.284930636431253603e+00
1.549791410491673904e+00 4.007544588503330942e+02 6.284930636431253603e+00
7.662518479399105242e-01 4.020482443967109134e+02 6.284930636431253603e+00
1.027285360559833105e+00 4.033109291273959229e+02 6.284930636431253603e+00
2.192428425095101385e+00 4.037710352191489847e+02 6.284930636431253603e+00
9.955287521353444191e-01 4.051698241948353143e+02 6.284930636431253603e+00
1.198685389899099230e+00 4.065159621949524080e+02 6.284930636431253603e+00
2.163794252478240754e+00 4.069521985668232560e+02 6.284930636431253603e+00
7.799956991008596408e-01 4.081993314340033407e+02 6.284930636431253603e+00
7.615638486880992319e-01 4.093074762393017068e+02 6.284930636431253603e+00
2.784509529719976673e+00 4.099903160204148662e+02 6.284930636431253603e+00
8.214710273109685490e-01 4.112405118847398739e+02 6.284930636431253603e+00
7.878700008032416546e-01 4.124143410508482361e+02 6.284930636431253603e+00
3.084980758277634294e+00 4.131631550990260280e+02 6.284930636431253603e+00
7.400387698549754090e-01 4.142110461197383415e+02 6.284930636431253603e+00
7.643835802916091327e-01 4.150843826204351785e+02 6.284930636431253603e+00
2.960066955817226564e+00 4.162036101888664916e+02 6.284930636431253603e+00
8.702082649871153430e-01 4.168386854876209782e+02 6.284930636431253603e+00
8.854829903048051509e-01 4.180638916172190420e+02 6.284930636431253603e+00
2.707090662594068498e+00 4.193783233801411825e+02 6.284930636431253603e+00
8.122424219085806474e-01 4.199957743594518433e+02 6.284930636431253603e+00
7.978305467568604925e-01 4.211399098995640884e+02 6.284930636431253603e+00
1.998118539552084183e+00 4.224073759766788498e+02 6.284930636431253603e+00
1.338315735960080133e+00 4.228117939696984422e+02 6.284930636431253603e+00
1.043038089762907905e+00 4.241865002657471564e+02 6.284930636431253603e+00
2.178750572132432950e+00 4.256024936595152326e+02 6.284930636431253603e+00
1.088008397359823576e+00 4.260437169123400167e+02 6.284930636431253603e+00
7.859664492855887863e-01 4.273100727772803111e+02 6.284930636431253603e+00
1.469631325286302470e+00 4.286038122646272086e+02 6.284930636431253603e+00
1.728435823666766957e+00 4.289852105291151361e+02 6.284930636431253603e+00
1.073724352949266159e+00 4.304017520191529229e+02 6.284930636431253603e+00
1.771210831881093073e+00 4.318204635390090402e+02 6.284930636431253603e+00
1.419823850266256349e+00 4.322045411955130589e+02 6.284930636431253603e+00
7.807996486120626356e-01 4.334989974460212352e+02 6.284930636431253603e+00
1.125971114272839246e+00 4.347736509008603889e+02 6.284930636431253603e+00
2.103052302004997820e+00 4.352028907564215956e+02 6.284930636431253603e+00
1.040681933198463138e+00 4.366184669042698943e+02 6.284930636431253603e+00
1.368082623511643670e+00 4.379976814881741802e+02 6.284930636431253603e+00
1.922105308344071561e+00 4.383969176732114761e+02 6.284930636431253603e+00
7.877235551654330203e-01 4.396689886058748016e+02 6.284930636431253603e+00
8.375331249227772057e-01 4.408410768620230442e+02 6.284930636431253603e+00
2.610818600052248417e+00 4.414260452235519097e+02 6.284930636431253603e+00
9.059004741603848831e-01 4.427609231804547107e+02 6.284930636431253603e+00
9.115902108493270095e-01 4.440091151360146569e+02 6.284930636431253603e+00
2.838786238991550359e+00 4.446006924038517241e+02 6.284930636431253603e+00
7.704348748584693984e-01 4.457476788648867796e+02 6.284930636431253603e+00
7.253749466548073954e-01 4.466459535203578639e+02 6.284930636431253603e+00
3.114410257079900823e+00 4.476419413340352662e+02 6.284930636431253603e+00
7.531881167203759997e-01 4.484755744037247496e+02 6.284930636431253603e+00
7.853758291105367162e-01 4.496197764546495250e+02 6.284930636431253603e+00
2.871065843727960587e+00 4.508156251076754870e+02 6.284930636431253603e+00
7.375499654306064690e-01 4.515531842494863213e+02 6.284930636431253603e+00
7.813374083041536577e-01 4.526220946911555529e+02 6.284930636431253603e+00
2.287738313528983269e+00 4.538557623909918561e+02 6.284930636431253603e+00
1.134251507030918038e+00 4.543137520702754273e+02 6.284930636431253603e+00
9.790446773551799708e-01 4.556439424177875139e+02 6.284930636431253603e+00
2.259947667175474795e+00 4.570346724066188813e+02 6.284930636431253603e+00
9.803466120428002695e-01 4.575149335943325468e+02 6.284930636431253603e+00
7.636203092261405478e-01 4.587672713939874711e+02 6.284930636431253603e+00
1.622220896128459211e+00 4.600577524607057285e+02 6.284930636431253603e+00
1.522806902483751168e+00 4.604433768896635115e+02 6.284930636431253603e+00
1.026445781133709989e+00 4.618380971908392212e+02 6.284930636431253603e+00
1.786481854055017138e+00 4.632468221990658890e+02 6.284930636431253603e+00
1.318915397273284107e+00 4.636412163849356602e+02 6.284930636431253603e+00
7.518767647573157964e-01 4.649391901557943925e+02 6.284930636431253603e+00
1.205185612755724112e+00 4.662320522582964486e+02 6.284930636431253603e+00
1.907592039708817966e+00 4.666421554101144693e+02 6.284930636431253603e+00
1.013080321109640858e+00 4.680492456827441288e+02 6.284930636431253603e+00
1.390795341097425641e+00 4.694288403641471064e+02 6.284930636431253603e+00
1.794099150429086853e+00 4.698251967654781538e+02 6.284930636431253603e+00
7.628751370900699325e-01 4.711041274353637505e+02 6.284930636431253603e+00
8.866772897202663817e-01 4.723228264578337985e+02 6.284930636431253603e+00
2.415008118285150829e+00 4.728574688771653882e+02 6.284930636431253603e+00
9.272342933529666986e-01 4.742167150902917570e+02 6.284930636431253603e+00
9.828375600105773158e-01 4.754985802520229186e+02 6.284930636431253603e+00
2.592088784785159472e+00 4.760309336470198787e+02 6.284930636431253603e+00
7.694218766169945711e-01 4.772171234673295430e+02 6.284930636431253603e+00
7.088878023045908083e-01 4.781951125373636842e+02 6.284930636431253603e+00
3.029431318410782836e+00 4.790747486334731207e+02 6.284930636431253603e+00
7.299251288521210190e-01 4.800888665061966663e+02 6.284930636431253603e+00
7.335503443019624203e-01 4.812014576850791627e+02 6.284930636431253603e+00
3.010823741470788129e+00 4.822495309310559719e+02 6.284930636431253603e+00
7.114178500348505851e-01 4.831058615425184826e+02 6.284930636431253603e+00
7.755976349240848444e-01 4.840950290254056654e+02 6.284930636431253603e+00
2.546023294751219357e+00 4.852924285048495108e+02 6.284930636431253603e+00
1.012433322392519486e+00 4.858078974857937737e+02 6.284930636431253603e+00
9.415110166231230870e-01 4.871002835796038539e+02 6.284930636431253603e+00
2.406691452610394855e+00 4.884678713791301448e+02 6.284930636431253603e+00
9.007027284138350298e-01 4.889942993205246466e+02 6.284930636431253603e+00
7.671627667327463040e-01 4.902165608515799704e+02 6.284930636431253603e+00
1.768511713651050865e+00 4.914979070948680828e+02 6.284930636431253603e+00
1.415193350970731290e+00 4.918913957235932912e+02 6.284930636431253603e+00
1.017560903439494568e+00 4.932742976560316492e+02 6.284930636431253603e+00
1.893310567119296906e+00 4.946827293858474945e+02 6.284930636431253603e+00
1.218374318434292114e+00 4.950905144961582209e+02 6.284930636431253603e+00
7.499280423141132523e-01 4.963849235935024922e+02 6.284930636431253603e+00
1.303918249930634765e+00 4.976828191614466732e+02 6.284930636431253603e+00
1.788405865691826691e+00 4.980790441562290312e+02 6.284930636431253603e+00
1.016515036769164215e+00 4.994851897626268737e+02 6.284930636431253603e+00
1.484448246547798389e+00 5.008751875944413428e+02 6.284930636431253603e+00
1.648713291574382289e+00 5.012634048438939089e+02 6.284930636431253603e+00
7.555236837627570257e-01 5.025521963746473375e+02 6.284930636431253603e+00
9.615703190367917985e-01 5.038033988234946037e+02 6.284930636431253603e+00
2.256523266029004215e+00 5.042908920143663636e+02 6.284930636431253603e+00
9.591316801783352775e-01 5.056728547608858548e+02 6.284930636431253603e+00
1.088874232586653612e+00 5.069908183556164545e+02 6.284930636431253603e+00
2.340744449864341714e+00 5.074656347185919572e+02 6.284930636431253603e+00
7.717603437661788579e-01 5.086884165657198764e+02 6.284930636431253603e+00
7.264403821000389172e-01 5.097471646387280089e+02 6.284930636431253603e+00
2.887080269879985117e+00 5.105083253748661036e+02 6.284930636431253603e+00
7.691780702484877219e-01 5.116749327877719224e+02 6.284930636431253603e+00
7.413713899288106868e-01 5.128082096424827796e+02 6.284930636431253603e+00
3.109971300508063585e+00 5.136820396000454139e+02 6.284930636431253603e+00
7.211866963211589487e-01 5.146532640909412066e+02 6.284930636431253603e+00
7.767034349686715577e-01 5.155617011837238124e+02 6.284930636431253603e+00
2.791493856504373650e+00 5.167229710398561338e+02 6.284930636431253603e+00
9.387450979376680271e-01 5.172930678222624010e+02 6.284930636431253603e+00
9.216736484213633451e-01 5.185533848103852961e+02 6.284930636431253603e+00
2.601530251422497830e+00 5.198992663071074958e+02 6.284930636431253603e+00
8.508033146718392281e-01 5.204738310569350688e+02 6.284930636431253603e+00
7.933376538436773817e-01 5.216506022279411354e+02 6.284930636431253603e+00
1.891213115142715617e+00 5.229258107068806112e+02 6.284930636431253603e+00
1.397930929518824028e+00 5.233206938088363813e+02 6.284930636431253603e+00
1.048404223383511580e+00 5.247046849067074845e+02 6.284930636431253603e+00
2.094477748639766546e+00 5.261228909165321284e+02 6.284930636431253603e+00
1.137033839399303803e+00 5.265492976883077745e+02 6.284930636431253603e+00
7.804085859353997456e-01 5.278258019872365594e+02 6.284930636431253603e+00
1.406272214555345901e+00 5.291200961502895552e+02 6.284930636431253603e+00
1.775175042488747579e+00 5.295053811753700757e+02 6.284930636431253603e+00
1.065937590876216090e+00 5.309224832608769020e+02 6.284930636431253603e+00
1.690675125153555891e+00 5.323356847930850790e+02 6.284930636431253603e+00
1.490978125908178464e+00 5.327171310413820038e+02 6.284930636431253603e+00
7.774145407015671250e-01 5.340116879890128985e+02 6.284930636431253603e+00
1.070954610528850548e+00 5.352783756540435434e+02 6.284930636431253603e+00
2.167299283124621390e+00 5.357240423018530464e+02 6.284930636431253603e+00
1.022336790985519439e+00 5.371329888918454571e+02 6.284930636431253603e+00
1.282063628591312288e+00 5.384969033645115815e+02 6.284930636431253603e+00
2.051297257255859208e+00 5.389122402544541046e+02 6.284930636431253603e+00
7.868946409370930484e-01 5.401727600390552197e+02 6.284930636431253603e+00
7.932822683982427847e-01 5.413093233223503375e+02 6.284930636431253603e+00
2.717715836467191171e+00 5.419457680664753525e+02 6.284930636431253603e+00
8.611804599943855276e-01 5.432396818490663009e+02 6.284930636431253603e+00
8.370384728307668221e-01 5.444466083891468315e+02 6.284930636431253603e+00
3.007896154804304611e+00 5.451190006956114757e+02 6.284930636431253603e+00
7.550059645683568910e-01 5.462143719622905564e+02 6.284930636431253603e+00
7.487859753229048065e-01 5.470839222185874178e+02 6.284930636431253603e+00
3.055817162218203098e+00 5.481596126065031740e+02 6.284930636431253603e+00
8.157044088815234018e-01 5.488638605920896225e+02 6.284930636431253603e+00
8.462873112324899028e-01 5.500562097729664401e+02 6.284930636431253603e+00
2.769356243965642506e+00 5.513331762362337258e+02 6.284930636431253603e+00
7.800147811077654536e-01 5.519920033326067141e+02 6.284930636431253603e+00
7.916861501180711969e-01 5.531102749084420793e+02 6.284930636431253603e+00
2.102420231840890441e+00 5.543670930993996535e+02 6.284930636431253603e+00
1.258581644266851152e+00 5.547881415000907737e+02 6.284930636431253603e+00
1.019293418641563420e+00 5.561473762144910324e+02 6.284930636431253603e+00
2.203409033227831326e+00 5.575549505688360341e+02 6.284930636431253603e+00
1.048287717604357905e+00 5.580088023058833642e+02 6.284930636431253603e+00
7.766715063780403883e-01 5.592713356245302521e+02 6.284930636431253603e+00
1.522827920533063706e+00 5.605652430495782710e+02 6.284930636431253603e+00
1.649843879726091034e+00 5.609467319382353026e+02 6.284930636431253603e+00
1.055841960185459838e+00 5.623555361603438314e+02 6.284930636431253603e+00
1.773309005453561404e+00 5.637705719168727683e+02 6.284930636431253603e+00
1.384496117110750157e+00 5.641580351756658729e+02 6.284930636431253603e+00
7.697197670266405778e-01 5.654538906134069975e+02 6.284930636431253603e+00
1.153052932925227703e+00 5.667362004293131577e+02 6.284930636431253603e+00
2.031009918531741842e+00 5.671577727709902774e+02 6.284930636431253603e+00
1.031200056518928765e+00 5.685706361973444700e+02 6.284930636431253603e+00
1.376876798717424633e+00 5.699502615899634748e+02 6.284930636431253603e+00
1.874865516242370633e+00 5.703481995950900227e+02 6.284930636431253603e+00
7.789314710821264587e-01 5.716227947178088016e+02 6.284930636431253603e+00
8.547474515620147040e-01 5.728129454655575046e+02 6.284930636431253603e+00
2.539648205253333124e+00 5.733784114848092486e+02 6.284930636431253603e+00
9.157713363444379695e-01 5.747240063776756642e+02 6.284930636431253603e+00
9.386910616031726162e-01 5.759858971465974946e+02 6.284930636431253603e+00
2.746739810266774828e+00 5.765528932941402900e+02 6.284930636431253603e+00
7.713516488857056208e-01 5.777162168320282944e+02 6.284930636431253603e+00
7.160612063943372352e-01 5.786420786543579879e+02 6.284930636431253603e+00
3.097010711544849748e+00 5.795951684299168392e+02 6.284930636431253603e+00
7.359512814780579948e-01 5.804980544147749697e+02 6.284930636431253603e+00
7.599764707844923750e-01 5.816245842858382957e+02 6.284930636431253603e+00
2.922257333182306738e+00 5.827693819728598328e+02 6.284930636431253603e+00
7.227971045043654064e-01 5.835509407227823431e+02 6.284930636431253603e+00
7.770926670324487251e-01 5.845917286073553214e+02 6.284930636431253603e+00
2.385666111838387948e+00 5.858115136267481375e+02 6.284930636431253603e+00
1.079221098040158200e+00 5.862917729258332429e+02 6.284930636431253603e+00
9.607006818183360108e-01 5.876065165228015985e+02 6.284930636431253603e+00
2.302615430513307082e+00 5.889878176534582508e+02 6.284930636431253603e+00
9.467806005657547486e-01 5.894844934842216162e+02 6.284930636431253603e+00
7.604771828667040712e-01 5.907283894652713343e+02 6.284930636431253603e+00
1.677772750301564697e+00 5.920154995226363326e+02 6.284930636431253603e+00
1.467469873715266937e+00 5.924046706981956731e+02 6.284930636431253603e+00
1.015836032475168071e+00 5.937928573550611873e+02 6.284930636431253603e+00
1.808415773609595822e+00 5.951994693181742377e+02 6.284930636431253603e+00
1.281391713825457135e+00 5.955982677305086099e+02 6.284930636431253603e+00
7.459391693269151746e-01 5.968965008178506650e+02 6.284930636431253603e+00
1.238015209157022456e+00 5.981929045616889198e+02 6.284930636431253603e+00
1.849532545528318028e+00 5.985976224647645267e+02 6.284930636431253603e+00
1.007141125293407713e+00 6.000024318320723751e+02 6.284930636431253603e+00
1.408378182163040115e+00 6.013834136253357201e+02 6.284930636431253603e+00
1.745876949829529678e+00 6.017779804540012947e+02 6.284930636431253603e+00
7.561794134924001431e-01 6.030599369690688718e+02 6.284930636431253603e+00
9.083271645363931723e-01 6.042924074187895940e+02 6.284930636431253603e+00
2.349900539646866626e+00 6.048103818416260538e+02 6.284930636431253603e+00
9.342738416254029454e-01 6.061765996669973902e+02 6.284930636431253603e+00
1.011189322938212287e+00 6.074695362441239013e+02 6.284930636431253603e+00
2.506403091672217087e+00 6.079833586373429171e+02 6.284930636431253603e+00
7.683156331382186011e-01 6.091815353777633391e+02 6.284930636431253603e+00
7.103420259344909171e-01 6.101888633499488606e+02 6.284930636431253603e+00
2.980413361849883813e+00 6.110275829878179366e+02 6.284930636431253603e+00
7.372480767256629486e-01 6.120981489949278966e+02 6.284930636431253603e+00
7.287221848114655565e-01 6.132120917910606295e+02 6.284930636431253603e+00
3.053455348267224423e+00 6.142022386854455362e+02 6.284930636431253603e+00
7.113391274662204111e-01 6.150989421467189686e+02 6.284930636431253603e+00
7.760651695809294148e-01 6.160594016933069952e+02 6.284930636431253603e+00
2.631658251957768702e+00 6.172447503163001556e+02 6.284930636431253603e+00
9.843120545109556030e-01 6.177787598830440174e+02 6.284930636431253603e+00
9.342345161246989882e-01 6.190600002261073769e+02 6.284930636431253603e+00
2.472157425160359523e+00 6.204204539670168970e+02 6.284930636431253603e+00
8.808237978727411210e-01 6.209634793012874070e+02 6.284930636431253603e+00
7.748304672320840414e-01 6.221711790038219760e+02 6.284930636431253603e+00
1.814138710951272326e+00 6.234499490602086098e+02 6.284930636431253603e+00
1.402501709811426966e+00 6.238446323851167108e+02 6.284930636431253603e+00
1.025511842441018784e+00 6.252269196577718731e+02 6.284930636431253603e+00
1.956013220127366781e+00 6.266381283304772296e+02 6.284930636431253603e+00
1.187448031351629130e+00 6.270517440411241523e+02 6.284930636431253603e+00
7.577283789488056254e-01 6.283416122045380234e+02 6.284930636431253603e+00
1.340997674519857519e+00 6.296387945905674997e+02 6.284930636431253603e+00
1.773136428470951209e+00 6.300309452619912918e+02 6.284930636431253603e+00
1.029527392386055951e+00 6.314398459188547577e+02 6.284930636431253603e+00
1.544875141390767537e+00 6.328369710093007825e+02 6.284930636431253603e+00
1.593756807763967664e+00 6.332218325240369268e+02 6.284930636431253603e+00
7.601175856607937931e-01 6.345138387221251151e+02 6.284930636431253603e+00
9.967311480133315138e-01 6.357722534031595387e+02 6.284930636431253603e+00
2.217229206415793463e+00 6.362440632680161343e+02 6.284930636431253603e+00
9.779052712011587767e-01 6.376352825050174715e+02 6.284930636431253603e+00
1.145419661595916905e+00 6.389685603948414609e+02 6.284930636431253603e+00
2.244162606879231525e+00 6.394216346120758772e+02 6.284930636431253603e+00
7.757555736449818218e-01 6.406581066895500953e+02 6.284930636431253603e+00
7.433485392714084261e-01 6.417445488313877604e+02 6.284930636431253603e+00
2.831327533070521874e+00 6.424622230653199040e+02 6.284930636431253603e+00
7.958679955172587306e-01 6.436768059233177155e+02 6.284930636431253603e+00
7.623057600946253620e-01 6.448301125745730360e+02 6.284930636431253603e+00
3.109757318394071213e+00 6.456353250280080829e+02 6.284930636431253603e+00
7.306548955042072580e-01 6.466486374298774535e+02 6.284930636431253603e+00
7.720485999671102828e-01 6.475342705602768092e+02 6.284930636431253603e+00
2.884227166433412481e+00 6.486758104308686370e+02 6.284930636431253603e+00
9.047582307535176893e-01 6.492760823809973090e+02 6.284930636431253603e+00
9.058502989549274131e-01 6.505196051223342693e+02 6.284930636431253603e+00
2.663181419928505544e+00 6.518514644038750703e+02 6.284930636431253603e+00
8.315657911725269358e-01 6.524471654386142063e+02 6.284930636431253603e+00
7.984307458146462366e-01 6.536063895895653104e+02 6.284930636431253603e+00
1.942862542709102636e+00 6.548783696213226904e+02 6.284930636431253603e+00
1.376203161283142462e+00 6.552764045997768108e+02 6.284930636431253603e+00
1.050963506905740141e+00 6.566575457777045131e+02 6.284930636431253603e+00
2.151427795985665803e+00 6.580762942738665515e+02 6.284930636431253603e+00
1.110949282282212236e+00 6.585105374866221837e+02 6.284930636431253603e+00
7.871679142909081550e-01 6.597804372468705196e+02 6.284930636431253603e+00
1.439783372190577282e+00 6.610739978876864598e+02 6.284930636431253603e+00
1.761662634250486414e+00 6.614566188021734661e+02 6.284930636431253603e+00
1.076479169528416824e+00 6.628753020253125214e+02 6.284930636431253603e+00
1.750014854809927245e+00 6.642935988042418103e+02 6.284930636431253603e+00
1.446850003242927896e+00 6.646759867978802276e+02 6.284930636431253603e+00
7.827680517527347837e-01 6.659702654888536699e+02 6.284930636431253603e+00
1.104890000080243517e+00 6.672408139435942758e+02 6.284930636431253603e+00
2.138031354274063212e+00 6.676762524611251592e+02 6.284930636431253603e+00
1.038202616762609054e+00 6.690908119163913170e+02 6.284930636431253603e+00
1.342645543892079019e+00 6.704659769215387541e+02 6.284930636431253603e+00
1.967743224866460805e+00 6.708694427373011422e+02 6.284930636431253603e+00
7.896681074540911061e-01 6.721380423936777788e+02 6.284930636431253603e+00
8.210803367509991180e-01 6.732963466643703896e+02 6.284930636431253603e+00
2.656942079787981470e+00 6.738995658571556078e+02 6.284930636431253603e+00
8.912668838302085783e-01 6.752213241098927483e+02 6.284930636431253603e+00
8.836091390637590415e-01 6.764549211168855436e+02 6.284930636431253603e+00
2.910581142301680302e+00 6.770737171542989472e+02 6.284930636431253603e+00
7.659517633700637651e-01 6.782031025194557969e+02 6.284930636431253603e+00
7.341154519454654581e-01 6.790853843103761847e+02 6.284930636431253603e+00
3.105159821872042869e+00 6.801145961155158375e+02 6.284930636431253603e+00
7.739881412096795144e-01 6.808940927201541626e+02 6.284930636431253603e+00
8.087054904344836981e-01 6.820562233180889962e+02 6.284930636431253603e+00
2.828645782517514196e+00 6.832879877204672994e+02 6.284930636431253603e+00
7.527155047429042733e-01 6.839921254004131015e+02 6.284930636431253603e+00
7.849712611923640448e-01 6.850823604081822396e+02 6.284930636431253603e+00
2.211125779769908206e+00 6.863260492186602733e+02 6.284930636431253603e+00
1.181640210750719566e+00 6.867680395279633103e+02 6.284930636431253603e+00
9.943519647724756716e-01 6.881101245831949882e+02 6.284930636431253603e+00
2.231435768577830547e+00 6.895078185668069182e+02 6.284930636431253603e+00
1.007875225988477119e+00 6.899763802366037453e+02 6.284930636431253603e+00
7.675384559588583899e-01 6.912339669816733476e+02 6.284930636431253603e+00
1.580072070505133430e+00 6.925264291853668510e+02 6.284930636431253603e+00
1.570864799208775864e+00 6.929099446865261598e+02 6.284930636431253603e+00
1.036594527285663592e+00 6.943100746381045383e+02 6.284930636431253603e+00
1.775008561554500153e+00 6.957208587378090670e+02 6.284930636431253603e+00
1.347598947796090130e+00 6.961121927532092286e+02 6.284930636431253603e+00
7.579181053553220027e-01 6.974095605960533248e+02 6.284930636431253603e+00
1.181550176972512523e+00 6.986987273540946717e+02 6.284930636431253603e+00
1.956206171936615723e+00 6.991134883405173923e+02 6.284930636431253603e+00
1.019037546227288926e+00 7.005225949490775292e+02 6.284930636431253603e+00
1.380717748198373673e+00 7.019015472144486694e+02 6.284930636431253603e+00
1.830454784814604441e+00 7.022990727336790542e+02 6.284930636431253603e+00
7.688319787919182247e-01 7.035758499400803885e+02 6.284930636431253603e+00
8.715571899958521884e-01 7.047829201177605682e+02 6.284930636431253603e+00
2.466909339890735353e+00 7.053308695830220358e+02 6.284930636431253603e+00
9.217174127258476179e-01 7.066842191824636075e+02 6.284930636431253603e+00
9.622069637731832659e-01 7.079572727967713490e+02 6.284930636431253603e+00
2.658888777026092942e+00 7.085047113051426777e+02 6.284930636431253603e+00
7.700583879600496617e-01 7.096810691099369706e+02 6.284930636431253603e+00
7.103676912605501048e-01 7.106365473898838445e+02 6.284930636431253603e+00
3.061622207518488459e+00 7.115480399283873112e+02 6.284930636431253603e+00
7.291206292177230264e-01 7.125153847751231524e+02 6.284930636431253603e+00
7.421224875789472764e-01 7.136314438515305483e+02 6.284930636431253603e+00
2.971972953631879744e+00 7.147226773988518289e+02 6.284930636431253603e+00
7.142094317482186039e-01 7.155468988975302409e+02 6.284930636431253603e+00
7.751652233376737922e-01 7.165590588523139104e+02 6.284930636431253603e+00
2.477846281925598859e+00 7.177656637737636629e+02 6.284930636431253603e+00
1.036834151666930826e+00 7.182668438190854658e+02 6.284930636431253603e+00
9.475940121811153860e-01 7.195680416016132313e+02 6.284930636431253603e+00
2.356468978974048500e+00 7.209409775829606133e+02 6.284930636431253603e+00
9.184717607441439391e-01 7.214544933309122143e+02 6.284930636431253603e+00
7.620970286894691581e-01 7.226873207207712539e+02 6.284930636431253603e+00
1.730732888322058072e+00 7.239709367698354754e+02 6.284930636431253603e+00
1.429944299081390202e+00 7.243631634763640932e+02 6.284930636431253603e+00
1.013064664267970816e+00 7.257471552012871143e+02 6.284930636431253603e+00
1.847966640851758546e+00 7.271537590657253531e+02 6.284930636431253603e+00
1.244934635112967980e+00 7.275573983996940797e+02 6.284930636431253603e+00
7.454877664768707612e-01 7.288543711323810612e+02 6.284930636431253603e+00
1.274088028455560018e+00 7.301523429475973899e+02 6.284930636431253603e+00
1.807097893951273626e+00 7.305521750332101192e+02 6.284930636431253603e+00
1.008548276628536744e+00 7.319566771396822560e+02 6.284930636431253603e+00
1.442403234376258281e+00 7.333414963398125792e+02 6.284930636431253603e+00
1.693186262361032979e+00 7.337329468493345530e+02 6.284930636431253603e+00
7.535845673804080214e-01 7.350186099050829398e+02 6.284930636431253603e+00
9.354744708533141440e-01 7.362626551744444896e+02 6.284930636431253603e+00
2.292845058405583725e+00 7.367636383246671130e+02 6.284930636431253603e+00
9.455825404286960500e-01 7.381379713396406714e+02 6.284930636431253603e+00
1.048954546034658541e+00 7.394438303256620202e+02 6.284930636431253603e+00
2.416579699227579869e+00 7.399369549039007552e+02 6.284930636431253603e+00
7.690727501649250453e-01 7.411482647567497679e+02 6.284930636431253603e+00
7.168323477383440334e-01 7.421845425085100487e+02 6.284930636431253603e+00
2.928547101701317601e+00 7.429807971877606860e+02 6.284930636431253603e+00
7.519169178146580812e-01 7.441056054496655179e+02 6.284930636431253603e+00
7.318879349858480321e-01 7.452274890821178133e+02 6.284930636431253603e+00
3.089599388922795509e+00 7.461550101774803352e+02 6.284930636431253603e+00
7.152594967169212392e-01 7.470926720960250123e+02 6.284930636431253603e+00
7.767865031263617714e-01 7.480240073406554302e+02 6.284930636431253603e+00
2.718968221871518764e+00 7.491967282328633928e+02 6.284930636431253603e+00
9.591435849190910190e-01 7.497497680892435028e+02 6.284930636431253603e+00
9.278150548632462247e-01 7.510198687432168754e+02 6.284930636431253603e+00
2.543007313825303761e+00 7.523728374591707961e+02 6.284930636431253603e+00
8.636444087849058926e-01 7.529329473879613488e+02 6.284930636431253603e+00
7.847826884821370585e-01 7.541241297093769163e+02 6.284930636431253603e+00
1.857239107434704328e+00 7.554008303564542075e+02 6.284930636431253603e+00
1.398660833127322922e+00 7.557957600902921058e+02 6.284930636431253603e+00
1.037624863584473145e+00 7.571788145965833792e+02 6.284930636431253603e+00
2.030199147815748173e+00 7.585938257159717750e+02 6.284930636431253603e+00
1.158702445163856343e+00 7.590141585387950727e+02 6.284930636431253603e+00
7.693808587172715763e-01 7.602973594363413667e+02 6.284930636431253603e+00
1.377865149792824040e+00 7.615930855686485756e+02 6.284930636431253603e+00
1.770655111385446290e+00 7.619813392519012041e+02 6.284930636431253603e+00
1.048301811169416009e+00 7.633944572636495423e+02 6.284930636431253603e+00
1.621022083813152825e+00 7.648002298345622876e+02 6.284930636431253603e+00
1.536782688713454581e+00 7.651825471656854916e+02 6.284930636431253603e+00
7.685434954382571737e-01 7.664766738890378974e+02 6.284930636431253603e+00
1.036715499975513710e+00 7.677403594553614994e+02 6.284930636431253603e+00
2.186418050288166715e+00 7.681971552816669373e+02 6.284930636431253603e+00
1.001277230964717768e+00 7.695982338027122296e+02 6.284930636431253603e+00
1.216100754085156943e+00 7.709483039658140342e+02 6.284930636431253603e+00
2.139353775630957077e+00 7.713796763651001811e+02 6.284930636431253603e+00
7.814720784236467432e-01 7.726299001812417373e+02 6.284930636431253603e+00
7.678548759264234302e-01 7.737443640058618257e+02 6.284930636431253603e+00
2.770347227919688127e+00 7.744168934778382436e+02 6.284930636431253603e+00
8.297827163654173388e-01 7.756771824102523851e+02 6.284930636431253603e+00
7.971995383758320175e-01 7.768578219276405434e+02 6.284930636431253603e+00
3.072724590860642646e+00 7.775897313658551866e+02 6.284930636431253603e+00
7.431468107485373897e-01 7.786480444918306603e+02 6.284930636431253603e+00
7.614529712104467496e-01 7.795190487584635548e+02 6.284930636431253603e+00
2.982341478002826562e+00 7.806302075466398946e+02 6.284930636431253603e+00
8.588562716212477799e-01 7.812779855357110819e+02 6.284930636431253603e+00
8.780443657443419703e-01 7.824968018009533353e+02 6.284930636431253603e+00
2.720047739123805375e+00 7.838046271448500875e+02 6.284930636431253603e+00
8.057565743228493060e-01 7.844297588065918490e+02 6.284930636431253603e+00
7.969476714604458722e-01 7.855689309889604601e+02 6.284930636431253603e+00
2.017716960937805393e+00 7.868345882357140226e+02 6.284930636431253603e+00
1.323537126358139693e+00 7.872417534138324982e+02 6.284930636431253603e+00
1.039043765327180679e+00 7.886137651084478648e+02 6.284930636431253603e+00
2.184705313880546118e+00 7.900283821811029838e+02 6.284930636431253603e+00
1.080370734656774800e+00 7.904719549157730398e+02 6.284930636431253603e+00
7.845780423606588672e-01 7.917374644665856067e+02 6.284930636431253603e+00
1.479708240642402917e+00 7.930313084052550039e+02 6.284930636431253603e+00
1.714448719497191576e+00 7.934125265029899765e+02 6.284930636431253603e+00
1.071071956090504873e+00 7.948278363568458644e+02 6.284930636431253603e+00
1.773649479713158339e+00 7.962461080171983667e+02 6.284930636431253603e+00
1.412424626953148410e+00 7.966308084201473321e+02 6.284930636431253603e+00
7.791361232774745016e-01 7.979254577319280770e+02 6.284930636431253603e+00
1.131717279716668800e+00 7.992015777548509732e+02 6.284930636431253603e+00
2.089922488784104804e+00 7.996291403957219472e+02 6.284930636431253603e+00
1.039746948456880205e+00 8.010444843544991045e+02 6.284930636431253603e+00
1.372041720731809855e+00 8.024241935956464431e+02 6.284930636431253603e+00
1.911076337684697979e+00 8.028228184317325713e+02 6.284930636431253603e+00
7.863929483472764659e-01 8.040955808167256009e+02 6.284930636431253603e+00
8.415702976879918529e-01 8.052715038932609559e+02 6.284930636431253603e+00
2.596645961341831566e+00 8.058519670189988346e+02 6.284930636431253603e+00
9.088377106847048692e-01 8.071896682593668402e+02 6.284930636431253603e+00
9.182774924329882849e-01 8.084412594285582827e+02 6.284930636431253603e+00
2.818805008614389873e+00 8.090266666225176095e+02 6.284930636431253603e+00
7.710805705314309755e-01 8.101777039846442676e+02 6.284930636431253603e+00
7.231696090458256121e-01 8.110813482397124972e+02 6.284930636431253603e+00
3.113275406098745979e+00 8.120680825863240671e+02 6.284930636431253603e+00
7.485854229145733063e-01 8.129167704585787533e+02 6.284930636431253603e+00
7.794149948745754397e-01 8.140566041945362485e+02 6.284930636431253603e+00
2.882516817418349309e+00 8.152418761661525650e+02 6.284930636431253603e+00
7.339146129384189754e-01 8.159888672692071623e+02 6.284930636431253603e+00
7.803892028550299953e-01 8.170517422815571535e+02 6.284930636431253603e+00
2.308976275269556844e+00 8.182825035896888721e+02 6.284930636431253603e+00
1.121824597514951671e+00 8.187451474540602021e+02 6.284930636431253603e+00
9.749660828620452246e-01 8.200720158826231909e+02 6.284930636431253603e+00
2.268644973861951630e+00 8.214607588715560951e+02 6.284930636431253603e+00
9.729030159201587091e-01 8.219444406915221180e+02 6.284930636431253603e+00
7.627703461588309919e-01 8.231951136043891211e+02 6.284930636431253603e+00
1.634113784845394601e+00 8.244849360453072222e+02 6.284930636431253603e+00
1.510250832459076209e+00 8.248712522997984706e+02 6.284930636431253603e+00
1.023930332289307410e+00 8.262645216589262418e+02 6.284930636431253603e+00
1.790577278503178826e+00 8.276727434861466008e+02 6.284930636431253603e+00
1.310829142010680570e+00 8.280680423200756195e+02 6.284930636431253603e+00
7.504218671772002747e-01 8.293661254194711319e+02 6.284930636431253603e+00
1.212067268088593330e+00 8.306598659360969350e+02 6.284930636431253603e+00
1.894603033402144199e+00 8.310687437181879886e+02 6.284930636431253603e+00
1.011634007474583541e+00 8.324753119727130297e+02 6.284930636431253603e+00
1.394168674295839461e+00 8.338551568818368196e+02 6.284930636431253603e+00
1.783775955320306306e+00 8.342511469741327801e+02 6.284930636431253603e+00
7.613324847025279007e-01 8.355307119184240037e+02 6.284930636431253603e+00
8.911558029400776793e-01 8.367525094034839412e+02 6.284930636431253603e+00
2.400740097977251963e+00 8.372834936778988322e+02 6.284930636431253603e+00
9.287635964376047548e-01 8.386443076699085850e+02 6.284930636431253603e+00
9.888037213873891451e-01 8.399285971822673673e+02 6.284930636431253603e+00
2.573494375022531866e+00 8.404568518422753414e+02 6.284930636431253603e+00
7.692087228408654997e-01 8.416456995843431059e+02 6.284930636431253603e+00
7.088811151967194801e-01 8.426300221617854049e+02 6.284930636431253603e+00
3.019488124623986192e+00 8.435007758017731021e+02 6.284930636431253603e+00
7.309506512872995243e-01 8.445275062384530429e+02 6.284930636431253603e+00
7.319086164211182632e-01 8.456398398879742899e+02 6.284930636431253603e+00
3.020969511551585107e+00 8.466755611083319764e+02 6.284930636431253603e+00
7.110990160045590480e-01 8.475407383866423743e+02 6.284930636431253603e+00
7.757660659220537713e-01 8.485235397465686447e+02 6.284930636431253603e+00
2.564762043557795579e+00 8.497183863893834541e+02 6.284930636431253603e+00
1.006185106631235060e+00 8.502377911261493182e+02 6.284930636431253603e+00
9.399870228496778335e-01 8.515277889533277857e+02 6.284930636431253603e+00
2.421033825408574369e+00 8.528938966770605248e+02 6.284930636431253603e+00
8.961714624778468474e-01 8.534239167116679710e+02 6.284930636431253603e+00
7.688051504039797868e-01 8.546430745412169472e+02 6.284930636431253603e+00
1.778637290172621954e+00 8.559238402630749079e+02 6.284930636431253603e+00
1.412142779625452871e+00 8.563175985705125868e+02 6.284930636431253603e+00
1.019234305979009880e+00 8.577003427135227867e+02 6.284930636431253603e+00
1.906843485290434570e+00 8.591093825736390954e+02 6.284930636431253603e+00
1.211353482253746172e+00 8.595183887821962117e+02 6.284930636431253603e+00
7.515236502275349784e-01 8.608119048697941480e+02 6.284930636431253603e+00
1.312158930498537268e+00 8.621096800540375398e+02 6.284930636431253603e+00
1.784517204294842729e+00 8.625049618386241264e+02 6.284930636431253603e+00
1.019227754266127661e+00 8.639116874823785110e+02 6.284930636431253603e+00
1.497304194272577771e+00 8.653032427727234790e+02 6.284930636431253603e+00
1.636430607573837070e+00 8.656906210710197911e+02 6.284930636431253603e+00
7.563985186086301660e-01 8.669802071527851695e+02 6.284930636431253603e+00
9.691720191485443392e-01 8.682331468046280634e+02 6.284930636431253603e+00
2.247385118468067766e+00 8.687170407142626800e+02 6.284930636431253603e+00
9.631967616623673401e-01 8.701011120351377031e+02 6.284930636431253603e+00
1.100881723472659557e+00 8.714224906121027061e+02 6.284930636431253603e+00
2.319457987335058924e+00 8.718923198770329464e+02 6.284930636431253603e+00
7.726270290809207353e-01 8.731182296421715137e+02 6.284930636431253603e+00
7.297299576899900497e-01 8.741831448423582742e+02 6.284930636431253603e+00
2.875181223852781631e+00 8.749345997580385301e+02 6.284930636431253603e+00
7.746588489496154528e-01 8.761122841137614614e+02 6.284930636431253603e+00
7.451246584154846975e-01 8.772494758812146074e+02 6.284930636431253603e+00
3.112755486770413249e+00 8.781081690340499790e+02 6.284930636431253603e+00
7.231216246840957984e-01 8.790887126870152315e+02 6.284930636431253603e+00
7.761902065356394154e-01 8.799913937500567727e+02 6.284930636431253603e+00
2.811887300555149682e+00 8.811489375751576745e+02 6.284930636431253603e+00
9.322000160800858470e-01 8.817246531132802829e+02 6.284930636431253603e+00
9.191151549266735055e-01 8.829817859884077507e+02 6.284930636431253603e+00
2.616504288679132983e+00 8.843251793006578509e+02 6.284930636431253603e+00
8.469747434947728637e-01 8.849040320379474451e+02 6.284930636431253603e+00
7.951487539777650770e-01 8.860768574187408149e+02 6.284930636431253603e+00
1.901373105833715327e+00 8.873515366512984883e+02 6.284930636431253603e+00
1.395747762641557976e+00 8.877466994675464775e+02 6.284930636431253603e+00
1.050326858424108556e+00 8.891305677646204231e+02 6.284930636431253603e+00
2.110050228557069918e+00 8.905493155281069448e+02 6.284930636431253603e+00
1.131245254111232557e+00 8.909774460458339718e+02 6.284930636431253603e+00
7.828281497289955038e-01 8.922522138299380003e+02 6.284930636431253603e+00
1.413750125928731061e+00 8.935462121271777960e+02 6.284930636431253603e+00
1.774891379983667639e+00 8.939307863443367523e+02 6.284930636431253603e+00
1.069789698837755765e+00 8.953486826074289411e+02 6.284930636431253603e+00
1.707598849617246062e+00 8.967635366020529091e+02 6.284930636431253603e+00
1.479667330892857624e+00 8.971450248967697689e+02 6.284930636431253603e+00
7.794104556928602712e-01 8.984395281038155190e+02 6.284930636431253603e+00
1.079584922026810334e+00 8.997069913384530082e+02 6.284930636431253603e+00
2.161855229998702388e+00 9.001500120754631098e+02 6.284930636431253603e+00
1.027243647291298023e+00 9.015607059405662085e+02 6.284930636431253603e+00
1.298662281793076634e+00 9.029278537856492903e+02 6.284930636431253603e+00
2.029404191513437539e+00 9.033396855556512719e+02 6.284930636431253603e+00
7.880432138223946170e-01 9.046025085549247251e+02 6.284930636431253603e+00
8.002405051040172301e-01 9.057445613017258665e+02 6.284930636431253603e+00
2.703491282384905769e+00 9.063722498235281364e+02 6.284930636431253603e+00
8.691766117876889020e-01 9.076738607039117142e+02 6.284930636431253603e+00
8.484598253559627601e-01 9.088876649996121841e+02 6.284930636431253603e+00
2.986164291275365201e+00 9.095456822622757045e+02 6.284930636431253603e+00
7.580046698687963325e-01 9.106501079255019704e+02 6.284930636431253603e+00
7.451663541057675921e-01 9.115213781067940317e+02 6.284930636431253603e+00
3.071431084543918999e+00 9.125863419867956736e+02 6.284930636431253603e+00
8.046704347619522135e-01 9.133078509265267257e+02 6.284930636431253603e+00
8.371522650849971825e-01 9.144927490804822128e+02 6.284930636431253603e+00
2.783174381883071202e+00 9.157597824800270701e+02 6.284930636431253603e+00
7.730772243230463747e-01 9.164289145858840584e+02 6.284930636431253603e+00
7.900108141921271532e-01 9.175408702655901152e+02 6.284930636431253603e+00
2.127692878098562890e+00 9.187947840045526391e+02 6.284930636431253603e+00
1.239775707160007956e+00 9.192204554321505157e+02 6.284930636431253603e+00
1.013251466979825377e+00 9.205757127264757855e+02 6.284930636431253603e+00
2.208879578080579442e+00 9.219810177264007507e+02 6.284930636431253603e+00
1.038820657952146842e+00 9.224381005819387838e+02 6.284930636431253603e+00
7.742650167910221093e-01 9.236996907799126575e+02 6.284930636431253603e+00
1.535867234178191820e+00 9.249934245228272403e+02 6.284930636431253603e+00
1.630618910499822105e+00 9.253752493365128657e+02 6.284930636431253603e+00
1.051027994067189386e+00 9.267819841057200847e+02 6.284930636431253603e+00
1.772593081125641623e+00 9.281959415088439300e+02 6.284930636431253603e+00
1.376304324122713751e+00 9.285842644805818509e+02 6.284930636431253603e+00
7.667548338898643179e-01 9.298805101014085039e+02 6.284930636431253603e+00
1.159270370532376582e+00 9.311645560034794471e+02 6.284930636431253603e+00
2.013273676357388187e+00 9.315845136802830666e+02 6.284930636431253603e+00
1.028171096666612438e+00 9.329964640826409550e+02 6.284930636431253603e+00
1.377129055557208881e+00 9.343758392267591262e+02 6.284930636431253603e+00
1.865070240896931519e+00 9.347737617278601192e+02 6.284930636431253603e+00
7.765061760684252024e-01 9.360488027054118447e+02 6.284930636431253603e+00
8.583348760608927597e-01 9.372429208251030559e+02 6.284930636431253603e+00
2.522913136085290109e+00 9.378043924272785716e+02 6.284930636431253603e+00
9.171137025900004680e-01 9.391518034052106714e+02 6.284930636431253603e+00
9.438500380846279736e-01 9.404162437890603314e+02 6.284930636431253603e+00
2.726748801874144146e+00 9.409787351428622060e+02 6.284930636431253603e+00
7.710784807213215686e-01 9.421450851269614759e+02 6.284930636431253603e+00
7.144203875250277891e-01 9.430776055911762796e+02 6.284930636431253603e+00
3.089956481719764447e+00 9.440212774420768937e+02 6.284930636431253603e+00
7.335656834425366979e-01 9.449390597079199097e+02 6.284930636431253603e+00
7.552838668125387844e-01 9.460626305243260958e+02 6.284930636431253603e+00
2.933264509426209088e+00 9.471956026167083564e+02 6.284930636431253603e+00
7.203311167907654466e-01 9.479868617106076272e+02 6.284930636431253603e+00
7.763728745328074554e-01 9.490213406815778399e+02 6.284930636431253603e+00
2.406851378724645496e+00 9.502380398528889600e+02 6.284930636431253603e+00
1.068446308739829265e+00 9.507232355528102516e+02 6.284930636431253603e+00
9.571583466990629674e-01 9.520347028217629486e+02 6.284930636431253603e+00
2.313413274766685124e+00 9.534139687217516439e+02 6.284930636431253603e+00
9.398864697652471456e-01 9.539144137070654779e+02 6.284930636431253603e+00
7.603000431099716794e-01 9.551561069191950537e+02 6.284930636431253603e+00
1.689985016693334785e+00 9.564424054448626293e+02 6.284930636431253603e+00
1.457085901800613259e+00 9.568323778830496167e+02 6.284930636431253603e+00
1.014296364260196537e+00 9.582193368449509308e+02 6.284930636431253603e+00
1.815229597092989478e+00 9.596256911939836982e+02 6.284930636431253603e+00
1.273097574336631510e+00 9.600255328647612032e+02 6.284930636431253603e+00
7.451973635267364893e-01 9.613236665904162237e+02 6.284930636431253603e+00
1.245745672192728470e+00 9.626206136152397903e+02 6.284930636431253603e+00
1.838220554957512132e+00 9.630242143383701432e+02 6.284930636431253603e+00
1.006551240176788209e+00 9.644287045696243013e+02 6.284930636431253603e+00
1.413960255652643827e+00 9.658102398772346078e+02 6.284930636431253603e+00
1.734671113847335411e+00 9.662042696195616145e+02 6.284930636431253603e+00
7.550963895225080158e-01 9.674869791993547778e+02 6.284930636431253603e+00
9.137364990012534216e-01 9.687222571623519798e+02 6.284930636431253603e+00
2.336200269978118804e+00 9.692365169921146162e+02 6.284930636431253603e+00
9.361972536521754318e-01 9.706043538998241047e+02 6.284930636431253603e+00
1.018372043765854329e+00 9.718998967642438629e+02 6.284930636431253603e+00
2.487047821232520661e+00 9.724094496015206914e+02 6.284930636431253603e+00
7.682129134781311430e-01 9.736103608601121095e+02 6.284930636431253603e+00
7.112725191770377098e-01 9.746241782200955868e+02 6.284930636431253603e+00
2.968901170546498491e+00 9.754536878261300217e+02 6.284930636431253603e+00
7.398164720628219726e-01 9.765363779516574141e+02 6.284930636431253603e+00
7.286616104082784817e-01 9.776514935507944983e+02 6.284930636431253603e+00
3.061904932072572638e+00 9.786282698108432214e+02 6.284930636431253603e+00
7.118370307429314758e-01 9.795339272206766736e+02 6.284930636431253603e+00
7.761659583802444917e-01 9.804880522969467620e+02 6.284930636431253603e+00
2.650692185228651354e+00 9.816706515209780264e+02 6.284930636431253603e+00
9.784475481239333083e-01 9.822088519941463574e+02 6.284930636431253603e+00
9.326864611603703503e-01 9.834876134900400757e+02 6.284930636431253603e+00
2.487108695275600745e+00 9.848464249518643783e+02 6.284930636431253603e+00
8.767780984714720338e-01 9.853931793857688035e+02 6.284930636431253603e+00
7.767544623713655838e-01 9.865974431308189878e+02 6.284930636431253603e+00
1.823924956324793012e+00 9.878756975869333701e+02 6.284930636431253603e+00
1.400655112819443326e+00 9.882705563174814642e+02 6.284930636431253603e+00
1.027684956768225577e+00 9.896528461530754157e+02 6.284930636431253603e+00
1.970987996393157138e+00 9.910647632698423877e+02 6.284930636431253603e+00
1.180942933887751956e+00 9.914797711827280864e+02 6.284930636431253603e+00
7.598533054188850722e-01 9.927684002220340744e+02 6.284930636431253603e+00
1.349126820495603285e+00 9.940653376331995332e+02 6.284930636431253603e+00
1.771174934936535772e+00 9.944566320466673233e+02 6.284930636431253603e+00
1.032982264305718934e+00 9.958662831569788523e+02 6.284930636431253603e+00
1.559775921746823890e+00 9.972651206778157302e+02 6.284930636431253603e+00
1.581574863760276450e+00 9.976493542784851343e+02 6.284930636431253603e+00
7.615349913738711507e-01 9.989419392209038051e+02 6.284930636431253603e+00
1.004972169686505490e+00 1.000201692375443145e+03 6.284930636431253603e+00
2.209568679895479892e+00 1.000670180024861907e+03 6.284930636431253603e+00
9.824727854661626791e-01 1.002063456474178111e+03 6.284930636431253603e+00
1.159291224968293843e+00 1.003400214579089152e+03 6.284930636431253603e+00
2.222226817977618119e+00 1.003848593452647265e+03 6.284930636431253603e+00
7.767934365324384860e-01 1.005088035111224144e+03 6.284930636431253603e+00
7.479355805439729110e-01 1.006180558830402560e+03 6.284930636431253603e+00
2.818438886625928674e+00 1.006888586196077313e+03 6.284930636431253603e+00
8.025651239914245449e-01 1.008113265358275953e+03 6.284930636431253603e+00
7.685172846022445547e-01 1.009271864325523438e+03 6.284930636431253603e+00
3.105217036560044885e+00 1.010061583255122287e+03 6.284930636431253603e+00
7.330748441735608356e-01 1.011084378728388174e+03 6.284930636431253603e+00
7.702543382132688299e-01 1.011966025113270462e+03 6.284930636431253603e+00
2.905184650555618919e+00 1.013102043346279402e+03 6.284930636431253603e+00
8.957664435599186348e-01 1.013710882411233342e+03 6.284930636431253603e+00
9.008856068483734880e-01 1.014949787629288949e+03 6.284930636431253603e+00
