1.187485273014596610e+00 2.638818914790734826e-01 3.141592653589661222e+00
9.584443203274097822e-01 1.717316955447842686e+00 3.141592653589661222e+00
1.501122096211422452e+00 2.345317231196767160e+00 3.141592653589661222e+00
1.295890573636899079e+00 3.854611542395519841e+00 3.141592653589661222e+00
1.212467137246698412e+00 4.431891354908048974e+00 3.141592653589661222e+00
1.028987945457993103e+00 5.906739788408511771e+00 3.141592653589661222e+00
1.407507466562322174e+00 6.449300362780427065e+00 3.141592653589661222e+00
7.606299726802092653e-01 7.799151042281556201e+00 3.141592653589661222e+00
1.696091796993133061e+00 8.551642599867134820e+00 3.141592653589661222e+00
1.028486358058307237e+00 9.991299146812826493e+00 3.141592653589661222e+00
1.578556412658253416e+00 1.059787734381544055e+01 3.141592653589661222e+00
8.783813944975095156e-01 1.201497086555332672e+01 3.141592653589661222e+00
1.748896652308066679e+00 1.262950993406961686e+01 3.141592653589661222e+00
6.539039162218445167e-01 1.367679126939417422e+01 3.141592653589661222e+00
1.862343838181258926e+00 1.471468183583015943e+01 3.141592653589661222e+00
7.045632055641644076e-01 1.580852753844203029e+01 3.141592653589661222e+00
1.880821283120887477e+00 1.674361916393507244e+01 3.141592653589661222e+00
6.780443768136938942e-01 1.788184212788678451e+01 3.141592653589661222e+00
1.858629495476189275e+00 1.881072202963884621e+01 3.141592653589661222e+00
8.524890346273381603e-01 1.945246987693855445e+01 3.141592653589661222e+00
1.687504162158636634e+00 2.084045707313741858e+01 3.141592653589661222e+00
9.775228751499240865e-01 2.147108821222256125e+01 3.141592653589661222e+00
1.774636509100104398e+00 2.288559216960469911e+01 3.141592653589661222e+00
7.321213425563305455e-01 2.368733151635139933e+01 3.141592653589661222e+00
1.509607527545404393e+00 2.498996624803575273e+01 3.141592653589661222e+00
1.034806185693180947e+00 2.552553697552486156e+01 3.141592653589661222e+00
1.283276031144793272e+00 2.700157396434871870e+01 3.141592653589661222e+00
1.291196031060966476e+00 2.757511131848872310e+01 3.141592653589661222e+00
1.596476647428372031e+00 2.909221499602757532e+01 3.141592653589661222e+00
9.076932169534571715e-01 2.974988342435488420e+01 3.141592653589661222e+00
1.272156782495799110e+00 3.118317702558823612e+01 3.141592653589661222e+00
1.173874140189383075e+00 3.170115032735267491e+01 3.141592653589661222e+00
1.024942248699933334e+00 3.316633644798675107e+01 3.141592653589661222e+00
1.488375902566789311e+00 3.377773750063806091e+01 3.141592653589661222e+00
1.404325017788774499e+00 3.530537985433051063e+01 3.141592653589661222e+00
1.123249655477860598e+00 3.589498536916001825e+01 3.141592653589661222e+00
1.105007081283389647e+00 3.737027005953642345e+01 3.141592653589661222e+00
1.351509420234412007e+00 3.789493339089830215e+01 3.141592653589661222e+00
8.263352427005925538e-01 3.928981750004481199e+01 3.141592653589661222e+00
1.662009728920204710e+00 3.999314901392757093e+01 3.141592653589661222e+00
1.158929978056381982e+00 4.147949116667022196e+01 3.141592653589661222e+00
1.438816435625693169e+00 4.205886122438504771e+01 3.141592653589661222e+00
9.539790849242976156e-01 4.351392048471702623e+01 3.141592653589661222e+00
1.641744765854023402e+00 4.408133537864907936e+01 3.141592653589661222e+00
6.713180129045372979e-01 4.526284262546823811e+01 3.141592653589661222e+00
1.836364976732466125e+00 4.617952666052899247e+01 3.141592653589661222e+00
7.966088824955186443e-01 4.745216776975732387e+01 3.141592653589661222e+00
1.855096613487172252e+00 4.821238374658737058e+01 3.141592653589661222e+00
7.422797698611297568e-01 4.947125653222087038e+01 3.141592653589661222e+00
1.940149481305382118e+00 5.025611680348166033e+01 3.141592653589661222e+00
7.920305021818035973e-01 5.096818794533481167e+01 3.141592653589661222e+00
1.807992241602783823e+00 5.229034690660430584e+01 3.141592653589661222e+00
8.788097307017668225e-01 5.298001158787310061e+01 3.141592653589661222e+00
1.830896258796356646e+00 5.432923885765638516e+01 3.141592653589661222e+00
6.986006117263831028e-01 5.519422058235311113e+01 3.141592653589661222e+00
1.607251604560778757e+00 5.643103383019552410e+01 3.141592653589661222e+00
1.013835355953111916e+00 5.697157076053601088e+01 3.141592653589661222e+00
1.368918040151165361e+00 5.844259368934382337e+01 3.141592653589661222e+00
1.250649207783057770e+00 5.901520257991432317e+01 3.141592653589661222e+00
1.673262699048684743e+00 6.052815915020092064e+01 3.141592653589661222e+00
8.610390850020083198e-01 6.121770701642986268e+01 3.141592653589661222e+00
1.351669612675289844e+00 6.262568138338219370e+01 3.141592653589661222e+00
1.160668447439277218e+00 6.313672968188624424e+01 3.141592653589661222e+00
1.087520142941636792e+00 6.460983821963597507e+01 3.141592653589661222e+00
1.472544007866112503e+00 6.520872658388786647e+01 3.141592653589661222e+00
1.501072751013299511e+00 6.674872710180214597e+01 3.141592653589661222e+00
1.049014271490632977e+00 6.735749224471385332e+01 3.141592653589661222e+00
1.180189022782203390e+00 6.882493945137032654e+01 3.141592653589661222e+00
1.310817017809805751e+00 6.933658956616407920e+01 3.141592653589661222e+00
8.908665802259325694e-01 7.076110263881480478e+01 3.141592653589661222e+00
1.633856935161700275e+00 7.142999721322871665e+01 3.141592653589661222e+00
1.279752442362970477e+00 7.294742068908007582e+01 3.141592653589661222e+00
1.312424777604658477e+00 7.352069817920893513e+01 3.141592653589661222e+00
1.026270824866039710e+00 7.499440074253170962e+01 3.141592653589661222e+00
1.541836490116806457e+00 7.553196219843052006e+01 3.141592653589661222e+00
7.180740935578050488e-01 7.681306807346985011e+01 3.141592653589661222e+00
1.795962102806038629e+00 7.763516633797758004e+01 3.141592653589661222e+00
9.385539928050793401e-01 7.902698368301021503e+01 3.141592653589661222e+00
1.733443191772635839e+00 7.967732431853447395e+01 3.141592653589661222e+00
8.287624228260591641e-01 8.104140408471236867e+01 3.141592653589661222e+00
1.897116683978924190e+00 8.170804614632240259e+01 3.141592653589661222e+00
6.992550844953878686e-01 8.257706009185311302e+01 3.141592653589661222e+00
1.884316198571516887e+00 8.376516953838550705e+01 3.141592653589661222e+00
7.326545955348000572e-01 8.462190895631785281e+01 3.141592653589661222e+00
1.855903750140393216e+00 8.579549147050738611e+01 3.141592653589661222e+00
6.582247639357921010e-01 8.678325794356227618e+01 3.141592653589661222e+00
1.715818320159602228e+00 8.788690191244674565e+01 3.141592653589661222e+00
9.172269063130450428e-01 8.847538702532226296e+01 3.141592653589661222e+00
1.524720974058687561e+00 8.991354617980596231e+01 3.141592653589661222e+00
1.090676518703459719e+00 9.050446866384987743e+01 3.141592653589661222e+00
1.690656751682158898e+00 9.196877741820186714e+01 3.141592653589661222e+00
7.870661208246571006e-01 9.270277371337230932e+01 3.141592653589661222e+00
1.391550723165518422e+00 9.407064411404745385e+01 3.141592653589661222e+00
1.062982570922371250e+00 9.460359486465469558e+01 3.141592653589661222e+00
1.178202976771626664e+00 9.608087499783739815e+01 3.141592653589661222e+00
1.340804961758776725e+00 9.666119405383801677e+01 3.141592653589661222e+00
1.494077674567494629e+00 9.817843868517535100e+01 3.141592653589661222e+00
9.828565737685475145e-01 9.880035195706332729e+01 3.141592653589661222e+00
1.177124755670158285e+00 1.002581097396843433e+02 3.141592653589661222e+00
1.212194556819613966e+00 1.007841065077244025e+02 3.141592653589661222e+00
9.386761432583150544e-01 1.022315998691875620e+02 3.141592653589661222e+00
1.528582993333962303e+00 1.028685861328525988e+02 3.141592653589661222e+00
1.284642533920861585e+00 1.043782212466893498e+02 3.141592653589661222e+00
1.239437875777506637e+00 1.049539782918666901e+02 3.141592653589661222e+00
1.023036191732396016e+00 1.064283652233456081e+02 3.141592653589661222e+00
1.438563517344863207e+00 1.069713172263284093e+02 3.141592653589661222e+00
7.469715482376817484e-01 1.083047766850652351e+02 3.141592653589661222e+00
1.719819198451735476e+00 1.090745278343382267e+02 3.141592653589661222e+00
1.003565591601816909e+00 1.105029103451003465e+02 3.141592653589661222e+00
1.618391722340475125e+00 1.111190545086348322e+02 3.141592653589661222e+00
8.649225936252054048e-01 1.125243607200967659e+02 3.141592653589661222e+00
1.786856161501154450e+00 1.131508359116196800e+02 3.141592653589661222e+00
6.587550255345231420e-01 1.141546798545783332e+02 3.141592653589661222e+00
1.871731422146736712e+00 1.152300278670128790e+02 3.141592653589661222e+00
6.966485017593759821e-01 1.162650040960039632e+02 3.141592653589661222e+00
1.877118881322966004e+00 1.172588320449601156e+02 3.141592653589661222e+00
6.667528789176121462e-01 1.183606009697317631e+02 3.141592653589661222e+00
1.823989180877828575e+00 1.193329086618408041e+02 3.141592653589661222e+00
8.656858342135708151e-01 1.199613926759935794e+02 3.141592653589661222e+00
1.649565832279930921e+00 1.213626486385529404e+02 3.141592653589661222e+00
1.000431696984576346e+00 1.219824517073877956e+02 3.141592653589661222e+00
1.751142442938520949e+00 1.234089748831907229e+02 3.141592653589661222e+00
7.419944245612720701e-01 1.241938941388531816e+02 3.141592653589661222e+00
1.476746886893350208e+00 1.255133225418067298e+02 3.141592653589661222e+00
1.034516823420466025e+00 1.260504493809043538e+02 3.141592653589661222e+00
1.259623676402642500e+00 1.275266704649282588e+02 3.141592653589661222e+00
1.293743623887298355e+00 1.281010989250157763e+02 3.141592653589661222e+00
1.563329255448491883e+00 1.296158888414432511e+02 3.141592653589661222e+00
9.234281687727239341e-01 1.302632770254867296e+02 3.141592653589661222e+00
1.240928315041076591e+00 1.317039043067918271e+02 3.141592653589661222e+00
1.173950947162491154e+00 1.322262087702553686e+02 3.141592653589661222e+00
1.003243086464053579e+00 1.336881827958565054e+02 3.141592653589661222e+00
1.487612429296465866e+00 1.343040043315046717e+02 3.141592653589661222e+00
1.363870300812972447e+00 1.358246630678418398e+02 3.141592653589661222e+00
1.152255116400568102e+00 1.364088460647242584e+02 3.141592653589661222e+00
1.075543179832109120e+00 1.378849234998743327e+02 3.141592653589661222e+00
1.366151612698166540e+00 1.384162252439852523e+02 3.141592653589661222e+00
8.027851230410688599e-01 1.397977840432931771e+02 3.141592653589661222e+00
1.670043449501491972e+00 1.405159404897374031e+02 3.141592653589661222e+00
1.111612494996683465e+00 1.419871416905790511e+02 3.141592653589661222e+00
1.486690621015197555e+00 1.425734585777804568e+02 3.141592653589661222e+00
9.262452237063386606e-01 1.440173722142642703e+02 3.141592653589661222e+00
1.677428879638335202e+00 1.445997831201925408e+02 3.141592653589661222e+00
6.605763666603862161e-01 1.457383077189865901e+02 3.141592653589661222e+00
1.846348847944672578e+00 1.466945107173844178e+02 3.141592653589661222e+00
7.556078453305211662e-01 1.479111786836397187e+02 3.141592653589661222e+00
1.875178984118226477e+00 1.487254775411794867e+02 3.141592653589661222e+00
7.166285843888888785e-01 1.499429246599908652e+02 3.141592653589661222e+00
1.925018341860934123e+00 1.507763072930976023e+02 3.141592653589661222e+00
8.204882915229929630e-01 1.514544554274403083e+02 3.141592653589661222e+00
1.767904861993708554e+00 1.528067194966968145e+02 3.141592653589661222e+00
9.244158229649934722e-01 1.534674611922194458e+02 3.141592653589661222e+00
1.821346760216987937e+00 1.548492472069228825e+02 3.141592653589661222e+00
7.136337398919349040e-01 1.556886840145112956e+02 3.141592653589661222e+00
1.580531619313185310e+00 1.569522592703992530e+02 3.141592653589661222e+00
1.036468691419621058e+00 1.574845309495894412e+02 3.141592653589661222e+00
1.332714236604893188e+00 1.589597624002145153e+02 3.141592653589661222e+00
1.287119108228423459e+00 1.595319952680819711e+02 3.141592653589661222e+00
1.667760445299843131e+00 1.610537178821384714e+02 3.141592653589661222e+00
8.786308824261848116e-01 1.617344449153168284e+02 3.141592653589661222e+00
1.342308795150650935e+00 1.631500409550106099e+02 3.141592653589661222e+00
1.182715853725616162e+00 1.636572312959331725e+02 3.141592653589661222e+00
1.067438488360622939e+00 1.651276500081332301e+02 3.141592653589661222e+00
1.500309557823729323e+00 1.657322838178860138e+02 3.141592653589661222e+00
1.498031659274791538e+00 1.672758958459356791e+02 3.141592653589661222e+00
1.065437207923086937e+00 1.678813927509637267e+02 3.141592653589661222e+00
1.177459108987724656e+00 1.693509544262953739e+02 3.141592653589661222e+00
1.332648391498261420e+00 1.698604848457009666e+02 3.141592653589661222e+00
8.785128855460695441e-01 1.712781138712433346e+02 3.141592653589661222e+00
1.655128892068872037e+00 1.719555979302831759e+02 3.141592653589661222e+00
1.269563010015809956e+00 1.734721078531488843e+02 3.141592653589661222e+00
1.335215296959341380e+00 1.740450751013852084e+02 3.141592653589661222e+00
1.021178786653973214e+00 1.755174986173069556e+02 3.141592653589661222e+00
1.568517969632243769e+00 1.760561667034666016e+02 3.141592653589661222e+00
7.091914196057348407e-01 1.773196005555394095e+02 3.141592653589661222e+00
1.812109527140141507e+00 1.781586981233996880e+02 3.141592653589661222e+00
9.128312606275081897e-01 1.795334176275497953e+02 3.141592653589661222e+00
1.766462952550729604e+00 1.801993428655064520e+02 3.141592653589661222e+00
8.133109558939226602e-01 1.815458797292230599e+02 3.141592653589661222e+00
1.921507960008719706e+00 1.822309825099225122e+02 3.141592653589661222e+00
7.181637371540648962e-01 1.830596842879100166e+02 3.141592653589661222e+00
1.877790676138620496e+00 1.842814143370620741e+02 3.141592653589661222e+00
7.604630139801145106e-01 1.850897692605080920e+02 3.141592653589661222e+00
1.850080160453419609e+00 1.863130126928805339e+02 3.141592653589661222e+00
6.639440342311393461e-01 1.872675718704826693e+02 3.141592653589661222e+00
1.687013496788115186e+00 1.884079871666154418e+02 3.141592653589661222e+00
9.393077064979413748e-01 1.889833989190074419e+02 3.141592653589661222e+00
1.485422455821241217e+00 1.904317652950491606e+02 3.141592653589661222e+00
1.128053111045099532e+00 1.910156171219719567e+02 3.141592653589661222e+00
1.682222008299801619e+00 1.924928183620097002e+02 3.141592653589661222e+00
8.051437350188802577e-01 1.932135614040776659e+02 3.141592653589661222e+00
1.376652534948100248e+00 1.945935732169068331e+02 3.141592653589661222e+00
1.084178096270248304e+00 1.951215749742456467e+02 3.141592653589661222e+00
1.153670325449322354e+00 1.965988282014596393e+02 3.141592653589661222e+00
1.370840671756154538e+00 1.971826228089907715e+02 3.141592653589661222e+00
1.490645369058678060e+00 1.987048712164544497e+02 3.141592653589661222e+00
1.001133784048907405e+00 1.993222441571345485e+02 3.141592653589661222e+00
1.173372424803549752e+00 2.007831721776279323e+02 3.141592653589661222e+00
1.235458816134895388e+00 2.013063867757596483e+02 3.141592653589661222e+00
9.242507331978588869e-01 2.027484791521513898e+02 3.141592653589661222e+00
1.554039220728757220e+00 2.033933595784548629e+02 3.141592653589661222e+00
1.279901248070906217e+00 2.049042825155775631e+02 3.141592653589661222e+00
1.260085483155638730e+00 2.054791581157973042e+02 3.141592653589661222e+00
1.021446240364703550e+00 2.069532521463601995e+02 3.141592653589661222e+00
1.465082911915103869e+00 2.074955524468992678e+02 3.141592653589661222e+00
7.377465518690751178e-01 2.088154996366089620e+02 3.141592653589661222e+00
1.739943659518869534e+00 2.095991590616977760e+02 3.141592653589661222e+00
9.855102663597740120e-01 2.110185176842454098e+02 3.141592653589661222e+00
1.649603290453583782e+00 2.116428053913491283e+02 3.141592653589661222e+00
8.551427131279514260e-01 2.130382102301747977e+02 3.141592653589661222e+00
1.817174385950526938e+00 2.136744078603535684e+02 3.141592653589661222e+00
6.656929826039388320e-01 2.146429398046642234e+02 3.141592653589661222e+00
1.877860678065533362e+00 2.157482607579222815e+02 3.141592653589661222e+00
6.971870075084533047e-01 2.167353152298348107e+02 3.141592653589661222e+00
1.871746454908952417e+00 2.177771269181817786e+02 3.141592653589661222e+00
6.603736492767147137e-01 2.188491845474396200e+02 3.141592653589661222e+00
1.794305177898511516e+00 2.198565252004684965e+02 3.141592653589661222e+00
8.760836312484493460e-01 2.204753079185327351e+02 3.141592653589661222e+00
1.618122847872185632e+00 2.218863123046761814e+02 3.141592653589661222e+00
1.018995324035851358e+00 2.224982791035183993e+02 3.141592653589661222e+00
1.731318896619862491e+00 2.239336897828980284e+02 3.141592653589661222e+00
7.510123276292929306e-01 2.247049523613915198e+02 3.141592653589661222e+00
1.449996215158384505e+00 2.260377072611690039e+02 3.141592653589661222e+00
1.035268062604702610e+00 2.265758771658239823e+02 3.141592653589661222e+00
1.239517303610855770e+00 2.280522055971104862e+02 3.141592653589661222e+00
1.297179175917552163e+00 2.286275575778030884e+02 3.141592653589661222e+00
1.536771043032254314e+00 2.301406263571151101e+02 3.141592653589661222e+00
9.375995427257922676e-01 2.307799030912958358e+02 3.141592653589661222e+00
1.216489225935044827e+00 2.322260592719603096e+02 3.141592653589661222e+00
1.176544564260235237e+00 2.327514968744098098e+02 3.141592653589661222e+00
9.847608861004040204e-01 2.342103515431309120e+02 3.141592653589661222e+00
1.489796042827002953e+00 2.348305466999302666e+02 3.141592653589661222e+00
1.332623321509476710e+00 2.363457836104444141e+02 3.141592653589661222e+00
1.176982800012639441e+00 2.369264689004764080e+02 3.141592653589661222e+00
1.053582510541963391e+00 2.384023933962313322e+02 3.141592653589661222e+00
1.380936371172682309e+00 2.389389354553391911e+02 3.141592653589661222e+00
7.842149902025530306e-01 2.403081497201683305e+02 3.141592653589661222e+00
1.678786183305659874e+00 2.410398233025032937e+02 3.141592653589661222e+00
1.074725306016988347e+00 2.424979283414693896e+02 3.141592653589661222e+00
1.525551962011329810e+00 2.430917843235185956e+02 3.141592653589661222e+00
9.048572053645718150e-01 2.445251361900964753e+02 3.141592653589661222e+00
1.706869907749613446e+00 2.451207517882073432e+02 3.141592653589661222e+00
6.553114596708908834e-01 2.462220878010934655e+02 3.141592653589661222e+00
1.853446614406300874e+00 2.472119459356761695e+02 3.141592653589661222e+00
7.291722372454106926e-01 2.483790152182083943e+02 3.141592653589661222e+00
1.882142465326268610e+00 2.492418381129886598e+02 3.141592653589661222e+00
6.986478099268242925e-01 2.504259596344269312e+02 3.141592653589661222e+00
1.902032295654193961e+00 2.512992464827021877e+02 3.141592653589661222e+00
8.372306129546023268e-01 2.519584854591387568e+02 3.141592653589661222e+00
1.734396259874858126e+00 2.533284910644799766e+02 3.141592653589661222e+00
9.515417005900548286e-01 2.539737478523782954e+02 3.141592653589661222e+00
1.806234782964485808e+00 2.553728382298594966e+02 3.141592653589661222e+00
7.226179465066039365e-01 2.561955743045321015e+02 3.141592653589661222e+00
1.554223083471128364e+00 2.574765883550533658e+02 3.141592653589661222e+00
1.041611988927250598e+00 2.580078773464351229e+02 3.141592653589661222e+00
1.310250919690784110e+00 2.594841963548441868e+02 3.141592653589661222e+00
1.297139273100178514e+00 2.600568869866708042e+02 3.141592653589661222e+00
1.646391463801225585e+00 2.615793826062835024e+02 3.141592653589661222e+00
8.906681537469558485e-01 2.622514857680964724e+02 3.141592653589661222e+00
1.320036899202361891e+00 2.636740172143697691e+02 3.141592653589661222e+00
1.184595561911813588e+00 2.641835503977360418e+02 3.141592653589661222e+00
1.051286992515471530e+00 2.656519015305440803e+02 3.141592653589661222e+00
1.502385123381613008e+00 2.662596353066174970e+02 3.141592653589661222e+00
1.469738408387387230e+00 2.677993947384048852e+02 3.141592653589661222e+00
1.085411372626249094e+00 2.683990684763977015e+02 3.141592653589661222e+00
1.154983080382395055e+00 2.698712754042133497e+02 3.141592653589661222e+00
1.341726467327895689e+00 2.703847771685164503e+02 3.141592653589661222e+00
8.606575630313844094e-01 2.717948265304169126e+02 3.141592653589661222e+00
1.660727341914497668e+00 2.724811099087260686e+02 3.141592653589661222e+00
1.233921631469984348e+00 2.739888620088078710e+02 3.141592653589661222e+00
1.370739266143676582e+00 2.745625490002158813e+02 3.141592653589661222e+00
9.994224109722421590e-01 2.760304571702554313e+02 3.141592653589661222e+00
1.595531913181901240e+00 2.765773526141418301e+02 3.141592653589661222e+00
6.945445536392765851e-01 2.778140188261900221e+02 3.141592653589661222e+00
1.823008180025356806e+00 2.786787574856230094e+02 3.141592653589661222e+00
8.697767391306575613e-01 2.800216261187708824e+02 3.141592653589661222e+00
1.805329220945709912e+00 2.807162147692403096e+02 3.141592653589661222e+00
7.869863491070195893e-01 2.820334381523903744e+02 3.141592653589661222e+00
1.938423962745089879e+00 2.827513170948869856e+02 3.141592653589661222e+00
7.447872091541776207e-01 2.835315419310403513e+02 3.141592653589661222e+00
1.858195195262306809e+00 2.847945717803648336e+02 3.141592653589661222e+00
8.026561956740150272e-01 2.855497234191867619e+02 3.141592653589661222e+00
1.841792325247678219e+00 2.868283173252007145e+02 3.141592653589661222e+00
6.749501239487059046e-01 2.877444582545107323e+02 3.141592653589661222e+00
1.652455085395191592e+00 2.889267746167593032e+02 3.141592653589661222e+00
9.673133884255311621e-01 2.894876196901043386e+02 3.141592653589661222e+00
1.437742367857422154e+00 2.909464974984473997e+02 3.141592653589661222e+00
1.175037061182280906e+00 2.915240522898913582e+02 3.141592653589661222e+00
1.674377335104431763e+00 2.930158937638138354e+02 3.141592653589661222e+00
8.276914007268043605e-01 2.937222439997808578e+02 3.141592653589661222e+00
1.361836402555874681e+00 2.951152295059495145e+02 3.141592653589661222e+00
1.112086774227625696e+00 2.956370631898678880e+02 3.141592653589661222e+00
1.125242606269480028e+00 2.971133732483835956e+02 3.141592653589661222e+00
1.409059568589559053e+00 2.977024128134674470e+02 3.141592653589661222e+00
1.489515832798222528e+00 2.992309793244124876e+02 3.141592653589661222e+00
1.022476036811205580e+00 2.998437374141057035e+02 3.141592653589661222e+00
1.171620414018920586e+00 3.013079139325655547e+02 3.141592653589661222e+00
1.264777762583322529e+00 3.018273519878974298e+02 3.141592653589661222e+00
9.083188514830037308e-01 3.032623679815260402e+02 3.141592653589661222e+00
1.585394563855645256e+00 3.039171488099547105e+02 3.141592653589661222e+00
1.275654256268365261e+00 3.054297877869916533e+02 3.141592653589661222e+00
1.284273604999621954e+00 3.060038484107092813e+02 3.141592653589661222e+00
1.020632495551411667e+00 3.074775148190157665e+02 3.141592653589661222e+00
1.497340477136670511e+00 3.080187952390826922e+02 3.141592653589661222e+00
7.277236447584709556e-01 3.093218488338285965e+02 3.141592653589661222e+00
1.763580704563249668e+00 3.101225128851779118e+02 3.141592653589661222e+00
9.634402753360890026e-01 3.115297887404620951e+02 3.141592653589661222e+00
1.686869699313884308e+00 3.121651771539201263e+02 3.141592653589661222e+00
8.428374024592120151e-01 3.135472797307352835e+02 3.141592653589661222e+00
1.852294719333621886e+00 3.141966244325551543e+02 3.141592653589661222e+00
6.775847515723062431e-01 3.151217857754759279e+02 3.141592653589661222e+00
1.882243935512516897e+00 3.162635391031716949e+02 3.141592653589661222e+00
7.063017050604541991e-01 3.171924906166311757e+02 3.141592653589661222e+00
1.863377140097613127e+00 3.182926842779907588e+02 3.141592653589661222e+00
6.561464594839993003e-01 3.193279981602285034e+02 3.141592653589661222e+00
1.757209300433294263e+00 3.203780236735298104e+02 3.141592653589661222e+00
8.899154583430790577e-01 3.209851920537872729e+02 3.141592653589661222e+00
1.578400622955782318e+00 3.224075549324824692e+02 3.141592653589661222e+00
1.043913885797647545e+00 3.230105279599529240e+02 3.141592653589661222e+00
1.707826142237602873e+00 3.244567709745286948e+02 3.141592653589661222e+00
7.641173575532383966e-01 3.252112252255894873e+02 3.141592653589661222e+00
1.418643121079562253e+00 3.265600052099622985e+02 3.141592653589661222e+00
1.039773342936245681e+00 3.270983859279175476e+02 3.141592653589661222e+00
1.213378441533708996e+00 3.285749144741138252e+02 3.141592653589661222e+00
1.306235746627657068e+00 3.291518015571869000e+02 3.141592653589661222e+00
1.507656684378101630e+00 3.306638519210724212e+02 3.141592653589661222e+00
9.568734462286202502e-01 3.312938996922559909e+02 3.141592653589661222e+00
1.190162059974474662e+00 3.327461062566285932e+02 3.141592653589661222e+00
1.184820416012493327e+00 3.332742607958512622e+02 3.141592653589661222e+00
9.619326433379804531e-01 3.347285404794988608e+02 3.141592653589661222e+00
1.498208198811308289e+00 3.353552823778651941e+02 3.141592653589661222e+00
1.299486073751162651e+00 3.368650040430557624e+02 3.141592653589661222e+00
1.207764881024802284e+00 3.374426264084382296e+02 3.141592653589661222e+00
1.031257844931840140e+00 3.389176159115650080e+02 3.141592653589661222e+00
1.403164843377442406e+00 3.394596839986351142e+02 3.141592653589661222e+00
7.634093942696600354e-01 3.408122323683774084e+02 3.141592653589661222e+00
1.692987551257409518e+00 3.415618482075624911e+02 3.141592653589661222e+00
1.033741149308190499e+00 3.430037358679663271e+02 3.141592653589661222e+00
1.571670939392054267e+00 3.436086094875698222e+02 3.141592653589661222e+00
8.813227709784748898e-01 3.450278192532101116e+02 3.141592653589661222e+00
1.742962581071821671e+00 3.456400408414518779e+02 3.141592653589661222e+00
6.536095926909919474e-01 3.466945867100842520e+02 3.141592653589661222e+00
1.860985664434853026e+00 3.477261070516493646e+02 3.141592653589661222e+00
7.069008240687388867e-01 3.488298007707581974e+02 3.141592653589661222e+00
1.881343984124693502e+00 3.497551202989668013e+02 3.141592653589661222e+00
6.803955048168958131e-01 3.508994374890633594e+02 3.141592653589661222e+00
1.864580886930245596e+00 3.518209736397287770e+02 3.141592653589661222e+00
8.505298388432233070e-01 3.524648796192102509e+02 3.141592653589661222e+00
1.693778210195265199e+00 3.538506334392894814e+02 3.141592653589661222e+00
9.741212328954177435e-01 3.544830732516868466e+02 3.141592653589661222e+00
1.778922625536314639e+00 3.558956629714149358e+02 3.141592653589661222e+00
7.307555902151331439e-01 3.567001931137662041e+02 3.141592653589661222e+00
1.515525713736715074e+00 3.579999952491916702e+02 3.141592653589661222e+00
1.035585054744564193e+00 3.585350383676470187e+02 3.141592653589661222e+00
1.286987751487759679e+00 3.600111062173035634e+02 3.141592653589661222e+00
1.291795524291344144e+00 3.605845196624154028e+02 3.141592653589661222e+00
1.602989778453304481e+00 3.621023021508576676e+02 3.141592653589661222e+00
9.052661931773711146e-01 3.627618511015016338e+02 3.141592653589661222e+00
1.278315547118170636e+00 3.641937805949805806e+02 3.141592653589661222e+00
1.174873800967321413e+00 3.647107275850750057e+02 3.141592653589661222e+00
1.028610073167520067e+00 3.661763884333435612e+02 3.141592653589661222e+00
1.489728500382876408e+00 3.667872002138811922e+02 3.141592653589661222e+00
1.412576477126558316e+00 3.683163639026248006e+02 3.141592653589661222e+00
1.118143269100937420e+00 3.689071323529641404e+02 3.141592653589661222e+00
1.111168228706843841e+00 3.703821587637869470e+02 3.141592653589661222e+00
1.349722918790976500e+00 3.709054155520724976e+02 3.141592653589661222e+00
8.307898810705964809e-01 3.723024870221494780e+02 3.141592653589661222e+00
1.661392768170263823e+00 3.730033722874604223e+02 3.141592653589661222e+00
1.168331747363795969e+00 3.744925625381088139e+02 3.141592653589661222e+00
1.429983924480095814e+00 3.750708931773029349e+02 3.141592653589661222e+00
9.595901539082999365e-01 3.765278521338232736e+02 3.141592653589661222e+00
1.635571128670309182e+00 3.770924907984277183e+02 3.141592653589661222e+00
6.738485302090826412e-01 3.782815361058695771e+02 3.141592653589661222e+00
1.834670047235338997e+00 3.791912005768306813e+02 3.141592653589661222e+00
8.051764610115921261e-01 3.804735727287315399e+02 3.141592653589661222e+00
1.850156684426320641e+00 3.812245197424710454e+02 3.141592653589661222e+00
7.475332931926620406e-01 3.824910244014461682e+02 3.141592653589661222e+00
1.941616256516526029e+00 3.832670295778129343e+02 3.141592653589661222e+00
7.862833209620802011e-01 3.839864928602323175e+02 3.141592653589661222e+00
1.815076092759413395e+00 3.853021696793468323e+02 3.141592653589661222e+00
8.695754911859002734e-01 3.859984363152898936e+02 3.141592653589661222e+00
1.832289351980299852e+00 3.873403620156435636e+02 3.141592653589661222e+00
6.956056755997508390e-01 3.882108011897151414e+02 3.141592653589661222e+00
1.612302854289292098e+00 3.894418630624213620e+02 3.141592653589661222e+00
1.008596841080219519e+00 3.899844792449877673e+02 3.141592653589661222e+00
1.376555331580972430e+00 3.914543899720364948e+02 3.141592653589661222e+00
1.242233326270884675e+00 3.920272743144305991e+02 3.141592653589661222e+00
1.673362458419807464e+00 3.935380322461566607e+02 3.141592653589661222e+00
8.573592678654533561e-01 3.942293154393335044e+02 3.141592653589661222e+00
1.352696423890114241e+00 3.956357565960341276e+02 3.141592653589661222e+00
1.155274453364559362e+00 3.961479418088160287e+02 3.141592653589661222e+00
1.091606220380531900e+00 3.976215283324372649e+02 3.141592653589661222e+00
1.465644808692010859e+00 3.982192230152058983e+02 3.141592653589661222e+00
1.499963181797519640e+00 3.997580388870791808e+02 3.141592653589661222e+00
1.046108517169890950e+00 4.003672406305048526e+02 3.141592653589661222e+00
1.179366393630292498e+00 4.018343392920668862e+02 3.141592653589661222e+00
1.305814456196642492e+00 4.023467979864424819e+02 3.141592653589661222e+00
8.928283196623137963e-01 4.037725463551234384e+02 3.141592653589661222e+00
1.628713925251729533e+00 4.044398359752491956e+02 3.141592653589661222e+00
1.279767806524037432e+00 4.059568712880576413e+02 3.141592653589661222e+00
1.309075513895408438e+00 4.065302294775372616e+02 3.141592653589661222e+00
1.025962012580152072e+00 4.080039779376321007e+02 3.141592653589661222e+00
1.536853898758609560e+00 4.085418296847602733e+02 3.141592653589661222e+00
7.192534483390027322e-01 4.098256062011926133e+02 3.141592653589661222e+00
1.792526405173296755e+00 4.106451261127824637e+02 3.141592653589661222e+00
9.418709369078632765e-01 4.120390787348841286e+02 3.141592653589661222e+00
1.727989509458790485e+00 4.126874011733837051e+02 3.141592653589661222e+00
8.306995714899410022e-01 4.140538666362177196e+02 3.141592653589661222e+00
1.892258909855149440e+00 4.147181383294591228e+02 3.141592653589661222e+00
6.963870488592024399e-01 4.155937890685489720e+02 3.141592653589661222e+00
1.884592759049588784e+00 4.167764186216905387e+02 3.141592653589661222e+00
7.287426479439438332e-01 4.176414434378260694e+02 3.141592653589661222e+00
1.856729500274861833e+00 4.188065608289174975e+02 3.141592653589661222e+00
6.575861841823754661e-01 4.197998899159649682e+02 3.141592653589661222e+00
1.720515825616692585e+00 4.208973295939682089e+02 3.141592653589661222e+00
9.136542381293133452e-01 4.214880754639569886e+02 3.141592653589661222e+00
1.531155768647973980e+00 4.229244155235639937e+02 3.141592653589661222e+00
1.084621678536488831e+00 4.235166696287316199e+02 3.141592653589661222e+00
1.692161243391642644e+00 4.249787676178945617e+02 3.141592653589661222e+00
7.841502696421137619e-01 4.257150558577999391e+02 3.141592653589661222e+00
1.394186591319666713e+00 4.270808070962573879e+02 3.141592653589661222e+00
1.059626308327052957e+00 4.276145726036740484e+02 3.141592653589661222e+00
1.182317547746235764e+00 4.290917927669855203e+02 3.141592653589661222e+00
1.335963387863846163e+00 4.296716135505353691e+02 3.141592653589661222e+00
1.494801455818407732e+00 4.311880388332915004e+02 3.141592653589661222e+00
9.798195975765537913e-01 4.318107559957417720e+02 3.141592653589661222e+00
1.177899019321906549e+00 4.332679503020410152e+02 3.141592653589661222e+00
1.208443432622632097e+00 4.337943878164618923e+02 3.141592653589661222e+00
9.411372406396996126e-01 4.352427245222091869e+02 3.141592653589661222e+00
1.524423471160997634e+00 4.358784452427675546e+02 3.141592653589661222e+00
1.285479906016365081e+00 4.373878663562609290e+02 3.141592653589661222e+00
1.236020615165420056e+00 4.379637873697747068e+02 3.141592653589661222e+00
1.023346873826147529e+00 4.394382117045866494e+02 3.141592653589661222e+00
1.434230976066232843e+00 4.399812662690713410e+02 3.141592653589661222e+00
7.485499819464724869e-01 4.413168875175799144e+02 3.141592653589661222e+00
1.716463794956339939e+00 4.420843863477683726e+02 3.141592653589661222e+00
1.006464935269076655e+00 4.435141496955751563e+02 3.141592653589661222e+00
1.613277537914828530e+00 4.441290570799253032e+02 3.141592653589661222e+00
8.664651675985133306e-01 4.455358814160229031e+02 3.141592653589661222e+00
1.781799074653882098e+00 4.461608758059483648e+02 3.141592653589661222e+00
6.578592873118797035e-01 4.471704137033154893e+02 3.141592653589661222e+00
1.870516484885904607e+00 4.482409006706215564e+02 3.141592653589661222e+00
6.971285909258414515e-01 4.492836049048437985e+02 3.141592653589661222e+00
1.877737617610506726e+00 4.502697022429688332e+02 3.141592653589661222e+00
6.679967701707529848e-01 4.513762541946344982e+02 3.141592653589661222e+00
1.828570180162458536e+00 4.523428984489132745e+02 3.141592653589661222e+00
8.639161517388830314e-01 4.529730795858347960e+02 3.141592653589661222e+00
1.654583923342721308e+00 4.543726521508008886e+02 3.141592653589661222e+00
9.973364245512154058e-01 4.549938242990023696e+02 3.141592653589661222e+00
1.754174333655442952e+00 4.564187964380435574e+02 3.141592653589661222e+00
7.405925683542270432e-01 4.572059198751737199e+02 3.141592653589661222e+00
1.480959168997413533e+00 4.585231718343381431e+02 3.141592653589661222e+00
1.034353185458646962e+00 4.590601611611524504e+02 3.141592653589661222e+00
1.262809468814014568e+00 4.605363481463908784e+02 3.141592653589661222e+00
1.293129576401270464e+00 4.611106441444196662e+02 3.141592653589661222e+00
1.567447538179044919e+00 4.626256684783425612e+02 3.141592653589661222e+00
9.212601925478147713e-01 4.632743579266439156e+02 3.141592653589661222e+00
1.244777941038328173e+00 4.647140730526045331e+02 3.141592653589661222e+00
1.173613605505231305e+00 4.652358908791145495e+02 3.141592653589661222e+00
1.006111691587123103e+00 4.666983221128409696e+02 3.141592653589661222e+00
1.487329205681564570e+00 4.673134977029741322e+02 3.141592653589661222e+00
1.368786478368080539e+00 4.688349856189275329e+02 3.141592653589661222e+00
1.148453985568427704e+00 4.694197867057777671e+02 3.141592653589661222e+00
1.079057293173880883e+00 4.708958203211531668e+02 3.141592653589661222e+00
1.363963600997190051e+00 4.714263220136410837e+02 3.141592653589661222e+00
8.057370014892717425e-01 4.728097035178046781e+02 3.141592653589661222e+00
1.668738934311086775e+00 4.735258447879556343e+02 3.141592653589661222e+00
1.117438069501610176e+00 4.749989988789698145e+02 3.141592653589661222e+00
1.480580753482237055e+00 4.755842983535434882e+02 3.141592653589661222e+00
9.296281883658629175e-01 4.770297306282002410e+02 3.141592653589661222e+00
1.672763958106997517e+00 4.776101881816692867e+02 3.141592653589661222e+00
6.616781337958856923e-01 4.787543827832060401e+02 3.141592653589661222e+00
1.845086858945924613e+00 4.797054162392244621e+02 3.141592653589661222e+00
7.603305561315225614e-01 4.809295420946492641e+02 3.141592653589661222e+00
1.873292299922187265e+00 4.817365799620307030e+02 3.141592653589661222e+00
7.196645333163569358e-01 4.829593003667470725e+02 3.141592653589661222e+00
1.927708237607260511e+00 4.837864480401566425e+02 3.141592653589661222e+00
8.172416912589237636e-01 4.844682944732192595e+02 3.141592653589661222e+00
1.773132325757006411e+00 4.858172185998369628e+02 3.141592653589661222e+00
9.192089844181459135e-01 4.864810175476832228e+02 3.141592653589661222e+00
1.822958582133340499e+00 4.878593352961871688e+02 3.141592653589661222e+00
7.119111226228809208e-01 4.887016820875641088e+02 3.141592653589661222e+00
1.584106789808342963e+00 4.899622165705583257e+02 3.141592653589661222e+00
1.034400497872975500e+00 4.904951657481432790e+02 3.141592653589661222e+00
1.336803675737201269e+00 4.919700401704762385e+02 3.141592653589661222e+00
1.283709106445484416e+00 4.925422394441555412e+02 3.141592653589661222e+00
1.669406496239278725e+00 4.940632532196245279e+02 3.141592653589661222e+00
8.765960278707529696e-01 4.947451444586459388e+02 3.141592653589661222e+00
1.344307443339082919e+00 4.961597620612463402e+02 3.141592653589661222e+00
1.180929031776982940e+00 4.966671036574494451e+02 3.141592653589661222e+00
1.069890207646906344e+00 4.981378619438625037e+02 3.141592653589661222e+00
1.498096760457834575e+00 4.987418676273765641e+02 3.141592653589661222e+00
1.499951806142194810e+00 5.002854382458136229e+02 3.141592653589661222e+00
1.063033621950565388e+00 5.008915397078174578e+02 3.141592653589661222e+00
1.179024586512918304e+00 5.023607705022256482e+02 3.141592653589661222e+00
1.330501882812294978e+00 5.028702219152569342e+02 3.141592653589661222e+00
8.805026070519443859e-01 5.042888114115392000e+02 3.141592653589661222e+00
1.653239906421275496e+00 5.049651389736956162e+02 3.141592653589661222e+00
1.272522078282692481e+00 5.064822431260074609e+02 3.141592653589661222e+00
1.331361326545700274e+00 5.070552241367411170e+02 3.141592653589661222e+00
1.022916670746307544e+00 5.085279900895251330e+02 3.141592653589661222e+00
1.564908730792160529e+00 5.090660870503394904e+02 3.141592653589661222e+00
7.107898409549711083e-01 5.103324300402103972e+02 3.141592653589661222e+00
1.810253045844714359e+00 5.111687305356535944e+02 3.141592653589661222e+00
9.174793313086119229e-01 5.125466160535661402e+02 3.141592653589661222e+00
1.761465224401549623e+00 5.132097063634076903e+02 3.141592653589661222e+00
8.161389940409573551e-01 5.145593201635213063e+02 3.141592653589661222e+00
1.918484899914434383e+00 5.152410704031086652e+02 3.141592653589661222e+00
7.151375363884150405e-01 5.160758891165440900e+02 3.141592653589661222e+00
1.879394834693043359e+00 5.172924661045411767e+02 3.141592653589661222e+00
7.558251593911401445e-01 5.181079290306375924e+02 3.141592653589661222e+00
1.851112015478290962e+00 5.193238527171623673e+02 3.141592653589661222e+00
6.628935181875938998e-01 5.202833822934104546e+02 3.141592653589661222e+00
1.691484290865733486e+00 5.214183189714707396e+02 3.141592653589661222e+00
9.359929894005291073e-01 5.219956020589079344e+02 3.141592653589661222e+00
1.491397711841033091e+00 5.234425321775386237e+02 3.141592653589661222e+00
1.122432044018634612e+00 5.240273312158062708e+02 3.141592653589661222e+00
1.683552254797723302e+00 5.255026765331999741e+02 3.141592653589661222e+00
8.023870722685625401e-01 5.262253716386722999e+02 3.141592653589661222e+00
1.378911274834642375e+00 5.276036091092910283e+02 3.141592653589661222e+00
1.080997862129576159e+00 5.281323173334913008e+02 3.141592653589661222e+00
1.157349126250156290e+00 5.296096237191635510e+02 3.141592653589661222e+00
1.366380229539331470e+00 5.301928485646038780e+02 3.141592653589661222e+00
1.491272900455740569e+00 5.317143888165019234e+02 3.141592653589661222e+00
9.983511950761440046e-01 5.323324444173819074e+02 3.141592653589661222e+00
1.174013569686342073e+00 5.337929045846224199e+02 3.141592653589661222e+00
1.231972825001330873e+00 5.343165067596580684e+02 3.141592653589661222e+00
9.264518300779400750e-01 5.357594566929237772e+02 3.141592653589661222e+00
1.550277709856968222e+00 5.364031127104947245e+02 3.141592653589661222e+00
1.280826649535452555e+00 5.379139057180899499e+02 3.141592653589661222e+00
1.256847085994120983e+00 5.384889084345460333e+02 3.141592653589661222e+00
1.021822154435357177e+00 5.399630717489451399e+02 3.141592653589661222e+00
1.461030426798052062e+00 5.405054159311706599e+02 3.141592653589661222e+00
7.391937461974948942e-01 5.418275233894694338e+02 3.141592653589661222e+00
1.736954227833042097e+00 5.426089778479658889e+02 3.141592653589661222e+00
9.885136369062450523e-01 5.440298839864431102e+02 3.141592653589661222e+00
1.644707326132761604e+00 5.446527874651700358e+02 3.141592653589661222e+00
8.568052967529683484e-01 5.460498575931118239e+02 3.141592653589661222e+00
1.812581665432646760e+00 5.466843891377864111e+02 3.141592653589661222e+00
6.644536197860194671e-01 5.476585126602462879e+02 3.141592653589661222e+00
1.877119217785885308e+00 5.487590974446147811e+02 3.141592653589661222e+00
6.967093528501064892e-01 5.497537285308337687e+02 3.141592653589661222e+00
1.872808683904796823e+00 5.507879526926976723e+02 3.141592653589661222e+00
6.612427150074889903e-01 5.518647201738122021e+02 3.141592653589661222e+00
1.799200923236565997e+00 5.528665208985592017e+02 3.141592653589661222e+00
8.745489120694156515e-01 5.534867187502246679e+02 3.141592653589661222e+00
1.623137848776046388e+00 5.548962733281889541e+02 3.141592653589661222e+00
1.016195100884045743e+00 5.555093929525196472e+02 3.141592653589661222e+00
1.734647279473069847e+00 5.569435076469814021e+02 3.141592653589661222e+00
7.495654750471876238e-01 5.577169346252014748e+02 3.141592653589661222e+00
1.454371681784805581e+00 5.590475961604519171e+02 3.141592653589661222e+00
1.035256489592740081e+00 5.595855494659433589e+02 3.141592653589661222e+00
1.242738824055940272e+00 5.610618798303755739e+02 3.141592653589661222e+00
1.296783266344307517e+00 5.616370749606730897e+02 3.141592653589661222e+00
1.541217457489729936e+00 5.631504813846262323e+02 3.141592653589661222e+00
9.352659720345968264e-01 5.637910639679205360e+02 3.141592653589661222e+00
1.220528387610618548e+00 5.652363512525092801e+02 3.141592653589661222e+00
1.176146968170040941e+00 5.657612496520687273e+02 3.141592653589661222e+00
9.878005165179748470e-01 5.672206344769456337e+02 3.141592653589661222e+00
1.489491016447115346e+00 5.678400954421285860e+02 3.141592653589661222e+00
1.337810001085793399e+00 5.693562630524155566e+02 3.141592653589661222e+00
1.172876567561337513e+00 5.699374709150049512e+02 3.141592653589661222e+00
1.057187888204106363e+00 5.714134752146948131e+02 3.141592653589661222e+00
1.378472118470873697e+00 5.719491196654308851e+02 3.141592653589661222e+00
7.872384788493230756e-01 5.733204399496609085e+02 3.141592653589661222e+00
1.677366288892159663e+00 5.740498238298147271e+02 3.141592653589661222e+00
1.080793465966509492e+00 5.755101762364256501e+02 3.141592653589661222e+00
1.519201887134617568e+00 5.761026612101929913e+02 3.141592653589661222e+00
9.083801591624502958e-01 5.775378607312635495e+02 3.141592653589661222e+00
1.702132852689350218e+00 5.781311993430102802e+02 3.141592653589661222e+00
6.559700989091036272e-01 5.792387394041652442e+02 3.141592653589661222e+00
1.852434993511050898e+00 5.802230090322681235e+02 3.141592653589661222e+00
7.330566789256790505e-01 5.813984339982341680e+02 3.141592653589661222e+00
1.881613557866963271e+00 5.822530613359841709e+02 3.141592653589661222e+00
7.014432684246241223e-01 5.834426029107672775e+02 3.141592653589661222e+00
1.906504543666460272e+00 5.843093389623551275e+02 3.141592653589661222e+00
8.350043576895812558e-01 5.849711235012556472e+02 3.141592653589661222e+00
1.739884935023701784e+00 5.863386344855837251e+02 3.141592653589661222e+00
9.478799445474341834e-01 5.869859828815979199e+02 3.141592653589661222e+00
1.809370229569232880e+00 5.883827974431125085e+02 3.141592653589661222e+00
7.213982750923745302e-01 5.892080873414212192e+02 3.141592653589661222e+00
1.559048511560388262e+00 5.904864368226993747e+02 3.141592653589661222e+00
1.041787125037794137e+00 5.910174750875671634e+02 3.141592653589661222e+00
1.313539267011743839e+00 5.924937492204337559e+02 3.141592653589661222e+00
1.296962467967359478e+00 5.930663497800328514e+02 3.141592653589661222e+00
1.651316399631882481e+00 5.945891848820944006e+02 3.141592653589661222e+00
8.887701207511723434e-01 5.952628756602089197e+02 3.141592653589661222e+00
1.324929313302211309e+00 5.966841690943348340e+02 3.141592653589661222e+00
1.185437066154211072e+00 5.971929096088479128e+02 3.141592653589661222e+00
1.054074918894297275e+00 5.986615911631752169e+02 3.141592653589661222e+00
1.503491487003322247e+00 5.992689174262081906e+02 3.141592653589661222e+00
1.476393695249514249e+00 6.008098214591356054e+02 3.141592653589661222e+00
1.081498795808641722e+00 6.014106810135348269e+02 3.141592653589661222e+00
1.160211546498034707e+00 6.028824088454903176e+02 3.141592653589661222e+00
1.340719898672168009e+00 6.033948284712207624e+02 3.141592653589661222e+00
8.642682476609500064e-01 6.048063408162350925e+02 3.141592653589661222e+00
1.660526079706843516e+00 6.054909576050836222e+02 3.141592653589661222e+00
1.241829251520843780e+00 6.070007808523215544e+02 3.141592653589661222e+00
1.363518175440763258e+00 6.075741940444257807e+02 3.141592653589661222e+00
1.004281981614443930e+00 6.090431798958827585e+02 3.141592653589661222e+00
1.590543528552595287e+00 6.095881302608537453e+02 3.141592653589661222e+00
6.974427528633768691e-01 6.108302938446595363e+02 3.141592653589661222e+00
1.821319045406205817e+00 6.116897848854628137e+02 3.141592653589661222e+00
8.783873301124142108e-01 6.130394411389339666e+02 3.141592653589661222e+00
1.798309795696723556e+00 6.137278694753617856e+02 3.141592653589661222e+00
7.922540767821868446e-01 6.150511541186345994e+02 3.141592653589661222e+00
1.936203021032742333e+00 6.157621787920946872e+02 3.141592653589661222e+00
7.394956665082519365e-01 6.165513313050558963e+02 3.141592653589661222e+00
1.862710001622980727e+00 6.178067028100763309e+02 3.141592653589661222e+00
7.941523298643035078e-01 6.185712318729983963e+02 3.141592653589661222e+00
1.843264437677621492e+00 6.198399762997440803e+02 3.141592653589661222e+00
6.725544330067869669e-01 6.207630558228228210e+02 3.141592653589661222e+00
1.658626457582280000e+00 6.219378673974466665e+02 3.141592653589661222e+00
9.618377211682290762e-01 6.225013985521815130e+02 3.141592653589661222e+00
1.446576980099386400e+00 6.239584434899940106e+02 3.141592653589661222e+00
1.165943405092220830e+00 6.245370009688924711e+02 3.141592653589661222e+00
1.675330515963346034e+00 6.260261134868309227e+02 3.141592653589661222e+00
8.234416690094004121e-01 6.267349518336649226e+02 3.141592653589661222e+00
1.364034264425157517e+00 6.281257052478501919e+02 3.141592653589661222e+00
1.106480209731419695e+00 6.286487883918121042e+02 3.141592653589661222e+00
1.130364760261294066e+00 6.301253437344304302e+02 3.141592653589661222e+00
1.401507588485015443e+00 6.307133104419733627e+02 3.141592653589661222e+00
1.489023524956139877e+00 6.322405732406822381e+02 3.141592653589661222e+00
1.018696127557630504e+00 6.328540493892174936e+02 3.141592653589661222e+00
1.171350393518889144e+00 6.343176976855229441e+02 3.141592653589661222e+00
1.259099433138975321e+00 6.348379647347775290e+02 3.141592653589661222e+00
9.109860766746283867e-01 6.362743078021591145e+02 3.141592653589661222e+00
1.579343899110144944e+00 6.369272536916497529e+02 3.141592653589661222e+00
1.275832492348166536e+00 6.384394329541747766e+02 3.141592653589661222e+00
1.280139188990805144e+00 6.390136193096224133e+02 3.141592653589661222e+00
1.020369066794365231e+00 6.404873286598855202e+02 3.141592653589661222e+00
1.491424510294982797e+00 6.410289339075188764e+02 3.141592653589661222e+00
7.293091537521977363e-01 6.423349900657875651e+02 3.141592653589661222e+00
1.759233713184306547e+00 6.431326637935483177e+02 3.141592653589661222e+00
9.670965307838003122e-01 6.445420399387495536e+02 3.141592653589661222e+00
1.680350611557803520e+00 6.451754485262813432e+02 3.141592653589661222e+00
8.448779230197545065e-01 6.465599278375402719e+02 3.141592653589661222e+00
1.846051110049510946e+00 6.472069620077542140e+02 3.141592653589661222e+00
6.751628561576643595e-01 6.481398187567295963e+02 3.141592653589661222e+00
1.881595198309070627e+00 6.492751536804497619e+02 3.141592653589661222e+00
7.039692101326997520e-01 6.502143033862627135e+02 3.141592653589661222e+00
1.864759181721262316e+00 6.513042154352527859e+02 3.141592653589661222e+00
6.565386533795756208e-01 6.523460732991463829e+02 3.141592653589661222e+00
1.763530389671768228e+00 6.533885775669943996e+02 3.141592653589661222e+00
8.870627862502356020e-01 6.539979728629007241e+02 3.141592653589661222e+00
1.585565857680359292e+00 6.554182611565428260e+02 3.141592653589661222e+00
1.038862719238139443e+00 6.560228697496230552e+02 3.141592653589661222e+00
1.711470356771403578e+00 6.574670059886506124e+02 3.141592653589661222e+00
7.614902585704876881e-01 6.582244244141213585e+02 3.141592653589661222e+00
1.423664419668831060e+00 6.595704053338608901e+02 3.141592653589661222e+00
1.038176105151209949e+00 6.601090176760103532e+02 3.141592653589661222e+00
1.218152107236749604e+00 6.615854721616420875e+02 3.141592653589661222e+00
1.303557430943659057e+00 6.621620326483246117e+02 3.141592653589661222e+00
1.511777068529007062e+00 6.636739638126186946e+02 3.141592653589661222e+00
9.533271502100716388e-01 6.643054842643779239e+02 3.141592653589661222e+00
1.193899606834321503e+00 6.657567263367748183e+02 3.141592653589661222e+00
1.182508427731937539e+00 6.662846624474270811e+02 3.141592653589661222e+00
9.657653288501002464e-01 6.677398087371210522e+02 3.141592653589661222e+00
1.495724860262949596e+00 6.683652781218154360e+02 3.141592653589661222e+00
1.304073239273443763e+00 6.698756576335313184e+02 3.141592653589661222e+00
1.202596637825565251e+00 6.704536935429899813e+02 3.141592653589661222e+00
1.034236056576247842e+00 6.719288548551071472e+02 3.141592653589661222e+00
1.398801377769001375e+00 6.724702205746681329e+02 3.141592653589661222e+00
7.666210020982889839e-01 6.738256819738076047e+02 3.141592653589661222e+00
1.689987432196912609e+00 6.745721837998995625e+02 3.141592653589661222e+00
1.039925627686979492e+00 6.760166473317198097e+02 3.141592653589661222e+00
1.564076696921772314e+00 6.766196253922604456e+02 3.141592653589661222e+00
8.848246822141058177e-01 6.780412023607240144e+02 3.141592653589661222e+00
1.736676934760519986e+00 6.786507622992196502e+02 3.141592653589661222e+00
6.534748964771531776e-01 6.797132301145596784e+02 3.141592653589661222e+00
1.859625058603236125e+00 6.807377665737024017e+02 3.141592653589661222e+00
7.098003361692027946e-01 6.818522086157908006e+02 3.141592653589661222e+00
1.881885431275968745e+00 6.827668850312929862e+02 3.141592653589661222e+00
6.831229117536152806e-01 6.839178563705329452e+02 3.141592653589661222e+00
1.871149856927574628e+00 6.848313441839363804e+02 3.141592653589661222e+00
8.484814630517257816e-01 6.854775762503109036e+02 3.141592653589661222e+00
1.700608739864420071e+00 6.868608941931478284e+02 3.141592653589661222e+00
9.705639660302377569e-01 6.874952967795544509e+02 3.141592653589661222e+00
1.783735423217651883e+00 6.889058404336478816e+02 3.141592653589661222e+00
7.293667203958449363e-01 6.897134013838428928e+02 3.141592653589661222e+00
1.522141728582683928e+00 6.910101104057933981e+02 3.141592653589661222e+00
1.036714165545925104e+00 6.915444721797533703e+02 3.141592653589661222e+00
1.290935322147874542e+00 6.930206007420605374e+02 3.141592653589661222e+00
1.292846490501756263e+00 6.935938848605305793e+02 3.141592653589661222e+00
1.610480608634837107e+00 6.951125241024311663e+02 3.141592653589661222e+00
9.026912546205445587e-01 6.957741876774935008e+02 3.141592653589661222e+00
1.285408620866754115e+00 6.972045744650024517e+02 3.141592653589661222e+00
1.176369670992014393e+00 6.977202775126258985e+02 3.141592653589661222e+00
1.032614454811609628e+00 6.991864347306479885e+02 3.141592653589661222e+00
1.491700166376739967e+00 6.997966610118877497e+02 3.141592653589661222e+00
1.422193924772440665e+00 7.013276304087517019e+02 3.141592653589661222e+00
1.112454446739271186e+00 7.019197781974805821e+02 3.141592653589661222e+00
1.118405607343287533e+00 7.033944648722493866e+02 3.141592653589661222e+00
1.348041882675800718e+00 7.039160639448327856e+02 3.141592653589661222e+00
8.358573398952078293e-01 7.053155123221599752e+02 3.141592653589661222e+00
1.661022059216000324e+00 7.060137374054367001e+02 3.141592653589661222e+00
1.179234671801304701e+00 7.075061743633175411e+02 3.141592653589661222e+00
1.419973785425363344e+00 7.080834261066144109e+02 3.141592653589661222e+00
9.661381538560396276e-01 7.095424724209675560e+02 3.141592653589661222e+00
1.628729397036924986e+00 7.101039646934967777e+02 3.141592653589661222e+00
6.769135772127125028e-01 7.113014027308196319e+02 3.141592653589661222e+00
1.832811115397194657e+00 7.122032198038319848e+02 3.141592653589661222e+00
8.152506202880570596e-01 7.134964023028670681e+02 3.141592653589661222e+00
1.844075290568932157e+00 7.142371126010184526e+02 3.141592653589661222e+00
7.536946623480363927e-01 7.155122525141828191e+02 3.141592653589661222e+00
1.942766962754870486e+00 7.162782662334680026e+02 3.141592653589661222e+00
7.796356924413836431e-01 7.170065538327245349e+02 3.141592653589661222e+00
1.822945589237678687e+00 7.183145142426957364e+02 3.141592653589661222e+00
8.588774001467837094e-01 7.190188143421884206e+02 3.141592653589661222e+00
1.833837255861626492e+00 7.203519209520717368e+02 3.141592653589661222e+00
6.921687966741204567e-01 7.212288847653733228e+02 3.141592653589661222e+00
1.618222596993745821e+00 7.224530516697645908e+02 3.141592653589661222e+00
1.002374565998290779e+00 7.229982042131604203e+02 3.141592653589661222e+00
1.385597284430279519e+00 7.244667163046340193e+02 3.141592653589661222e+00
1.232210156703495985e+00 7.250400156707825090e+02 3.141592653589661222e+00
1.673388241261015486e+00 7.265481024370518526e+02 3.141592653589661222e+00
8.529960282770352453e-01 7.272414606063871361e+02 3.141592653589661222e+00
1.353848447363606988e+00 7.286460618113783312e+02 3.141592653589661222e+00
1.148817229363165326e+00 7.291596385323960021e+02 3.141592653589661222e+00
1.096454893521950247e+00 7.306337508580040776e+02 3.141592653589661222e+00
1.457337535901547465e+00 7.312300592717201653e+02 3.141592653589661222e+00
1.498434972423193567e+00 7.327674105671187590e+02 3.141592653589661222e+00
1.042708656157064651e+00 7.333771053641913795e+02 3.141592653589661222e+00
1.178222232260821567e+00 7.348437982149805521e+02 3.141592653589661222e+00
1.299821743029472954e+00 7.353572633357698578e+02 3.141592653589661222e+00
8.950810839604869118e-01 7.367844374837728765e+02 3.141592653589661222e+00
1.622497721607437215e+00 7.374498546510855022e+02 3.141592653589661222e+00
1.279456396021730002e+00 7.389663378677012133e+02 3.141592653589661222e+00
1.305307263863713318e+00 7.395397928600471005e+02 3.141592653589661222e+00
1.025378534850774015e+00 7.410135626107290818e+02 3.141592653589661222e+00
1.531024393422137031e+00 7.415518398642013835e+02 3.141592653589661222e+00
7.205513225654609499e-01 7.428386205609534727e+02 3.141592653589661222e+00
1.788414723140093976e+00 7.436552328518899913e+02 3.141592653589661222e+00
9.454501694775712117e-01 7.450514699387382507e+02 3.141592653589661222e+00
1.721756915736985638e+00 7.456976102124056069e+02 3.141592653589661222e+00
8.327684737255651726e-01 7.470666798522859153e+02 3.141592653589661222e+00
1.886513992306413368e+00 7.477284021191774173e+02 3.141592653589661222e+00
6.932081248367472082e-01 7.486116246122442135e+02 3.141592653589661222e+00
1.884694566444199637e+00 7.497880100230778453e+02 3.141592653589661222e+00
7.245298325649354165e-01 7.506625821876585860e+02 3.141592653589661222e+00
1.857669156400540755e+00 7.518179596913994374e+02 3.141592653589661222e+00
6.569778857506872738e-01 7.528176617273152260e+02 3.141592653589661222e+00
1.725912041609684477e+00 7.539079738046328885e+02 3.141592653589661222e+00
9.096593965747820087e-01 7.545013032273831186e+02 3.141592653589661222e+00
1.538474833903197281e+00 7.559355382059004569e+02 3.141592653589661222e+00
1.077837596272566811e+00 7.565293551907381016e+02 3.141592653589661222e+00
1.694008572714754246e+00 7.579889342944118198e+02 3.141592653589661222e+00
7.808701127713568724e-01 7.587278817615697335e+02 3.141592653589661222e+00
1.397341978729401246e+00 7.600911680934518699e+02 3.141592653589661222e+00
1.055941208189740577e+00 7.606258279392437771e+02 3.141592653589661222e+00
1.187036356788822689e+00 7.621029637621943493e+02 3.141592653589661222e+00
1.330607481903774314e+00 7.626822460089692868e+02 3.141592653589661222e+00
1.495837644369697239e+00 7.641977797561207808e+02 3.141592653589661222e+00
9.763350973473257088e-01 7.648214556507359703e+02 3.141592653589661222e+00
1.178966462264998905e+00 7.662779821829388993e+02 3.141592653589661222e+00
1.204274331828671718e+00 7.668048814520504948e+02 3.141592653589661222e+00
9.440218317357162991e-01 7.682541675725275354e+02 3.141592653589661222e+00
1.519792368292002260e+00 7.688884572654166050e+02 3.141592653589661222e+00
1.286636691264880117e+00 7.703976814917566571e+02 3.141592653589661222e+00
1.232040558821474230e+00 7.709738021392061000e+02 3.141592653589661222e+00
1.023845316603220423e+00 7.724482768097955159e+02 3.141592653589661222e+00
1.429310941922520062e+00 7.729914035649776451e+02 3.141592653589661222e+00
7.504360057200935019e-01 7.743295106938053323e+02 3.141592653589661222e+00
1.712659508718765711e+00 7.750944101663191077e+02 3.141592653589661222e+00
1.009905394917553378e+00 7.765257862203734476e+02 3.141592653589661222e+00
1.607352954379745125e+00 7.771392685884004550e+02 3.141592653589661222e+00
8.683002572566954624e-01 7.785478434460748076e+02 3.141592653589661222e+00
1.775987238639822996e+00 7.791711150017463297e+02 3.141592653589661222e+00
6.569196778120681701e-01 7.801872083136078118e+02 3.141592653589661222e+00
1.869093921171334660e+00 7.812520822239029030e+02 3.141592653589661222e+00
6.978858687439920550e-01 7.823036804143825975e+02 3.141592653589661222e+00
1.878397218733823149e+00 7.832808870167350506e+02 3.141592653589661222e+00
6.695140871475181443e-01 7.843929421675190952e+02 3.141592653589661222e+00
1.833820887596888882e+00 7.853530578509481757e+02 3.141592653589661222e+00
8.618893894066803618e-01 7.859852110475143263e+02 3.141592653589661222e+00
1.660341930948837641e+00 7.873828233510540713e+02 3.141592653589661222e+00
9.938011428822003390e-01 7.880055924210830653e+02 3.141592653589661222e+00
1.757673410321248353e+00 7.894287666370521492e+02 3.141592653589661222e+00
7.390167347753058280e-01 7.902184281182964014e+02 3.141592653589661222e+00
1.485834751702175272e+00 7.915331651096048518e+02 3.141592653589661222e+00
1.034228494414752619e+00 7.920699763829936728e+02 3.141592653589661222e+00
1.266447716883143171e+00 7.935461260807328472e+02 3.141592653589661222e+00
1.292510435327202334e+00 7.941202759841944498e+02 3.141592653589661222e+00
1.572253072404905083e+00 7.956355901047113548e+02 3.141592653589661222e+00
9.188036983268926816e-01 7.962857919797376098e+02 3.141592653589661222e+00
1.249282313842590364e+00 7.977244407186376520e+02 3.141592653589661222e+00
1.173331693171173251e+00 7.982456741299795340e+02 3.141592653589661222e+00
1.009403108451513598e+00 7.997086176936753645e+02 3.141592653589661222e+00
1.487125738253455953e+00 8.003230736430296020e+02 3.141592653589661222e+00
1.374559114774953184e+00 8.018455405780985075e+02 3.141592653589661222e+00
1.144087856866575548e+00 8.024310835266697950e+02 3.141592653589661222e+00
1.083207725232179008e+00 8.039070459141938727e+02 3.141592653589661222e+00
1.361537257880055307e+00 8.044366071180880908e+02 3.141592653589661222e+00
8.091753921869357935e-01 8.058220546885380600e+02 3.141592653589661222e+00
1.667318998740703107e+00 8.065359065091337243e+02 3.141592653589661222e+00
1.124250331950289672e+00 8.080113097986892399e+02 3.141592653589661222e+00
1.473507651216653613e+00 8.085954796382065979e+02 3.141592653589661222e+00
9.335937363243643761e-01 8.100426336351324608e+02 3.141592653589661222e+00
1.667396123634477423e+00 8.106208479980944048e+02 3.141592653589661222e+00
6.630525622554399590e-01 8.117715406239698268e+02 3.141592653589661222e+00
1.843613732806738792e+00 8.127166340520697076e+02 3.141592653589661222e+00
7.659879195005040442e-01 8.139492780103519181e+02 3.141592653589661222e+00
1.870860899352849049e+00 8.147480399049611606e+02 3.141592653589661222e+00
7.232616475019152391e-01 8.159768718007283042e+02 3.141592653589661222e+00
1.930542016349902967e+00 8.167968158830175298e+02 3.141592653589661222e+00
8.133246801073312771e-01 8.174831722645740228e+02 3.141592653589661222e+00
1.779153870957834727e+00 8.188280503983562539e+02 3.141592653589661222e+00
9.129327418715786902e-01 8.194956048944209215e+02 3.141592653589661222e+00
1.824646290601505072e+00 8.208696652988176083e+02 3.141592653589661222e+00
7.098359650106329521e-01 8.217154933483379864e+02 3.141592653589661222e+00
1.588142202975930672e+00 8.229723881034861961e+02 3.141592653589661222e+00
1.031671514116440314e+00 8.235062685659271438e+02 3.141592653589661222e+00
1.341725305744927432e+00 8.249806673474446370e+02 3.141592653589661222e+00
1.279262244735101195e+00 8.255528501375322321e+02 3.141592653589661222e+00
1.670892469035564210e+00 8.270728811157204063e+02 3.141592653589661222e+00
8.741763671460294205e-01 8.277560872608062255e+02 3.141592653589661222e+00
1.346256725658368847e+00 8.291695883898540842e+02 3.141592653589661222e+00
1.178446318032301265e+00 8.296772452815787346e+02 3.141592653589661222e+00
1.072745426363882926e+00 8.311484000939417456e+02 3.141592653589661222e+00
1.495004436655698044e+00 8.317516368425825704e+02 3.141592653589661222e+00
1.501518780255080232e+00 8.332949863531606525e+02 3.141592653589661222e+00
1.060411340090168908e+00 8.339017047099009687e+02 3.141592653589661222e+00
1.180318109760337908e+00 8.353705794665668236e+02 3.141592653589661222e+00
1.327781541918470198e+00 8.358800849276559575e+02 3.141592653589661222e+00
8.826134132314216174e-01 8.372997415200640035e+02 3.141592653589661222e+00
1.650741096030478250e+00 8.379747695507591061e+02 3.141592653589661222e+00
1.275244698118451314e+00 8.394923593208191051e+02 3.141592653589661222e+00
1.327329598654318543e+00 8.400653723405774826e+02 3.141592653589661222e+00
1.024472515076548795e+00 8.415384533677823811e+02 3.141592653589661222e+00
1.560857720720463249e+00 8.420760724637771091e+02 3.141592653589661222e+00
7.124418488233160707e-01 8.433454788956548782e+02 3.141592653589661222e+00
1.808043986506663980e+00 8.441788327876417952e+02 3.141592653589661222e+00
9.222750724666625155e-01 8.455599410520278525e+02 3.141592653589661222e+00
1.756022613308170666e+00 8.462201371469679998e+02 3.141592653589661222e+00
8.190479715329898047e-01 8.475729350026479096e+02 3.141592653589661222e+00
1.914951044803326230e+00 8.482512497061745762e+02 3.141592653589661222e+00
7.119208258732567796e-01 8.490927161734954325e+02 3.141592653589661222e+00
1.880906653405679974e+00 8.503037109976189640e+02 3.141592653589661222e+00
7.509571102887568905e-01 8.511269963378127841e+02 3.141592653589661222e+00
1.852200361109886728e+00 8.523348777983451328e+02 3.141592653589661222e+00
6.618322996809777869e-01 8.532998378201286869e+02 3.141592653589661222e+00
1.696336358208742734e+00 8.544287760540523777e+02 3.141592653589661222e+00
9.324097560629289738e-01 8.550081194939306215e+02 3.141592653589661222e+00
1.497884261964352648e+00 8.564534529522145476e+02 3.141592653589661222e+00
1.116350920847747341e+00 8.570393247600081850e+02 3.141592653589661222e+00
1.685028514264945265e+00 8.585126318089148754e+02 3.141592653589661222e+00
7.994076510440502048e-01 8.592374762706097044e+02 3.141592653589661222e+00
1.381413821448997714e+00 8.606137549941531688e+02 3.141592653589661222e+00
1.077578731825249214e+00 8.611432304008781102e+02 3.141592653589661222e+00
1.161365707796617075e+00 8.626205772092489497e+02 3.141592653589661222e+00
1.361561502902779441e+00 8.632032026224881065e+02 3.141592653589661222e+00
1.491994015812396768e+00 8.647239745562471853e+02 3.141592653589661222e+00
9.953221991317333650e-01 8.653427859609716961e+02 3.141592653589661222e+00
1.174749241727251814e+00 8.668027273717215166e+02 3.141592653589661222e+00
1.228207060870092571e+00 8.673267462907704157e+02 3.141592653589661222e+00
9.288643805431795464e-01 8.687706149700978813e+02 3.141592653589661222e+00
1.546199260301092560e+00 8.694129505019194539e+02 3.141592653589661222e+00
1.281841635878850694e+00 8.709236002966160868e+02 3.141592653589661222e+00
1.253329470547102531e+00 8.714987465009860443e+02 3.141592653589661222e+00
1.022240246194928259e+00 8.729729812697734133e+02 3.141592653589661222e+00
1.456640446718838300e+00 8.735153733527185977e+02 3.141592653589661222e+00
7.407807917298938616e-01 8.748398064085494070e+02 3.141592653589661222e+00
1.733696078008896801e+00 8.756188795041747426e+02 3.141592653589661222e+00
9.917524497913915438e-01 8.770414321050391209e+02 3.141592653589661222e+00
1.639396834597384611e+00 8.776628665443586215e+02 3.141592653589661222e+00
8.585902766206305881e-01 8.790617090547824546e+02 3.141592653589661222e+00
1.807570991004090022e+00 8.796944700041315173e+02 3.141592653589661222e+00
6.631828938760974124e-01 8.806746331103241801e+02 3.141592653589661222e+00
1.876250454211920271e+00 8.817700949532626282e+02 3.141592653589661222e+00
6.963660162553798605e-01 8.827729217517040752e+02 3.141592653589661222e+00
1.873905233588705865e+00 8.837989416259516702e+02 3.141592653589661222e+00
6.622517669216525515e-01 8.848807906552419809e+02 3.141592653589661222e+00
1.804458772820045409e+00 8.858766024214711479e+02 3.141592653589661222e+00
8.728953009679121244e-01 8.864983444319736918e+02 3.141592653589661222e+00
1.628533305397945607e+00 8.879063155551160662e+02 3.141592653589661222e+00
1.013188564102443623e+00 8.885206965232038101e+02 3.141592653589661222e+00
1.738233316567601161e+00 8.899534003198389200e+02 3.141592653589661222e+00
7.480377505876352195e-01 8.907291611201570731e+02 3.141592653589661222e+00
1.459103915651301264e+00 8.920575572277055016e+02 3.141592653589661222e+00
1.035292318115198063e+00 8.925952631228404925e+02 3.141592653589661222e+00
1.246185259587205163e+00 8.940715961088189943e+02 3.141592653589661222e+00
1.296422518051666417e+00 8.946466283052837980e+02 3.141592653589661222e+00
1.546053066775944895e+00 8.961604118572705602e+02 3.141592653589661222e+00
9.327873022001837988e-01 8.968024146190906549e+02 3.141592653589661222e+00
1.224935686381633415e+00 8.982467500708050920e+02 3.141592653589661222e+00
1.175805369394194333e+00 8.987710504055401088e+02 3.141592653589661222e+00
9.910654891541678113e-01 9.002309919452681015e+02 3.141592653589661222e+00
1.489259352857346119e+00 9.008496844263563617e+02 3.141592653589661222e+00
1.343481445045673128e+00 9.023668702765402259e+02 3.141592653589661222e+00
1.168466651403520018e+00 9.029486692924573390e+02 3.141592653589661222e+00
1.061152942532740839e+00 9.044247391759175798e+02 3.141592653589661222e+00
1.375894525503954746e+00 9.049594053357413941e+02 3.141592653589661222e+00
7.905309171083048092e-01 9.063329591781397312e+02 3.141592653589661222e+00
1.675898783920866775e+00 9.070599086034947049e+02 3.141592653589661222e+00
1.087408903106289682e+00 9.085226701405805443e+02 3.141592653589661222e+00
1.512325879749443658e+00 9.091137243483190105e+02 3.141592653589661222e+00
9.122249992200640589e-01 9.105508815662025199e+02 3.141592653589661222e+00
1.697015962264200706e+00 9.111417851100507050e+02 3.141592653589661222e+00
6.567833203404341846e-01 9.122559817250213428e+02 3.141592653589661222e+00
1.851310058599104913e+00 9.132342413785793269e+02 3.141592653589661222e+00
7.374668537997354223e-01 9.144186073765789615e+02 3.141592653589661222e+00
1.880810889497344096e+00 9.152644760905992598e+02 3.141592653589661222e+00
7.045387611997315780e-01 9.164598879209062261e+02 3.141592653589661222e+00
1.911085896461618416e+00 9.173195474563113976e+02 3.141592653589661222e+00
8.324144278636400607e-01 9.179842786112770909e+02 3.141592653589661222e+00
1.745816495523832224e+00 9.193489468899185795e+02 3.141592653589661222e+00
9.436486903112067948e-01 9.199987090345266552e+02 3.141592653589661222e+00
1.812518754409713440e+00 9.213928698025648600e+02 3.141592653589661222e+00
7.200001370670746637e-01 9.222209741535075409e+02 3.141592653589661222e+00
1.564076034084087352e+00 9.234963835531536915e+02 3.141592653589661222e+00
1.041634555763149672e+00 9.240272879970902977e+02 3.141592653589661222e+00
1.317209104908072970e+00 9.255034709727998461e+02 3.141592653589661222e+00
1.296283167589789453e+00 9.260759775592615597e+02 3.141592653589661222e+00
1.656150736230040055e+00 9.275990231831743813e+02 3.141592653589661222e+00
8.867112529731931980e-01 9.282743682905120295e+02 3.141592653589661222e+00
1.329798078065228761e+00 9.296943566277026321e+02 3.141592653589661222e+00
1.185991166995142176e+00 9.302023719405559632e+02 3.141592653589661222e+00
1.057013327562645211e+00 9.316714092428695722e+02 3.141592653589661222e+00
1.504240035866768244e+00 9.322782699042388685e+02 3.141592653589661222e+00
1.482928270779053426e+00 9.338202430093348312e+02 3.141592653589661222e+00
1.077503324573838794e+00 9.344223200436275647e+02 3.141592653589661222e+00
1.165374170529152931e+00 9.358935309050044680e+02 3.141592653589661222e+00
1.339521634774611281e+00 9.364049208851350841e+02 3.141592653589661222e+00
8.679350598222046465e-01 9.378179209742963849e+02 3.141592653589661222e+00
1.660115528671791685e+00 9.385008337626459252e+02 3.141592653589661222e+00
1.249719607187584014e+00 9.400126780739100241e+02 3.141592653589661222e+00
1.356182029523033572e+00 9.405858783923645206e+02 3.141592653589661222e+00
1.009135062533938143e+00 9.420558919852556983e+02 3.141592653589661222e+00
1.585362465157048595e+00 9.425989491940049447e+02 3.141592653589661222e+00
7.004531058195204718e-01 9.438466446339563163e+02 3.141592653589661222e+00
1.819463465243366995e+00 9.447008429820000401e+02 3.141592653589661222e+00
8.872618431899967906e-01 9.460572546081990595e+02 3.141592653589661222e+00
1.790790526365473312e+00 9.467395887834595669e+02 3.141592653589661222e+00
7.976860928929668804e-01 9.480689842164831589e+02 3.141592653589661222e+00
1.933453252099876618e+00 9.487731228293282584e+02 3.141592653589661222e+00
7.340974269444273670e-01 9.495717343518365396e+02 3.141592653589661222e+00
1.867069555619254473e+00 9.508190107536559026e+02 3.141592653589661222e+00
7.855136993376057308e-01 9.515936817909588399e+02 3.141592653589661222e+00
1.844896621214166199e+00 9.528518286846680212e+02 3.141592653589661222e+00
6.702073889327424538e-01 9.537823308989968609e+02 3.141592653589661222e+00
1.665312633249106389e+00 9.549490806396447624e+02 3.141592653589661222e+00
9.562494912775991729e-01 9.555154300664266884e+02 3.141592653589661222e+00
1.455905268384220186e+00 9.569704920676666688e+02 3.141592653589661222e+00
1.156604207015117236e+00 9.575501849816757840e+02 3.141592653589661222e+00
1.676673924028369456e+00 9.590364502582609703e+02 3.141592653589661222e+00
8.189929823809083409e-01 9.597480180397491267e+02 3.141592653589661222e+00
1.366708611464040324e+00 9.611363197126121349e+02 3.141592653589661222e+00
1.100846106674828739e+00 9.616606435532813748e+02 3.141592653589661222e+00
1.135858374911209001e+00 9.631374237538576608e+02 3.141592653589661222e+00
1.393855329180518687e+00 9.637243124137866062e+02 3.141592653589661222e+00
1.488983383225518153e+00 9.652502963287904549e+02 3.141592653589661222e+00
1.014582096344077700e+00 9.658646177369116685e+02 3.141592653589661222e+00
1.171466037697671991e+00 9.673276642809486248e+02 3.141592653589661222e+00
1.253264581736372341e+00 9.678487151835215627e+02 3.141592653589661222e+00
9.139909229769715981e-01 9.692864612956450401e+02 3.141592653589661222e+00
1.573126732532566630e+00 9.699374600654778078e+02 3.141592653589661222e+00
1.276464464448048286e+00 9.714492620058382499e+02 3.141592653589661222e+00
1.275513633284577786e+00 9.720235941099997490e+02 3.141592653589661222e+00
1.020389593993193289e+00 9.734973800621563669e+02 3.141592653589661222e+00
1.485118630377880278e+00 9.740392265769546611e+02 3.141592653589661222e+00
7.311688806373305427e-01 9.753485721567187738e+02 3.141592653589661222e+00
1.754631253217523223e+00 9.761429530487612283e+02 3.141592653589661222e+00
9.713045604430516899e-01 9.775546901602365324e+02 3.141592653589661222e+00
1.673173930423843991e+00 9.781859103143436869e+02 3.141592653589661222e+00
8.472333843488321081e-01 9.795730071002276418e+02 3.141592653589661222e+00
1.839290702558084023e+00 9.802174627364082653e+02 3.141592653589661222e+00
6.726815505341215973e-01 9.811587325229377257e+02 3.141592653589661222e+00
1.880862395455094038e+00 9.822870219499264977e+02 3.141592653589661222e+00
7.017829655464080663e-01 9.832373840530647158e+02 3.141592653589661222e+00
1.866386010182500499e+00 9.843160143365562362e+02 3.141592653589661222e+00
6.571621945965039346e-01 9.853650152955885915e+02 3.141592653589661222e+00
1.770651076055575812e+00 9.863992634520337788e+02 3.141592653589661222e+00
8.842221170967430321e-01 9.870109650571605471e+02 3.141592653589661222e+00
1.593335832372089200e+00 9.884290394287844492e+02 3.141592653589661222e+00
1.033769664628944041e+00 9.890353972142205521e+02 3.141592653589661222e+00
1.715836000240124282e+00 9.904773681242343173e+02 3.141592653589661222e+00
7.587989922053820502e-01 9.912380460978149586e+02 3.141592653589661222e+00
1.429535301450670426e+00 9.925809370606527864e+02 3.141592653589661222e+00
1.036950311416013237e+00 9.931196248998129477e+02 3.141592653589661222e+00
1.223307965715876078e+00 9.945960243852731537e+02 3.141592653589661222e+00
1.301325550982957990e+00 9.951722609036302174e+02 3.141592653589661222e+00
1.516994855699787870e+00 9.966842625812302003e+02 3.141592653589661222e+00
9.494988494967880888e-01 9.973175015389393820e+02 3.141592653589661222e+00
1.198609029593930897e+00 9.987676237198129456e+02 3.141592653589661222e+00
1.180497681834478119e+00 9.992951477937164100e+02 3.141592653589661222e+00
9.701270990922056248e-01 1.000751217801131702e+03 3.141592653589661222e+00
1.493622196752752096e+00 1.001375351354529130e+03 3.141592653589661222e+00
1.309944196202079691e+00 1.002886666493158032e+03 3.141592653589661222e+00
1.196712275158936079e+00 1.003465222366527314e+03 3.141592653589661222e+00
1.038126893886526014e+00 1.004940585947814611e+03 3.141592653589661222e+00
1.394250788293555310e+00 1.005480993500511886e+03 3.141592653589661222e+00
7.704480114298485338e-01 1.006839710541475142e+03 3.141592653589661222e+00
1.686987943036970972e+00 1.007582721498119554e+03 3.141592653589661222e+00
1.047405314365982942e+00 1.009030234509277648e+03 3.141592653589661222e+00
1.555371857627208865e+00 1.009631051098593957e+03 3.141592653589661222e+00
8.890978365419024421e-01 1.011055352703599624e+03 3.141592653589661222e+00
1.729723979175237458e+00 1.011661776191664444e+03 3.141592653589661222e+00
6.535444328631944133e-01 1.012733213146556523e+03 3.141592653589661222e+00
1.858185140709827765e+00 1.013749802018789410e+03 3.141592653589661222e+00
7.135185906066588979e-01 1.014876416878215878e+03 3.141592653589661222e+00
