6.723999999999998867e-01 0.000000000000000000e+00 0.000000000000000000e+00
1.226465268867643177e+00 1.310855428461330741e+00 6.284930636431253603e+00
1.617395100529521956e+00 1.719779966598605769e+00 6.284930636431253603e+00
8.955412940800911992e-01 3.088960991105757170e+00 6.284930636431253603e+00
1.213161622269008921e+00 4.432417676854211841e+00 6.284930636431253603e+00
1.757636316429011414e+00 4.856742574437444837e+00 6.284930636431253603e+00
6.915121572341264011e-01 6.124242553132356548e+00 6.284930636431253603e+00
8.642649898929627428e-01 7.383686829521199257e+00 6.284930636431253603e+00
2.178182136434938521e+00 7.911396004195214715e+00 6.284930636431253603e+00
8.538402208224179502e-01 9.242095284160031454e+00 6.284930636431253603e+00
9.039814299032918887e-01 1.050051073101271371e+01 6.284930636431253603e+00
2.480635274648608668e+00 1.107108638061429851e+01 6.284930636431253603e+00
7.203690427586055822e-01 1.223684405008948950e+01 6.284930636431253603e+00
6.902517639263675564e-01 1.329205915814976002e+01 6.284930636431253603e+00
2.811602812004586394e+00 1.412645496967413905e+01 6.284930636431253603e+00
7.208448662874697987e-01 1.519643274710847081e+01 6.284930636431253603e+00
7.132924928771779971e-01 1.631448327084204664e+01 6.284930636431253603e+00
2.888013086942971430e+00 1.729972250593679561e+01 6.284930636431253603e+00
6.901628196776411484e-01 1.819939598120114255e+01 6.284930636431253603e+00
7.266627702162871127e-01 1.920887359485547208e+01 6.284930636431253603e+00
2.622264776391644236e+00 2.035327903623847234e+01 6.284930636431253603e+00
8.711668083077972469e-01 2.095916788383967955e+01 6.284930636431253603e+00
8.491194865012712256e-01 2.219958700301631183e+01 6.284930636431253603e+00
2.314944660543427180e+00 2.351781937514191156e+01 6.284930636431253603e+00
8.262952061832122830e-01 2.408116199246754618e+01 6.284930636431253603e+00
7.072188588339108906e-01 2.531288478078287341e+01 6.284930636431253603e+00
1.867197210834941723e+00 2.657118216126036003e+01 6.284930636431253603e+00
1.177500480492116752e+00 2.700497423670944031e+01 6.284930636431253603e+00
9.047274224899880535e-01 2.834340299697580079e+01 6.284930636431253603e+00
1.721014846973055956e+00 2.971609006603656411e+01 6.284930636431253603e+00
1.155581720926085021e+00 3.013418903144022210e+01 6.284930636431253603e+00
6.774496906875594471e-01 3.144423217601027787e+01 6.284930636431253603e+00
1.310371513536509047e+00 3.275191871557041878e+01 6.284930636431253603e+00
1.546429747515325248e+00 3.315419754431130883e+01 6.284930636431253603e+00
9.034018570978390450e-01 3.452439072372116868e+01 6.284930636431253603e+00
1.286225666686577007e+00 3.587807694489483623e+01 6.284930636431253603e+00
1.649997293101597595e+00 3.628965132270665350e+01 6.284930636431253603e+00
6.889027894346251291e-01 3.756975520907365507e+01 6.284930636431253603e+00
9.198456106376156072e-01 3.884760247305867154e+01 6.284930636431253603e+00
2.074112581325823879e+00 3.934134206801284250e+01 6.284930636431253603e+00
8.724968634635170694e-01 4.068903250621962542e+01 6.284930636431253603e+00
9.629592360893298730e-01 4.197105637943320033e+01 6.284930636431253603e+00
2.339561330432508246e+00 4.249831351476524333e+01 6.284930636431253603e+00
7.214470504292384012e-01 4.369116791779666897e+01 6.284930636431253603e+00
7.043601389564471127e-01 4.478871638024264001e+01 6.284930636431253603e+00
2.726240903368314150e+00 4.555351704689856263e+01 6.284930636431253603e+00
7.441045992283928934e-01 4.670427851834948996e+01 6.284930636431253603e+00
7.231568107963878278e-01 4.783720440795818973e+01 6.284930636431253603e+00
2.934420766578344608e+00 4.872565758854658213e+01 6.284930636431253603e+00
6.973509351819729973e-01 4.969116398440132087e+01 6.284930636431253603e+00
7.269572639429274785e-01 5.066184146463277216e+01 6.284930636431253603e+00
2.754958859494264445e+00 5.177755509540357082e+01 6.284930636431253603e+00
8.340223228777516873e-01 5.242874972637025621e+01 6.284930636431253603e+00
8.356805733736319963e-01 5.364687781413205414e+01 6.284930636431253603e+00
2.438556229920194163e+00 5.494500137613152901e+01 6.284930636431253603e+00
7.938955093601305357e-01 5.554637188262464065e+01 6.284930636431253603e+00
7.203462511557867654e-01 5.674768432220302117e+01 6.284930636431253603e+00
1.971835380020779294e+00 5.799694988866450274e+01 6.284930636431253603e+00
1.147250660496010433e+00 5.844080570960783660e+01 6.284930636431253603e+00
9.138348495414485573e-01 5.977395099070202633e+01 6.284930636431253603e+00
1.826214685951233596e+00 6.114897442100247815e+01 6.284930636431253603e+00
1.097966637799370870e+00 6.157888694820243103e+01 6.284930636431253603e+00
6.876894410584870609e-01 6.288361056520798087e+01 6.284930636431253603e+00
1.390515600710018340e+00 6.418675115477211079e+01 6.284930636431253603e+00
1.500754740205961557e+00 6.458522513434517975e+01 6.284930636431253603e+00
9.171217975748032769e-01 6.595729200780043300e+01 6.284930636431253603e+00
1.368224011096191406e+00 6.732111202812812678e+01 6.284930636431253603e+00
1.559595375087893476e+00 6.772344060796396548e+01 6.284930636431253603e+00
6.917298987836049129e-01 6.901364922872107854e+01 6.284930636431253603e+00
9.779502931083857709e-01 7.030235141210853556e+01 6.284930636431253603e+00
1.996299233589516886e+00 7.077000405965816299e+01 6.284930636431253603e+00
8.927206689453491828e-01 7.213136930236564126e+01 6.284930636431253603e+00
1.027886044367262386e+00 7.343446050382175372e+01 6.284930636431253603e+00
2.213934366474822113e+00 7.392593707821930593e+01 6.284930636431253603e+00
7.241903125640887229e-01 7.514158385318391709e+01 6.284930636431253603e+00
7.274833022605695643e-01 7.627468607449793581e+01 6.284930636431253603e+00
2.644967387761224309e+00 7.697980597270009184e+01 6.284930636431253603e+00
7.743294351205751713e-01 7.819175610716702352e+01 6.284930636431253603e+00
7.484761058059842265e-01 7.934871486611824309e+01 6.284930636431253603e+00
2.934160460516151314e+00 8.015045467053940342e+01 6.284930636431253603e+00
7.086081045773169329e-01 8.117116625582826828e+01 6.284930636431253603e+00
7.229573451217669033e-01 8.211820349404331409e+01 6.284930636431253603e+00
2.859940794460729574e+00 8.320116848274315657e+01 6.284930636431253603e+00
7.992120296042292127e-01 8.390402300743993180e+01 6.284930636431253603e+00
8.167913608095428435e-01 8.509861361399923396e+01 6.284930636431253603e+00
2.543455831064509898e+00 8.637049459703024468e+01 6.284930636431253603e+00
7.669064725118824866e-01 8.701088567374293348e+01 6.284930636431253603e+00
7.293788097110232016e-01 8.818204461968741725e+01 6.284930636431253603e+00
2.070106794743018064e+00 8.942173793674781734e+01 6.284930636431253603e+00
1.113923519987472854e+00 8.987799942370232031e+01 6.284930636431253603e+00
9.168274138531922191e-01 9.120383530931745497e+01 6.284930636431253603e+00
1.916589665290497457e+00 9.257835677571182487e+01 6.284930636431253603e+00
1.049089804311064134e+00 9.302192439769613941e+01 6.284930636431253603e+00
6.954280220993075412e-01 9.431951045598356131e+01 6.284930636431253603e+00
1.462741267145345692e+00 9.561803670122611720e+01 6.284930636431253603e+00
1.457800812391339074e+00 9.601543067811857668e+01 6.284930636431253603e+00
9.256705159631801738e-01 9.738718306452253159e+01 6.284930636431253603e+00
1.438173619405846315e+00 9.875784209076108766e+01 6.284930636431253603e+00
1.484121324409118259e+00 9.915583260081868389e+01 6.284930636431253603e+00
6.931340293956632648e-01 1.004527871132175534e+02 6.284930636431253603e+00
1.031081899882916320e+00 1.017489214877352026e+02 6.284930636431253603e+00
1.926598926087731867e+00 1.021976147072372640e+02 6.284930636431253603e+00
9.063109955816478491e-01 1.035673200867189223e+02 6.284930636431253603e+00
1.084095734192524807e+00 1.048859230212025437e+02 6.284930636431253603e+00
2.104718237190497554e+00 1.053525189855127877e+02 6.284930636431253603e+00
7.239854873759719034e-01 1.065846816000286594e+02 6.284930636431253603e+00
7.536903543718286302e-01 1.077487428787094359e+02 6.284930636431253603e+00
2.560423789767340086e+00 1.084052440100817307e+02 6.284930636431253603e+00
8.023758824772597720e-01 1.096604772444078435e+02 6.284930636431253603e+00
7.810454537375667305e-01 1.108434175568216347e+02 6.284930636431253603e+00
2.883467782646170097e+00 1.115744029255188821e+02 6.284930636431253603e+00
7.182441197001522282e-01 1.126393392217582061e+02 6.284930636431253603e+00
7.134261399695490669e-01 1.135833401281801542e+02 6.284930636431253603e+00
2.925556474727960321e+00 1.146250476368034867e+02 6.284930636431253603e+00
7.637580612710258565e-01 1.153936613663438351e+02 6.284930636431253603e+00
7.894409340639387818e-01 1.165619805317985396e+02 6.284930636431253603e+00
2.629122441903108953e+00 1.177956667129323165e+02 6.284930636431253603e+00
7.401436037422342018e-01 1.184811823447099641e+02 6.284930636431253603e+00
7.312659766314382193e-01 1.196221430538790713e+02 6.284930636431253603e+00
2.175151823207479129e+00 1.208478496691147939e+02 6.284930636431253603e+00
1.062718687994262723e+00 1.213247595204464488e+02 6.284930636431253603e+00
9.071648644976652021e-01 1.226374403682097380e+02 6.284930636431253603e+00
1.989321286128135080e+00 1.240058879113132235e+02 6.284930636431253603e+00
9.984665192169575043e-01 1.244666090910670846e+02 6.284930636431253603e+00
6.964079082773714235e-01 1.257568127454226641e+02 6.284930636431253603e+00
1.535391206133301933e+00 1.270496541349934461e+02 6.284930636431253603e+00
1.396631774676491800e+00 1.274496857286467986e+02 6.284930636431253603e+00
9.219431286724200092e-01 1.288165370884316587e+02 6.284930636431253603e+00
1.487718852103134815e+00 1.301892569140789817e+02 6.284930636431253603e+00
1.413005962438476093e+00 1.305871134877156408e+02 6.284930636431253603e+00
6.881227871242965310e-01 1.318890123563192844e+02 6.284930636431253603e+00
1.080137976627740803e+00 1.331920759649198374e+02 6.284930636431253603e+00
1.843870235156492621e+00 1.336262478818040620e+02 6.284930636431253603e+00
9.076502651769764451e-01 1.349984068707717313e+02 6.284930636431253603e+00
1.122747829238385009e+00 1.363262684739370343e+02 6.284930636431253603e+00
2.005156466477383770e+00 1.367776046564788999e+02 6.284930636431253603e+00
7.171815670960284272e-01 1.380209237355663277e+02 6.284930636431253603e+00
7.799951514937630836e-01 1.392149320872274529e+02 6.284930636431253603e+00
2.460207221696238733e+00 1.398306109444169465e+02 6.284930636431253603e+00
8.227168112437275305e-01 1.411154371726790089e+02 6.284930636431253603e+00
8.140121241606921298e-01 1.423222145501437410e+02 6.284930636431253603e+00
2.790081731101115459e+00 1.429978774795864922e+02 6.284930636431253603e+00
7.228400097886651388e-01 1.440976479124271918e+02 6.284930636431253603e+00
7.008606618266164379e-01 1.450599669983542128e+02 6.284930636431253603e+00
2.941503564122204928e+00 1.460496389330437239e+02 6.284930636431253603e+00
7.329470918988661987e-01 1.469007043448622198e+02 6.284930636431253603e+00
7.573734821888112867e-01 1.480427392169177949e+02 6.284930636431253603e+00
2.706938407874643904e+00 1.492215455433026818e+02 6.284930636431253603e+00
7.147742419763580823e-01 1.499625463737981192e+02 6.284930636431253603e+00
7.284896066431374440e-01 1.510699290235605758e+02 6.284930636431253603e+00
2.296136181527674847e+00 1.522753910292925354e+02 6.284930636431253603e+00
9.979329394323869229e-01 1.527838728241174522e+02 6.284930636431253603e+00
8.881646630498742923e-01 1.540771886728875018e+02 6.284930636431253603e+00
2.062198746050279752e+00 1.554338823435044787e+02 6.284930636431253603e+00
9.422073053721462532e-01 1.559179657738099252e+02 6.284930636431253603e+00
6.938500257440773922e-01 1.571985908371247262e+02 6.284930636431253603e+00
1.620102125562359330e+00 1.584829088793707115e+02 6.284930636431253603e+00
1.318732719023464117e+00 1.588902373463938318e+02 6.284930636431253603e+00
9.100928781162099801e-01 1.602482189994624093e+02 6.284930636431253603e+00
1.532334031196899815e+00 1.616199215030082144e+02 6.284930636431253603e+00
1.335897667961609914e+00 1.620206298574482275e+02 6.284930636431253603e+00
6.788440273520921497e-01 1.633271936087696190e+02 6.284930636431253603e+00
1.134455711418668411e+00 1.646361135020740960e+02 6.284930636431253603e+00
1.744077516932756922e+00 1.650579640667904187e+02 6.284930636431253603e+00
9.004901066484010119e-01 1.664288151576724886e+02 6.284930636431253603e+00
1.153284950099884298e+00 1.677626946010009590e+02 6.284930636431253603e+00
1.902381947340415991e+00 1.682029166901405404e+02 6.284930636431253603e+00
7.051204370137710287e-01 1.694556481068062510e+02 6.284930636431253603e+00
8.098291287036708530e-01 1.706800811668851736e+02 6.284930636431253603e+00
2.340283385955586937e+00 1.712572876190936597e+02 6.284930636431253603e+00
8.364455756547072296e-01 1.725639031763254536e+02 6.284930636431253603e+00
8.477887355949538239e-01 1.737927985598516898e+02 6.284930636431253603e+00
2.665482555739865145e+00 1.744216829738947752e+02 6.284930636431253603e+00
7.225490114853556634e-01 1.755509988703240367e+02 6.284930636431253603e+00
6.904473595363177507e-01 1.765487044731406172e+02 6.284930636431253603e+00
2.907218984944622164e+00 1.774752627931899838e+02 6.284930636431253603e+00
7.153015513385895252e-01 1.784215368779324535e+02 6.284930636431253603e+00
7.290390855668775760e-01 1.795438058650319419e+02 6.284930636431253603e+00
2.788147454619146703e+00 1.806483507620941964e+02 6.284930636431253603e+00
6.963250120863900827e-01 1.814557294662071740e+02 6.284930636431253603e+00
7.260178911114170131e-01 1.825229615277708319e+02 6.284930636431253603e+00
2.434234121807056006e+00 1.837030192859875228e+02 6.284930636431253603e+00
9.345298532218433429e-01 1.842519597753126277e+02 6.284930636431253603e+00
8.683192525547387408e-01 1.855222851121003771e+02 6.284930636431253603e+00
2.157432674620990642e+00 1.868633410779879114e+02 6.284930636431253603e+00
8.854500425781349771e-01 1.873786727336275248e+02 6.284930636431253603e+00
6.949480984165182784e-01 1.886432597682130563e+02 6.284930636431253603e+00
1.722633344686807400e+00 1.899161372957584319e+02 6.284930636431253603e+00
1.243325908084555120e+00 1.903347168639794518e+02 6.284930636431253603e+00
9.011720442425963373e-01 1.916828253541574441e+02 6.284930636431253603e+00
1.597203645511658054e+00 1.930536450282788223e+02 6.284930636431253603e+00
1.252520880669923509e+00 1.934599468528539603e+02 6.284930636431253603e+00
6.726508145506309155e-01 1.947703551216370386e+02 6.284930636431253603e+00
1.203765441453655161e+00 1.960814640581388630e+02 6.284930636431253603e+00
1.643094629583245148e+00 1.964928745051367684e+02 6.284930636431253603e+00
8.953158038820411280e-01 1.978621690803771571e+02 6.284930636431253603e+00
1.196410904866757052e+00 1.992030963647922590e+02 6.284930636431253603e+00
1.790218426847378419e+00 1.996312053033230995e+02 6.284930636431253603e+00
6.937171317683268335e-01 2.008951045360040553e+02 6.284930636431253603e+00
8.502373792317650114e-01 2.021476726965344994e+02 6.284930636431253603e+00
2.212709556821094381e+00 2.026861400991956828e+02 6.284930636431253603e+00
8.494375074329288955e-01 2.040116640824630565e+02 6.284930636431253603e+00
8.895815546728317313e-01 2.052633289691567313e+02 6.284930636431253603e+00
2.522458389464894868e+00 2.058468601512452096e+02 6.284930636431253603e+00
7.206373168945531260e-01 2.070045463656596212e+02 6.284930636431253603e+00
6.885295042939860721e-01 2.080467687475430125e+02 6.284930636431253603e+00
2.835646948094032282e+00 2.089019899243287171e+02 6.284930636431253603e+00
7.168405165031981330e-01 2.099457302059124117e+02 6.284930636431253603e+00
7.140809886077440494e-01 2.110622615554411254e+02 6.284930636431253603e+00
2.868254107804366626e+00 2.120753992490510598e+02 6.284930636431253603e+00
6.897589008134464850e-01 2.129547954860156835e+02 6.284930636431253603e+00
7.262970416682401620e-01 2.139769695203377182e+02 6.284930636431253603e+00
2.581079447415056460e+00 2.151293704887107197e+02 6.284930636431253603e+00
8.833305317000251788e-01 2.157225376595452815e+02 6.284930636431253603e+00
8.528526637203573957e-01 2.169694453639440610e+02 6.284930636431253603e+00
2.278265390304323734e+00 2.182929371630430637e+02 6.284930636431253603e+00
8.375660381049002678e-01 2.188453256917373437e+02 6.284930636431253603e+00
7.036381578596823116e-01 2.200852941557619715e+02 6.284930636431253603e+00
1.835407798411427427e+00 2.213465346753024789e+02 6.284930636431253603e+00
1.188671007788595579e+00 2.217771930579150137e+02 6.284930636431253603e+00
9.025830531516007005e-01 2.231173694830908971e+02 6.284930636431253603e+00
1.690872257951423263e+00 2.244893752617984148e+02 6.284930636431253603e+00
1.174948192767348187e+00 2.249044481679324008e+02 6.284930636431253603e+00
6.751757234956918818e-01 2.262152733369456996e+02 6.284930636431253603e+00
1.286239270890092490e+00 2.275241240442368280e+02 6.284930636431253603e+00
1.563562108251251415e+00 2.279279836191280992e+02 6.284930636431253603e+00
9.001591441872615063e-01 2.292976969304353929e+02 6.284930636431253603e+00
1.263521976537993252e+00 2.306483265890077234e+02 6.284930636431253603e+00
1.679236658319244624e+00 2.310633201968779247e+02 6.284930636431253603e+00
6.888709874129058663e-01 2.323399563999366251e+02 6.284930636431253603e+00
9.032536782138833598e-01 2.336134497321269805e+02 6.284930636431253603e+00
2.100854578772118675e+00 2.341161577560443732e+02 6.284930636431253603e+00
8.667277676480936721e-01 2.354592344503594177e+02 6.284930636431253603e+00
9.449624728470413793e-01 2.367346209099575276e+02 6.284930636431253603e+00
2.378563419064927853e+00 2.372737243669796214e+02 6.284930636431253603e+00
7.208294589329844460e-01 2.384591363623856353e+02 6.284930636431253603e+00
6.991587941021123465e-01 2.395452602684985379e+02 6.284930636431253603e+00
2.750294950430266283e+00 2.403291321734782571e+02 6.284930636431253603e+00
7.363117983031146618e-01 2.414587740266246385e+02 6.284930636431253603e+00
7.184580466552886735e-01 2.425861652116548157e+02 6.284930636431253603e+00
2.925427831325391193e+00 2.435016663512642197e+02 6.284930636431253603e+00
6.945979590585843466e-01 2.444493618861575897e+02 6.284930636431253603e+00
7.271734422372275741e-01 2.454299069146066472e+02 6.284930636431253603e+00
2.719367620821951714e+00 2.465540309885747092e+02 6.284930636431253603e+00
8.440721707861925660e-01 2.471919871278405481e+02 6.284930636431253603e+00
8.398133892610742945e-01 2.484164902564720308e+02 6.284930636431253603e+00
2.404699442757078476e+00 2.497207514777037431e+02 6.284930636431253603e+00
8.022658633030012032e-01 2.503113109681062554e+02 6.284930636431253603e+00
7.167529027481061021e-01 2.515213883780011201e+02 6.284930636431253603e+00
1.943015791033570805e+00 2.527731166767167394e+02 6.284930636431253603e+00
1.155225086542884805e+00 2.532141182266168755e+02 6.284930636431253603e+00
9.113792974687406900e-01 2.545487723194090393e+02 6.284930636431253603e+00
1.797009516827045683e+00 2.559232563182842455e+02 6.284930636431253603e+00
1.113048025900120086e+00 2.563496270906024392e+02 6.284930636431253603e+00
6.846866926386567798e-01 2.576561851900459601e+02 6.284930636431253603e+00
1.368530413982339544e+00 2.589606393874245214e+02 6.284930636431253603e+00
1.512319174955028656e+00 2.593599403911499053e+02 6.284930636431253603e+00
9.132251373118919213e-01 2.607315476704476396e+02 6.284930636431253603e+00
1.345181597819460118e+00 2.620926800341702574e+02 6.284930636431253603e+00
1.583571243012932728e+00 2.624971588531446969e+02 6.284930636431253603e+00
6.907372926567725280e-01 2.637848481535573342e+02 6.284930636431253603e+00
9.616537201595856121e-01 2.650709920100177328e+02 6.284930636431253603e+00
2.016634948587588294e+00 2.655452748102948135e+02 6.284930636431253603e+00
8.872305947253239511e-01 2.669032016871278188e+02 6.284930636431253603e+00
1.009554717257482137e+00 2.682007317251797076e+02 6.284930636431253603e+00
2.248043715633404993e+00 2.687013885051133570e+02 6.284930636431253603e+00
7.234779331600090790e-01 2.699111243212736326e+02 6.284930636431253603e+00
7.203165136704333671e-01 2.710346983094009374e+02 6.284930636431253603e+00
2.667962014144702909e+00 2.717556904398786628e+02 6.284930636431253603e+00
7.655541866732579193e-01 2.729521225682693739e+02 6.284930636431253603e+00
7.401197403332702152e-01 2.741017390446774016e+02 6.284930636431253603e+00
2.939463994282984771e+00 2.749267654979071267e+02 6.284930636431253603e+00
7.053396976185553058e-01 2.759328484255728426e+02 6.284930636431253603e+00
7.246799529692784514e-01 2.768847031785556965e+02 6.284930636431253603e+00
2.833432846389472015e+00 2.779777210298216232e+02 6.284930636431253603e+00
8.092591666851589594e-01 2.786646681229789806e+02 6.284930636431253603e+00
8.230370140191469730e-01 2.798662578014298674e+02 6.284930636431253603e+00
2.515725682173349131e+00 2.811466004956775464e+02 6.284930636431253603e+00
7.744728925539924314e-01 2.817754703533281599e+02 6.284930636431253603e+00
7.275000491392918933e-01 2.829551550952996877e+02 6.284930636431253603e+00
2.041946519356690359e+00 2.841978813462569633e+02 6.284930636431253603e+00
1.124945320635681867e+00 2.846499901496343909e+02 6.284930636431253603e+00
9.171512689799516949e-01 2.859783913537508511e+02 6.284930636431253603e+00
1.892876670275444262e+00 2.873535468920707672e+02 6.284930636431253603e+00
1.062837943071251123e+00 2.877929627625491662e+02 6.284930636431253603e+00
6.938519021356573946e-01 2.890926243966228526e+02 6.284930636431253603e+00
1.442581528224355703e+00 2.903925013984935504e+02 6.284930636431253603e+00
1.471338568251892909e+00 2.907898816199075895e+02 6.284930636431253603e+00
9.243544158824705814e-01 2.921621314343134941e+02 6.284930636431253603e+00
1.420331738121015652e+00 2.935313160180143655e+02 6.284930636431253603e+00
1.504704335144327665e+00 2.939300619053447008e+02 6.284930636431253603e+00
6.932793198158148096e-01 2.952253628840666124e+02 6.284930636431253603e+00
1.016544080740765743e+00 2.965194931601615735e+02 6.284930636431253603e+00
1.947115454895823605e+00 2.969730246987426199e+02 6.284930636431253603e+00
9.035753220676757680e-01 2.983409698952834219e+02 6.284930636431253603e+00
1.069722800589848033e+00 2.996558170837838020e+02 6.284930636431253603e+00
2.134487420885876396e+00 3.001283872935207455e+02 6.284930636431253603e+00
7.246291284959733847e-01 3.013564794784886658e+02 6.284930636431253603e+00
7.461668034084903978e-01 3.025119412180495146e+02 6.284930636431253603e+00
2.585698211077496200e+00 3.031813277592089548e+02 6.284930636431253603e+00
7.950151213693651409e-01 3.044258151725496759e+02 6.284930636431253603e+00
7.714908883017785879e-01 3.056014552586074728e+02 6.284930636431253603e+00
2.902801682624125856e+00 3.063509244912490885e+02 6.284930636431253603e+00
7.159137828917738755e-01 3.074042975667695146e+02 6.284930636431253603e+00
7.166326288155496771e-01 3.083469152181068580e+02 6.284930636431253603e+00
2.911536967001082665e+00 3.094014606174490609e+02 6.284930636431253603e+00
7.737653785371223503e-01 3.101495622364394649e+02 6.284930636431253603e+00
7.980229411272942164e-01 3.113255970265927886e+02 6.284930636431253603e+00
2.606069557757070942e+00 3.125717285964382768e+02 6.284930636431253603e+00
7.478179921710920164e-01 3.132434241851065053e+02 6.284930636431253603e+00
7.314010768416172592e-01 3.143931832851663444e+02 6.284930636431253603e+00
2.143750982418782591e+00 3.156235012359748566e+02 6.284930636431253603e+00
1.079266836265770690e+00 3.160934220985318461e+02 6.284930636431253603e+00
9.111970553164319142e-01 3.174105540658372320e+02 6.284930636431253603e+00
1.969596359582419076e+00 3.187813631989612304e+02 6.284930636431253603e+00
1.013513177093663176e+00 3.192366706294930623e+02 6.284930636431253603e+00
6.967630319588776766e-01 3.205290532944040933e+02 6.284930636431253603e+00
1.513873029641949364e+00 3.218237407999042148e+02 6.284930636431253603e+00
1.416353332801385756e+00 3.222225665572148046e+02 6.284930636431253603e+00
9.242327634994713659e-01 3.235913129620883524e+02 6.284930636431253603e+00
1.475152943445183551e+00 3.249638874116186003e+02 6.284930636431253603e+00
1.433586244050899738e+00 3.253614324599240604e+02 6.284930636431253603e+00
6.902289637107689169e-01 3.266619879140270655e+02 6.284930636431253603e+00
1.066102060551354036e+00 3.279630913472101383e+02 6.284930636431253603e+00
1.869496737555144783e+00 3.284011170474324217e+02 6.284930636431253603e+00
9.084904962494998459e-01 3.297731003436986157e+02 6.284930636431253603e+00
1.113312224035484910e+00 3.310988401060125170e+02 6.284930636431253603e+00
2.033333692436835705e+00 3.315538261428970372e+02 6.284930636431253603e+00
7.198302999461906326e-01 3.327943259144635135e+02 6.284930636431253603e+00
7.723948230914019497e-01 3.339797259554616176e+02 6.284930636431253603e+00
2.490934320961789794e+00 3.346065893319783413e+02 6.284930636431253603e+00
8.177582010144729407e-01 3.358840284996650212e+02 6.284930636431253603e+00
8.047026598693228783e-01 3.370842658910223690e+02 6.284930636431253603e+00
2.820434920362036468e+00 3.377744778466267235e+02 6.284930636431253603e+00
7.221051049442022141e-01 3.388650544473566129e+02 6.284930636431253603e+00
7.044932597559577792e-01 3.398201332823587677e+02 6.284930636431253603e+00
2.942295281601666534e+00 3.408258170846817166e+02 6.284930636431253603e+00
7.407745113428770845e-01 3.416517402732378059e+02 6.284930636431253603e+00
7.665730742167573553e-01 3.428009547686301062e+02 6.284930636431253603e+00
2.684687580078125357e+00 3.439973451220100173e+02 6.284930636431253603e+00
7.215934257470437707e-01 3.447213178318171458e+02 6.284930636431253603e+00
7.294617328796879629e-01 3.458388689469476844e+02 6.284930636431253603e+00
2.259736207331418001e+00 3.470507394155055181e+02 6.284930636431253603e+00
1.016981975116967751e+00 3.475491246782299868e+02 6.284930636431253603e+00
8.940533436055367877e-01 3.488484867498563062e+02 6.284930636431253603e+00
2.039891174378027472e+00 3.502090300959396814e+02 6.284930636431253603e+00
9.587040329315296150e-01 3.506856599026160666e+02 6.284930636431253603e+00
6.945221951284864526e-01 3.519694870142134278e+02 6.284930636431253603e+00
1.594137083618791140e+00 3.532565903780742929e+02 6.284930636431253603e+00
1.341725382666372202e+00 3.536613539392000121e+02 6.284930636431253603e+00
9.136837878026965454e-01 3.550221217915953389e+02 6.284930636431253603e+00
1.518516200549118844e+00 3.563942377442837710e+02 6.284930636431253603e+00
1.358831668544914217e+00 3.567938675857605517e+02 6.284930636431253603e+00
6.815356004554349312e-01 3.580991074445868207e+02 6.284930636431253603e+00
1.117711495924515352e+00 3.594066139174060481e+02 6.284930636431253603e+00
1.773692365712533636e+00 3.598318209665531526e+02 6.284930636431253603e+00
9.028309809673399355e-01 3.612032220115320342e+02 6.284930636431253603e+00
1.144186742583683358e+00 3.625354412195255804e+02 6.284930636431253603e+00
1.932738575086336397e+00 3.629787859276754602e+02 6.284930636431253603e+00
7.088087705416007411e-01 3.642287575869697207e+02 6.284930636431253603e+00
8.005229774874778048e-01 3.654445268140206053e+02 6.284930636431253603e+00
2.376183773539108923e+00 3.660327496989222595e+02 6.284930636431253603e+00
8.328920354384362623e-01 3.673335954590614278e+02 6.284930636431253603e+00
8.376939496006140518e-01 3.685561966346118652e+02 6.284930636431253603e+00
2.703606569847228691e+00 3.691980772739323129e+02 6.284930636431253603e+00
7.229786333417208555e-01 3.703192053211081429e+02 6.284930636431253603e+00
6.928333341557506575e-01 3.713054614575486312e+02 6.284930636431253603e+00
2.921646045029051120e+00 3.722511156583079241e+02 6.284930636431253603e+00
7.185484737596172788e-01 3.731693689729795551e+02 6.284930636431253603e+00
7.361769666769126808e-01 3.742961535539470788e+02 6.284930636431253603e+00
2.764439543510771813e+00 3.754239168827558046e+02 6.284930636431253603e+00
7.005320675094678373e-01 3.762114005923799596e+02 6.284930636431253603e+00
7.264610146955259307e-01 3.772908193449172245e+02 6.284930636431253603e+00
2.393297771046981826e+00 3.784785020551373691e+02 6.284930636431253603e+00
9.516846423813549727e-01 3.790152522234229764e+02 6.284930636431253603e+00
8.736421600033833501e-01 3.802923177454593997e+02 6.284930636431253603e+00
2.127223699533059786e+00 3.816381099028096742e+02 6.284930636431253603e+00
9.011532325532721766e-01 3.821437407087289557e+02 6.284930636431253603e+00
6.939043961354638412e-01 3.834137887219513345e+02 6.284930636431253603e+00
1.691676185455696979e+00 3.846901117594425727e+02 6.284930636431253603e+00
1.263331955521447503e+00 3.851052192920652146e+02 6.284930636431253603e+00
9.028226144172813994e-01 3.864560542805602381e+02 6.284930636431253603e+00
1.575585930070545482e+00 3.878269548589756255e+02 6.284930636431253603e+00
1.276413372297561466e+00 3.882313449733153448e+02 6.284930636431253603e+00
6.736673232933843014e-01 3.895408756309875002e+02 6.284930636431253603e+00
1.182234333309464702e+00 3.908518494340227107e+02 6.284930636431253603e+00
1.670656030120943436e+00 3.912659911541275619e+02 6.284930636431253603e+00
8.959784790269322841e-01 3.926355793387796780e+02 6.284930636431253603e+00
1.181770941853387047e+00 3.939742186048200097e+02 6.284930636431253603e+00
1.822871504518147390e+00 3.944060029471643816e+02 6.284930636431253603e+00
6.964987553207190318e-01 3.956664540078163554e+02 6.284930636431253603e+00
8.373113300005480264e-01 3.969115269049923427e+02 6.284930636431253603e+00
2.248600674694714474e+00 3.974609884544864258e+02 6.284930636431253603e+00
8.454288071502522595e-01 3.987812459677624588e+02 6.284930636431253603e+00
8.763623581787975958e-01 4.000262586420468551e+02 6.284930636431253603e+00
2.564232680261570696e+00 4.006227804071064043e+02 6.284930636431253603e+00
7.211011908420753569e-01 4.017723667411069641e+02 6.284930636431253603e+00
6.878770215642940888e-01 4.028015186416007509e+02 6.284930636431253603e+00
2.858610876242632326e+00 4.036775614073745828e+02 6.284930636431253603e+00
7.143491964347141732e-01 4.046940697828092084e+02 6.284930636431253603e+00
7.165066387790215430e-01 4.058104966398514080e+02 6.284930636431253603e+00
2.846597134367133464e+00 4.068510069244269403e+02 6.284930636431253603e+00
6.903216746101915602e-01 4.077097949396898002e+02 6.284930636431253603e+00
7.259910555959698808e-01 4.087449416660733164e+02 6.284930636431253603e+00
2.539172862503712214e+00 4.099053157731844976e+02 6.284930636431253603e+00
8.965188250468240083e-01 4.104857564199103876e+02 6.284930636431253603e+00
8.568118205028051326e-01 4.117392575116103330e+02 6.284930636431253603e+00
2.242038246974721094e+00 4.130678953646516334e+02 6.284930636431253603e+00
8.499303707548493403e-01 4.136093912884821293e+02 6.284930636431253603e+00
7.004425729427401492e-01 4.148571652543359392e+02 6.284930636431253603e+00
1.803101088106766392e+00 4.161215533545769745e+02 6.284930636431253603e+00
1.201706615130109679e+00 4.165488970655938488e+02 6.284930636431253603e+00
9.010932129650958133e-01 4.178910442259536921e+02 6.284930636431253603e+00
1.661783112463592005e+00 4.192624904277092242e+02 6.284930636431253603e+00
1.195702624701301620e+00 4.196747452529797897e+02 6.284930636431253603e+00
6.735114122264235226e-01 4.209859433205455161e+02 6.284930636431253603e+00
1.262046039085824356e+00 4.222957888070683339e+02 6.284930636431253603e+00
1.583188072875084673e+00 4.227014771753549098e+02 6.284930636431253603e+00
8.976464767559461100e-01 4.240708460010766316e+02 6.284930636431253603e+00
1.242083433596567144e+00 4.254184925958671215e+02 6.284930636431253603e+00
1.709829078091999355e+00 4.258371325169164265e+02 6.284930636431253603e+00
6.894319517125195862e-01 4.271101494438490249e+02 6.284930636431253603e+00
8.871102751990008750e-01 4.283785787384722994e+02 6.284930636431253603e+00
2.130039011012143657e+00 4.288908870934257038e+02 6.284930636431253603e+00
8.612661366203165914e-01 4.302291332852452115e+02 6.284930636431253603e+00
9.277832553904707957e-01 4.314977572540457800e+02 6.284930636431253603e+00
2.418738295434670338e+00 4.320492041833810504e+02 6.284930636431253603e+00
7.204441468919420277e-01 4.332268927322421064e+02 6.284930636431253603e+00
6.948424119425062884e-01 4.343010152333250744e+02 6.284930636431253603e+00
2.774747208441153301e+00 4.351046943242913585e+02 6.284930636431253603e+00
7.293212281056403734e-01 4.362116007277218728e+02 6.284930636431253603e+00
7.152050462066994463e-01 4.373343955287012363e+02 6.284930636431253603e+00
2.912827182823932937e+00 4.382775754244163977e+02 6.284930636431253603e+00
6.923266400501059126e-01 4.392066145241017807e+02 6.284930636431253603e+00
7.271021956667171882e-01 4.401981048769031872e+02 6.284930636431253603e+00
2.681766082249098737e+00 4.413304258379313865e+02 6.284930636431253603e+00
8.544673914253319014e-01 4.419554535659826229e+02 6.284930636431253603e+00
8.436305600937896720e-01 4.431862963705360698e+02 6.284930636431253603e+00
2.369469153054756916e+00 4.444963314734071673e+02 6.284930636431253603e+00
8.112554362812763875e-01 4.450760511371472035e+02 6.284930636431253603e+00
7.129494399782966285e-01 4.462948825620027264e+02 6.284930636431253603e+00
1.913373843276929165e+00 4.475491307743174616e+02 6.284930636431253603e+00
1.163462393453290611e+00 4.479873155456630229e+02 6.284930636431253603e+00
9.086655869944781916e-01 4.493234277691472585e+02 6.284930636431253603e+00
1.766870458171454716e+00 4.506972260833783821e+02 6.284930636431253603e+00
1.129127065487315784e+00 4.511201830464092950e+02 6.284930636431253603e+00
6.816458190493119851e-01 4.524283603437758643e+02 6.284930636431253603e+00
1.345772752994915722e+00 4.537341309185600267e+02 6.284930636431253603e+00
1.524766472161291908e+00 4.541344646771132716e+02 6.284930636431253603e+00
9.091663581175825071e-01 4.555055125650175114e+02 6.284930636431253603e+00
1.321563332092053011e+00 4.568637512097063791e+02 6.284930636431253603e+00
1.608984135450001851e+00 4.572707870076970949e+02 6.284930636431253603e+00
6.898018944748692816e-01 4.585556554056019536e+02 6.284930636431253603e+00
9.450207722509165187e-01 4.598388623092125727e+02 6.284930636431253603e+00
2.038236709553097104e+00 4.603204185127887627e+02 6.284930636431253603e+00
8.814030629118679849e-01 4.616745070934906039e+02 6.284930636431253603e+00
9.908597536403049855e-01 4.629660723942011487e+02 6.284930636431253603e+00
2.283579449879715284e+00 4.634767828172789450e+02 6.284930636431253603e+00
7.226471741376050417e-01 4.646801033073903682e+02 6.284930636431253603e+00
7.135226428301302271e-01 4.657936803227780729e+02 6.284930636431253603e+00
2.691021211905335608e+00 4.665314942778729801e+02 6.284930636431253603e+00
7.567818748303767329e-01 4.677108653041455000e+02 6.284930636431253603e+00
7.325594108414519301e-01 4.688534338010485953e+02 6.284930636431253603e+00
2.940546011912639202e+00 4.697029999604710042e+02 6.284930636431253603e+00
7.020460694293241266e-01 4.706935406493753931e+02 6.284930636431253603e+00
7.259238308620162838e-01 4.716518258315718981e+02 6.284930636431253603e+00
2.804004792958690206e+00 4.727542816850571512e+02 6.284930636431253603e+00
8.191881561910292486e-01 4.734263418079071926e+02 6.284930636431253603e+00
8.285649935109626885e-01 4.746346888339921861e+02 6.284930636431253603e+00
2.486213117837819730e+00 4.759226487509772596e+02 6.284930636431253603e+00
7.820891895493875534e-01 4.765403649171018401e+02 6.284930636431253603e+00
7.250235576463497367e-01 4.777286384202251952e+02 6.284930636431253603e+00
2.014034651288719946e+00 4.789741094705287310e+02 6.284930636431253603e+00
1.134579184485254633e+00 4.794226286039135516e+02 6.284930636431253603e+00
9.164504391129323357e-01 4.807531643688831764e+02 6.284930636431253603e+00
1.867448073646173601e+00 4.821285272812095855e+02 6.284930636431253603e+00
1.076624149639281214e+00 4.825640136563096121e+02 6.284930636431253603e+00
6.917145451756190333e-01 4.838657425471391207e+02 6.284930636431253603e+00
1.422157822040517772e+00 4.851669297512645471e+02 6.284930636431253603e+00
1.483592987938201935e+00 4.855645680496235173e+02 6.284930636431253603e+00
9.220460628473464704e-01 4.869369581158179585e+02 6.284930636431253603e+00
1.400666638994652269e+00 4.883042658120111810e+02 6.284930636431253603e+00
1.525937005006598124e+00 4.887041434463378664e+02 6.284930636431253603e+00
6.929231433414293484e-01 4.899975943042866788e+02 6.284930636431253603e+00
1.001506729562746001e+00 4.912896608648665620e+02 6.284930636431253603e+00
1.966877134666432880e+00 4.917484591063246171e+02 6.284930636431253603e+00
8.998480531465895549e-01 4.931141382301270255e+02 6.284930636431253603e+00
1.053881284853340095e+00 4.944246792907615031e+02 6.284930636431253603e+00
2.165325565091893889e+00 4.949041142674799971e+02 6.284930636431253603e+00
7.247574021915882403e-01 4.961276293933966031e+02 6.284930636431253603e+00
7.386336032627429660e-01 4.972743404345823137e+02 6.284930636431253603e+00
2.609916478368246029e+00 4.979573756376605616e+02 6.284930636431253603e+00
7.870646241254655173e-01 4.991898700099560529e+02 6.284930636431253603e+00
7.620475917536371213e-01 5.003580626910938918e+02 6.284930636431253603e+00
2.918363493726892077e+00 5.011273945075992060e+02 6.284930636431253603e+00
7.132042369926563374e-01 5.021683630657640833e+02 6.284930636431253603e+00
7.194853667518580354e-01 5.031114052099267155e+02 6.284930636431253603e+00
2.893600890078237065e+00 5.041779252540413836e+02 6.284930636431253603e+00
7.839446366617602857e-01 5.049069205400268174e+02 6.284930636431253603e+00
8.060419061109957983e-01 5.060905388147208441e+02 6.284930636431253603e+00
2.582030077134190638e+00 5.073478353867371311e+02 6.284930636431253603e+00
7.554906458204688757e-01 5.080065038881876944e+02 6.284930636431253603e+00
7.310328766007655465e-01 5.091648815290453172e+02 6.284930636431253603e+00
2.113564600101786262e+00 5.103992976253545066e+02 6.284930636431253603e+00
1.094355706910078663e+00 5.108631315198691141e+02 6.284930636431253603e+00
9.142635257259943415e-01 5.121841597377380140e+02 6.284930636431253603e+00
1.949267260776409660e+00 5.135568311633940084e+02 6.284930636431253603e+00
1.028049354686426442e+00 5.140071693444612038e+02 6.284930636431253603e+00
6.966569734533920588e-01 5.153016489051459530e+02 6.284930636431253603e+00
1.493109990233510542e+00 5.165979809439692190e+02 6.284930636431253603e+00
1.434319102963211856e+00 5.169959752966414044e+02 6.284930636431253603e+00
9.256044392870951265e-01 5.183662312622191166e+02 6.284930636431253603e+00
1.461529786806508246e+00 5.197383298535299900e+02 6.284930636431253603e+00
1.453822700017792124e+00 5.201358267794284984e+02 6.284930636431253603e+00
6.918278039473431118e-01 5.214350033649038778e+02 6.284930636431253603e+00
1.052205501230769391e+00 5.227341206305870855e+02 6.284930636431253603e+00
1.893492148453683521e+00 5.231762082840529047e+02 6.284930636431253603e+00
9.084059368341660390e-01 5.245476238381743315e+02 6.284930636431253603e+00
1.102722288448895416e+00 5.258708638546272596e+02 6.284930636431253603e+00
2.061552170674628481e+00 5.263299955633308400e+02 6.284930636431253603e+00
7.219344714508701966e-01 5.275674286888228153e+02 6.284930636431253603e+00
7.649095429972496696e-01 5.287442820064317175e+02 6.284930636431253603e+00
2.519932862509673299e+00 5.293826407674456505e+02 6.284930636431253603e+00
8.121367090555698942e-01 5.306519125963516217e+02 6.284930636431253603e+00
7.953157081869163259e-01 5.318454050268154560e+02 6.284930636431253603e+00
2.847986760234250792e+00 5.325510783084919240e+02 6.284930636431253603e+00
7.209120688664435450e-01 5.336319079421984952e+02 6.284930636431253603e+00
7.081542422643984924e-01 5.345812971211931881e+02 6.284930636431253603e+00
2.938806550494900804e+00 5.356020719601261817e+02 6.284930636431253603e+00
7.494876256046297813e-01 5.364040741398383716e+02 6.284930636431253603e+00
7.758457881266571654e-01 5.375608119760622685e+02 6.284930636431253603e+00
2.662603925254214410e+00 5.387732284566343424e+02 6.284930636431253603e+00
7.288270419590938687e-01 5.394811217210695986e+02 6.284930636431253603e+00
7.303559073192623652e-01 5.406083377999946151e+02 6.284930636431253603e+00
2.224817253043158249e+00 5.418261322864711929e+02 6.284930636431253603e+00
1.035795213972865447e+00 5.423152548313959187e+02 6.284930636431253603e+00
8.996852169418676493e-01 5.436202862300918923e+02 6.284930636431253603e+00
2.019063650399747889e+00 5.449843096083025102e+02 6.284930636431253603e+00
9.749309792476250625e-01 5.454541321162600980e+02 6.284930636431253603e+00
6.953357676770808293e-01 5.467407326335213611e+02 6.284930636431253603e+00
1.569657953998743860e+00 5.480303391471434225e+02 6.284930636431253603e+00
1.364382133011267095e+00 5.484329145264291583e+02 6.284930636431253603e+00
9.172552494797059364e-01 5.497963051973604252e+02 6.284930636431253603e+00
1.505887184665798406e+00 5.511687778132918538e+02 6.284930636431253603e+00
1.381039230729238954e+00 5.515675381183522177e+02 6.284930636431253603e+00
6.842911766709495192e-01 5.528714402318234988e+02 6.284930636431253603e+00
1.102077600405375613e+00 5.541772891844049127e+02 6.284930636431253603e+00
1.802632462457333329e+00 5.546059815327867000e+02 6.284930636431253603e+00
9.050722487066990007e-01 5.559778364733999751e+02 6.284930636431253603e+00
1.135660501805541234e+00 5.573084036135938959e+02 6.284930636431253603e+00
1.962216109618122095e+00 5.577548466953360276e+02 6.284930636431253603e+00
7.123795173765637978e-01 5.590021607450606780e+02 6.284930636431253603e+00
7.919381508184996088e-01 5.602092067009192533e+02 6.284930636431253603e+00
2.410925018655864172e+00 5.608083925559423051e+02 6.284930636431253603e+00
8.291206950429418354e-01 5.621031639894927139e+02 6.284930636431253603e+00
8.280530688231309000e-01 5.633194846669285880e+02 6.284930636431253603e+00
2.739849923998860071e+00 5.639745645251948645e+02 6.284930636431253603e+00
7.231734138546955792e-01 5.650873546923431832e+02 6.284930636431253603e+00
6.957691929165761291e-01 5.660631386322528442e+02 6.284930636431253603e+00
2.932523586251256642e+00 5.670270670301188147e+02 6.284930636431253603e+00
7.233066749118653993e-01 5.679178276341946230e+02 6.284930636431253603e+00
7.441993274524225654e-01 5.690501292935757647e+02 6.284930636431253603e+00
2.741080276426107964e+00 5.701995302148080782e+02 6.284930636431253603e+00
7.056547661689914763e-01 5.709677984981714189e+02 6.284930636431253603e+00
7.271444888679259311e-01 5.720588497645113648e+02 6.284930636431253603e+00
2.353447404075156513e+00 5.732539026630832950e+02 6.284930636431253603e+00
9.697387952613328865e-01 5.737789000724873176e+02 6.284930636431253603e+00
8.793063814998626215e-01 5.750626086425083940e+02 6.284930636431253603e+00
2.099449720562974964e+00 5.764129471420451409e+02 6.284930636431253603e+00
9.173918501789301017e-01 5.769094688250390845e+02 6.284930636431253603e+00
6.934939762951909392e-01 5.781842456166943975e+02 6.284930636431253603e+00
1.661950078678799292e+00 5.794639104809530181e+02 6.284930636431253603e+00
1.284801920532433694e+00 5.798757105730088597e+02 6.284930636431253603e+00
9.052844868498313158e-01 5.812293846183695223e+02 6.284930636431253603e+00
1.556537169060488779e+00 5.826005265304141858e+02 6.284930636431253603e+00
1.300417510547469568e+00 5.830032646486000658e+02 6.284930636431253603e+00
6.753585535708812593e-01 5.843117044068113728e+02 6.284930636431253603e+00
1.162060864254041315e+00 5.856221407678723381e+02 6.284930636431253603e+00
1.699546721092518586e+00 5.860392312211929493e+02 6.284930636431253603e+00
8.973955671760277530e-01 5.874092607059080819e+02 6.284930636431253603e+00
1.169128922057950604e+00 5.887458496687746674e+02 6.284930636431253603e+00
1.855191395098537699e+00 5.891811430342415861e+02 6.284930636431253603e+00
6.997381230091482829e-01 5.904383471192330717e+02 6.284930636431253603e+00
8.255181310205371714e-01 5.916754226500770528e+02 6.284930636431253603e+00
2.285248285738926910e+00 5.922359856425048292e+02 6.284930636431253603e+00
8.417227745306348208e-01 5.935508833158660309e+02 6.284930636431253603e+00
8.642414606181707537e-01 5.947893642074848231e+02 6.284930636431253603e+00
2.605498935220467160e+00 5.953988497038061496e+02 6.284930636431253603e+00
7.216798579423265858e-01 5.965403355213124996e+02 6.284930636431253603e+00
6.882371328620296991e-01 5.975565751490121329e+02 6.284930636431253603e+00
2.879866968390083493e+00 5.984531936515726329e+02 6.284930636431253603e+00
7.134801491688491648e-01 5.994418004441484982e+02 6.284930636431253603e+00
7.204849838467599632e-01 6.005595497458396039e+02 6.284930636431253603e+00
2.823662577291229603e+00 6.016265684742160147e+02 6.284930636431253603e+00
6.919251766392768843e-01 6.024646517714777474e+02 6.284930636431253603e+00
7.258340487093236648e-01 6.035128014060987880e+02 6.284930636431253603e+00
2.497004051078209663e+00 6.046811132312680002e+02 6.284930636431253603e+00
9.108438031219681097e-01 6.052488566201014919e+02 6.284930636431253603e+00
8.611075346972513200e-01 6.065090464677109594e+02 6.284930636431253603e+00
2.206895727900626270e+00 6.078427324384726944e+02 6.284930636431253603e+00
8.633908903418817671e-01 6.083735139118369943e+02 6.284930636431253603e+00
6.977709862924784678e-01 6.096285240241452357e+02 6.284930636431253603e+00
1.770649310210586469e+00 6.108962333326525140e+02 6.284930636431253603e+00
1.216801726249006510e+00 6.113201166258965031e+02 6.284930636431253603e+00
9.004283705620429457e-01 6.126644769496032268e+02 6.284930636431253603e+00
1.634324652299419034e+00 6.140355293539015520e+02 6.284930636431253603e+00
1.217712213812822686e+00 6.144452054570147084e+02 6.284930636431253603e+00
6.725741624531087481e-01 6.157563662264116147e+02 6.284930636431253603e+00
1.238168980586273893e+00 6.170669613701971912e+02 6.284930636431253603e+00
1.605374137002268276e+00 6.174747403498672611e+02 6.284930636431253603e+00
8.960082571640856086e-01 6.188439366641453034e+02 6.284930636431253603e+00
1.222321189775496419e+00 6.201887427314649130e+02 6.284930636431253603e+00
1.741501548815069800e+00 6.206111607244890820e+02 6.284930636431253603e+00
6.906506696631565800e-01 6.218804959831543329e+02 6.284930636431253603e+00
8.716626376347204053e-01 6.231431196959558747e+02 6.284930636431253603e+00
2.161591355212635790e+00 6.236655792190111924e+02 6.284930636431253603e+00
8.562061407303310778e-01 6.249988276679384853e+02 6.284930636431253603e+00
9.116316032400135771e-01 6.262606433216328696e+02 6.284930636431253603e+00
2.459835695642151432e+00 6.268247839084190218e+02 6.284930636431253603e+00
7.203266218346323635e-01 6.279945519555368492e+02 6.284930636431253603e+00
6.915187214670509563e-01 6.290561705897215461e+02 6.284930636431253603e+00
2.799355854570086510e+00 6.298802256783812936e+02 6.284930636431253603e+00
7.233661493356287053e-01 6.309628673392227256e+02 6.284930636431253603e+00
7.135209993215411162e-01 6.320821861929376837e+02 6.284930636431253603e+00
2.896997682361813098e+00 6.330533855671861829e+02 6.284930636431253603e+00
6.906933834725534904e-01 6.339630119983062286e+02 6.284930636431253603e+00
7.268368054562800440e-01 6.349663208805206978e+02 6.284930636431253603e+00
2.642457636975275026e+00 6.361067143184454835e+02 6.284930636431253603e+00
8.654167267381304152e-01 6.367189690293637341e+02 6.284930636431253603e+00
8.472939167861973653e-01 6.379561782550999851e+02 6.284930636431253603e+00
2.333263560153130189e+00 6.392717259053167709e+02 6.284930636431253603e+00
8.210467698323491437e-01 6.398405427896313995e+02 6.284930636431253603e+00
7.091035006383014094e-01 6.410680198337228148e+02 6.284930636431253603e+00
1.882815468079491295e+00 6.423249220067239094e+02 6.284930636431253603e+00
1.172511257870022972e+00 6.427602144356052349e+02 6.284930636431253603e+00
9.059764411126741690e-01 6.440978387229998816e+02 6.284930636431253603e+00
1.736294932890544374e+00 6.454708935259862983e+02 6.284930636431253603e+00
1.146423982312159584e+00 6.458905735399152945e+02 6.284930636431253603e+00
6.787669955716362225e-01 6.472000806875674925e+02 6.284930636431253603e+00
1.322314479488916783e+00 6.485071435819256749e+02 6.284930636431253603e+00
1.538719102595661692e+00 6.489087191756357242e+02 6.284930636431253603e+00
9.052346104792091674e-01 6.502791872481402606e+02 6.284930636431253603e+00
1.297903921542444161e+00 6.516344058419347220e+02 6.284930636431253603e+00
1.635933872765888974e+00 6.520443804231075546e+02 6.284930636431253603e+00
6.891070720256596838e-01 6.533261382479045096e+02 6.284930636431253603e+00
9.282323836983471521e-01 6.546059174072941005e+02 6.284930636431253603e+00
2.061619591188628142e+00 6.550954233552720325e+02 6.284930636431253603e+00
8.754546161670139215e-01 6.564453235695348212e+02 6.284930636431253603e+00
9.721820298752300582e-01 6.577305945146521253e+02 6.284930636431253603e+00
2.320546582692919912e+00 6.582521561464661772e+02 6.284930636431253603e+00
7.218223008931153872e-01 6.594486023545051694e+02 6.284930636431253603e+00
7.072522269238444848e-01 6.605516408782797271e+02 6.284930636431253603e+00
2.714388170882396256e+00 6.613072172095903625e+02 6.284930636431253603e+00
7.482291460041843312e-01 6.624679261456437871e+02 6.284930636431253603e+00
7.260004752079148860e-01 6.636039123281774437e+02 6.284930636431253603e+00
2.937472578267876333e+00 6.644791497803041693e+02 6.284930636431253603e+00
6.988598350089152422e-01 6.654532309238879861e+02 6.284930636431253603e+00
7.267156521041681083e-01 6.664194346388113672e+02 6.284930636431253603e+00
2.771922700915100624e+00 6.675308280415601985e+02 6.284930636431253603e+00
8.290645379352236111e-01 6.681888194129591056e+02 6.284930636431253603e+00
8.334471409276017484e-01 6.694037239189659658e+02 6.284930636431253603e+00
2.454885635018869916e+00 6.706986032084023464e+02 6.284930636431253603e+00
7.898817279363202770e-01 6.713053934025725766e+02 6.284930636431253603e+00
7.220171221349274138e-01 6.725023390906931127e+02 6.284930636431253603e+00
1.986006601920147885e+00 6.737503654556988977e+02 6.284930636431253603e+00
1.143186337398585772e+00 6.741957061055016993e+02 6.284930636431253603e+00
9.148805739995462538e-01 6.755280420073744381e+02 6.284930636431253603e+00
1.840344303292766881e+00 6.769032521756483902e+02 6.284930636431253603e+00
1.090715228096656997e+00 6.773349858754692150e+02 6.284930636431253603e+00
6.891169981221390017e-01 6.786387346972956038e+02 6.284930636431253603e+00
1.401230179197068937e+00 6.799412223985926857e+02 6.284930636431253603e+00
1.495091825237251593e+00 6.803393618131694893e+02 6.284930636431253603e+00
9.189200639999999254e-01 6.817115953706577329e+02 6.284930636431253603e+00
1.379378002002111137e+00 6.830766590538484024e+02 6.284930636431253603e+00
1.548091419061817353e+00 6.834780676084584456e+02 6.284930636431253603e+00
6.921894554355422224e-01 6.847694257585366131e+02 6.284930636431253603e+00
9.859334016219237773e-01 6.860593000838622402e+02 6.284930636431253603e+00
1.986420707651010531e+00 6.865238623909278886e+02 6.284930636431253603e+00
8.952711717929022761e-01 6.878867832820332069e+02 6.284930636431253603e+00
1.036799016924772499e+00 6.891924841596694478e+02 6.284930636431253603e+00
2.197395437961565445e+00 6.896797123012999009e+02 6.284930636431253603e+00
7.244619167100686541e-01 6.908981172375596316e+02 6.284930636431253603e+00
7.311635896053241268e-01 6.920358365950489770e+02 6.284930636431253603e+00
2.633396081193108973e+00 6.927333680537863074e+02 6.284930636431253603e+00
7.786561002947627319e-01 6.939525229321578763e+02 6.284930636431253603e+00
7.528889156744829059e-01 6.951132155231786101e+02 6.284930636431253603e+00
2.929927710220688652e+00 6.959038058454208340e+02 6.284930636431253603e+00
7.101952742911646910e-01 6.969314947773580116e+02 6.284930636431253603e+00
7.219152954218249763e-01 6.978767595211529624e+02 6.284930636431253603e+00
2.872015109693880852e+00 6.989544337753918626e+02 6.284930636431253603e+00
7.941406485430650974e-01 6.996656830844117394e+02 6.284930636431253603e+00
8.133890538785010227e-01 7.008566767657297305e+02 6.284930636431253603e+00
2.556695595238792418e+00 7.021239638343853358e+02 6.284930636431253603e+00
7.631138822467078420e-01 7.027702997320134273e+02 6.284930636431253603e+00
7.300846328312426969e-01 7.039372039598009678e+02 6.284930636431253603e+00
2.084395466385962514e+00 7.051752441950785624e+02 6.284930636431253603e+00
1.107815858937889697e+00 7.056338370036537526e+02 6.284930636431253603e+00
9.162523321591935499e-01 7.069582042765767937e+02 6.284930636431253603e+00
1.927839717820786669e+00 7.083322327335017690e+02 6.284930636431253603e+00
1.042153923303054786e+00 7.087779776528377624e+02 6.284930636431253603e+00
6.959892240109100126e-01 7.100745278584621474e+02 6.284930636431253603e+00
1.472812723427889603e+00 7.113723507126255754e+02 6.284930636431253603e+00
1.450424137989995810e+00 7.117698635325948544e+02 6.284930636431253603e+00
9.259237106908214665e-01 7.131412197103986728e+02 6.284930636431253603e+00
1.446399798351810650e+00 7.145124606698124126e+02 6.284930636431253603e+00
1.473979118066379268e+00 7.149102054484845894e+02 6.284930636431253603e+00
6.928476476847309495e-01 7.162079290167822592e+02 6.284930636431253603e+00
1.038196634165435395e+00 7.175050581776069976e+02 6.284930636431253603e+00
1.915912933669861484e+00 7.179514703596207710e+02 6.284930636431253603e+00
9.072800777074747636e-01 7.193218672801141338e+02 6.284930636431253603e+00
1.090696317308108787e+00 7.206421448673387431e+02 6.284930636431253603e+00
2.090161218739130522e+00 7.211060649112963574e+02 6.284930636431253603e+00
7.234501931986940804e-01 7.223400879958713858e+02 6.284930636431253603e+00
7.574389009303696962e-01 7.235084198299525724e+02 6.284930636431253603e+00
2.547296469873350233e+00 7.241587292149224595e+02 6.284930636431253603e+00
8.058072284430524146e-01 7.254189047779047996e+02 6.284930636431253603e+00
7.858230509966226407e-01 7.266054208182654293e+02 6.284930636431253603e+00
2.872465758863920637e+00 7.273276583805783275e+02 6.284930636431253603e+00
7.192487004253823590e-01 7.283980786527608871e+02 6.284930636431253603e+00
7.117170660458750353e-01 7.293434416501652322e+02 6.284930636431253603e+00
2.931030952335979212e+00 7.303783953367839104e+02 6.284930636431253603e+00
7.588754795649250706e-01 7.311577968293901222e+02 6.284930636431253603e+00
7.849825294802427189e-01 7.323222396091763358e+02 6.284930636431253603e+00
2.640388894172070788e+00 7.335491912499899172e+02 6.284930636431253603e+00
7.363304046472829434e-01 7.342419413411853384e+02 6.284930636431253603e+00
7.310417580811824356e-01 7.353784042501964677e+02 6.284930636431253603e+00
2.191357907675250960e+00 7.366016055915904417e+02 6.284930636431253603e+00
1.053978999504822101e+00 7.370823574855423885e+02 6.284930636431253603e+00
9.048368534192652302e-01 7.383926118820129432e+02 6.284930636431253603e+00
1.999140450112991019e+00 7.397596976434449516e+02 6.284930636431253603e+00
9.907429134907496104e-01 7.402233146645623947e+02 6.284930636431253603e+00
6.961011939440682195e-01 7.415123734209229269e+02 6.284930636431253603e+00
1.546521616764416018e+00 7.428042024458676451e+02 6.284930636431253603e+00
1.386187879674334988e+00 7.432049831381905278e+02 6.284930636431253603e+00
9.205160613042961959e-01 7.445707556252593804e+02 6.284930636431253603e+00
1.493786176675509170e+00 7.459434452898017298e+02 6.284930636431253603e+00
1.402513660066765366e+00 7.463415476602713170e+02 6.284930636431253603e+00
6.869156240528159207e-01 7.476441140888748578e+02 6.284930636431253603e+00
1.087298580290254391e+00 7.489481345681938365e+02 6.284930636431253603e+00
1.830466601413482719e+00 7.493804431984177654e+02 6.284930636431253603e+00
9.069383103629289344e-01 7.507525659973152869e+02 6.284930636431253603e+00
1.127158383591388535e+00 7.520813792142647571e+02 6.284930636431253603e+00
1.990968549625433015e+00 7.525310262778132255e+02 6.284930636431253603e+00
7.156771677839742773e-01 7.537756953256704264e+02 6.284930636431253603e+00
7.838836681350510593e-01 7.549740362066531816e+02 6.284930636431253603e+00
2.444188457960672967e+00 7.555841935247469792e+02 6.284930636431253603e+00
8.249751539811633894e-01 7.568724690074957380e+02 6.284930636431253603e+00
8.186664873947706589e-01 7.580824560250053992e+02 6.284930636431253603e+00
2.773928791508394553e+00 7.587511176670342365e+02 6.284930636431253603e+00
7.230467601025674096e-01 7.598553167537356785e+02 6.284930636431253603e+00
6.990970785880985527e-01 7.608217971803695718e+02 6.284930636431253603e+00
2.939528307114949168e+00 7.618031141888807269e+02 6.284930636431253603e+00
7.294283209486154274e-01 7.626671721974454385e+02 6.284930636431253603e+00
7.528685867724568270e-01 7.638058000280652777e+02 6.284930636431253603e+00
2.718203324259595544e+00 7.649752097590159110e+02 6.284930636431253603e+00
7.115664856877484956e-01 7.657250786758229424e+02 6.284930636431253603e+00
7.280125811856621443e-01 7.668271649464277289e+02 6.284930636431253603e+00
2.314892622383380782e+00 7.680292547753801955e+02 6.284930636431253603e+00
9.884368586372177523e-01 7.685430736854898441e+02 6.284930636431253603e+00
8.851901293720909614e-01 7.698332478270381216e+02 6.284930636431253603e+00
2.074066940302682127e+00 7.711878933339565947e+02 6.284930636431253603e+00
9.339141915611092193e-01 7.716759558903116840e+02 6.284930636431253603e+00
6.936238993920076368e-01 7.729547832587517178e+02 6.284930636431253603e+00
1.633670117405446875e+00 7.742376081102919443e+02 6.284930636431253603e+00
1.307276430541528311e+00 7.746463506197773086e+02 6.284930636431253603e+00
9.083792385967880412e-01 7.760029028357399739e+02 6.284930636431253603e+00
1.539878782064197704e+00 7.773744017223597211e+02 6.284930636431253603e+00
1.324186367519698759e+00 7.777757300967836045e+02 6.284930636431253603e+00
6.775842079661720252e-01 7.790829403628433738e+02 6.284930636431253603e+00
1.143311649293840437e+00 7.803924537831868520e+02 6.284930636431253603e+00
1.729172275421817062e+00 7.808126775816996314e+02 6.284930636431253603e+00
8.993692340407464236e-01 7.821832445112386267e+02 6.284930636431253603e+00
1.158215607203692432e+00 7.835179881305543859e+02 6.284930636431253603e+00
1.886856607438206712e+00 7.839566076004348361e+02 6.284930636431253603e+00
7.032841435076685466e-01 7.852107800594316132e+02 6.284930636431253603e+00
8.148107001587485687e-01 7.864394914250153761e+02 6.284930636431253603e+00
2.322025442370982073e+00 7.870111612496523321e+02 6.284930636431253603e+00
8.381921863481465174e-01 7.883205787589702140e+02 6.284930636431253603e+00
8.530741029335648928e-01 7.895526456378141802e+02 6.284930636431253603e+00
2.645808959269832172e+00 7.901750611769416537e+02 6.284930636431253603e+00
7.222763152454995117e-01 7.913084423910587475e+02 6.284930636431253603e+00
6.895093235822042921e-01 7.923121752730769458e+02 6.284930636431253603e+00
2.898798963053196065e+00 7.932289056386150605e+02 6.284930636431253603e+00
7.142794105228861268e-01 7.941892973541055198e+02 6.284930636431253603e+00
7.258729810848036923e-01 7.953097396704375797e+02 6.284930636431253603e+00
2.800048176015001999e+00 7.964021108546678533e+02 6.284930636431253603e+00
6.945953068645142059e-01 7.972196394612120685e+02 6.284930636431253603e+00
7.258937351272967131e-01 7.982805976111421842e+02 6.284930636431253603e+00
2.455026871993115645e+00 7.994567708252022840e+02 6.284930636431253603e+00
9.263453394740920332e-01 8.000119286227857174e+02 6.284930636431253603e+00
8.658084248314956710e-01 8.012788696642146533e+02 6.284930636431253603e+00
2.173411770693808531e+00 8.026174992546866633e+02 6.284930636431253603e+00
8.778704039693145944e-01 8.031378770161940110e+02 6.284930636431253603e+00
6.957221979737147066e-01 8.043994525021826121e+02 6.284930636431253603e+00
1.738481457947718134e+00 8.056705955185212815e+02 6.284930636431253603e+00
1.233984999129079885e+00 8.060909432216745927e+02 6.284930636431253603e+00
9.006872916619774738e-01 8.074377501643422193e+02 6.284930636431253603e+00
1.608978486368262129e+00 8.088085986978184110e+02 6.284930636431253603e+00
1.240730680341398662e+00 8.092159578353197276e+02 6.284930636431253603e+00
6.724262055905193547e-01 8.105267009683188917e+02 6.284930636431253603e+00
1.214989693776631574e+00 8.118377296439994097e+02 6.284930636431253603e+00
1.629978193849810575e+00 8.122478646476029098e+02 6.284930636431253603e+00
8.953121111352508876e-01 8.136170786899906489e+02 6.284930636431253603e+00
1.204524989011523273e+00 8.149592418331085355e+02 6.284930636431253603e+00
1.773885488142972200e+00 8.153854667017986912e+02 6.284930636431253603e+00
6.925363677030550447e-01 8.166511521242645131e+02 6.284930636431253603e+00
8.571212180769668398e-01 8.179072431336006730e+02 6.284930636431253603e+00
2.195233751772986519e+00 8.184402913798936652e+02 6.284930636431253603e+00
8.515864358096932873e-01 8.197684160965147839e+02 6.284930636431253603e+00
8.966343115234344241e-01 8.210234475131360341e+02 6.284930636431253603e+00
2.501517090356232487e+00 8.216004884054023023e+02 6.284930636431253603e+00
7.204745404535514153e-01 8.227622182323229936e+02 6.284930636431253603e+00
6.892555813240567320e-01 8.238109628653993468e+02 6.284930636431253603e+00
2.823717422854454817e+00 8.246557524970507984e+02 6.284930636431253603e+00
7.186633825625896588e-01 8.257127589595335166e+02 6.284930636431253603e+00
7.134791859894680233e-01 8.268298768011835591e+02 6.284930636431253603e+00
2.878412544145469987e+00 8.278291036551672732e+02 6.284930636431253603e+00
6.898463866444657366e-01 8.287186972226312491e+02 6.284930636431253603e+00
7.264786473579568638e-01 8.297344704973636453e+02 6.284930636431253603e+00
2.601797756308509957e+00 8.308828754174764981e+02 6.284930636431253603e+00
8.771277285684750957e-01 8.314824063615766363e+02 6.284930636431253603e+00
8.509653701835497852e-01 8.327260558535765540e+02 6.284930636431253603e+00
2.296595160264879976e+00 8.340469330526971135e+02 6.284930636431253603e+00
8.317950422698889845e-01 8.346047991222928886e+02 6.284930636431253603e+00
7.053908849051550023e-01 8.358406895640492849e+02 6.284930636431253603e+00
1.851392561383940594e+00 8.371004318307129779e+02 6.284930636431253603e+00
1.182868764213908186e+00 8.375326808066959074e+02 6.284930636431253603e+00
9.035868692428771221e-01 8.388719575491024898e+02 6.284930636431253603e+00
1.705855563321555302e+00 8.402442923638162711e+02 6.284930636431253603e+00
1.165084379053094921e+00 8.406608549860409312e+02 6.284930636431253603e+00
6.762460977529114459e-01 8.419713388550406989e+02 6.284930636431253603e+00
1.298339459876115543e+00 8.432796238385697052e+02 6.284930636431253603e+00
1.554693398225056367e+00 8.436826628482052683e+02 6.284930636431253603e+00
9.017015487911730354e-01 8.450526022050372603e+02 6.284930636431253603e+00
1.274749255444624474e+00 8.464047562232851760e+02 6.284930636431253603e+00
1.664429839615354956e+00 8.468180058432524220e+02 6.284930636431253603e+00
6.888188902545748782e-01 8.480964005166275683e+02 6.284930636431253603e+00
9.115127444807286095e-01 8.493721567971624609e+02 6.284930636431253603e+00
2.087176912515997351e+00 8.498702963581125687e+02 6.284930636431253603e+00
8.695828571154711195e-01 8.512157111517598196e+02 6.284930636431253603e+00
9.538780480521321659e-01 8.524944383258874723e+02 6.284930636431253603e+00
2.358896582272028919e+00 8.530275454063773850e+02 6.284930636431253603e+00
7.211129776239557643e-01 8.542167202755342714e+02 6.284930636431253603e+00
7.016577613944061653e-01 8.553086330615128645e+02 6.284930636431253603e+00
2.738205294138731816e+00 8.560828653386453198e+02 6.284930636431253603e+00
7.401241999689892603e-01 8.572232757013948685e+02 6.284930636431253603e+00
7.206368686588627837e-01 8.583533299212662087e+02 6.284930636431253603e+00
2.930396884125309409e+00 8.592552071393267852e+02 6.284930636431253603e+00
6.959245654042192086e-01 8.602119209693981929e+02 6.284930636431253603e+00
7.271066074237708676e-01 8.611873838441265434e+02 6.284930636431253603e+00
2.737438309836139005e+00 8.623073342652205611e+02 6.284930636431253603e+00
8.390147701905950051e-01 8.629518620503827151e+02 6.284930636431253603e+00
8.377954899244769438e-01 8.641731851795118473e+02 6.284930636431253603e+00
2.421825711180291663e+00 8.654744291866069261e+02 6.284930636431253603e+00
7.980136516760346632e-01 8.660703958107114886e+02 6.284930636431253603e+00
7.185863676230546115e-01 8.672760856629834052e+02 6.284930636431253603e+00
1.957522514599278507e+00 8.685265805540544761e+02 6.284930636431253603e+00
1.151238610934004036e+00 8.689689968092120580e+02 6.284930636431253603e+00
9.126572266353621954e-01 8.703029095896147282e+02 6.284930636431253603e+00
1.811761532777968586e+00 8.716776873379172912e+02 6.284930636431253603e+00
1.105395766499715604e+00 8.721058135771220350e+02 6.284930636431253603e+00
6.862056491682232418e-01 8.734114762494365323e+02 6.284930636431253603e+00
1.379623696280122269e+00 8.747152721417395469e+02 6.284930636431253603e+00
1.506466025776920459e+00 8.751141335559811978e+02 6.284930636431253603e+00
9.152126279133379061e-01 8.764859883305032326e+02 6.284930636431253603e+00
1.356811027428747485e+00 8.778484955652789949e+02 6.284930636431253603e+00
1.571408483330002603e+00 8.782518471972678071e+02 6.284930636431253603e+00
6.912383587296254683e-01 8.795408341351976560e+02 6.284930636431253603e+00
9.698563286072579004e-01 8.808282979383265001e+02 6.284930636431253603e+00
2.006340700331110227e+00 8.812991868889265561e+02 6.284930636431253603e+00
8.900326656433893424e-01 8.826588864982055611e+02 6.284930636431253603e+00
1.018793295046773517e+00 8.839592528649379801e+02 6.284930636431253603e+00
2.230806523043039835e+00 8.844552050761499231e+02 6.284930636431253603e+00
7.238571084388255583e-01 8.856679626338467415e+02 6.284930636431253603e+00
7.238636902013282359e-01 8.867963558153331860e+02 6.284930636431253603e+00
2.656470484013358835e+00 8.875092909245668125e+02 6.284930636431253603e+00
7.699560454944900378e-01 8.887136735831278429e+02 6.284930636431253603e+00
7.442130357353050618e-01 8.898669358480973415e+02 6.284930636431253603e+00
2.937339599789438704e+00 8.906801519400393090e+02 6.284930636431253603e+00
7.069854803431929735e-01 8.916936655334513944e+02 6.284930636431253603e+00
7.238787863210560669e-01 8.926429021944898068e+02 6.284930636431253603e+00
2.847074150759116851e+00 8.937309752809732117e+02 6.284930636431253603e+00
8.042499657306588778e-01 8.944257397924840234e+02 6.284930636431253603e+00
8.200053916467039405e-01 8.956238604553783489e+02 6.284930636431253603e+00
2.529812460693764198e+00 8.969000853676872111e+02 6.284930636431253603e+00
7.706881959532873028e-01 8.975346630885501327e+02 6.284930636431253603e+00
7.285171022278836839e-01 8.987100778943218984e+02 6.284930636431253603e+00
2.055978214966946549e+00 8.999513289447886564e+02 6.284930636431253603e+00
1.119623122901119983e+00 9.004054355356716997e+02 6.284930636431253603e+00
9.171243260776630324e-01 9.017326126437470748e+02 6.284930636431253603e+00
1.904948028955008033e+00 9.031075078401730707e+02 6.284930636431253603e+00
1.055972009463919337e+00 9.035489692609003214e+02 6.284930636431253603e+00
6.947146410949894824e-01 9.048475922606240829e+02 6.284930636431253603e+00
1.452681196532498831e+00 9.061468010766047882e+02 6.284930636431253603e+00
1.464755082642733353e+00 9.065441522319603109e+02 6.284930636431253603e+00
9.251446715334878945e-01 9.079162009255720704e+02 6.284930636431253603e+00
1.429489628865878936e+00 9.092861746184796630e+02 6.284930636431253603e+00
1.494345761076649737e+00 9.096844973641400429e+02 6.284930636431253603e+00
6.932752851179352360e-01 9.109806468721127430e+02 6.284930636431253603e+00
1.023873070255019613e+00 9.122757836547128818e+02 6.284930636431253603e+00
1.936977797856784145e+00 9.127268459586750851e+02 6.284930636431253603e+00
9.050741586149750884e-01 9.140957349450197853e+02 6.284930636431253603e+00
1.077105159094530862e+00 9.154125294463802902e+02 6.284930636431253603e+00
2.119476326397297328e+00 9.158820039172157976e+02 6.284930636431253603e+00
7.243761700391054825e-01 9.171121928329209823e+02 6.284930636431253603e+00
7.499341037992407477e-01 9.182719694689753851e+02 6.284930636431253603e+00
2.573206970959537099e+00 9.189348217735484923e+02 6.284930636431253603e+00
7.987771519449280433e-01 9.201848331606023521e+02 6.284930636431253603e+00
7.762654113205232909e-01 9.213641477474593557e+02 6.284930636431253603e+00
2.893586494638956008e+00 9.221042024102341657e+02 6.284930636431253603e+00
7.171309140290335060e-01 9.231634615505256534e+02 6.284930636431253603e+00
7.150678218713006906e-01 9.241065460969251717e+02 6.284930636431253603e+00
2.919053611247463209e+00 9.251547800494477087e+02 6.284930636431253603e+00
7.687271426321569123e-01 9.259129649289460531e+02 6.284930636431253603e+00
7.937922353174476919e-01 9.270851509817008491e+02 6.284930636431253603e+00
2.617702725433988853e+00 9.283252236587121615e+02 6.284930636431253603e+00
7.439749612760031550e-01 9.290037274347128005e+02 6.284930636431253603e+00
7.313903702009214580e-01 9.301491140315986286e+02 6.284930636431253603e+00
2.159295588251026743e+00 9.313771912037934726e+02 6.284930636431253603e+00
1.071156689083118563e+00 9.318504929737378006e+02 6.284930636431253603e+00
9.092914869623164309e-01 9.331654666850073454e+02 6.284930636431253603e+00
1.979503095599292273e+00 9.345351558956856479e+02 6.284930636431253603e+00
1.006053163480909562e+00 9.349931113503989764e+02 6.284930636431253603e+00
6.966348788005934933e-01 9.362844188611690015e+02 6.284930636431253603e+00
1.524524396708805796e+00 9.375782109719348227e+02 6.284930636431253603e+00
1.406694959113437005e+00 9.379775918220442463e+02 6.284930636431253603e+00
9.231907817859978937e-01 9.393454361344880681e+02 6.284930636431253603e+00
1.481536401493485977e+00 9.407181206256324231e+02 6.284930636431253603e+00
1.423350122461491729e+00 9.411157904411312529e+02 6.284930636431253603e+00
6.892323138831599749e-01 9.424170202903768541e+02 6.284930636431253603e+00
1.073087978501952922e+00 9.437191098624971346e+02 6.284930636431253603e+00
1.856879863138603870e+00 9.441551849106485861e+02 6.284930636431253603e+00
9.081757405430955776e-01 9.455273007132470866e+02 6.284930636431253603e+00
1.118153033183801437e+00 9.468541428575948657e+02 6.284930636431253603e+00
2.019256981024836861e+00 9.473072511186971951e+02 6.284930636431253603e+00
7.185691641572591326e-01 9.485491855487209705e+02 6.284930636431253603e+00
7.761738693837699765e-01 9.497388824035967900e+02 6.284930636431253603e+00
2.475783154514538786e+00 9.503601215699111435e+02 6.284930636431253603e+00
8.203165645613561541e-01 9.516413437016597072e+02 6.284930636431253603e+00
8.093643628118160072e-01 9.528448751650045097e+02 6.284930636431253603e+00
2.805586675415671749e+00 9.535277089515435591e+02 6.284930636431253603e+00
7.225281393770384142e-01 9.546229458970966562e+02 6.284930636431253603e+00
7.026643792744869943e-01 9.555814603828534928e+02 6.284930636431253603e+00
2.942430383586516651e+00 9.565792507105002187e+02 6.284930636431253603e+00
7.367356865413352551e-01 9.574176045843719294e+02 6.284930636431253603e+00
7.619488174676988246e-01 9.585631741993137211e+02 6.284930636431253603e+00
2.695780145603279720e+00 9.597509677308819391e+02 6.284930636431253603e+00
7.181213339978219645e-01 9.604833394686191923e+02 6.284930636431253603e+00
7.289773319637325999e-01 9.615958721018243978e+02 6.284930636431253603e+00
2.277758099380784884e+00 9.628045949825558409e+02 6.284930636431253603e+00
1.007459018439559983e+00 9.633079308796096711e+02 6.284930636431253603e+00
8.911263046197146487e-01 9.646043111595237178e+02 6.284930636431253603e+00
2.050831207181615490e+00 9.659629719962756553e+02 6.284930636431253603e+00
9.504752040046298145e-01 9.664432471238391145e+02 6.284930636431253603e+00
6.941566629133215649e-01 9.677255333513942333e+02 6.284930636431253603e+00
1.606932577809267348e+00 9.690112780302908959e+02 6.284930636431253603e+00
1.330233033749599780e+00 9.694172791598240337e+02 6.284930636431253603e+00
9.118719163404852557e-01 9.707766687681673830e+02 6.284930636431253603e+00
1.525240045076012851e+00 9.721485800016148460e+02 6.284930636431253603e+00
1.347446550779575647e+00 9.725487229007435417e+02 6.284930636431253603e+00
6.801688010226442094e-01 9.738546284567365774e+02 6.284930636431253603e+00
1.125933919321428833e+00 9.751628769148420588e+02 6.284930636431253603e+00
1.758932995941089095e+00 9.755863884893583418e+02 6.284930636431253603e+00
9.016550143019879116e-01 9.769575209628228549e+02 6.284930636431253603e+00
1.148632267114489292e+00 9.782905631589037512e+02 6.284930636431253603e+00
1.917669163531303900e+00 9.787323559386429679e+02 6.284930636431253603e+00
7.069682510414716514e-01 9.799836903579284808e+02 6.284930636431253603e+00
8.050759944895092834e-01 9.812038066524786473e+02 6.284930636431253603e+00
2.358347029159632235e+00 9.817865280415877578e+02 6.284930636431253603e+00
8.346865318087399732e-01 9.830902913826110989e+02 6.284930636431253603e+00
8.426733319907524500e-01 9.843160352586781983e+02 6.284930636431253603e+00
2.684753290398669279e+00 9.849513997010815274e+02 6.284930636431253603e+00
7.227871854430913956e-01 9.860766362898024227e+02 6.284930636431253603e+00
6.915612762125464830e-01 9.870685099737322616e+02 6.284930636431253603e+00
2.914849550399756684e+00 9.880047098289938958e+02 6.284930636431253603e+00
7.167277792444686213e-01 9.889369311082208469e+02 6.284930636431253603e+00
7.324814949433741118e-01 9.900613202791513459e+02 6.284930636431253603e+00
2.776269305285157252e+00 9.911776622936166632e+02 6.284930636431253603e+00
6.983065159633177199e-01 9.919750227062064596e+02 6.284930636431253603e+00
7.262072644825112722e-01 9.930484101790004843e+02 6.284930636431253603e+00
2.413654352003477666e+00 9.942323058368531292e+02 6.284930636431253603e+00
9.429786615297712782e-01 9.947751075695075542e+02 6.284930636431253603e+00
8.709314815675485155e-01 9.960488090768666325e+02 6.284930636431253603e+00
2.142034924384855543e+00 9.973922531133481471e+02 6.284930636431253603e+00
8.932165583448289370e-01 9.979026672434122247e+02 6.284930636431253603e+00
6.943434979067297785e-01 9.991700770861380079e+02 6.284930636431253603e+00
1.707024540157142001e+00 1.000444684250100408e+03 6.284930636431253603e+00
1.253117126869917275e+00 1.000861513780935525e+03 6.284930636431253603e+00
9.018871207486621744e-01 1.002210966745007681e+03 6.284930636431253603e+00
1.586074637680190191e+00 1.003581804681218614e+03 6.284930636431253603e+00
1.264425298738314662e+00 1.003987117650952428e+03 6.284930636431253603e+00
6.730675554082786727e-01 1.005297118798098381e+03 6.284930636431253603e+00
1.192843161941708585e+00 1.006608210350859167e+03 6.284930636431253603e+00
1.656668677501428322e+00 1.007020956806955610e+03 6.284930636431253603e+00
8.955426749454609148e-01 1.008390377177122446e+03 6.284930636431253603e+00
1.188832920940855908e+00 1.009730130257161363e+03 6.284930636431253603e+00
1.806556712672332088e+00 1.010160094268704597e+03 6.284930636431253603e+00
6.950418606732250426e-01 1.011422247184448679e+03 6.284930636431253603e+00
8.436351509597728171e-01 1.012671139797555725e+03 6.284930636431253603e+00
2.230514768370240652e+00 1.013215081226806888e+03 6.284930636431253603e+00
8.473893639249274745e-01 1.014537983928167705e+03 6.284930636431253603e+00
