1.195688918946287815e+00 2.625269013012984654e-01 3.141592653589661222e+00
9.598162889157084710e-01 1.715655536881812271e+00 3.141592653589661222e+00
1.511061067597678553e+00 2.344549059814472258e+00 3.141592653589661222e+00
1.307715554198440211e+00 3.857237123770785203e+00 3.141592653589661222e+00
1.209749258627859314e+00 4.434920977580757651e+00 3.141592653589661222e+00
1.037494669380277568e+00 5.910420352148785916e+00 3.141592653589661222e+00
1.411308490012881833e+00 6.450019814885425973e+00 3.141592653589661222e+00
7.640351719944248332e-01 7.801122182978404318e+00 3.141592653589661222e+00
1.701091034445456396e+00 8.552329971467884207e+00 3.141592653589661222e+00
1.037741663701241546e+00 9.995930793372769685e+00 3.141592653589661222e+00
1.574744772263287462e+00 1.060023856627887895e+01 3.141592653589661222e+00
8.843136053631677207e-01 1.202001193818588654e+01 3.141592653589661222e+00
1.750316103220499908e+00 1.263061724909958983e+01 3.141592653589661222e+00
6.547387339217416447e-01 1.368145888515604724e+01 3.141592653589661222e+00
1.865177136247843981e+00 1.471588091584611924e+01 3.141592653589661222e+00
7.064879101353044311e-01 1.581511786028381117e+01 3.141592653589661222e+00
1.884492512930012964e+00 1.674513876104829890e+01 3.141592653589661222e+00
6.801792459632951537e-01 1.788602635823445652e+01 3.141592653589661222e+00
1.866482436754345331e+00 1.881109184388130373e+01 3.141592653589661222e+00
8.560964802511830118e-01 1.945051530216675673e+01 3.141592653589661222e+00
1.690110110949710753e+00 2.083958323501557075e+01 3.141592653589661222e+00
9.827808661692765124e-01 2.146890089663530787e+01 3.141592653589661222e+00
1.783076300526957425e+00 2.288593500825322735e+01 3.141592653589661222e+00
7.339950154883102540e-01 2.368843583601731240e+01 3.141592653589661222e+00
1.518318623882930929e+00 2.499021007494799207e+01 3.141592653589661222e+00
1.044230265511405076e+00 2.552204103156919146e+01 3.141592653589661222e+00
1.282770301851935191e+00 2.699901579127921636e+01 3.141592653589661222e+00
1.304183602217911853e+00 2.757259545424965808e+01 3.141592653589661222e+00
1.612747582204961949e+00 2.909397868169649826e+01 3.141592653589661222e+00
9.070859832842319559e-01 2.975440367756458215e+01 3.141592653589661222e+00
1.286692612248676815e+00 3.118588957063482425e+01 3.141592653589661222e+00
1.184299329751552277e+00 3.169982642225363989e+01 3.141592653589661222e+00
1.028845885323630194e+00 3.316514251674719560e+01 3.141592653589661222e+00
1.501379945169814878e+00 3.377710211554659026e+01 3.141592653589661222e+00
1.426105235617871614e+00 3.530994871386543821e+01 3.141592653589661222e+00
1.115206285400971664e+00 3.590201571164924843e+01 3.141592653589661222e+00
1.121496652499568203e+00 3.737693766410171747e+01 3.141592653589661222e+00
1.354677487688306758e+00 3.789711471318311453e+01 3.141592653589661222e+00
8.347912002196439252e-01 3.929503916428217991e+01 3.141592653589661222e+00
1.667683802414372751e+00 3.999510673957323093e+01 3.141592653589661222e+00
1.180960471985630145e+00 4.148838165386644050e+01 3.141592653589661222e+00
1.423155293070389460e+00 4.206558145151419126e+01 3.141592653589661222e+00
9.676787215214062154e-01 4.352468577513033665e+01 3.141592653589661222e+00
1.634707293385892823e+00 4.408544198628386113e+01 3.141592653589661222e+00
6.766481310003329419e-01 4.527967742564658948e+01 3.141592653589661222e+00
1.836620941262401496e+00 4.618433648575156525e+01 3.141592653589661222e+00
8.127906691948776352e-01 4.747444219564003021e+01 3.141592653589661222e+00
1.848594715394248800e+00 4.821832043478020324e+01 3.141592653589661222e+00
7.523076496328471308e-01 4.949026798648175429e+01 3.141592653589661222e+00
1.946360970298400384e+00 5.025945761648650034e+01 3.141592653589661222e+00
7.847372681434590103e-01 5.098173299868643227e+01 3.141592653589661222e+00
1.820428841696782651e+00 5.229446978201328022e+01 3.141592653589661222e+00
8.669876452919923482e-01 5.299328275169760616e+01 3.141592653589661222e+00
1.836591787019763888e+00 5.433274109485086711e+01 3.141592653589661222e+00
6.952158337882683448e-01 5.520585940746626363e+01 3.141592653589661222e+00
1.618722368128081346e+00 5.643393666923618213e+01 3.141592653589661222e+00
1.010865796023685981e+00 5.697546950539360466e+01 3.141592653589661222e+00
1.379384330932827085e+00 5.844557606781512504e+01 3.141592653589661222e+00
1.245029406529031935e+00 5.901835589956134953e+01 3.141592653589661222e+00
1.681381394107172023e+00 6.053035186691092662e+01 3.141592653589661222e+00
8.561381196156947482e-01 6.122370599117495971e+01 3.141592653589661222e+00
1.360632442187826641e+00 6.262847219931797582e+01 3.141592653589661222e+00
1.159431210701240778e+00 6.313881948279257728e+01 3.141592653589661222e+00
1.094416773087846684e+00 6.461263441938446306e+01 3.141592653589661222e+00
1.470894940275803808e+00 6.521033234620435337e+01 3.141592653589661222e+00
1.511754448362128356e+00 6.675153627276560542e+01 3.141592653589661222e+00
1.041451459608083274e+00 6.736281446089085989e+01 3.141592653589661222e+00
1.188981013596823288e+00 6.882894364619959049e+01 3.141592653589661222e+00
1.307378902598677506e+00 6.933921527565128429e+01 3.141592653589661222e+00
8.980178670933722795e-01 7.076634869212888646e+01 3.141592653589661222e+00
1.631456081940215963e+00 7.143209563641906357e+01 3.141592653589661222e+00
1.293251733643413282e+00 7.295250389033260774e+01 3.141592653589661222e+00
1.299153769711273165e+00 7.352605687074139951e+01 3.141592653589661222e+00
1.034732524012448973e+00 7.500098752678435687e+01 3.141592653589661222e+00
1.531809373186961309e+00 7.553576473628640997e+01 3.141592653589661222e+00
7.245762727126399128e-01 7.682604042869598970e+01 3.141592653589661222e+00
1.791328083590092435e+00 7.763912373900477348e+01 3.141592653589661222e+00
9.559252969896343544e-01 7.904127142912170711e+01 3.141592653589661222e+00
1.715920388323061596e+00 7.968286314792158009e+01 3.141592653589661222e+00
8.393326829855686233e-01 8.105667837214041072e+01 3.141592653589661222e+00
1.886753700130638922e+00 8.171242403464778192e+01 3.141592653589661222e+00
6.915680889957723787e-01 8.260209108974655123e+01 3.141592653589661222e+00
1.888312405796314097e+00 8.377257668759695264e+01 3.141592653589661222e+00
7.220559673498484488e-01 8.465524762802724013e+01 3.141592653589661222e+00
1.862473126584093919e+00 8.580269627001139554e+01 3.141592653589661222e+00
6.576967996570473041e-01 8.680773657428194667e+01 3.141592653589661222e+00
1.735574644834178670e+00 8.789166385628017508e+01 3.141592653589661222e+00
9.114825195483488018e-01 8.848423307706978846e+01 3.141592653589661222e+00
1.544166252987484445e+00 8.991826039787935088e+01 3.141592653589661222e+00
1.079732391391045487e+00 9.051215466674823062e+01 3.141592653589661222e+00
1.703548229846693074e+00 9.197261886793168628e+01 3.141592653589661222e+00
7.801041051345388722e-01 9.271439144234902585e+01 3.141592653589661222e+00
1.407453873897187346e+00 9.407512452147035731e+01 3.141592653589661222e+00
1.061275373985167914e+00 9.460749175133831557e+01 3.141592653589661222e+00
1.190936434990141457e+00 9.608504598381819051e+01 3.141592653589661222e+00
1.337360501531801971e+00 9.666426615236423459e+01 3.141592653589661222e+00
1.510112031569384783e+00 9.818264025231415815e+01 3.141592653589661222e+00
9.723321525179727809e-01 9.880902895769652616e+01 3.141592653589661222e+00
1.191050621831247325e+00 1.002640902360501656e+02 3.141592653589661222e+00
1.207797039666092642e+00 1.007883463369837074e+02 3.141592653589661222e+00
9.504790044557018813e-01 1.022387052163472703e+02 3.141592653589661222e+00
1.524617432948325302e+00 1.028718401786992587e+02 3.141592653589661222e+00
1.303105730694709141e+00 1.043849538512897652e+02 3.141592653589661222e+00
1.222162093103282388e+00 1.049618289088628416e+02 3.141592653589661222e+00
1.035102272862021833e+00 1.064372515814000337e+02 3.141592653589661222e+00
1.426007241055126773e+00 1.069768047562289439e+02 3.141592653589661222e+00
7.576362186445675384e-01 1.083204780466048049e+02 3.141592653589661222e+00
1.712554032171419660e+00 1.090795622031831016e+02 3.141592653589661222e+00
1.026485192085342391e+00 1.105183453812943526e+02 3.141592653589661222e+00
1.593408707110109512e+00 1.111266785198413629e+02 3.141592653589661222e+00
8.783189804842913562e-01 1.125413569261847471e+02 3.141592653589661222e+00
1.768582308702499439e+00 1.131570627243004452e+02 3.141592653589661222e+00
6.564188398107597688e-01 1.141878007017690777e+02 3.141592653589661222e+00
1.870219294314202196e+00 1.152395981294742029e+02 3.141592653589661222e+00
7.013311635734271743e-01 1.163116240531570753e+02 3.141592653589661222e+00
1.883951777565148422e+00 1.172687880001225551e+02 3.141592653589661222e+00
6.744844255144684109e-01 1.183927292001140046e+02 3.141592653589661222e+00
1.851553030024603030e+00 1.193379795366027025e+02 3.141592653589661222e+00
8.631547182564883736e-01 1.199704912565703694e+02 3.141592653589661222e+00
1.672510986128692645e+00 1.213662443768176757e+02 3.141592653589661222e+00
9.946954605884736900e-01 1.219900857061706745e+02 3.141592653589661222e+00
1.773582359965607536e+00 1.234134055076582115e+02 3.141592653589661222e+00
7.387516577218760094e-01 1.242081634157306809e+02 3.141592653589661222e+00
1.504244277852478051e+00 1.255177425418661699e+02 3.141592653589661222e+00
1.045295918648589950e+00 1.260498380556998939e+02 3.141592653589661222e+00
1.271923350101247685e+00 1.275269968263316116e+02 3.141592653589661222e+00
1.306965038805507184e+00 1.281010116197027742e+02 3.141592653589661222e+00
1.599399928210837318e+00 1.296218708350602924e+02 3.141592653589661222e+00
9.140055971806959612e-01 1.302777833516629755e+02 3.141592653589661222e+00
1.273759120695557634e+00 1.317126146746488473e+02 3.141592653589661222e+00
1.184929184166849225e+00 1.322281890424622759e+02 3.141592653589661222e+00
1.019651444580781607e+00 1.336921418001276436e+02 3.141592653589661222e+00
1.501804649119055535e+00 1.343060205973707468e+02 3.141592653589661222e+00
1.409334100839316539e+00 1.358361815743493253e+02 3.141592653589661222e+00
1.127472707558160536e+00 1.364256067451945853e+02 3.141592653589661222e+00
1.108994700186116011e+00 1.379012417949496978e+02 3.141592653589661222e+00
1.360953857771936004e+00 1.384240017701317242e+02 3.141592653589661222e+00
8.246670745140808334e-01 1.398165570857951536e+02 3.141592653589661222e+00
1.671344168177224976e+00 1.405226558399442069e+02 3.141592653589661222e+00
1.160619267055577497e+00 1.420099280353898621e+02 3.141592653589661222e+00
1.444052546049168662e+00 1.425893156017802141e+02 3.141592653589661222e+00
9.557060102386245592e-01 1.440442915186411028e+02 3.141592653589661222e+00
1.650707139892841679e+00 1.446109027516533274e+02 3.141592653589661222e+00
6.709270741474691047e-01 1.457871494882358832e+02 3.141592653589661222e+00
1.841758716634368076e+00 1.467084792543159892e+02 3.141592653589661222e+00
7.926610819863975088e-01 1.479756470982115673e+02 3.141592653589661222e+00
1.861401825764896767e+00 1.487414487610659819e+02 3.141592653589661222e+00
7.400450836550142020e-01 1.499950859368960039e+02 3.141592653589661222e+00
1.944440774272640837e+00 1.507853136463715771e+02 3.141592653589661222e+00
7.997890615086326038e-01 1.514887978119035097e+02 3.141592653589661222e+00
1.803412110987854478e+00 1.528177900071945032e+02 3.141592653589661222e+00
8.911189301464803592e-01 1.534999914696408894e+02 3.141592653589661222e+00
1.835068149670624260e+00 1.548580682970789155e+02 3.141592653589661222e+00
7.032136232888603899e-01 1.557177776170128425e+02 3.141592653589661222e+00
1.608287754609182496e+00 1.569599206675163998e+02 3.141592653589661222e+00
1.026409297082442107e+00 1.574953010816177823e+02 3.141592653589661222e+00
1.359983003437702509e+00 1.589684021908442730e+02 3.141592653589661222e+00
1.269481863079649164e+00 1.595405428655731725e+02 3.141592653589661222e+00
1.685526533056193488e+00 1.610591366707092789e+02 3.141592653589661222e+00
8.652810646400708183e-01 1.617489676783678192e+02 3.141592653589661222e+00
1.362209108539732760e+00 1.631569454206851901e+02 3.141592653589661222e+00
1.176287020771328962e+00 1.636632337917620532e+02 3.141592653589661222e+00
1.084831249723283708e+00 1.651357896334444888e+02 3.141592653589661222e+00
1.492322147976469893e+00 1.657367865822272677e+02 3.141592653589661222e+00
1.521130875710149821e+00 1.672824652662587255e+02 3.141592653589661222e+00
1.046516455960285308e+00 1.678937082939463323e+02 3.141592653589661222e+00
1.196392692719097095e+00 1.693602391460776744e+02 3.141592653589661222e+00
1.321557915088658719e+00 1.698671450393249245e+02 3.141592653589661222e+00
8.954686906240976185e-01 1.712917311797209834e+02 3.141592653589661222e+00
1.646621792581478116e+00 1.719609204367222901e+02 3.141592653589661222e+00
1.300415788090667046e+00 1.734841816472169000e+02 3.141592653589661222e+00
1.302567590924078811e+00 1.740576157386275327e+02 3.141592653589661222e+00
1.040208995087537058e+00 1.755330647334308480e+02 3.141592653589661222e+00
1.542167966881526908e+00 1.760654248425536252e+02 3.141592653589661222e+00
7.241786798618602417e-01 1.773522388618984280e+02 3.141592653589661222e+00
1.799741938476759895e+00 1.781686058979737766e+02 3.141592653589661222e+00
9.545846898154980442e-01 1.795696661064807529e+02 3.141592653589661222e+00
1.723993345110020670e+00 1.802127756530023817e+02 3.141592653589661222e+00
8.387817007194814378e-01 1.815844062802174506e+02 3.141592653589661222e+00
1.896872058292327301e+00 1.822416709980832081e+02 3.141592653589661222e+00
6.961183037816931485e-01 1.831212459754898703e+02 3.141592653589661222e+00
1.889923124612781669e+00 1.842997835396527080e+02 3.141592653589661222e+00
7.278440515116962883e-01 1.851695581631596497e+02 3.141592653589661222e+00
1.862962458951909372e+00 1.863302910601531153e+02 3.141592653589661222e+00
6.588763468858129801e-01 1.873268005181893443e+02 3.141592653589661222e+00
1.730489333926947149e+00 1.884201360972920725e+02 3.141592653589661222e+00
9.189779855691206922e-01 1.890080452406192535e+02 3.141592653589661222e+00
1.534171350956461399e+00 1.904455217962721463e+02 3.141592653589661222e+00
1.091943023423270320e+00 1.910368454095138020e+02 3.141592653589661222e+00
1.704515965917965170e+00 1.925019150407757706e+02 3.141592653589661222e+00
7.851707299507589832e-01 1.932404451609507703e+02 3.141592653589661222e+00
1.406437085708806656e+00 1.946042315595977641e+02 3.141592653589661222e+00
1.069640543057966964e+00 1.951341599237787534e+02 3.141592653589661222e+00
1.184683773599020329e+00 1.966119977136087300e+02 3.141592653589661222e+00
1.349089040760984792e+00 1.971921151297096912e+02 3.141592653589661222e+00
1.514457754022918712e+00 1.987131720617725250e+02 3.141592653589661222e+00
9.762534101647234452e-01 1.993391167120399530e+02 3.141592653589661222e+00
1.194385251324463049e+00 2.007946778912044294e+02 3.141592653589661222e+00
1.216083816563507503e+00 2.013170449026690960e+02 3.141592653589661222e+00
9.484058082370178111e-01 2.027663150171311202e+02 3.141592653589661222e+00
1.534216783918492366e+00 2.034012893732594591e+02 3.141592653589661222e+00
1.308170894605651169e+00 2.049163854106515430e+02 3.141592653589661222e+00
1.224351903898102112e+00 2.054932345108740037e+02 3.141592653589661222e+00
1.039009494293523961e+00 2.069689908936014149e+02 3.141592653589661222e+00
1.432507436283262825e+00 2.075069096276261860e+02 3.141592653589661222e+00
7.575285830591430569e-01 2.088489858881286523e+02 3.141592653589661222e+00
1.718652894486605520e+00 2.096097646898926712e+02 3.141592653589661222e+00
1.027891635149984717e+00 2.110491530232786204e+02 3.141592653589661222e+00
1.597090042286389178e+00 2.116575054967358938e+02 3.141592653589661222e+00
8.795731909989188413e-01 2.130720356368467208e+02 3.141592653589661222e+00
1.774899186710472643e+00 2.136872354178643434e+02 3.141592653589661222e+00
6.574319183020099766e-01 2.147136531160005575e+02 3.141592653589661222e+00
1.873147074563019210e+00 2.157689546607339537e+02 3.141592653589661222e+00
7.008977547285208942e-01 2.168353436907218850e+02 3.141592653589661222e+00
1.885569330257947929e+00 2.177982886745460007e+02 3.141592653589661222e+00
6.739013942592437800e-01 2.189184106912273933e+02 3.141592653589661222e+00
1.850870739855172253e+00 2.198678927415276121e+02 3.141592653589661222e+00
8.671459335013858016e-01 2.204972131923881307e+02 3.141592653589661222e+00
1.668395634941886030e+00 2.218954586704827250e+02 3.141592653589661222e+00
1.001009280633181397e+00 2.225170956875329580e+02 3.141592653589661222e+00
1.775040574210576816e+00 2.239435177503834780e+02 3.141592653589661222e+00
7.411303024428692598e-01 2.247364065752065869e+02 3.141592653589661222e+00
1.504486049658477098e+00 2.260478235668389289e+02 3.141592653589661222e+00
1.050394108408300609e+00 2.265781384326386103e+02 3.141592653589661222e+00
1.268459938157639355e+00 2.280557731991296464e+02 3.141592653589661222e+00
1.314343754054055013e+00 2.286299946530084526e+02 3.141592653589661222e+00
1.603685707264303373e+00 2.301528394784207592e+02 3.141592653589661222e+00
9.156753388384537562e-01 2.308088295411756405e+02 3.141592653589661222e+00
1.277284845406280844e+00 2.322437261500396914e+02 3.141592653589661222e+00
1.190323358535685161e+00 2.327577609144154280e+02 3.141592653589661222e+00
1.018932009317648157e+00 2.342213591313168308e+02 3.141592653589661222e+00
1.508397335469841005e+00 2.348360897815751400e+02 3.141592653589661222e+00
1.415305061165762046e+00 2.363680626036816648e+02 3.141592653589661222e+00
1.126964769278067546e+00 2.369579347665643354e+02 3.141592653589661222e+00
1.113552516633601552e+00 2.384336093875869835e+02 3.141592653589661222e+00
1.364289966570875867e+00 2.389548840379736987e+02 3.141592653589661222e+00
8.259248079115296681e-01 2.403474172200188832e+02 3.141592653589661222e+00
1.675162655722402860e+00 2.410536136984640621e+02 3.141592653589661222e+00
1.165608391631701712e+00 2.425425951574887620e+02 3.141592653589661222e+00
1.442313029419774795e+00 2.431215020908908002e+02 3.141592653589661222e+00
9.589913746145157791e-01 2.445773174917608515e+02 3.141592653589661222e+00
1.651808292442606074e+00 2.451423084768683225e+02 3.141592653589661222e+00
6.718390963483527045e-01 2.463197136831327043e+02 3.141592653589661222e+00
1.843356927304540038e+00 2.472398650901473331e+02 3.141592653589661222e+00
7.947036721249922664e-01 2.485091269857466614e+02 3.141592653589661222e+00
1.862085212426805247e+00 2.492730804472767261e+02 3.141592653589661222e+00
7.413792826726544050e-01 2.505278861147084513e+02 3.141592653589661222e+00
1.947170266884737044e+00 2.513164352615832229e+02 3.141592653589661222e+00
8.006406419003280206e-01 2.520193420415639594e+02 3.141592653589661222e+00
1.804659055419355784e+00 2.533485265935736663e+02 3.141592653589661222e+00
8.924322321391721102e-01 2.540302532710684034e+02 3.141592653589661222e+00
1.837561757348207481e+00 2.553890961991467634e+02 3.141592653589661222e+00
7.039053388845029069e-01 2.562488440311353770e+02 3.141592653589661222e+00
1.610992455398262635e+00 2.574908501667098903e+02 3.141592653589661222e+00
1.029723482059734740e+00 2.580248260798251181e+02 3.141592653589661222e+00
1.359334278800474749e+00 2.594983797595193096e+02 3.141592653589661222e+00
1.274205274549181421e+00 2.600704173907728887e+02 3.141592653589661222e+00
1.691134330877288372e+00 2.615905808870182341e+02 3.141592653589661222e+00
8.655339006135702729e-01 2.622813186533417138e+02 3.141592653589661222e+00
1.367471853281013949e+00 2.636886044250683767e+02 3.141592653589661222e+00
1.181009626330707496e+00 2.641932207827679235e+02 3.141592653589661222e+00
1.085366404410721186e+00 2.656657366509111284e+02 3.141592653589661222e+00
1.498280102885080733e+00 2.662671652395515594e+02 3.141592653589661222e+00
1.529862498740152121e+00 2.678149116435060364e+02 3.141592653589661222e+00
1.044036251752491484e+00 2.684275339046075146e+02 3.141592653589661222e+00
1.203531336884030134e+00 2.698934350852841249e+02 3.141592653589661222e+00
1.324302048819789412e+00 2.703985172438846689e+02 3.141592653589661222e+00
8.984265773761869189e-01 2.718236740148157082e+02 3.141592653589661222e+00
1.650239152003219800e+00 2.724923034096535162e+02 3.141592653589661222e+00
1.310065121860219062e+00 2.740180717695182011e+02 3.141592653589661222e+00
1.296413970648824465e+00 2.745917141173895288e+02 3.141592653589661222e+00
1.046611641986721741e+00 2.760679115630463230e+02 3.141592653589661222e+00
1.540027469998441090e+00 2.765980309459213231e+02 3.141592653589661222e+00
7.276345180152091752e-01 2.778886665333859014e+02 3.141592653589661222e+00
1.799905135943830725e+00 2.787012370269530948e+02 3.141592653589661222e+00
9.638039956734263392e-01 2.801075026771162015e+02 3.141592653589661222e+00
1.716673670255913331e+00 2.807464626225280995e+02 3.141592653589661222e+00
8.444772633837217546e-01 2.821226572019921264e+02 3.141592653589661222e+00
1.894080577596835901e+00 2.827745178969737481e+02 3.141592653589661222e+00
6.933771045543100087e-01 2.836624297223838198e+02 3.141592653589661222e+00
1.892481125347289961e+00 2.848336903619456280e+02 3.141592653589661222e+00
7.239786051688686941e-01 2.857139705281599618e+02 3.141592653589661222e+00
1.866743806773913050e+00 2.868642143300317002e+02 3.141592653589661222e+00
6.590759367613018282e-01 2.878676219279741986e+02 3.141592653589661222e+00
1.739944351098392072e+00 2.889529331614094758e+02 3.141592653589661222e+00
9.182706638277959854e-01 2.895415637974139145e+02 3.141592653589661222e+00
1.541752888173008262e+00 2.909778776286461266e+02 3.141592653589661222e+00
1.089922782347592767e+00 2.915699941376133211e+02 3.141592653589661222e+00
1.712129015528218057e+00 2.930344628028330476e+02 3.141592653589661222e+00
7.830578245755670519e-01 2.937762588174978191e+02 3.141592653589661222e+00
1.415133980268425518e+00 2.951370478675606819e+02 3.141592653589661222e+00
1.071755661016664973e+00 2.956657378229199935e+02 3.141592653589661222e+00
1.189573385066774014e+00 2.971438381195110310e+02 3.141592653589661222e+00
1.351469582344907661e+00 2.977236610090404270e+02 3.141592653589661222e+00
1.525281949503219048e+00 2.992463498199924175e+02 3.141592653589661222e+00
9.717379765800374658e-01 2.998747637922957097e+02 3.141592653589661222e+00
1.203721540272263635e+00 3.013288752153490009e+02 3.141592653589661222e+00
1.216833802682791843e+00 3.018495228298168058e+02 3.141592653589661222e+00
9.543318347485437725e-01 3.032999761697745384e+02 3.141592653589661222e+00
1.535713182518348985e+00 3.039335027689631374e+02 3.141592653589661222e+00
1.320871998582517248e+00 3.054513265382470877e+02 3.141592653589661222e+00
1.215228413371355565e+00 3.060289863300342859e+02 3.141592653589661222e+00
1.047641325782808552e+00 3.075053152730278043e+02 3.141592653589661222e+00
1.427861320065257678e+00 3.080407050823991995e+02 3.141592653589661222e+00
7.637922611473515477e-01 3.093878964662966382e+02 3.141592653589661222e+00
1.716828354422814895e+00 3.101433150306992275e+02 3.141592653589661222e+00
1.041988766495888230e+00 3.115887597485323113e+02 3.141592653589661222e+00
1.583580708957253558e+00 3.121929397804620976e+02 3.141592653589661222e+00
8.879551322546355152e-01 3.136125986333524338e+02 3.141592653589661222e+00
1.766171604665490946e+00 3.142215893146819781e+02 3.141592653589661222e+00
6.569538739941735983e-01 3.152621185458976356e+02 3.141592653589661222e+00
1.872966416124392852e+00 3.163049287892909547e+02 3.141592653589661222e+00
7.047419514305314214e-01 3.173909555143547436e+02 3.141592653589661222e+00
1.889392196025625026e+00 3.183345618194567237e+02 3.141592653589661222e+00
6.786194637168279087e-01 3.194662138783310183e+02 3.141592653589661222e+00
1.866162281160176573e+00 3.204014004107125970e+02 3.141592653589661222e+00
8.667233192585404034e-01 3.210321980726986908e+02 3.141592653589661222e+00
1.680159610590972186e+00 3.224279393061547125e+02 3.141592653589661222e+00
9.995086298028434957e-01 3.230512553880621454e+02 3.141592653589661222e+00
1.788053272501960889e+00 3.244767016256291186e+02 3.141592653589661222e+00
7.402149610494670462e-01 3.252744727488773151e+02 3.141592653589661222e+00
1.520194440742795194e+00 3.265809004194560430e+02 3.141592653589661222e+00
1.058702236943060759e+00 3.271075844938080763e+02 3.141592653589661222e+00
1.273655710421338849e+00 3.285859274271986692e+02 3.141592653589661222e+00
1.325079418593702929e+00 3.291600335096462686e+02 3.141592653589661222e+00
1.626444157579945982e+00 3.306871929112537032e+02 3.141592653589661222e+00
9.110959485423254511e-01 3.313483179895864055e+02 3.141592653589661222e+00
1.298238583151906766e+00 3.327796105075171340e+02 3.141592653589661222e+00
1.199952591958727721e+00 3.332888735335112642e+02 3.141592653589661222e+00
1.027433357221575472e+00 3.347532963289590384e+02 3.141592653589661222e+00
1.520583036016174949e+00 3.353675512332465587e+02 3.141592653589661222e+00
1.445444778600500468e+00 3.369059576133540759e+02 3.141592653589661222e+00
1.112228439731950180e+00 3.374998091223338861e+02 3.141592653589661222e+00
1.136369869359623364e+00 3.389745719610185120e+02 3.141592653589661222e+00
1.363779633714748751e+00 3.394901577621952811e+02 3.141592653589661222e+00
8.395487452560052022e-01 3.408885617549074709e+02 3.141592653589661222e+00
1.678507077619032062e+00 3.415883180848384768e+02 3.141592653589661222e+00
1.198316729277004278e+00 3.430872186496586664e+02 3.141592653589661222e+00
1.415071041857673739e+00 3.436630856326552816e+02 3.141592653589661222e+00
9.789609110552180971e-01 3.451249042001274461e+02 3.141592653589661222e+00
1.635501440550670038e+00 3.456803759393775977e+02 3.141592653589661222e+00
6.803460767860203262e-01 3.468803234096442338e+02 3.141592653589661222e+00
1.840405039878888038e+00 3.477793871595242763e+02 3.141592653589661222e+00
8.223080078348966593e-01 3.490785776311622612e+02 3.141592653589661222e+00
1.847501451850234622e+00 3.498143139400591508e+02 3.141592653589661222e+00
7.582751986692990442e-01 3.510924527668613564e+02 3.141592653589661222e+00
1.953269843719162902e+00 3.518536696307272109e+02 3.141592653589661222e+00
7.840019082457817534e-01 3.525781419851761598e+02 3.141592653589661222e+00
1.826649659092853817e+00 3.538882156692351373e+02 3.141592653589661222e+00
8.656661770790843313e-01 3.545890074739658075e+02 3.141592653589661222e+00
1.842796019278020614e+00 3.559268042706317488e+02 3.141592653589661222e+00
6.955085812577899151e-01 3.568024064526624102e+02 3.141592653589661222e+00
1.627139788657927966e+00 3.580276029022496118e+02 3.141592653589661222e+00
1.016014386504564548e+00 3.585667994000455110e+02 3.141592653589661222e+00
1.381360789686228552e+00 3.600375580168217198e+02 3.141592653589661222e+00
1.251999461388022983e+00 3.606100864291563539e+02 3.141592653589661222e+00
1.693921111961535830e+00 3.621247004390247639e+02 3.141592653589661222e+00
8.553971650182246034e-01 3.628207632087262482e+02 3.141592653589661222e+00
1.372824917015236679e+00 3.642233549164536157e+02 3.141592653589661222e+00
1.167862580797878858e+00 3.647303994590965317e+02 3.141592653589661222e+00
1.097330400078096790e+00 3.662043961557107536e+02 3.141592653589661222e+00
1.481579029638239842e+00 3.668025264415323363e+02 3.141592653589661222e+00
1.530929526791338535e+00 3.683479099375983878e+02 3.141592653589661222e+00
1.035029953954166526e+00 3.689624615598752939e+02 3.141592653589661222e+00
1.204733056407758740e+00 3.704270267101855438e+02 3.141592653589661222e+00
1.311795543411789611e+00 3.709335237434219721e+02 3.141592653589661222e+00
9.055069766458516689e-01 3.723623543180887623e+02 3.141592653589661222e+00
1.637788241845595349e+00 3.730262998339252363e+02 3.141592653589661222e+00
1.315033430121376634e+00 3.745521833001254208e+02 3.141592653589661222e+00
1.284322580389731350e+00 3.751262959227884153e+02 3.141592653589661222e+00
1.049134564898305255e+00 3.766028749069160995e+02 3.141592653589661222e+00
1.525484071252550367e+00 3.771327272666160297e+02 3.141592653589661222e+00
7.329689205646814365e-01 3.784322899908292470e+02 3.141592653589661222e+00
1.790554485594913148e+00 3.792361175180304826e+02 3.141592653589661222e+00
9.779804165738916755e-01 3.806503887126680183e+02 3.141592653589661222e+00
1.697294422356721011e+00 3.812823652163423276e+02 3.141592653589661222e+00
8.528920684402750974e-01 3.826669122096018327e+02 3.141592653589661222e+00
1.878309020925332806e+00 3.833100361761269710e+02 3.141592653589661222e+00
6.852165014485542827e-01 3.842208621889749907e+02 3.141592653589661222e+00
1.893494067422593297e+00 3.853729503317165381e+02 3.141592653589661222e+00
7.138211784104372404e-01 3.862829107834315892e+02 3.141592653589661222e+00
1.871843311052542980e+00 3.874031649313715207e+02 3.141592653589661222e+00
6.589461817343100769e-01 3.884257674933891735e+02 3.141592653589661222e+00
1.759653067711181018e+00 3.894891079892047969e+02 3.141592653589661222e+00
9.100017206151763682e-01 3.900834834443752470e+02 3.141592653589661222e+00
1.563263718866976237e+00 3.915144894777268405e+02 3.141592653589661222e+00
1.075152405451655913e+00 3.921104791021173810e+02 3.141592653589661222e+00
1.723155760620442400e+00 3.935694755580507262e+02 3.141592653589661222e+00
7.752259622047688037e-01 3.943195408587678799e+02 3.141592653589661222e+00
1.429932701634721637e+00 3.956725891774113393e+02 3.141592653589661222e+00
1.067508036424946738e+00 3.962015650429531206e+02 3.141592653589661222e+00
1.203085189939673949e+00 3.976797936314753201e+02 3.141592653589661222e+00
1.344538905912568305e+00 3.982583690455680880e+02 3.141592653589661222e+00
1.538395425995177979e+00 3.997811374286451951e+02 3.141592653589661222e+00
9.613199681206936464e-01 4.004139521024291071e+02 3.141592653589661222e+00
1.215570137815678908e+00 4.018651872142943944e+02 3.141592653589661222e+00
1.210831632222917786e+00 4.023848411643791110e+02 3.141592653589661222e+00
9.655623643768725950e-01 4.038380106617299816e+02 3.141592653589661222e+00
1.529651052615296436e+00 4.044677470114244215e+02 3.141592653589661222e+00
1.336396026882390231e+00 4.059880150684484761e+02 3.141592653589661222e+00
1.199195267358652117e+00 4.065671748333029427e+02 3.141592653589661222e+00
1.057937546445025134e+00 4.080439238080364248e+02 3.141592653589661222e+00
1.415161335221629013e+00 4.085768655124702491e+02 3.141592653589661222e+00
7.739641001380985763e-01 4.099331102871913117e+02 3.141592653589661222e+00
1.708657005245489247e+00 4.106789416879769306e+02 3.141592653589661222e+00
1.062975329052221918e+00 4.121329263589200878e+02 3.141592653589661222e+00
1.558959015993782060e+00 4.127311375141192116e+02 3.141592653589661222e+00
9.000130636354788383e-01 4.141584557036317733e+02 3.141592653589661222e+00
1.746456493736799676e+00 4.147586411496718597e+02 3.141592653589661222e+00
6.564335611957480277e-01 4.158247862788152815e+02 3.141592653589661222e+00
1.869351823822352543e+00 4.168450825082670690e+02 3.141592653589661222e+00
7.137880905580059610e-01 4.179663459208567247e+02 3.141592653589661222e+00
1.891987897688958808e+00 4.188751027938504308e+02 3.141592653589661222e+00
6.873428009794626536e-01 4.200281529496209600e+02 3.141592653589661222e+00
1.888757690492328001e+00 4.209372667323667088e+02 3.141592653589661222e+00
8.610563834195749111e-01 4.215744399768782955e+02 3.141592653589661222e+00
1.702143179310436016e+00 4.229631824259178074e+02 3.141592653589661222e+00
9.895588191199008454e-01 4.235918283640865525e+02 3.141592653589661222e+00
1.804824474515677846e+00 4.250118504249479088e+02 3.141592653589661222e+00
7.364117425262772798e-01 4.258187973917009117e+02 3.141592653589661222e+00
1.542617209079944596e+00 4.271157919140153467e+02 3.141592653589661222e+00
1.065227196028705636e+00 4.276391242739275640e+02 3.141592653589661222e+00
1.284645702299706205e+00 4.291179910212327968e+02 3.141592653589661222e+00
1.332727999973034372e+00 4.296917014540349555e+02 3.141592653589661222e+00
1.654913871265606184e+00 4.312229532112656329e+02 3.141592653589661222e+00
9.031342767233857538e-01 4.318915785620162069e+02 3.141592653589661222e+00
1.325352075148714226e+00 4.333172999531341247e+02 3.141592653589661222e+00
1.209444872481125310e+00 4.338210175608009536e+02 3.141592653589661222e+00
1.039765925947909730e+00 4.352868154965674421e+02 3.141592653589661222e+00
1.532756464027777321e+00 4.358998255053792832e+02 3.141592653589661222e+00
1.484160104821229842e+00 4.374458411206625215e+02 3.141592653589661222e+00
1.091704563034238351e+00 4.380457501397443707e+02 3.141592653589661222e+00
1.166334362181225215e+00 4.395184342711134491e+02 3.141592653589661222e+00
1.361327306856515706e+00 4.400271379136859196e+02 3.141592653589661222e+00
8.582314467639994282e-01 4.414333394684902601e+02 3.141592653589661222e+00
1.680937967481436646e+00 4.421244345021840445e+02 3.141592653589661222e+00
1.242626836319046690e+00 4.436357482051561760e+02 3.141592653589661222e+00
1.376433571039383352e+00 4.442091085243546331e+02 3.141592653589661222e+00
1.006145623731081074e+00 4.456777440219287882e+02 3.141592653589661222e+00
1.610568139522930764e+00 4.462215159399890467e+02 3.141592653589661222e+00
6.941963568542601770e-01 4.474519847119439078e+02 3.141592653589661222e+00
1.833865881356564254e+00 4.483222659637557967e+02 3.141592653589661222e+00
8.655921631627243595e-01 4.496607905379536874e+02 3.141592653589661222e+00
1.817450215947619352e+00 4.503601221870576978e+02 3.141592653589661222e+00
7.846450069196542199e-01 4.516715643615851263e+02 3.141592653589661222e+00
1.950911041296854442e+00 4.523946135453869033e+02 3.141592653589661222e+00
7.559817629025602503e-01 4.531592047473093317e+02 3.141592653589661222e+00
1.855500521874376085e+00 4.544345864178905572e+02 3.141592653589661222e+00
8.203577227370489888e-01 4.551735957334834666e+02 3.141592653589661222e+00
1.847385014529653757e+00 4.564699633763411271e+02 3.141592653589661222e+00
6.814199033668516536e-01 4.573749408568896797e+02 3.141592653589661222e+00
1.651569907828922323e+00 4.585688333947409774e+02 3.141592653589661222e+00
9.869325140842242217e-01 4.591204422116285855e+02 3.141592653589661222e+00
1.421612107226164046e+00 4.605842037208896613e+02 3.141592653589661222e+00
1.205264917598308116e+00 4.611592814442828967e+02 3.141592653589661222e+00
1.690358349854355735e+00 4.626608198225309820e+02 3.141592653589661222e+00
8.366223541720936296e-01 4.633656542847616606e+02 3.141592653589661222e+00
1.374715293145232220e+00 4.647602921983709621e+02 3.141592653589661222e+00
1.136929968591301687e+00 4.652746027596580802e+02 3.141592653589661222e+00
1.118423394753778499e+00 4.667506412273851311e+02 3.141592653589661222e+00
1.441494801185684960e+00 4.673427233688302067e+02 3.141592653589661222e+00
1.518039933066499092e+00 4.688801766402089015e+02 3.141592653589661222e+00
1.022483994590172252e+00 4.694959615899506389e+02 3.141592653589661222e+00
1.194762568262132341e+00 4.709591333217819056e+02 3.141592653589661222e+00
1.284278400305770118e+00 4.714713512594868234e+02 3.141592653589661222e+00
9.133220756245380434e-01 4.729055843054785555e+02 3.141592653589661222e+00
1.608331316270607436e+00 4.735621301759441621e+02 3.141592653589661222e+00
1.305911992156703061e+00 4.750835126482259625e+02 3.141592653589661222e+00
1.273584241307551768e+00 4.756579894421491872e+02 3.141592653589661222e+00
1.041572448334216361e+00 4.771339458366038571e+02 3.141592653589661222e+00
1.502854853618177389e+00 4.776674854290881171e+02 3.141592653589661222e+00
7.361604759032093215e-01 4.789760337348617441e+02 3.141592653589661222e+00
1.772708090090953981e+00 4.797710563644974968e+02 3.141592653589661222e+00
9.853656592004418346e-01 4.811896349383111442e+02 3.141592653589661222e+00
1.676546078979993304e+00 4.818169717343951675e+02 3.141592653589661222e+00
8.567023496230421475e-01 4.832076367154554077e+02 3.141592653589661222e+00
1.854981046090435237e+00 4.838456258279397275e+02 3.141592653589661222e+00
6.765088797817843114e-01 4.847815010523056571e+02 3.141592653589661222e+00
1.889586550734295489e+00 4.859131185741366039e+02 3.141592653589661222e+00
7.049228709698431850e-01 4.868563683195469594e+02 3.141592653589661222e+00
1.873910998511233661e+00 4.879428352417919541e+02 3.141592653589661222e+00
6.592004874316291785e-01 4.889867339534027337e+02 3.141592653589661222e+00
1.777220682235189253e+00 4.900258400215330425e+02 3.141592653589661222e+00
8.973105382395574203e-01 4.906290991642666199e+02 3.141592653589661222e+00
1.587077314334823797e+00 4.920526220366355119e+02 3.141592653589661222e+00
1.053719471241828520e+00 4.926543563435441797e+02 3.141592653589661222e+00
1.729618655652764847e+00 4.941047931555569335e+02 3.141592653589661222e+00
7.655278710864413805e-01 4.948638172227123277e+02 3.141592653589661222e+00
1.441144477197709994e+00 4.962083483659463923e+02 3.141592653589661222e+00
1.056973993248328414e+00 4.967399089786402442e+02 3.141592653589661222e+00
1.218300860243225037e+00 4.982177602452929932e+02 3.141592653589661222e+00
1.328872106611703519e+00 4.987948704887930376e+02 3.141592653589661222e+00
1.542998616660089972e+00 5.003150366476928639e+02 3.141592653589661222e+00
9.509514747392290301e-01 5.009513160639405100e+02 3.141592653589661222e+00
1.220423778830729500e+00 5.024000348094725155e+02 3.141592653589661222e+00
1.199269074414223368e+00 5.029208678176567560e+02 3.141592653589661222e+00
9.751258374050737476e-01 5.043766506266421175e+02 3.141592653589661222e+00
1.516607464113189252e+00 5.050023323887632500e+02 3.141592653589661222e+00
1.341533505969846107e+00 5.065221967327361767e+02 3.141592653589661222e+00
1.187058686498559501e+00 5.071024263790641271e+02 3.141592653589661222e+00
1.060913815473024879e+00 5.085790555154256936e+02 3.141592653589661222e+00
1.401139467751378653e+00 5.091120196550701849e+02 3.141592653589661222e+00
7.808038604826327278e-01 5.104751975062315523e+02 3.141592653589661222e+00
1.697555011657675417e+00 5.112135632373728527e+02 3.141592653589661222e+00
1.074594067839952594e+00 5.126719379829127092e+02 3.141592653589661222e+00
1.540187509875923455e+00 5.132668067532757732e+02 3.141592653589661222e+00
9.061853521445524251e-01 5.146986268305468002e+02 3.141592653589661222e+00
1.727950125914524904e+00 5.152942174458048612e+02 3.141592653589661222e+00
6.562783643051901539e-01 5.163798640160971445e+02 3.141592653589661222e+00
1.863527075841090674e+00 5.173831234795129603e+02 3.141592653589661222e+00
7.223340190340277189e-01 5.185305441747499344e+02 3.141592653589661222e+00
1.889790440742366462e+00 5.194132876652897721e+02 3.141592653589661222e+00
6.940936731316089681e-01 5.205831929526542581e+02 3.141592653589661222e+00
1.900756408154960608e+00 5.214723193334160669e+02 3.141592653589661222e+00
8.518871135020674723e-01 5.221183019536782695e+02 3.141592653589661222e+00
1.719620874436928126e+00 5.234990027867306708e+02 3.141592653589661222e+00
9.746790245606973269e-01 5.241343683116390366e+02 3.141592653589661222e+00
1.811000413401627318e+00 5.255463063107778225e+02 3.141592653589661222e+00
7.311016278422538539e-01 5.263610100663413505e+02 3.141592653589661222e+00
1.553840249920490191e+00 5.276500627183916095e+02 3.141592653589661222e+00
1.060688149865628871e+00 5.281744609216672188e+02 3.141592653589661222e+00
1.295836723302425053e+00 5.296528569981484225e+02 3.141592653589661222e+00
1.325189566060277269e+00 5.302260503885146363e+02 3.141592653589661222e+00
1.662471805649342826e+00 5.317562449198994727e+02 3.141592653589661222e+00
8.969888644309806924e-01 5.324285061380691104e+02 3.141592653589661222e+00
1.333474305159375595e+00 5.338513045533662762e+02 3.141592653589661222e+00
1.206067862727946416e+00 5.343546471197005303e+02 3.141592653589661222e+00
1.047178603292457488e+00 5.358216403995471637e+02 3.141592653589661222e+00
1.528874298207710591e+00 5.364327812694051545e+02 3.141592653589661222e+00
1.494108154520926712e+00 5.379797736493269440e+02 3.141592653589661222e+00
1.082887422431562996e+00 5.385819533969739723e+02 3.141592653589661222e+00
1.174186758499726535e+00 5.400535741181880667e+02 3.141592653589661222e+00
1.355539798418671449e+00 5.405611358760442045e+02 3.141592653589661222e+00
8.655699925730047095e-01 5.419709513578161477e+02 3.141592653589661222e+00
1.676664260426547370e+00 5.426578789465254431e+02 3.141592653589661222e+00
1.256463874698024341e+00 5.441725433616021519e+02 3.141592653589661222e+00
1.361055949641445828e+00 5.447455164360067101e+02 3.141592653589661222e+00
1.014401596823635732e+00 5.462160564631340094e+02 3.141592653589661222e+00
1.597722100747658747e+00 5.467566672426733021e+02 3.141592653589661222e+00
6.999155810993772375e-01 5.479992376891414096e+02 3.141592653589661222e+00
1.828463836813949861e+00 5.488580829704501411e+02 3.141592653589661222e+00
8.835463520571928964e-01 5.502110260143322193e+02 3.141592653589661222e+00
1.801087854785773823e+00 5.508971189147630412e+02 3.141592653589661222e+00
7.955829611335759610e-01 5.522218645725126862e+02 3.141592653589661222e+00
1.944106093432028448e+00 5.529301573936346585e+02 3.141592653589661222e+00
7.427783311936604349e-01 5.537155855212164397e+02 3.141592653589661222e+00
1.865427720481057428e+00 5.549733420021927941e+02 3.141592653589661222e+00
7.990915628187564845e-01 5.557337631108034657e+02 3.141592653589661222e+00
1.848345674142117812e+00 5.570072982973538274e+02 3.141592653589661222e+00
6.749376680810927898e-01 5.579279274858097324e+02 3.141592653589661222e+00
1.662901954061237086e+00 5.591050478364010132e+02 3.141592653589661222e+00
9.710127548128841823e-01 5.596641143429841350e+02 3.141592653589661222e+00
1.442412618697079152e+00 5.611233537755836096e+02 3.141592653589661222e+00
1.179636333568864659e+00 5.617006727961536399e+02 3.141592653589661222e+00
1.686790629806757646e+00 5.631944796472724875e+02 3.141592653589661222e+00
8.265430016345483022e-01 5.639039777041897423e+02 3.141592653589661222e+00
1.374273445627601120e+00 5.652943298638987244e+02 3.141592653589661222e+00
1.119244623928279836e+00 5.658131607018527802e+02 3.141592653589661222e+00
1.129459035257486921e+00 5.672898655639853587e+02 3.141592653589661222e+00
1.418154363810161467e+00 5.678789864776712193e+02 3.141592653589661222e+00
1.508013939942431492e+00 5.694113845476820188e+02 3.141592653589661222e+00
1.016307577439559351e+00 5.700273917685399283e+02 3.141592653589661222e+00
1.186860834894132743e+00 5.714900046238806226e+02 3.141592653589661222e+00
1.268466765519763007e+00 5.720059561137304627e+02 3.141592653589661222e+00
9.163298931194031605e-01 5.734427163679805517e+02 3.141592653589661222e+00
1.590866440017989714e+00 5.740955843618394283e+02 3.141592653589661222e+00
1.296687916807025331e+00 5.756134281140598432e+02 3.141592653589661222e+00
1.270193331135281989e+00 5.761879839294089152e+02 3.141592653589661222e+00
1.034570689363184748e+00 5.776632943063317498e+02 3.141592653589661222e+00
1.491331864487737580e+00 5.781998148840613112e+02 3.141592653589661222e+00
7.362625909740247998e-01 5.795115870168082211e+02 3.141592653589661222e+00
1.762652619310610902e+00 5.803034416386918792e+02 3.141592653589661222e+00
9.847334910156615440e-01 5.817219266660338235e+02 3.141592653589661222e+00
1.668846161000762107e+00 5.823485820350412041e+02 3.141592653589661222e+00
8.558507066310334643e-01 5.837404495560982696e+02 3.141592653589661222e+00
1.843645246858294895e+00 5.843782043222491893e+02 3.141592653589661222e+00
6.730663030339819608e-01 5.853235975247547458e+02 3.141592653589661222e+00
1.886097362254667731e+00 5.864476354240723595e+02 3.141592653589661222e+00
7.020374600991902136e-01 5.874036407082604683e+02 3.141592653589661222e+00
1.873012640560568487e+00 5.884770614836454570e+02 3.141592653589661222e+00
6.592029328979507330e-01 5.895291887738615060e+02 3.141592653589661222e+00
1.781805759890263241e+00 5.905590790528600564e+02 3.141592653589661222e+00
8.905365737505063217e-01 5.911670844502069713e+02 3.141592653589661222e+00
1.596295542870523443e+00 5.925868931653805021e+02 3.141592653589661222e+00
1.042706742203746817e+00 5.931916149974823611e+02 3.141592653589661222e+00
1.729213829583460704e+00 5.946374298715164741e+02 3.141592653589661222e+00
7.610255726272671106e-01 5.953998914849682933e+02 3.141592653589661222e+00
1.442821889370275334e+00 5.967411236509566379e+02 3.141592653589661222e+00
1.049619807282722528e+00 5.972749441036913822e+02 3.141592653589661222e+00
1.224508083967572825e+00 5.987523463084459081e+02 3.141592653589661222e+00
1.318298421379010765e+00 5.993288403587318953e+02 3.141592653589661222e+00
1.539571726470181368e+00 6.008465376684263219e+02 3.141592653589661222e+00
9.472034177654005127e-01 6.014834190545219599e+02 3.141592653589661222e+00
1.217888006602398043e+00 6.029315468548384160e+02 3.141592653589661222e+00
1.191758544974956369e+00 6.034540810258331476e+02 3.141592653589661222e+00
9.774641408308225587e-01 6.049107694775183290e+02 3.141592653589661222e+00
1.507738761181351750e+00 6.055348059473910780e+02 3.141592653589661222e+00
1.337068717047258826e+00 6.070528602156148281e+02 3.141592653589661222e+00
1.184932277902446707e+00 6.076330922773179282e+02 3.141592653589661222e+00
1.057439889844262515e+00 6.091094621366579531e+02 3.141592653589661222e+00
1.395142915966196107e+00 6.096438784447408352e+02 3.141592653589661222e+00
7.810844017988485266e-01 6.110084643353662841e+02 3.141592653589661222e+00
1.691760523537930272e+00 6.117452637733699703e+02 3.141592653589661222e+00
1.072981713925189817e+00 6.132029270975676809e+02 3.141592653589661222e+00
1.537113693350834254e+00 6.137978507680087432e+02 3.141592653589661222e+00
9.047934658279430664e-01 6.152296618618784123e+02 3.141592653589661222e+00
1.722299235961711750e+00 6.158258905702965649e+02 3.141592653589661222e+00
6.557828568140194880e-01 6.169150195243726102e+02 3.141592653589661222e+00
1.860508255868194016e+00 6.179153900766510787e+02 3.141592653589661222e+00
7.235469404366179358e-01 6.190670480398827067e+02 3.141592653589661222e+00
1.887426876141591103e+00 6.199454246182493762e+02 3.141592653589661222e+00
6.948406245634897171e-01 6.211185559925278312e+02 3.141592653589661222e+00
1.900005693625901548e+00 6.220042213779898930e+02 3.141592653589661222e+00
8.476338399688865266e-01 6.226538580850884728e+02 3.141592653589661222e+00
1.723057720048197350e+00 6.240317375330007508e+02 3.141592653589661222e+00
9.680079183942095211e-01 6.246697412591879583e+02 3.141592653589661222e+00
1.808505163656190851e+00 6.260780945589767725e+02 3.141592653589661222e+00
7.286423887769297725e-01 6.268946996312462261e+02 3.141592653589661222e+00
1.552561132584208581e+00 6.281818792051303717e+02 3.141592653589661222e+00
1.054281681807696103e+00 6.287086202879919483e+02 3.141592653589661222e+00
1.299691164754329886e+00 6.301863785680144474e+02 3.141592653589661222e+00
1.315917696987174867e+00 6.307593882573365818e+02 3.141592653589661222e+00
1.655628949166002783e+00 6.322869353468361169e+02 3.141592653589661222e+00
8.955160088887020864e-01 6.329586475235364560e+02 3.141592653589661222e+00
1.327505955970972762e+00 6.343817473663850706e+02 3.141592653589661222e+00
1.198655507820441724e+00 6.348873931107258386e+02 3.141592653589661222e+00
1.047749752475240159e+00 6.363547628039773372e+02 3.141592653589661222e+00
1.519734675641579047e+00 6.369648734920327797e+02 3.141592653589661222e+00
1.483972303470629583e+00 6.385091195253245360e+02 3.141592653589661222e+00
1.084984670150967556e+00 6.391100750581675811e+02 3.141592653589661222e+00
1.166181676373289289e+00 6.405820686078500330e+02 3.141592653589661222e+00
1.351263510440824378e+00 6.410919345399519216e+02 3.141592653589661222e+00
8.628647598294255650e-01 6.425013863241231320e+02 3.141592653589661222e+00
1.671443463661502760e+00 6.431886032918201863e+02 3.141592653589661222e+00
1.246520829125482344e+00 6.447003497168943795e+02 3.141592653589661222e+00
1.366586431214852571e+00 6.452735962978549651e+02 3.141592653589661222e+00
1.007911421369802163e+00 6.467429676726479784e+02 3.141592653589661222e+00
1.598630936291149940e+00 6.472862382824738461e+02 3.141592653589661222e+00
6.972110525747777787e-01 6.485251182863207760e+02 3.141592653589661222e+00
1.827233087146703960e+00 6.493875678550251678e+02 3.141592653589661222e+00
8.761852808575588680e-01 6.507350364104783011e+02 3.141592653589661222e+00
1.804891668574850394e+00 6.514258703814091405e+02 3.141592653589661222e+00
7.910255324145838429e-01 6.527461751909580698e+02 3.141592653589661222e+00
1.943107302893204213e+00 6.534598332258494793e+02 3.141592653589661222e+00
7.452527571957775487e-01 6.542405356119892303e+02 3.141592653589661222e+00
1.861590833725698779e+00 6.555025985315234038e+02 3.141592653589661222e+00
8.031840566991400587e-01 6.562581373257756923e+02 3.141592653589661222e+00
1.845833686806484408e+00 6.575366598749670857e+02 3.141592653589661222e+00
6.757791397382837406e-01 6.584535131308128939e+02 3.141592653589661222e+00
1.657548415758516969e+00 6.596348280521543757e+02 3.141592653589661222e+00
9.717802682754524968e-01 6.601935249846948182e+02 3.141592653589661222e+00
1.437918878333080519e+00 6.616532694147808797e+02 3.141592653589661222e+00
1.181376067830470333e+00 6.622303373117538285e+02 3.141592653589661222e+00
1.682664845956053590e+00 6.637244751772041127e+02 3.141592653589661222e+00
8.283347065388587671e-01 6.644321618899714395e+02 3.141592653589661222e+00
1.369700514597711472e+00 6.658240861332509439e+02 3.141592653589661222e+00
1.118939338610991596e+00 6.663434238340806814e+02 3.141592653589661222e+00
1.126438155029104049e+00 6.678199137760869917e+02 3.141592653589661222e+00
1.417899313362849467e+00 6.684093810514240204e+02 3.141592653589661222e+00
1.502459161137005728e+00 6.699410372146788859e+02 3.141592653589661222e+00
1.019464057645081301e+00 6.705557818634317755e+02 3.141592653589661222e+00
1.182215287545983706e+00 6.720190766291522095e+02 3.141592653589661222e+00
1.269197385570220771e+00 6.725358281410409518e+02 3.141592653589661222e+00
9.129597686243542398e-01 6.739716140947381291e+02 3.141592653589661222e+00
1.591166527377467554e+00 6.746256743024866864e+02 3.141592653589661222e+00
1.290062684754351707e+00 6.761420647186017732e+02 3.141592653589661222e+00
1.275943284980792791e+00 6.767163829550246419e+02 3.141592653589661222e+00
1.030285553164526746e+00 6.781912027602068065e+02 3.141592653589661222e+00
1.495149833052024757e+00 6.787290793450831643e+02 3.141592653589661222e+00
7.330298309415653746e-01 6.800371824280330202e+02 3.141592653589661222e+00
1.764386443591508202e+00 6.808327375406746569e+02 3.141592653589661222e+00
9.767923760290538882e-01 6.822470880403246838e+02 3.141592653589661222e+00
1.676782034399179278e+00 6.828770328869906052e+02 3.141592653589661222e+00
8.510683718406043541e-01 6.842651240377111890e+02 3.141592653589661222e+00
1.848601939299171271e+00 6.849072032494470932e+02 3.141592653589661222e+00
6.751694526732389123e-01 6.858436230831623561e+02 3.141592653589661222e+00
1.885234867167998596e+00 6.869754118770057403e+02 3.141592653589661222e+00
7.038464588044728298e-01 6.879193593566587879e+02 3.141592653589661222e+00
1.869539777778267187e+00 6.890047679754975434e+02 3.141592653589661222e+00
6.579550249676396900e-01 6.900494221448801682e+02 3.141592653589661222e+00
1.771862806487897624e+00 6.910882042826326597e+02 3.141592653589661222e+00
8.911727550534224163e-01 6.916952725451004653e+02 3.141592653589661222e+00
1.588323312541779053e+00 6.931165429521837495e+02 3.141592653589661222e+00
1.044561237507337648e+00 6.937202101037690909e+02 3.141592653589661222e+00
1.721113335628155605e+00 6.951667834433550297e+02 3.141592653589661222e+00
7.627229696813194737e-01 6.959257687343763337e+02 3.141592653589661222e+00
1.433352744238462373e+00 6.972703025403460515e+02 3.141592653589661222e+00
1.046649045104092401e+00 6.978056249820612038e+02 3.141592653589661222e+00
1.219601541336228889e+00 6.992827482725398340e+02 3.141592653589661222e+00
1.314824085487007466e+00 6.998594532995076634e+02 3.141592653589661222e+00
1.527633329152100705e+00 7.013752562709964877e+02 3.141592653589661222e+00
9.513269717686920757e-01 7.020093919616733729e+02 3.141592653589661222e+00
1.207402010042577967e+00 7.034592167496754200e+02 3.141592653589661222e+00
1.189791970586038028e+00 7.039837479552663808e+02 3.141592653589661222e+00
9.712803693672215077e-01 7.054394393702657453e+02 3.141592653589661222e+00
1.504912330733303660e+00 7.060646548554319679e+02 3.141592653589661222e+00
1.322903907688206093e+00 7.075796927403736163e+02 3.141592653589661222e+00
1.194021038186321659e+00 7.081587964739921972e+02 3.141592653589661222e+00
1.047542022348089352e+00 7.096347633793575369e+02 3.141592653589661222e+00
1.398821906751263278e+00 7.101719563234541965e+02 3.141592653589661222e+00
7.741240487254777980e-01 7.115318228689455964e+02 3.141592653589661222e+00
1.692827391209761556e+00 7.122736692466985460e+02 3.141592653589661222e+00
1.057725396608609758e+00 7.137253881812237069e+02 3.141592653589661222e+00
1.551150179449209299e+00 7.143239616222518862e+02 3.141592653589661222e+00
8.957265044435819279e-01 7.157510248918848674e+02 3.141592653589661222e+00
1.731269548943212166e+00 7.163532709994603920e+02 3.141592653589661222e+00
6.546957930999290909e-01 7.174285005013840646e+02 3.141592653589661222e+00
1.861268994341937821e+00 7.184413824313384112e+02 3.141592653589661222e+00
7.161620089268235789e-01 7.195738519403644204e+02 3.141592653589661222e+00
1.886028569078994188e+00 7.204710164405602200e+02 3.141592653589661222e+00
6.888850836109252640e-01 7.216324227305741488e+02 3.141592653589661222e+00
1.886901681022170374e+00 7.225325889463416615e+02 3.141592653589661222e+00
8.498728698232376200e-01 7.231790547875253878e+02 3.141592653589661222e+00
1.711154494185083363e+00 7.245606998662241267e+02 3.141592653589661222e+00
9.720375606975097948e-01 7.251959016958769553e+02 3.141592653589661222e+00
1.798020754682582156e+00 7.266068051480415306e+02 3.141592653589661222e+00
7.299505828183137091e-01 7.274184454222954628e+02 3.141592653589661222e+00
1.538863727344025989e+00 7.287108350787008249e+02 3.141592653589661222e+00
1.048476001460195706e+00 7.292402530132925449e+02 3.141592653589661222e+00
1.294308226115079785e+00 7.307175147349717008e+02 3.141592653589661222e+00
1.308592039562235687e+00 7.312906935604506771e+02 3.141592653589661222e+00
1.636900901136887798e+00 7.328150662647376521e+02 3.141592653589661222e+00
8.994222399564900661e-01 7.334821904499900711e+02 3.141592653589661222e+00
1.309716720110752464e+00 7.349087169144881955e+02 3.141592653589661222e+00
1.190490707514302970e+00 7.354183511714318229e+02 3.141592653589661222e+00
1.040775640880764241e+00 7.368850864595192434e+02 3.141592653589661222e+00
1.509421261424132910e+00 7.374955109146028462e+02 3.141592653589661222e+00
1.458057814662939267e+00 7.390344406675853861e+02 3.141592653589661222e+00
1.097244641010197697e+00 7.396313685718861279e+02 3.141592653589661222e+00
1.145929075618231652e+00 7.411048059985048440e+02 3.141592653589661222e+00
1.350767355881713705e+00 7.416194348881560927e+02 3.141592653589661222e+00
8.510704006042643099e-01 7.430245069964125832e+02 3.141592653589661222e+00
1.667928410206957590e+00 7.437165813779337213e+02 3.141592653589661222e+00
1.217457747299559356e+00 7.452203085417669399e+02 3.141592653589661222e+00
1.390440867084142385e+00 7.457947950404875428e+02 3.141592653589661222e+00
9.898384399264686939e-01 7.472600978265635376e+02 3.141592653589661222e+00
1.612863360426372461e+00 7.478108680238013903e+02 3.141592653589661222e+00
6.877346928963333772e-01 7.490316083031543712e+02 3.141592653589661222e+00
1.830618269578475621e+00 7.499113407136090927e+02 3.141592653589661222e+00
8.479427764798297407e-01 7.512354446080207708e+02 3.141592653589661222e+00
1.825190321377421654e+00 7.519475324947427453e+02 3.141592653589661222e+00
7.737376591962776828e-01 7.532476751836263702e+02 3.141592653589661222e+00
1.946328294487958299e+00 7.539844657220535282e+02 3.141592653589661222e+00
7.617500805049470802e-01 7.547389044754614815e+02 3.141592653589661222e+00
1.845202102314861481e+00 7.560237289135340006e+02 3.141592653589661222e+00
8.298980598309960710e-01 7.567528048365320501e+02 3.141592653589661222e+00
1.841004848800534388e+00 7.580593651982635492e+02 3.141592653589661222e+00
6.835259903579109508e-01 7.589562050462752723e+02 3.141592653589661222e+00
1.639058943246956224e+00 7.601590850929145518e+02 3.141592653589661222e+00
9.878497069881883030e-01 7.607103766238899425e+02 3.141592653589661222e+00
1.411884666436498792e+00 7.621749496746330124e+02 3.141592653589661222e+00
1.207951725325185910e+00 7.627497136348619051e+02 3.141592653589661222e+00
1.679806592488841455e+00 7.642514613775072121e+02 3.141592653589661222e+00
8.406180270645766672e-01 7.649521553506473310e+02 3.141592653589661222e+00
1.363350234504881353e+00 7.663503321137576449e+02 3.141592653589661222e+00
1.135133620451370451e+00 7.668662221362420723e+02 3.141592653589661222e+00
1.111681356941149446e+00 7.683417095296565549e+02 3.141592653589661222e+00
1.439407758739549958e+00 7.689345326840779080e+02 3.141592653589661222e+00
1.503385743462230861e+00 7.704697618562621528e+02 3.141592653589661222e+00
1.030235535845860362e+00 7.710824007458701317e+02 3.141592653589661222e+00
1.182577290260618419e+00 7.725472304808500894e+02 3.141592653589661222e+00
1.285267451190589050e+00 7.730617230464719114e+02 3.141592653589661222e+00
9.050888325701329507e-01 7.744935498206516513e+02 3.141592653589661222e+00
1.608040224965910037e+00 7.751529684212761140e+02 3.141592653589661222e+00
1.288395015683228229e+00 7.766703799883446209e+02 3.141592653589661222e+00
1.288270250172046882e+00 7.772442811131627423e+02 3.141592653589661222e+00
1.030217293327604811e+00 7.787189178824997953e+02 3.141592653589661222e+00
1.512146001013068508e+00 7.792561212991453203e+02 3.141592653589661222e+00
7.280336532543751904e-01 7.805552198243086650e+02 3.141592653589661222e+00
1.776530318848833279e+00 7.813597104871940928e+02 3.141592653589661222e+00
9.648206037746547281e-01 7.827673223906845124e+02 3.141592653589661222e+00
1.696504361693967677e+00 7.834034386997877846e+02 3.141592653589661222e+00
8.442506511130009050e-01 7.847840940511615599e+02 3.141592653589661222e+00
1.866794876432751105e+00 7.854335690371941610e+02 3.141592653589661222e+00
6.825500363962462291e-01 7.863467271729535923e+02 3.141592653589661222e+00
1.886524565672693221e+00 7.874979398372491914e+02 3.141592653589661222e+00
7.113305702115972906e-01 7.884110806019522215e+02 3.141592653589661222e+00
1.864972057823454543e+00 7.895275374752571906e+02 3.141592653589661222e+00
6.568852290709066288e-01 7.905524910019112212e+02 3.141592653589661222e+00
1.752243972166668717e+00 7.916139574316017615e+02 3.141592653589661222e+00
8.994209345203718620e-01 7.922147058163308202e+02 3.141592653589661222e+00
1.566675140028185309e+00 7.936419268104408502e+02 3.141592653589661222e+00
1.059266397201143572e+00 7.942410011791751003e+02 3.141592653589661222e+00
1.709640465737263249e+00 7.956935404401723417e+02 3.141592653589661222e+00
7.704304828723037568e-01 7.964437338814955183e+02 3.141592653589661222e+00
1.417804455692947441e+00 7.977965701160786693e+02 3.141592653589661222e+00
1.050686514306295116e+00 7.983315346840055327e+02 3.141592653589661222e+00
1.205511875031731073e+00 7.998087394354101889e+02 3.141592653589661222e+00
1.321744737933751024e+00 8.003864785739992840e+02 3.141592653589661222e+00
1.514104276903259771e+00 8.019022680642689238e+02 3.141592653589661222e+00
9.618891644458315016e-01 8.025318205203512889e+02 3.141592653589661222e+00
1.195152335008998978e+00 8.039846477355957859e+02 3.141592653589661222e+00
1.195826618620152049e+00 8.045101549563377148e+02 3.141592653589661222e+00
9.595950011323097772e-01 8.059632308121315418e+02 3.141592653589661222e+00
1.511206598571151360e+00 8.065922004479557472e+02 3.141592653589661222e+00
1.307445414151312102e+00 8.081048492157225382e+02 3.141592653589661222e+00
1.210054311548620420e+00 8.086825086490939611e+02 3.141592653589661222e+00
1.037319418020939965e+00 8.101579980660736737e+02 3.141592653589661222e+00
1.411566712543363522e+00 8.106976388792722901e+02 3.141592653589661222e+00
7.638474837734032796e-01 8.120485671889322248e+02 3.141592653589661222e+00
1.701265770081944684e+00 8.127999599204675860e+02 3.141592653589661222e+00
1.037370611234451401e+00 8.142434050811825728e+02 3.141592653589661222e+00
1.575198312426425939e+00 8.148478272823740554e+02 3.141592653589661222e+00
8.841025798570900651e-01 8.162674574600038113e+02 3.141592653589661222e+00
1.750689156789259515e+00 8.168782238448596900e+02 3.141592653589661222e+00
6.547541409569300752e-01 8.179285893028995815e+02 3.141592653589661222e+00
1.865251747984437269e+00 8.189634296650503984e+02 3.141592653589661222e+00
7.063308835649615425e-01 8.200620165392605259e+02 3.141592653589661222e+00
1.884445222683449828e+00 8.209926813268490378e+02 3.141592653589661222e+00
6.800215219739647043e-01 8.221331708777963740e+02 3.141592653589661222e+00
1.866071246196683298e+00 8.230587190089652267e+02 3.141592653589661222e+00
8.562072595298425570e-01 8.236980165370149507e+02 3.141592653589661222e+00
1.689700559066455110e+00 8.250872201592490001e+02 3.141592653589661222e+00
9.829762389166512015e-01 8.257164311358695841e+02 3.141592653589661222e+00
1.782771690014600230e+00 8.271335745000471888e+02 3.141592653589661222e+00
7.340730825275648685e-01 8.279358980820794613e+02 3.141592653589661222e+00
1.517909247073048640e+00 8.292378530252035489e+02 3.141592653589661222e+00
1.044137430739097594e+00 8.297697350562834799e+02 3.141592653589661222e+00
1.282544402934036931e+00 8.312467030477058643e+02 3.141592653589661222e+00
1.304084121402686147e+00 8.318202906874355449e+02 3.141592653589661222e+00
1.612260681313312904e+00 8.333416107451945436e+02 3.141592653589661222e+00
9.072402145351663449e-01 8.340019037530942114e+02 3.141592653589661222e+00
1.286233480232777726e+00 8.354334855494296335e+02 3.141592653589661222e+00
1.184178980814010629e+00 8.359475081792547826e+02 3.141592653589661222e+00
1.028603441495581583e+00 8.374127947331218138e+02 3.141592653589661222e+00
1.501222946351331577e+00 8.380247867491042371e+02 3.141592653589661222e+00
1.425471747060666594e+00 8.395575111643933042e+02 3.141592653589661222e+00
1.115567508275695729e+00 8.401494873965220904e+02 3.141592653589661222e+00
1.121018102041197118e+00 8.416244326278233530e+02 3.141592653589661222e+00
1.354765885061921971e+00 8.421447207756433500e+02 3.141592653589661222e+00
8.344680717750553312e-01 8.435424963414088779e+02 3.141592653589661222e+00
1.667686765230067758e+00 8.442427297877002275e+02 3.141592653589661222e+00
1.180244423387989849e+00 8.457357922902870087e+02 3.141592653589661222e+00
1.423801243975861386e+00 8.463130588930268914e+02 3.141592653589661222e+00
9.672467899851640016e-01 8.477720298833754669e+02 3.141592653589661222e+00
1.635139539984807655e+00 8.483329909595628351e+02 3.141592653589661222e+00
6.764476925541248464e-01 8.495266882575673435e+02 3.141592653589661222e+00
1.836732659762571052e+00 8.504318505111924651e+02 3.141592653589661222e+00
8.121337071327523471e-01 8.517212589977920061e+02 3.141592653589661222e+00
1.848989357021356916e+00 8.524657960454619570e+02 3.141592653589661222e+00
7.519065429261063693e-01 8.537371856263674772e+02 3.141592653589661222e+00
1.946285016151102498e+00 8.545070212863787447e+02 3.141592653589661222e+00
7.851691322172673626e-01 8.552287276499156405e+02 3.141592653589661222e+00
1.819917044124397920e+00 8.565419618971471891e+02 3.141592653589661222e+00
8.676826404504954793e-01 8.572402603236066625e+02 3.141592653589661222e+00
1.836498628294713553e+00 8.585802853348573080e+02 3.141592653589661222e+00
6.954386291104015516e-01 8.594529871238900114e+02 3.141592653589661222e+00
1.618348666689453541e+00 8.606815046854294451e+02 3.141592653589661222e+00
1.011273176929073703e+00 8.612228736344368372e+02 3.141592653589661222e+00
1.378802734333331559e+00 8.626930680546403210e+02 3.141592653589661222e+00
1.245682865906654113e+00 8.632658243646492338e+02 3.141592653589661222e+00
1.681396115531202717e+00 8.647779939530047386e+02 3.141592653589661222e+00
8.564135676128094010e-01 8.654712195537189245e+02 3.141592653589661222e+00
1.360574116005888623e+00 8.668761003785282355e+02 3.141592653589661222e+00
1.159853917600033091e+00 8.673863552324245347e+02 3.141592653589661222e+00
1.094109821887771172e+00 8.688601349947076642e+02 3.141592653589661222e+00
1.471436627726738111e+00 8.694579233754757297e+02 3.141592653589661222e+00
1.511873733798366981e+00 8.709992252982954142e+02 3.141592653589661222e+00
1.041656002749586918e+00 8.716104756854533662e+02 3.141592653589661222e+00
1.189071089119301261e+00 8.730766292523300081e+02 3.141592653589661222e+00
1.307762127125934537e+00 8.735868324420827093e+02 3.141592653589661222e+00
8.978818566680000224e-01 8.750138778171769900e+02 3.141592653589661222e+00
1.631855104054766858e+00 8.756797407361308387e+02 3.141592653589661222e+00
1.293293226297665521e+00 8.772001901119408558e+02 3.141592653589661222e+00
1.299373012131007643e+00 8.777737363631028984e+02 3.141592653589661222e+00
1.034782735735872095e+00 8.792486683998612307e+02 3.141592653589661222e+00
1.532167093658851176e+00 8.797834132175294144e+02 3.141592653589661222e+00
7.244999215014737981e-01 8.810735126938892563e+02 3.141592653589661222e+00
1.791585407192101798e+00 8.818867669139598320e+02 3.141592653589661222e+00
9.557187423937562043e-01 8.832887877331284017e+02 3.141592653589661222e+00
1.716299460261873744e+00 8.839305009033731722e+02 3.141592653589661222e+00
8.392141767432503840e-01 8.853041678248055177e+02 3.141592653589661222e+00
1.887115133759894814e+00 8.859600564785359893e+02 3.141592653589661222e+00
6.917516014803448687e-01 8.868492647599141492e+02 3.141592653589661222e+00
1.888320284572521102e+00 8.880201282136391683e+02 3.141592653589661222e+00
7.222900509792267165e-01 8.889022121082842887e+02 3.141592653589661222e+00
1.862414979600961917e+00 8.900502584046946595e+02 3.141592653589661222e+00
6.577226543399879999e-01 8.910549119755453376e+02 3.141592653589661222e+00
1.735241307914007658e+00 8.921392743551123203e+02 3.141592653589661222e+00
9.117151085875594418e-01 8.927316905626004200e+02 3.141592653589661222e+00
1.543725029384425351e+00 8.941658445198196432e+02 3.141592653589661222e+00
1.080128499231052919e+00 8.947596445295110925e+02 3.141592653589661222e+00
1.703425042367442632e+00 8.962202574211137289e+02 3.141592653589661222e+00
7.802939823257931673e-01 8.969618684572405982e+02 3.141592653589661222e+00
1.407250475417135105e+00 8.983227521974664569e+02 3.141592653589661222e+00
1.061479123630193255e+00 8.988550714222427587e+02 3.141592653589661222e+00
1.190653826533661475e+00 9.003326300628522176e+02 3.141592653589661222e+00
1.337659207286117757e+00 9.009118812151596103e+02 3.141592653589661222e+00
1.510026826060535399e+00 9.024303026838889537e+02 3.141592653589661222e+00
9.725372621064205525e-01 9.030566297287977022e+02 3.141592653589661222e+00
1.190965495215632552e+00 9.045117339669508283e+02 3.141592653589661222e+00
1.208028079600392823e+00 9.050359677986702991e+02 3.141592653589661222e+00
9.502997776747634795e-01 9.064862716518881598e+02 3.141592653589661222e+00
1.524873690168499385e+00 9.071194894179782295e+02 3.141592653589661222e+00
1.303009111829616540e+00 9.086326085216862793e+02 3.141592653589661222e+00
1.222404839425825784e+00 9.092094684843651748e+02 3.141592653589661222e+00
1.035051229606701595e+00 9.106848885608878845e+02 3.141592653589661222e+00
1.426290990579579976e+00 9.112244430820488788e+02 3.141592653589661222e+00
7.575117049136858016e-01 9.125679688998283154e+02 3.141592653589661222e+00
1.712771511276097280e+00 9.133272084081831963e+02 3.141592653589661222e+00
1.026257566321854053e+00 9.147658916734828836e+02 3.141592653589661222e+00
1.593774822907722433e+00 9.153743082244413927e+02 3.141592653589661222e+00
8.781961548355614600e-01 9.167888820046912315e+02 3.141592653589661222e+00
1.768934034625684104e+00 9.174046936465248336e+02 3.141592653589661222e+00
6.564591895393320220e-01 9.184350339425426455e+02 3.141592653589661222e+00
1.870308522150333053e+00 9.194871742311765956e+02 3.141592653589661222e+00
7.012481927374045743e-01 9.205586593189690348e+02 3.141592653589661222e+00
1.883923808173039616e+00 9.215163627154208825e+02 3.141592653589661222e+00
6.743776562104187855e-01 9.226399702292444545e+02 3.141592653589661222e+00
1.851239305958225945e+00 9.235856188925284869e+02 3.141592653589661222e+00
8.632793338830694330e-01 9.242180077396094475e+02 3.141592653589661222e+00
1.672163646159967820e+00 9.256138829944136432e+02 3.141592653589661222e+00
9.949095494919796279e-01 9.262376258053986930e+02 3.141592653589661222e+00
1.773374144387324991e+00 9.276610565364799186e+02 3.141592653589661222e+00
7.388405194275248222e-01 9.284556635588509153e+02 3.141592653589661222e+00
1.503949199892197885e+00 9.297653941706054184e+02 3.141592653589661222e+00
1.045292321800167290e+00 9.302975046901946143e+02 3.141592653589661222e+00
1.271714153479849729e+00 9.317746643431888742e+02 3.141592653589661222e+00
1.306985398748406579e+00 9.323486877761021105e+02 3.141592653589661222e+00
1.599098375161538854e+00 9.338695252991445841e+02 3.141592653589661222e+00
9.141443233331978391e-01 9.345253437380528112e+02 3.141592653589661222e+00
1.273471947452832875e+00 9.359602434622829605e+02 3.141592653589661222e+00
1.184919080513305634e+00 9.364758594621421253e+02 3.141592653589661222e+00
1.019460973907608370e+00 9.379397844163225955e+02 3.141592653589661222e+00
1.501784377051547992e+00 9.385537005726207553e+02 3.141592653589661222e+00
1.408955131802263061e+00 9.400837961946845098e+02 3.141592653589661222e+00
1.127734802165615280e+00 9.406731660462286300e+02 3.141592653589661222e+00
1.108713852095241092e+00 9.421488136271015037e+02 3.141592653589661222e+00
1.361074589005797808e+00 9.426716351283045014e+02 3.141592653589661222e+00
8.244496326882689852e-01 9.440640745970428043e+02 3.141592653589661222e+00
1.671405973468567119e+00 9.447703026028723343e+02 3.141592653589661222e+00
1.160171061269114512e+00 9.462574383191025618e+02 3.141592653589661222e+00
1.444499500123818780e+00 9.468368791166935807e+02 3.141592653589661222e+00
9.554414158110341448e-01 9.482917602548900504e+02 3.141592653589661222e+00
1.651038304811317081e+00 9.488585050134303174e+02 3.141592653589661222e+00
6.708112889860755601e-01 9.500343622998414048e+02 3.141592653589661222e+00
1.841855596461685396e+00 9.509560520285248231e+02 3.141592653589661222e+00
7.922453397770821137e-01 9.522227163719250029e+02 3.141592653589661222e+00
1.861639076466214293e+00 9.529890008492360494e+02 3.141592653589661222e+00
7.397903774833105572e-01 9.542422481948535733e+02 3.141592653589661222e+00
1.944354647723085527e+00 9.550329278696244728e+02 3.141592653589661222e+00
8.000886784626498605e-01 9.557360483574399268e+02 3.141592653589661222e+00
1.803040910985318490e+00 9.570653581723240677e+02 3.141592653589661222e+00
8.915986496740060385e-01 9.577472455669662850e+02 3.141592653589661222e+00
1.835016581011036596e+00 9.591056765706081251e+02 3.141592653589661222e+00
7.033718046476329366e-01 9.599651243791940942e+02 3.141592653589661222e+00
1.608060554140023024e+00 9.612075416528292635e+02 3.141592653589661222e+00
1.026692924033347776e+00 9.617428141311484069e+02 3.141592653589661222e+00
1.359604275292939812e+00 9.632159666210948217e+02 3.141592653589661222e+00
1.269929497751400405e+00 9.637881004362840258e+02 3.141592653589661222e+00
1.685566739425149230e+00 9.653068103491392549e+02 3.141592653589661222e+00
8.654578669550667680e-01 9.659965671510116181e+02 3.141592653589661222e+00
1.362202296365326859e+00 9.674046114644100953e+02 3.141592653589661222e+00
1.176583813523921274e+00 9.679108332723646981e+02 3.141592653589661222e+00
1.084639149401267266e+00 9.693833622546610513e+02 3.141592653589661222e+00
1.492696862140794334e+00 9.699844228131505588e+02 3.141592653589661222e+00
1.521246568847159697e+00 9.715301726549238310e+02 3.141592653589661222e+00
1.046633142488419210e+00 9.721414047254472734e+02 3.141592653589661222e+00
1.196482492281782051e+00 9.736079479208272005e+02 3.141592653589661222e+00
1.321814181107205277e+00 9.741148021400291555e+02 3.141592653589661222e+00
8.953949240815213262e-01 9.755393328835743887e+02 3.141592653589661222e+00
1.646888823878917663e+00 9.762085945776776725e+02 3.141592653589661222e+00
1.300475987848038306e+00 9.777318906415547417e+02 3.141592653589661222e+00
1.302683870966210300e+00 9.783053210463209552e+02 3.141592653589661222e+00
1.040262989928088189e+00 9.797807736561452430e+02 3.141592653589661222e+00
1.542387336309046120e+00 9.803131052685690747e+02 3.141592653589661222e+00
7.241424505135706235e-01 9.815998195475074226e+02 3.141592653589661222e+00
1.799903270160935875e+00 9.824162823270177114e+02 3.141592653589661222e+00
9.544804022924385789e-01 9.838172764315630729e+02 3.141592653589661222e+00
1.724211137405676331e+00 9.844604515351810505e+02 3.141592653589661222e+00
8.387223135991194178e-01 9.858320000532627319e+02 3.141592653589661222e+00
1.897090316642548125e+00 9.864893411702272488e+02 3.141592653589661222e+00
6.962325850077288880e-01 9.873686496923065761e+02 3.141592653589661222e+00
1.889929602679927045e+00 9.885474049249810378e+02 3.141592653589661222e+00
7.279959545640672935e-01 9.894168423125416894e+02 3.141592653589661222e+00
1.862942150132226082e+00 9.905779203237642605e+02 3.141592653589661222e+00
6.589011503483186427e-01 9.915742063483369293e+02 3.141592653589661222e+00
1.730314242575193395e+00 9.926677911867068360e+02 3.141592653589661222e+00
9.191347537308708349e-01 9.932556022435434215e+02 3.141592653589661222e+00
1.533911795389536259e+00 9.946931556000936325e+02 3.141592653589661222e+00
1.092205068682600588e+00 9.952844232488367879e+02 3.141592653589661222e+00
1.704479070226398107e+00 9.967495891832942334e+02 3.141592653589661222e+00
7.852889429500663487e-01 9.974880304935336426e+02 3.141592653589661222e+00
1.406352738933597468e+00 9.988518997836174549e+02 3.141592653589661222e+00
1.069794362785839725e+00 9.993817883995990314e+02 3.141592653589661222e+00
1.184521286972012089e+00 1.000859629147734495e+03 3.141592653589661222e+00
1.349308321976459668e+00 1.001439767713734796e+03 3.141592653589661222e+00
1.514465864485925684e+00 1.002960866461588807e+03 3.141592653589661222e+00
9.763652808189612342e-01 1.003586784397485985e+03 3.141592653589661222e+00
1.194384242712532629e+00 1.005042365907879343e+03 3.141592653589661222e+00
1.216245782523874608e+00 1.005564707509112964e+03 3.141592653589661222e+00
9.483201580112069484e-01 1.007013946419289709e+03 3.141592653589661222e+00
1.534399167498166738e+00 1.007648968968845566e+03 3.141592653589661222e+00
1.308179085179480783e+00 1.009164084544668640e+03 3.141592653589661222e+00
1.224462868192196074e+00 1.009740927647751960e+03 3.141592653589661222e+00
1.039024616129772483e+00 1.011216686048538918e+03 3.141592653589661222e+00
1.432672496667458883e+00 1.011754590802140456e+03 3.141592653589661222e+00
7.574804203115187429e-01 1.013096596531695013e+03 3.141592653589661222e+00
1.718788405310086587e+00 1.013857449466496405e+03 3.141592653589661222e+00
1.027815401326778177e+00 1.015296804184901930e+03 3.141592653589661222e+00
