1.179320728370980564e+00 2.652298350976391439e-01 3.141592653589661222e+00
9.569924263489764105e-01 1.718942667719031814e+00 3.141592653589661222e+00
1.491205871093103097e+00 2.346076783611458438e+00 3.141592653589661222e+00
1.284132780709520416e+00 3.851974739819809201e+00 3.141592653589661222e+00
1.215017355747227024e+00 4.428914803210666662e+00 3.141592653589661222e+00
1.020538210252318834e+00 5.903058528349628631e+00 3.141592653589661222e+00
1.403594762903473958e+00 6.448598087848679938e+00 3.141592653589661222e+00
7.572521063903165928e-01 7.797224462736251915e+00 3.141592653589661222e+00
1.690989020608399063e+00 8.550969199975003932e+00 3.141592653589661222e+00
1.019369425498656279e+00 9.986678814090875989e+00 3.141592653589661222e+00
1.582030983954096026e+00 1.059556939918340746e+01 3.141592653589661222e+00
8.725129864025885640e-01 1.200998198786363425e+01 3.141592653589661222e+00
1.747115556151140447e+00 1.262845928891088576e+01 3.141592653589661222e+00
6.530591285994444828e-01 1.367245805248123958e+01 3.141592653589661222e+00
1.859355578299302980e+00 1.471358366804155438e+01 3.141592653589661222e+00
7.027736878426557032e-01 1.580241342821358863e+01 3.141592653589661222e+00
1.877022146703044791e+00 1.674219744533216314e+01 3.141592653589661222e+00
6.759823821324965065e-01 1.787797107477192782e+01 3.141592653589661222e+00
1.850845431408428610e+00 1.881040680506547247e+01 3.141592653589661222e+00
8.487205054995899944e-01 1.945462466788104550e+01 3.141592653589661222e+00
1.685050529059550772e+00 2.084140580891244809e+01 3.141592653589661222e+00
9.720363559628122374e-01 2.147346682028077325e+01 3.141592653589661222e+00
1.766275181935429206e+00 2.288530685976908075e+01 3.141592653589661222e+00
7.301659943985620016e-01 2.368638717249054437e+01 3.141592653589661222e+00
1.501084727962077370e+00 2.498976638199080824e+01 3.141592653589661222e+00
1.025496477270966711e+00 2.552904884612772207e+01 3.141592653589661222e+00
1.283721432964828546e+00 2.700410678638882445e+01 3.141592653589661222e+00
1.278361997651998427e+00 2.757765321865717567e+01 3.141592653589661222e+00
1.580727473577644870e+00 2.909053475637824349e+01 3.141592653589661222e+00
9.081040421350132785e-01 2.974562770864342909e+01 3.141592653589661222e+00
1.258214979323200033e+00 3.118055864598229121e+01 3.141592653589661222e+00
1.163848597150289876e+00 3.170240738623761345e+01 3.141592653589661222e+00
1.021012984695306436e+00 3.316743197561949330e+01 3.141592653589661222e+00
1.475854239840372673e+00 3.377833097773240212e+01 3.141592653589661222e+00
1.383594282621414928e+00 3.530094800115645626e+01 3.141592653589661222e+00
1.130712801850930260e+00 3.588842004724281054e+01 3.141592653589661222e+00
1.089457765473981432e+00 3.736383499609637227e+01 3.141592653589661222e+00
1.348439310644456768e+00 3.789283669644103725e+01 3.141592653589661222e+00
8.183125086036934226e-01 3.928475684801198042e+01 3.141592653589661222e+00
1.656518163246689879e+00 3.999126430606765581e+01 3.141592653589661222e+00
1.138359803933748804e+00 4.147089692686652285e+01 3.141592653589661222e+00
1.453041340953031835e+00 4.205268843632362064e+01 3.141592653589661222e+00
9.411987673556817535e-01 4.350365588310317833e+01 3.141592653589661222e+00
1.647704829268045845e+00 4.407757877433289906e+01 3.141592653589661222e+00
6.667236101018407801e-01 4.524722601404015165e+01 3.141592653589661222e+00
1.835640371886228861e+00 4.617509795912142323e+01 3.141592653589661222e+00
7.826025450783730131e-01 4.743131069903165553e+01 3.141592653589661222e+00
1.859297779777314474e+00 4.820698959961890750e+01 3.141592653589661222e+00
7.334644742691194264e-01 4.945409052513790016e+01 3.141592653589661222e+00
1.932474325541536864e+00 5.025325326908311041e+01 3.141592653589661222e+00
7.973706000817359918e-01 5.095772068741083416e+01 3.141592653589661222e+00
1.796564305933515460e+00 5.228717421963597189e+01 3.141592653589661222e+00
8.875152329275654006e-01 5.297010258060451093e+01 3.141592653589661222e+00
1.824296653430937498e+00 5.432638165026414612e+01 3.141592653589661222e+00
7.009605244661326617e-01 5.518480857807257678e+01 3.141592653589661222e+00
1.595945894489361194e+00 5.642868361304898883e+01 3.141592653589661222e+00
1.013844781462740485e+00 5.696947728867600347e+01 3.141592653589661222e+00
1.360834247193192237e+00 5.844085360541566132e+01 3.141592653589661222e+00
1.251781165070908086e+00 5.901346702799520472e+01 3.141592653589661222e+00
1.662612928108087917e+00 6.052602281796852424e+01 3.141592653589661222e+00
8.649196658886671996e-01 6.121185994173374922e+01 3.141592653589661222e+00
1.340696922963907411e+00 6.262287039761591956e+01 3.141592653589661222e+00
1.158561787456507286e+00 6.313563335428723633e+01 3.141592653589661222e+00
1.081319510020983587e+00 6.460813344929071889e+01 3.141592653589661222e+00
1.469922963709255903e+00 6.520777190330258577e+01 3.141592653589661222e+00
1.486392610105438550e+00 6.674535015981243191e+01 3.141592653589661222e+00
1.057006802854685290e+00 6.735124518320795062e+01 3.141592653589661222e+00
1.168305169589539005e+00 6.882004638397241081e+01 3.141592653589661222e+00
1.312115792305551754e+00 6.933405386173052420e+01 3.141592653589661222e+00
8.828781718740973394e-01 7.075586911053859751e+01 3.141592653589661222e+00
1.633656706542851778e+00 7.142790574505008294e+01 3.141592653589661222e+00
1.262329143847095159e+00 7.294109984736519436e+01 3.141592653589661222e+00
1.327505020352719445e+00 7.351432191598895827e+01 3.141592653589661222e+00
1.015256319508209826e+00 7.498624764615337313e+01 3.141592653589661222e+00
1.551708988307364701e+00 7.552773106026009486e+01 3.141592653589661222e+00
7.107410368106283904e-01 7.679834630427599507e+01 3.141592653589661222e+00
1.799643827059471235e+00 7.763071768006021500e+01 3.141592653589661222e+00
9.186994048072886221e-01 7.901001018710489632e+01 3.141592653589661222e+00
1.751536983548591664e+00 7.967107847461339531e+01 3.141592653589661222e+00
8.166023875523256148e-01 8.102365091299330402e+01 3.141592653589661222e+00
1.905993145521835075e+00 8.170334435016414432e+01 3.141592653589661222e+00
7.081240081201313208e-01 8.255075706898513488e+01 3.141592653589661222e+00
1.878256705004548222e+00 8.375741577216217593e+01 3.141592653589661222e+00
7.457186773848969441e-01 8.458793988495884264e+01 3.141592653589661222e+00
1.848815901783864568e+00 8.578803646765332758e+01 3.141592653589661222e+00
6.597714817721911373e-01 8.675780570403645697e+01 3.141592653589661222e+00
1.695351254597639246e+00 8.788177120306990275e+01 3.141592653589661222e+00
9.238304144363750359e-01 8.846588052720903761e+01 3.141592653589661222e+00
1.504096704060702505e+00 8.990829324633551778e+01 3.141592653589661222e+00
1.103101550645468221e+00 9.049622778917400012e+01 3.141592653589661222e+00
1.677813077511794981e+00 9.196470256190997361e+01 3.141592653589661222e+00
7.950382265750464139e-01 9.269063555777275099e+01 3.141592653589661222e+00
1.375724554417806722e+00 9.406580786806787842e+01 3.141592653589661222e+00
1.066208777354260340e+00 9.459896456471803106e+01 3.141592653589661222e+00
1.164529453850713603e+00 9.607593301902797123e+01 3.141592653589661222e+00
1.346265799483501002e+00 9.665760206386929099e+01 3.141592653589661222e+00
1.478862277859130936e+00 9.817409673278305604e+01 3.141592653589661222e+00
9.943282140449911655e-01 9.879165283379869322e+01 3.141592653589661222e+00
1.164070539744359145e+00 1.002519663152606881e+02 3.141592653589661222e+00
1.218477216728016010e+00 1.007793857615995989e+02 3.141592653589661222e+00
9.265669538733609656e-01 1.022236031071578850e+02 3.141592653589661222e+00
1.534552396733967594e+00 1.028649999698348410e+02 3.141592653589661222e+00
1.267226742951474749e+00 1.043713953602236160e+02 3.141592653589661222e+00
1.257405944635393125e+00 1.049463510598068439e+02 3.141592653589661222e+00
1.011974910315674325e+00 1.064194828727725195e+02 3.141592653589661222e+00
1.452800606737618239e+00 1.069656606904295018e+02 3.141592653589661222e+00
7.366581841683272902e-01 1.082880036297693067e+02 3.141592653589661222e+00
1.728287830398689495e+00 1.090692365185207962e+02 3.141592653589661222e+00
9.810571059970196739e-01 1.104866074670610487e+02 3.141592653589661222e+00
1.643615793967631244e+00 1.111115083361417959e+02 3.141592653589661222e+00
8.517505114914989406e-01 1.125066181473195712e+02 3.141592653589661222e+00
1.805382152838408860e+00 1.131445591476722683e+02 3.141592653589661222e+00
6.628705960840450828e-01 1.141204719704830239e+02 3.141592653589661222e+00
1.872544534969951435e+00 1.152200899949835673e+02 3.141592653589661222e+00
6.956969513059843013e-01 1.162168655970596234e+02 3.141592653589661222e+00
1.868738699125149560e+00 1.172485924848421917e+02 3.141592653589661222e+00
6.602650621903609629e-01 1.183271668613160728e+02 3.141592653589661222e+00
1.794836843032813212e+00 1.193274501173077482e+02 3.141592653589661222e+00
8.683424365036601644e-01 1.199519010667423231e+02 3.141592653589661222e+00
1.625235946532664677e+00 1.213586820572161571e+02 3.141592653589661222e+00
1.006799904969758241e+00 1.219743317624312056e+02 3.141592653589661222e+00
1.727567987826691409e+00 1.234041737761987321e+02 3.141592653589661222e+00
7.462822355519471706e-01 1.241784389153544623e+02 3.141592653589661222e+00
1.448298213051415262e+00 1.255082862196093600e+02 3.141592653589661222e+00
1.025216442259063276e+00 1.260499582868761337e+02 3.141592653589661222e+00
1.245105560892026064e+00 1.275253624155754864e+02 3.141592653589661222e+00
1.282856090268490235e+00 1.281003255388058051e+02 3.141592653589661222e+00
1.527908835139603960e+00 1.296095247682751221e+02 3.141592653589661222e+00
9.343169511437122710e-01 1.302485444249948898e+02 3.141592653589661222e+00
1.209293957071328807e+00 1.316945855985370883e+02 3.141592653589661222e+00
1.166386952458155823e+00 1.322229377447513627e+02 3.141592653589661222e+00
9.852108539442103741e-01 1.336824141418677243e+02 3.141592653589661222e+00
1.477451790122206399e+00 1.343010929237896107e+02 3.141592653589661222e+00
1.321308183391173063e+00 1.358128282772435398e+02 3.141592653589661222e+00
1.177620905040864141e+00 1.363930654201974448e+02 3.141592653589661222e+00
1.045179422692321225e+00 1.378685026788791959e+02 3.141592653589661222e+00
1.374585476569737397e+00 1.384079951681033833e+02 3.141592653589661222e+00
7.817210768585710623e-01 1.397771586354968747e+02 3.141592653589661222e+00
1.671583144317855485e+00 1.405087885069402773e+02 3.141592653589661222e+00
1.066281201244684729e+00 1.419635580712356955e+02 3.141592653589661222e+00
1.527201410121376446e+00 1.425589098865241056e+02 3.141592653589661222e+00
8.992401597585806261e-01 1.439903547684363048e+02 3.141592653589661222e+00
1.703093687471540996e+00 1.445892402860370396e+02 3.141592653589661222e+00
6.540740729964443778e-01 1.456894702030124336e+02 3.141592653589661222e+00
1.849715313377570780e+00 1.466806410906107203e+02 3.141592653589661222e+00
7.273894163989872430e-01 1.478453254017844074e+02 3.141592653589661222e+00
1.878624384532439962e+00 1.487101745090633926e+02 3.141592653589661222e+00
6.970472857104824671e-01 1.498936242507670897e+02 3.141592653589661222e+00
1.895697776429907444e+00 1.507684354591619353e+02 3.141592653589661222e+00
8.328707322544507408e-01 1.514310648217675919e+02 3.141592653589661222e+00
1.733727513846082369e+00 1.527989616434582274e+02 3.141592653589661222e+00
9.448953470242015262e-01 1.534466041351396086e+02 3.141592653589661222e+00
1.799204074260894126e+00 1.548420984897177846e+02 3.141592653589661222e+00
7.199830328384027034e-01 1.556654530269630072e+02 3.141592653589661222e+00
1.547513683066196855e+00 1.569459894614592486e+02 3.141592653589661222e+00
1.031529059581111740e+00 1.574812868732113031e+02 3.141592653589661222e+00
1.312917610976574778e+00 1.589564475095655212e+02 3.141592653589661222e+00
1.282863429064494909e+00 1.595291666736311527e+02 3.141592653589661222e+00
1.631237853359750245e+00 1.610471416036902497e+02 3.141592653589661222e+00
8.899034211079794865e-01 1.617170255274855322e+02 3.141592653589661222e+00
1.306392323646151210e+00 1.631410569977843181e+02 3.141592653589661222e+00
1.172500100159093339e+00 1.636548556646339989e+02 3.141592653589661222e+00
1.049296755711847107e+00 1.651233433315786385e+02 3.141592653589661222e+00
1.487278734279486647e+00 1.657299880021687102e+02 3.141592653589661222e+00
1.448075524646539991e+00 1.672644166552707077e+02 3.141592653589661222e+00
1.091931103921699675e+00 1.678613294599301753e+02 3.141592653589661222e+00
1.138074920757724096e+00 1.693343228545477643e+02 3.141592653589661222e+00
1.336111639155087349e+00 1.698523765149780616e+02 3.141592653589661222e+00
8.530533315577757403e-01 1.712604387273758562e+02 3.141592653589661222e+00
1.652855645323006994e+00 1.719487823580288932e+02 3.141592653589661222e+00
1.211660258715526961e+00 1.734500404255158799e+02 3.141592653589661222e+00
1.385272945066929440e+00 1.740247718581682648e+02 3.141592653589661222e+00
9.852215780784159271e-01 1.754896122020441567e+02 3.141592653589661222e+00
1.600906678956692586e+00 1.760425604886438293e+02 3.141592653589661222e+00
6.881103818465241773e-01 1.772686384994490254e+02 3.141592653589661222e+00
1.822236499238223839e+00 1.781435960564340348e+02 3.141592653589661222e+00
8.517475590726564239e-01 1.794718592219805657e+02 3.141592653589661222e+00
1.815610576467498127e+00 1.801795076053224705e+02 3.141592653589661222e+00
7.758615806295766637e-01 1.814847414956198577e+02 3.141592653589661222e+00
1.937027494811710548e+00 1.822168138515642397e+02 3.141592653589661222e+00
7.524721876286657452e-01 1.829836606206195597e+02 3.141592653589661222e+00
1.848041463975074183e+00 1.842586591827030702e+02 3.141592653589661222e+00
8.152125653086460533e-01 1.850001758669660319e+02 3.141592653589661222e+00
1.836334755858862966e+00 1.862929017307696995e+02 3.141592653589661222e+00
6.780888335855782545e-01 1.871984012906446253e+02 3.141592653589661222e+00
1.639409620699034953e+00 1.883923481219048313e+02 3.141592653589661222e+00
9.719522260617653453e-01 1.889509873589181836e+02 3.141592653589661222e+00
1.424580345719338670e+00 1.904117803512506271e+02 3.141592653589661222e+00
1.183558203635471706e+00 1.909883658956369743e+02 3.141592653589661222e+00
1.666590787669377516e+00 1.924823744494840412e+02 3.141592653589661222e+00
8.335352237981417112e-01 1.931840949131409673e+02 3.141592653589661222e+00
1.352631720921474212e+00 1.945810987106623884e+02 3.141592653589661222e+00
1.115222056317505483e+00 1.951030063289782959e+02 3.141592653589661222e+00
1.116731486482978930e+00 1.965787530480228043e+02 3.141592653589661222e+00
1.413515082635790510e+00 1.971691206133120033e+02 3.141592653589661222e+00
1.480366476015689381e+00 1.986972269859653863e+02 3.141592653589661222e+00
1.030422629254675426e+00 1.993074711487100785e+02 3.141592653589661222e+00
1.164011173042059033e+00 2.007730275963836277e+02 3.141592653589661222e+00
1.269953007638511044e+00 2.012932951069096248e+02 3.141592653589661222e+00
9.008087516657417027e-01 2.027256632972796240e+02 3.141592653589661222e+00
1.590024874877448369e+00 2.033838047490222891e+02 3.141592653589661222e+00
1.264374516772706736e+00 2.048941963057890803e+02 3.141592653589661222e+00
1.296839674301546008e+00 2.054680006336947997e+02 3.141592653589661222e+00
1.013704810328987849e+00 2.069406074501982289e+02 3.141592653589661222e+00
1.507907238129684524e+00 2.074840754966885470e+02 3.141592653589661222e+00
7.214486335932432937e-01 2.087785874273334343e+02 3.141592653589661222e+00
1.769371833430276819e+00 2.095877746240644228e+02 3.141592653589661222e+00
9.478858052125239686e-01 2.109861970256959012e+02 3.141592653589661222e+00
1.703907272121158778e+00 2.116290880160448467e+02 3.141592653589661222e+00
8.335263599230200438e-01 2.130027685724023456e+02 3.141592653589661222e+00
1.863796210033036305e+00 2.136614319741372299e+02 3.141592653589661222e+00
6.835790125627478897e-01 2.145667251046617139e+02 3.141592653589661222e+00
1.880324181401816785e+00 2.157254637401935611e+02 3.141592653589661222e+00
7.130047867227985448e-01 2.166284057164641581e+02 3.141592653589661222e+00
1.856680161093169135e+00 2.177546251920793736e+02 3.141592653589661222e+00
6.548953380718082196e-01 2.187731346170787106e+02 3.141592653589661222e+00
1.737142125808492921e+00 2.198426751353366342e+02 3.141592653589661222e+00
8.938305751824883183e-01 2.204463303346041414e+02 3.141592653589661222e+00
1.560014551801990557e+00 2.218727077169988036e+02 3.141592653589661222e+00
1.051965933816854548e+00 2.224726316542375173e+02 3.141592653589661222e+00
1.693162382134182797e+00 2.239220721930503260e+02 3.141592653589661222e+00
7.696965572833976976e-01 2.246686645240195901e+02 3.141592653589661222e+00
1.400953354046982957e+00 2.260247651300728933e+02 3.141592653589661222e+00
1.038537493355329966e+00 2.265645763082059148e+02 3.141592653589661222e+00
1.201078906652613965e+00 2.280408453833025533e+02 3.141592653589661222e+00
1.305895854482697072e+00 2.286184678529271537e+02 3.141592653589661222e+00
1.488443009402113937e+00 2.301284468449381961e+02 3.141592653589661222e+00
9.666869026702644696e-01 2.307535883998363033e+02 3.141592653589661222e+00
1.173473321124034907e+00 2.322087342733046285e+02 3.141592653589661222e+00
1.186403087107503307e+00 2.327394101125584029e+02 3.141592653589661222e+00
9.494348331766790938e-01 2.341911592532425743e+02 3.141592653589661222e+00
1.499049680332959156e+00 2.348212640486370049e+02 3.141592653589661222e+00
1.277722789757182120e+00 2.363266128907882830e+02 3.141592653589661222e+00
1.225246815406358492e+00 2.369029570227224610e+02 3.141592653589661222e+00
1.016711108946017461e+00 2.383767724608163121e+02 3.141592653589661222e+00
1.413928159261389705e+00 2.389230643723696517e+02 3.141592653589661222e+00
7.516440180031063178e-01 2.402656628100776004e+02 3.141592653589661222e+00
1.698616818914051363e+00 2.410258016884157541e+02 3.141592653589661222e+00
1.009006924500259084e+00 2.424568697518317890e+02 3.141592653589661222e+00
1.596713168051387299e+00 2.430695403336733023e+02 3.141592653589661222e+00
8.667967007455102957e-01 2.444793651495830886e+02 3.141592653589661222e+00
1.760261281205086847e+00 2.451026973284564008e+02 3.141592653589661222e+00
6.543208974151483170e-01 2.461309075802476798e+02 3.141592653589661222e+00
1.862424432460498158e+00 2.471857850819594660e+02 3.141592653589661222e+00
6.989889486218454628e-01 2.482532691477724427e+02 3.141592653589661222e+00
1.875504379272073363e+00 2.492142916632731726e+02 3.141592653589661222e+00
6.714054637059442276e-01 2.503368429460775246e+02 3.141592653589661222e+00
1.837857624917865973e+00 2.512851203127412987e+02 3.141592653589661222e+00
8.529674060588915419e-01 2.519247192677001692e+02 3.141592653589661222e+00
1.671378495945789355e+00 2.533162664202221777e+02 3.141592653589661222e+00
9.795132867641550556e-01 2.539444177025868612e+02 3.141592653589661222e+00
1.756938554816774412e+00 2.553604023227815389e+02 3.141592653589661222e+00
7.333857627096256326e-01 2.561553001345859002e+02 3.141592653589661222e+00
1.488320205800632623e+00 2.574648808694047943e+02 3.141592653589661222e+00
1.024360739096393580e+00 2.580050895490697940e+02 3.141592653589661222e+00
1.275190205718950365e+00 2.594801509606392642e+02 3.141592653589661222e+00
1.277906375975347064e+00 2.600539691078639066e+02 3.141592653589661222e+00
1.567235459184244561e+00 2.615656058510549542e+02 3.141592653589661222e+00
9.137141303563163230e-01 2.622167448543385149e+02 3.141592653589661222e+00
1.245609222981212350e+00 2.636544713838699181e+02 3.141592653589661222e+00
1.162866605975227952e+00 2.641782381899333814e+02 3.141592653589661222e+00
1.012736298371880617e+00 2.656421241944109966e+02 3.141592653589661222e+00
1.474368768392354978e+00 2.662545368032158990e+02 3.141592653589661222e+00
1.367182092264802806e+00 2.677741762356865252e+02 3.141592653589661222e+00
1.141701620833289965e+00 2.683595693624191654e+02 3.141592653589661222e+00
1.077497723255128159e+00 2.698352160511253146e+02 3.141592653589661222e+00
1.353334087106183192e+00 2.703670182778187154e+02 3.141592653589661222e+00
8.091216232098852323e-01 2.717539231606812677e+02 3.141592653589661222e+00
1.658868739399347536e+00 2.724660166880667589e+02 3.141592653589661222e+00
1.119762994656427368e+00 2.739396314695260344e+02 3.141592653589661222e+00
1.471139200869971742e+00 2.745242080024613642e+02 3.141592653589661222e+00
9.302411552562052099e-01 2.759707832134376417e+02 3.141592653589661222e+00
1.660686766945935755e+00 2.765506727765479695e+02 3.141592653589661222e+00
6.625116410569228398e-01 2.777041226559850315e+02 3.141592653589661222e+00
1.839049298004852506e+00 2.786469385928734823e+02 3.141592653589661222e+00
7.670012642225454425e-01 2.798820337273900236e+02 3.141592653589661222e+00
1.866536740492422020e+00 2.806780906814366858e+02 3.141592653589661222e+00
7.236670191231172611e-01 2.819096364784469984e+02 3.141592653589661222e+00
1.926294331605529209e+00 2.827270859124952267e+02 3.141592653589661222e+00
8.075574951486724773e-01 2.834191071209258439e+02 3.141592653589661222e+00
1.781589035954192601e+00 2.847597001328832675e+02 3.141592653589661222e+00
9.038781417812833396e-01 2.854318939009962719e+02 3.141592653589661222e+00
1.819917157882601444e+00 2.868001168978943838e+02 3.141592653589661222e+00
7.063110061511318483e-01 2.876489249680669786e+02 3.141592653589661222e+00
1.585110841400917847e+00 2.889028968471081384e+02 3.141592653589661222e+00
1.021242305674665340e+00 2.894409800919769395e+02 3.141592653589661222e+00
1.347474702186069795e+00 2.909138746489325626e+02 3.141592653589661222e+00
1.263953800311661713e+00 2.914862820934337151e+02 3.141592653589661222e+00
1.658786457715344831e+00 2.930016680564681906e+02 3.141592653589661222e+00
8.715497649781107636e-01 2.936838818268696514e+02 3.141592653589661222e+00
1.335570690979846153e+00 2.950979748203564554e+02 3.141592653589661222e+00
1.165540844705273971e+00 2.956097525816074381e+02 3.141592653589661222e+00
1.073490626808907056e+00 2.970812840453996841e+02 3.141592653589661222e+00
1.478766736101232881e+00 2.976829493415687011e+02 3.141592653589661222e+00
1.482793551319261605e+00 2.992213062047658241e+02 3.141592653589661222e+00
1.064051956498293539e+00 2.998256335854566714e+02 3.141592653589661222e+00
1.165357725556049662e+00 3.012953398045855238e+02 3.141592653589661222e+00
1.319814485422892592e+00 3.018090516398023055e+02 3.141592653589661222e+00
8.773413459956986848e-01 3.032280312218516656e+02 3.141592653589661222e+00
1.640909792160450964e+00 3.039035667779708660e+02 3.141592653589661222e+00
1.255990629848009466e+00 3.054157028351274903e+02 3.141592653589661222e+00
1.337866776887441045e+00 3.059889104097060795e+02 3.141592653589661222e+00
1.011761431045648862e+00 3.074600184074963067e+02 3.141592653589661222e+00
1.562556463986391142e+00 3.080025794059489499e+02 3.141592653589661222e+00
7.066456845596980063e-01 3.092652516838668930e+02 3.141592653589661222e+00
1.805774677861524236e+00 3.101052660574329707e+02 3.141592653589661222e+00
9.068718558464394786e-01 3.114764071018169602e+02 3.141592653589661222e+00
1.765354517731679174e+00 3.121448908943361289e+02 3.141592653589661222e+00
8.094626552135061326e-01 3.134893819566834168e+02 3.141592653589661222e+00
1.915218395049885780e+00 3.141777376060904885e+02 3.141592653589661222e+00
7.163618156391200475e-01 3.150081799941091845e+02 3.141592653589661222e+00
1.874593493508698083e+00 3.162290732386326795e+02 3.141592653589661222e+00
7.580789991693209773e-01 3.170396001936875336e+02 3.141592653589661222e+00
1.846091247881589847e+00 3.182602520280164526e+02 3.141592653589661222e+00
6.624918847900824748e-01 3.192160750071398638e+02 3.141592653589661222e+00
1.683058451105248432e+00 3.203554174824895995e+02 3.141592653589661222e+00
9.330811667265954679e-01 3.209341212714086851e+02 3.141592653589661222e+00
1.487500128744388972e+00 3.223807419540082719e+02 3.141592653589661222e+00
1.118802060279159516e+00 3.229657881709407548e+02 3.141592653589661222e+00
1.674040401032806047e+00 3.244395968114406514e+02 3.141592653589661222e+00
8.028378219686790329e-01 3.251599261111031751e+02 3.141592653589661222e+00
1.369311382001100474e+00 3.265401918409974655e+02 3.141592653589661222e+00
1.075196026709979158e+00 3.270712865168979988e+02 3.141592653589661222e+00
1.154091840076832742e+00 3.285482177456285058e+02 3.141592653589661222e+00
1.358972320215669827e+00 3.291313945006857580e+02 3.141592653589661222e+00
1.477161134130842601e+00 3.306499471288241239e+02 3.141592653589661222e+00
1.002349589597777202e+00 3.312655728608327763e+02 3.141592653589661222e+00
1.162342764516467897e+00 3.327272005445473155e+02 3.141592653589661222e+00
1.228516156156813199e+00 3.332534882199380490e+02 3.141592653589661222e+00
9.203422537382223156e-01 3.346952962028700540e+02 3.141592653589661222e+00
1.545461006796664760e+00 3.353401737689926563e+02 3.141592653589661222e+00
1.264915191632154157e+00 3.368470079607266712e+02 3.141592653589661222e+00
1.266608089948779936e+00 3.374216565253773865e+02 3.141592653589661222e+00
1.011168546732664986e+00 3.388945717130469575e+02 3.141592653589661222e+00
1.464458090110059896e+00 3.394405695322006977e+02 3.141592653589661222e+00
7.327027508213038720e-01 3.407567732538469727e+02 3.141592653589661222e+00
1.736976821284730077e+00 3.415442754111827526e+02 3.141592653589661222e+00
9.729879649988335544e-01 3.429573506195282562e+02 3.141592653589661222e+00
1.657228295055252598e+00 3.435861864657663887e+02 3.141592653589661222e+00
8.473258889955628259e-01 3.449766230964337979e+02 3.141592653589661222e+00
1.818301794864676246e+00 3.456191884362986002e+02 3.141592653589661222e+00
6.664860196216352284e-01 3.465794954089104749e+02 3.141592653589661222e+00
1.874703813003297581e+00 3.476923217448508581e+02 3.141592653589661222e+00
6.973099721084463631e-01 3.486680628671368254e+02 3.141592653589661222e+00
1.865869253075661094e+00 3.497208728259465715e+02 3.141592653589661222e+00
6.579910918779533491e-01 3.507862492790299598e+02 3.141592653589661222e+00
1.781433369488581775e+00 3.518019839728930265e+02 3.141592653589661222e+00
8.728878703512409354e-01 3.524222537221977518e+02 3.141592653589661222e+00
1.611166165889631907e+00 3.538332420763720734e+02 3.141592653589661222e+00
1.015050482748788507e+00 3.544454845397374356e+02 3.141592653589661222e+00
1.718563527183100792e+00 3.558791890028344369e+02 3.141592653589661222e+00
7.505828601829583890e-01 3.566472811178063580e+02 3.141592653589661222e+00
1.436364665955752518e+00 3.579830699786423907e+02 3.141592653589661222e+00
1.025972199770744275e+00 3.585250599882133997e+02 3.141592653589661222e+00
1.235738962165381816e+00 3.600005531243407972e+02 3.141592653589661222e+00
1.285017623528951436e+00 3.605759490696137277e+02 3.141592653589661222e+00
1.516394858096028475e+00 3.620845147831320219e+02 3.141592653589661222e+00
9.410466631539016191e-01 3.627200266274224418e+02 3.141592653589661222e+00
1.198874699770843710e+00 3.641683757815358717e+02 3.141592653589661222e+00
1.168478451685093455e+00 3.646979457390187349e+02 3.141592653589661222e+00
9.767214518489781838e-01 3.661558863403321311e+02 3.141592653589661222e+00
1.479504677476660257e+00 3.667767617940571654e+02 3.141592653589661222e+00
1.308254209014796610e+00 3.682862348230107727e+02 3.141592653589661222e+00
1.188810288351054956e+00 3.688652696556489445e+02 3.141592653589661222e+00
1.036273751764634543e+00 3.703403625156829548e+02 3.141592653589661222e+00
1.382034320532645744e+00 3.708820985265775789e+02 3.141592653589661222e+00
7.738042207667096273e-01 3.722453535643483065e+02 3.141592653589661222e+00
1.676196706042117679e+00 3.729833949407350246e+02 3.141592653589661222e+00
1.050834983163018155e+00 3.744321866445873752e+02 3.141592653589661222e+00
1.543943797079502911e+00 3.750314732908743167e+02 3.141592653589661222e+00
8.903369059993373469e-01 3.764578240148006785e+02 3.141592653589661222e+00
1.715874477667221454e+00 3.770628067936858656e+02 3.141592653589661222e+00
6.528786415173715163e-01 3.781463267553643846e+02 3.141592653589661222e+00
1.852457582207844844e+00 3.791524873978178221e+02 3.141592653589661222e+00
7.182271788842522486e-01 3.802946875297190559e+02 3.141592653589661222e+00
1.879097708998771710e+00 3.811816581980363594e+02 3.141592653589661222e+00
6.900210186464380557e-01 3.823507480244584258e+02 3.141592653589661222e+00
1.882967283905594646e+00 3.832429396613685526e+02 3.141592653589661222e+00
8.381000815393039316e-01 3.838994307607834457e+02 3.141592653589661222e+00
1.719161948249804617e+00 3.852734973394120175e+02 3.141592653589661222e+00
9.536633298431395067e-01 3.859159882844689946e+02 3.141592653589661222e+00
1.789918347007972477e+00 3.873169490393789829e+02 3.141592653589661222e+00
7.230390830705129002e-01 3.881335299657646374e+02 3.141592653589661222e+00
1.533925881931536006e+00 3.894210858028980056e+02 3.141592653589661222e+00
1.030153576564638129e+00 3.899573939985248217e+02 3.141592653589661222e+00
1.304170025189553384e+00 3.914325898776286294e+02 3.141592653589661222e+00
1.282108330101427773e+00 3.920055353674788421e+02 3.141592653589661222e+00
1.616773806023932503e+00 3.935222066491485862e+02 3.141592653589661222e+00
8.951333099466233234e-01 3.941876954290180493e+02 3.141592653589661222e+00
1.292359610790451807e+00 3.956150528085580049e+02 3.141592653589661222e+00
1.169870902471337848e+00 3.961311825143246779e+02 3.141592653589661222e+00
1.041219724120957979e+00 3.975987190085738803e+02 3.141592653589661222e+00
1.483847640306809712e+00 3.982065234282399615e+02 3.141592653589661222e+00
1.429183274719365349e+00 3.997375698372538864e+02 3.141592653589661222e+00
1.103063395546815650e+00 4.003314639156891417e+02 3.141592653589661222e+00
1.123577754209427848e+00 4.018054395840358097e+02 3.141592653589661222e+00
1.339270297702222612e+00 4.023266397195343984e+02 3.141592653589661222e+00
8.428505298286305125e-01 4.037302954815064595e+02 3.141592653589661222e+00
1.653624896060644778e+00 4.044236342179910935e+02 3.141592653589661222e+00
1.189884198981218111e+00 4.059188028282661662e+02 3.141592653589661222e+00
1.405227293320153947e+00 4.064950326519614805e+02 3.141592653589661222e+00
9.720271329063320254e-01 4.079562658648075057e+02 3.141592653589661222e+00
1.614662229112978631e+00 4.085150452430468135e+02 3.141592653589661222e+00
6.809839411515979934e-01 4.097251636250020397e+02 3.141592653589661222e+00
1.826512448062539429e+00 4.106152181892285853e+02 3.141592653589661222e+00
8.297786663747549474e-01 4.119234326827671566e+02 3.141592653589661222e+00
1.831412868588402354e+00 4.126497283888051584e+02 3.141592653589661222e+00
7.624490066150529932e-01 4.139379356730031532e+02 3.141592653589661222e+00
1.939062194156891739e+00 4.146894476529066083e+02 3.141592653589661222e+00
7.665982331890462964e-01 4.154350707773532463e+02 3.141592653589661222e+00
1.833943512450080915e+00 4.167284206024418154e+02 3.141592653589661222e+00
8.379891725616702702e-01 4.174490342958455926e+02 3.141592653589661222e+00
1.832987558946610696e+00 4.187641121383362020e+02 3.141592653589661222e+00
6.850788828779713624e-01 4.196534820102300500e+02 3.141592653589661222e+00
1.625307181324660233e+00 4.208646505470200623e+02 3.141592653589661222e+00
9.861765696440518703e-01 4.214168247593595424e+02 3.141592653589661222e+00
1.403247997533890290e+00 4.228816642483485566e+02 3.141592653589661222e+00
1.206826462561309654e+00 4.234563737779922121e+02 3.141592653589661222e+00
1.665860235523073829e+00 4.249570420637434722e+02 3.141592653589661222e+00
8.440705534910548646e-01 4.256533062916458903e+02 3.141592653589661222e+00
1.349041243446969185e+00 4.270551696976215794e+02 3.141592653589661222e+00
1.130190645527916038e+00 4.275737208855697418e+02 3.141592653589661222e+00
1.104801783799765680e+00 4.290486275163871142e+02 3.141592653589661222e+00
1.433268900819680836e+00 4.296419292410685102e+02 3.141592653589661222e+00
1.483657325599189614e+00 4.311735904712244860e+02 3.141592653589661222e+00
1.039100248084263933e+00 4.317825027662880188e+02 3.141592653589661222e+00
1.166445088256874429e+00 4.332491214267614055e+02 3.141592653589661222e+00
1.284495909823074156e+00 4.337669944679851142e+02 3.141592653589661222e+00
8.952053770442626179e-01 4.351960580401064362e+02 3.141592653589661222e+00
1.605411735175627852e+00 4.358586804311136120e+02 3.141592653589661222e+00
1.265622030145399091e+00 4.373705669888710190e+02 3.141592653589661222e+00
1.305988423585554781e+00 4.379441466061257984e+02 3.141592653589661222e+00
1.015498072178466993e+00 4.394167381008514894e+02 3.141592653589661222e+00
1.522204365116702540e+00 4.399590472678852393e+02 3.141592653589661222e+00
7.184109950939634448e-01 4.412464938340821163e+02 3.141592653589661222e+00
1.779820497508297183e+00 4.420625905709765675e+02 3.141592653589661222e+00
9.401255641178163369e-01 4.434560755157319818e+02 3.141592653589661222e+00
1.718656923421448379e+00 4.441037917046226084e+02 3.141592653589661222e+00
8.291666749859344376e-01 4.454717188426098460e+02 3.141592653589661222e+00
1.878040982762746447e+00 4.461358863697550419e+02 3.141592653589661222e+00
6.905001793339295979e-01 4.470233781074357466e+02 3.141592653589661222e+00
1.881048352201013962e+00 4.481968163038289958e+02 3.141592653589661222e+00
7.213996721412424540e-01 4.490768961542031548e+02 3.141592653589661222e+00
1.854285491134668895e+00 4.502263467230176843e+02 3.141592653589661222e+00
6.555898264038830803e-01 4.512297175353746184e+02 3.141592653589661222e+00
1.724057375018335669e+00 4.523162952110500896e+02 3.141592653589661222e+00
9.025097918332416480e-01 4.529139265867510176e+02 3.141592653589661222e+00
1.542982096040751649e+00 4.543454141878729047e+02 3.141592653589661222e+00
1.066850735894098623e+00 4.549413811127889176e+02 3.141592653589661222e+00
1.687601261891632731e+00 4.563966425079239002e+02 3.141592653589661222e+00
7.771393071097213445e-01 4.571366079578309041e+02 3.141592653589661222e+00
1.392240815859148384e+00 4.584988717812222490e+02 3.141592653589661222e+00
1.046069734593547462e+00 4.590368765257946961e+02 3.141592653589661222e+00
1.189702201900718848e+00 4.605134565705222371e+02 3.141592653589661222e+00
1.317157944643008394e+00 4.610921278747549650e+02 3.141592653589661222e+00
1.484126101222979610e+00 4.626038204363534305e+02 3.141592653589661222e+00
9.752465524702594868e-01 4.632263620989050992e+02 3.141592653589661222e+00
1.169376859831066096e+00 4.646832588937687660e+02 3.141592653589661222e+00
1.195476092888365427e+00 4.652132048455493987e+02 3.141592653589661222e+00
9.419138707954770595e-01 4.666627393229787799e+02 3.141592653589661222e+00
1.509146842025597790e+00 4.672962077482880545e+02 3.141592653589661222e+00
1.273178177811656653e+00 4.688015676281849551e+02 3.141592653589661222e+00
1.235589726007488176e+00 4.693774009521277435e+02 3.141592653589661222e+00
1.014302696532199510e+00 4.708509585766782948e+02 3.141592653589661222e+00
1.425632781175742991e+00 4.713975114216234488e+02 3.141592653589661222e+00
7.464810230023811721e-01 4.727338123619540511e+02 3.141592653589661222e+00
1.707518042617294896e+00 4.735005773868549568e+02 3.141592653589661222e+00
9.995864025435015066e-01 4.749272360233294421e+02 3.141592653589661222e+00
1.611635831204682789e+00 4.755437100375472141e+02 3.141592653589661222e+00
8.617019064075605028e-01 4.769489402205732063e+02 3.141592653589661222e+00
1.774337223195517454e+00 4.775769335936054745e+02 3.141592653589661222e+00
6.563303403029906447e-01 4.785887895041422553e+02 3.141592653589661222e+00
1.865792493048730183e+00 4.796577725015378064e+02 3.141592653589661222e+00
6.964751689254601308e-01 4.807031468421986347e+02 3.141592653589661222e+00
1.873758296439101079e+00 4.816862340751132479e+02 3.141592653589661222e+00
6.672972050654736309e-01 4.827950704048918169e+02 3.141592653589661222e+00
1.824553237805722095e+00 4.837596649199476246e+02 3.141592653589661222e+00
8.576687027949007058e-01 4.843944228811994890e+02 3.141592653589661222e+00
1.657103567085367102e+00 4.857908732891955310e+02 3.141592653589661222e+00
9.877938850737726373e-01 4.864149867929893389e+02 3.141592653589661222e+00
1.747672493245953085e+00 4.878353673776435357e+02 3.141592653589661222e+00
7.371093107791897303e-01 4.886238248779558262e+02 3.141592653589661222e+00
1.475597769016728344e+00 4.899397996598242457e+02 3.141592653589661222e+00
1.024100922174919548e+00 4.904806342662075735e+02 3.141592653589661222e+00
1.266029579069069211e+00 4.919557788459729295e+02 3.141592653589661222e+00
1.278722716244348634e+00 4.925299095146303330e+02 3.141592653589661222e+00
1.554413454124373706e+00 4.940406148055579365e+02 3.141592653589661222e+00
9.198371909226806808e-01 4.946878513918708791e+02 3.141592653589661222e+00
1.233675288491333122e+00 4.961283030748450642e+02 3.141592653589661222e+00
1.163124396260502902e+00 4.966536937796776101e+02 3.141592653589661222e+00
1.004199701596089511e+00 4.981163104654792164e+02 3.141592653589661222e+00
1.474361939945538991e+00 4.987304937671635798e+02 3.141592653589661222e+00
1.351947633038750984e+00 5.002474679529456125e+02 3.141592653589661222e+00
1.152855710671541578e+00 5.008310197388225333e+02 3.141592653589661222e+00
1.066581099852351944e+00 5.023067515785202204e+02 3.141592653589661222e+00
1.359269857259707948e+00 5.028411093896352781e+02 3.141592653589661222e+00
8.002266731401965760e-01 5.042227149768042409e+02 3.141592653589661222e+00
1.662216411356759904e+00 5.049406856040174034e+02 3.141592653589661222e+00
1.102223473005938370e+00 5.064083993060532407e+02 3.141592653589661222e+00
1.488982987922497836e+00 5.069960403007818286e+02 3.141592653589661222e+00
9.200109790838060242e-01 5.084380737568174027e+02 3.141592653589661222e+00
1.673947056728964711e+00 5.090238664600686889e+02 3.141592653589661222e+00
6.590772832112439250e-01 5.101608575852527565e+02 3.141592653589661222e+00
1.842538624114943735e+00 5.111187415133017566e+02 3.141592653589661222e+00
7.529464731523990428e-01 5.123322522747928360e+02 3.141592653589661222e+00
1.872113443081384165e+00 5.131492869720987073e+02 3.141592653589661222e+00
7.146245054923642259e-01 5.143655042380519262e+02 3.141592653589661222e+00
1.918507741310043979e+00 5.152010905936321024e+02 3.141592653589661222e+00
8.167812047845731671e-01 5.158822398380127652e+02 3.141592653589661222e+00
1.766545421392022641e+00 5.172326950290708965e+02 3.141592653589661222e+00
9.187149460715426930e-01 5.178957173885347629e+02 3.141592653589661222e+00
1.814757699522231427e+00 5.192741959670815959e+02 3.141592653589661222e+00
7.112069727839170907e-01 5.201142793998874367e+02 3.141592653589661222e+00
1.574108211727811568e+00 5.213773807069588884e+02 3.141592653589661222e+00
1.026843979103508664e+00 5.219135799298497886e+02 3.141592653589661222e+00
1.335403936986962803e+00 5.233875861588870748e+02 3.141592653589661222e+00
1.273386226612117200e+00 5.239599738450073119e+02 3.141592653589661222e+00
1.653093918821544328e+00 5.254772947487065267e+02 3.141592653589661222e+00
8.776777865183629235e-01 5.261558773699916856e+02 3.141592653589661222e+00
1.328918674254330856e+00 5.275729925868749888e+02 3.141592653589661222e+00
1.170398948790779103e+00 5.280844816173040499e+02 3.141592653589661222e+00
1.065963398801756945e+00 5.295550488082457150e+02 3.141592653589661222e+00
1.484851348967451745e+00 5.301585222428365114e+02 3.141592653589661222e+00
1.476208638120226624e+00 5.316968010190122413e+02 3.141592653589661222e+00
1.071638341069958145e+00 5.322992511006681298e+02 3.141592653589661222e+00
1.160086750742592931e+00 5.337699248595498602e+02 3.141592653589661222e+00
1.326221050225755649e+00 5.342840411860491940e+02 3.141592653589661222e+00
8.710507485610959888e-01 5.357000117317120385e+02 3.141592653589661222e+00
1.646483167635411915e+00 5.363791691326176760e+02 3.141592653589661222e+00
1.246495271902058999e+00 5.378892814826758695e+02 3.141592653589661222e+00
1.349964795102715609e+00 5.384626185538048730e+02 3.141592653589661222e+00
1.006219991017442084e+00 5.399324873029866012e+02 3.141592653589661222e+00
1.573696716986232147e+00 5.404770066948475460e+02 3.141592653589661222e+00
7.018079719721158627e-01 5.417304295995320444e+02 3.141592653589661222e+00
1.811383089510783195e+00 5.425793170099938152e+02 3.141592653589661222e+00
8.927132983737985361e-01 5.439402756300577266e+02 3.141592653589661222e+00
1.780094882177991611e+00 5.446179980478037805e+02 3.141592653589661222e+00
8.008580374699469928e-01 5.459527432567227834e+02 3.141592653589661222e+00
1.923604522709932985e+00 5.466517513918411169e+02 3.141592653589661222e+00
7.258508235149839782e-01 5.474639203604920112e+02 3.141592653589661222e+00
1.869104424619411287e+00 5.487002354085535671e+02 3.141592653589661222e+00
7.727635220139014161e-01 5.494899562590507003e+02 3.141592653589661222e+00
1.843189968218321484e+00 5.507321210954299886e+02 3.141592653589661222e+00
6.661088020659542419e-01 5.516731569438906035e+02 3.141592653589661222e+00
1.670106120839204067e+00 5.528286886452245881e+02 3.141592653589661222e+00
9.435437345033415024e-01 5.534015996070507981e+02 3.141592653589661222e+00
1.469540823964504916e+00 5.548525584758914420e+02 3.141592653589661222e+00
1.136430146943211428e+00 5.554347784956444229e+02 3.141592653589661222e+00
1.670784061076330929e+00 5.569143500715327946e+02 3.141592653589661222e+00
8.114524993531255781e-01 5.576289346796808104e+02 3.141592653589661222e+00
1.363303971593243791e+00 5.590143934050912549e+02 3.141592653589661222e+00
1.085675044112202947e+00 5.595430831044430988e+02 3.141592653589661222e+00
1.143056249106046307e+00 5.610198535545807772e+02 3.141592653589661222e+00
1.373544689865878743e+00 5.616048423604297568e+02 3.141592653589661222e+00
1.476519866928785563e+00 5.631258425566275037e+02 3.141592653589661222e+00
1.010791859483164634e+00 5.637396227032696743e+02 3.141592653589661222e+00
1.161504841845863778e+00 5.652025357774570011e+02 3.141592653589661222e+00
1.239854072448325351e+00 5.657273820104147717e+02 3.141592653589661222e+00
9.141056394044986266e-01 5.671665307391989472e+02 3.141592653589661222e+00
1.557724697385027390e+00 5.678152036687471309e+02 3.141592653589661222e+00
1.263462196139510274e+00 5.693227526336831943e+02 3.141592653589661222e+00
1.276029021841764477e+00 5.698971181898573377e+02 3.141592653589661222e+00
1.011020942052185401e+00 5.713698560640630149e+02 3.141592653589661222e+00
1.477048742606179355e+00 5.719154251218677700e+02 3.141592653589661222e+00
7.289001264636734145e-01 5.732251436645310605e+02 3.141592653589661222e+00
1.746360876545443919e+00 5.740192064682064483e+02 3.141592653589661222e+00
9.649414410659143959e-01 5.754278138234047901e+02 3.141592653589661222e+00
1.671378639771037511e+00 5.760608319427701645e+02 3.141592653589661222e+00
8.429095417299419246e-01 5.774463028645542408e+02 3.141592653589661222e+00
1.831884949146628472e+00 5.780937177760595205e+02 3.141592653589661222e+00
6.708766497331443146e-01 5.790375898404131476e+02 3.141592653589661222e+00
1.876713780038706370e+00 5.801642381129339583e+02 3.141592653589661222e+00
7.003537352934904314e-01 5.811179691432216714e+02 3.141592653589661222e+00
1.862852098378408261e+00 5.821928910319260240e+02 3.141592653589661222e+00
6.562314121306930259e-01 5.832443070226260033e+02 3.141592653589661222e+00
1.767579666556216900e+00 5.842762497731081339e+02 3.141592653589661222e+00
8.781994817300425860e-01 5.848919290396829638e+02 3.141592653589661222e+00
1.596142570540203476e+00 5.863073945330353354e+02 3.141592653589661222e+00
1.024600127044032583e+00 5.869160194448608081e+02 3.141592653589661222e+00
1.709715109488629370e+00 5.883540124001717686e+02 3.141592653589661222e+00
7.556064521418429658e-01 5.891155984366713483e+02 3.141592653589661222e+00
1.424489290620575277e+00 5.904575916965925444e+02 3.141592653589661222e+00
1.027922378093971911e+00 5.909995284372002970e+02 3.141592653589661222e+00
1.225599378501171399e+00 5.924751791051814962e+02 3.141592653589661222e+00
1.288858938763429052e+00 5.930511064186403019e+02 3.141592653589661222e+00
1.505670570623746540e+00 5.945594260637662956e+02 3.141592653589661222e+00
9.484453692770623556e-01 5.951914704287773930e+02 3.141592653589661222e+00
1.189191531001756008e+00 5.966420819057564131e+02 3.141592653589661222e+00
1.172007463062115562e+00 5.971725590529478040e+02 3.141592653589661222e+00
9.680030351786926834e-01 5.986287692517875030e+02 3.141592653589661222e+00
1.483213431733547027e+00 5.992521700928565451e+02 3.141592653589661222e+00
1.296317163513287740e+00 6.007597023086316312e+02 3.141592653589661222e+00
1.200336816659520967e+00 6.013376995454510734e+02 3.141592653589661222e+00
1.028318925875664647e+00 6.028123738690626396e+02 3.141592653589661222e+00
1.390673366521823606e+00 6.033560971232673182e+02 3.141592653589661222e+00
7.661388403321526264e-01 6.047130587175960272e+02 3.141592653589661222e+00
1.681876028015942603e+00 6.054578858592007009e+02 3.141592653589661222e+00
1.036082430240235164e+00 6.069007105429085414e+02 3.141592653589661222e+00
1.560846536392001882e+00 6.075041940827462668e+02 3.141592653589661222e+00
8.819067577858374918e-01 6.089252608905587749e+02 3.141592653589661222e+00
1.729252330126040071e+00 6.095363690389456224e+02 3.141592653589661222e+00
6.524248702688157930e-01 6.106026114317152178e+02 3.141592653589661222e+00
1.855328444364264584e+00 6.116241505600272603e+02 3.141592653589661222e+00
7.103999482313055891e-01 6.127430327569895780e+02 3.141592653589661222e+00
1.878582970302886235e+00 6.136530238138994946e+02 3.141592653589661222e+00
6.834263455290067180e-01 6.148074776709445359e+02 3.141592653589661222e+00
1.869078800533253926e+00 6.157173916192377874e+02 3.141592653589661222e+00
8.428499923716646913e-01 6.163683010281692987e+02 3.141592653589661222e+00
1.704232467542786678e+00 6.177481289770386184e+02 3.141592653589661222e+00
9.618020227810405443e-01 6.183858845558534085e+02 3.141592653589661222e+00
1.779647805438005825e+00 6.197917803288263485e+02 3.141592653589661222e+00
7.260538161990237604e-01 6.206015542721058864e+02 3.141592653589661222e+00
1.519502982382837875e+00 6.218961061084066841e+02 3.141592653589661222e+00
1.027980478282860988e+00 6.224337619785306970e+02 3.141592653589661222e+00
1.295331734222213482e+00 6.239088906992850525e+02 3.141592653589661222e+00
1.280267179783487475e+00 6.244820878154880575e+02 3.141592653589661222e+00
1.600836616304120330e+00 6.259970590924895077e+02 3.141592653589661222e+00
9.006428351603176230e-01 6.266579413775756393e+02 3.141592653589661222e+00
1.277161992395821954e+00 6.280886984422249952e+02 3.141592653589661222e+00
1.166780792107908082e+00 6.286074342111329543e+02 3.141592653589661222e+00
1.032521648247759938e+00 6.300739273961468143e+02 3.141592653589661222e+00
1.479807047213011595e+00 6.306829797443936059e+02 3.141592653589661222e+00
1.408724050395383953e+00 6.322102398553342937e+02 3.141592653589661222e+00
1.115106161610310398e+00 6.328011265774713365e+02 3.141592653589661222e+00
1.108110783796404375e+00 6.342758954412882986e+02 3.141592653589661222e+00
1.342793872560331225e+00 6.348005884191068162e+02 3.141592653589661222e+00
8.319532036235337547e-01 6.361992857538048156e+02 3.141592653589661222e+00
1.654446040919471006e+00 6.368982059730152514e+02 3.141592653589661222e+00
1.166699811578407076e+00 6.383865785343409698e+02 3.141592653589661222e+00
1.426442233657476244e+00 6.389649430170084088e+02 3.141592653589661222e+00
9.580746339640604514e-01 6.404218786575396507e+02 3.141592653589661222e+00
1.629165278766830927e+00 6.409872345044311714e+02 3.141592653589661222e+00
6.741258822418687569e-01 6.421798048874120468e+02 3.141592653589661222e+00
1.830635114180144685e+00 6.430863406661038653e+02 3.141592653589661222e+00
8.078281507626884350e-01 6.443721614378190452e+02 3.141592653589661222e+00
1.845424808046394860e+00 6.451195615948017803e+02 3.141592653589661222e+00
7.490244701152735107e-01 6.463895503023610445e+02 3.141592653589661222e+00
1.937977215644529183e+00 6.471620608650907798e+02 3.141592653589661222e+00
7.808583729688919339e-01 6.478878528002129542e+02 3.141592653589661222e+00
1.817855008064077849e+00 6.491984956128829936e+02 3.141592653589661222e+00
8.609686892396160030e-01 6.499005014435346084e+02 3.141592653589661222e+00
1.829439718532416936e+00 6.512357692389124395e+02 3.141592653589661222e+00
6.923673324456910416e-01 6.521102543915271781e+02 3.141592653589661222e+00
1.611833416686072828e+00 6.533372046737860046e+02 3.141592653589661222e+00
9.997321115765380739e-01 6.538835986853232498e+02 3.141592653589661222e+00
1.383043598243424155e+00 6.553518368865217099e+02 3.141592653589661222e+00
1.228851470775463195e+00 6.559252711486848284e+02 3.141592653589661222e+00
1.665164375561344778e+00 6.574319573903251239e+02 3.141592653589661222e+00
8.540125442405736012e-01 6.581232929491175128e+02 3.141592653589661222e+00
1.345789112736002657e+00 6.595295153325853335e+02 3.141592653589661222e+00
1.144330341670230178e+00 6.600450165065373085e+02 3.141592653589661222e+00
1.093690277423080781e+00 6.615189018762679325e+02 3.141592653589661222e+00
1.451663638321697647e+00 6.621151667207631135e+02 3.141592653589661222e+00
1.486428921356315769e+00 6.636500264465374812e+02 3.141592653589661222e+00
1.047242902315306479e+00 6.642576915317846442e+02 3.141592653589661222e+00
1.168496527742284297e+00 6.657252860094328071e+02 3.141592653589661222e+00
1.298052105545727697e+00 6.662410027705677749e+02 3.141592653589661222e+00
8.898524539781680343e-01 6.676668055404136339e+02 3.141592653589661222e+00
1.619525306526056418e+00 6.683337438034341176e+02 3.141592653589661222e+00
1.265928354597183558e+00 6.698467753425821911e+02 3.141592653589661222e+00
1.315051036278465313e+00 6.704201613404449063e+02 3.141592653589661222e+00
1.016606486970730083e+00 6.718926390188210007e+02 3.141592653589661222e+00
1.535802543997143443e+00 6.724340840825236683e+02 3.141592653589661222e+00
7.153428991059461728e-01 6.737144055832438880e+02 3.141592653589661222e+00
1.789397301173790922e+00 6.745374121550381687e+02 3.141592653589661222e+00
9.317645761593474907e-01 6.759254337314528129e+02 3.141592653589661222e+00
1.733096267633112086e+00 6.765783962051129947e+02 3.141592653589661222e+00
8.243516290885363196e-01 6.779401594834645266e+02 3.141592653589661222e+00
1.891247794164328866e+00 6.786103792361373053e+02 3.141592653589661222e+00
6.979053278941880212e-01 6.794803162014841291e+02 3.141592653589661222e+00
1.880765416091932041e+00 6.806682511373804800e+02 3.141592653589661222e+00
7.311786020448316492e-01 6.815262582449839783e+02 3.141592653589661222e+00
1.852036890655785362e+00 6.826982224710329774e+02 3.141592653589661222e+00
6.570198928521857606e-01 6.836867737317862748e+02 3.141592653589661222e+00
1.711520310211492202e+00 6.847899004999771932e+02 3.141592653589661222e+00
9.117237373712181459e-01 6.853814956360679389e+02 3.141592653589661222e+00
1.526016749794612215e+00 6.868179291956046200e+02 3.141592653589661222e+00
1.082529935973676638e+00 6.874101759600392825e+02 3.141592653589661222e+00
1.683108998527517386e+00 6.888713141205420243e+02 3.141592653589661222e+00
7.848686351489677637e-01 6.896049910328225678e+02 3.141592653589661222e+00
1.384718683943255702e+00 6.909730659074108416e+02 3.141592653589661222e+00
1.054642183613089479e+00 6.915089725199226223e+02 3.141592653589661222e+00
1.178587768490619858e+00 6.929857998432719342e+02 3.141592653589661222e+00
1.329667110165487554e+00 6.935656843817514527e+02 3.141592653589661222e+00
1.481506495234451215e+00 6.950794443211750604e+02 3.141592653589661222e+00
9.836301270918140771e-01 6.956997137510686571e+02 3.141592653589661222e+00
1.166757201665937327e+00 6.971581689434441387e+02 3.141592653589661222e+00
1.205372514569696518e+00 6.976870554620846860e+02 3.141592653589661222e+00
9.350496281162404832e-01 6.991343238483290179e+02 3.141592653589661222e+00
1.520142795433918836e+00 6.997712127694237552e+02 3.141592653589661222e+00
1.270365775988198775e+00 7.012769941027978575e+02 3.141592653589661222e+00
1.245207250798977094e+00 7.018524132489864087e+02 3.141592653589661222e+00
1.013125198466697130e+00 7.033257910468953469e+02 3.141592653589661222e+00
1.437459634929833197e+00 7.038722174268405070e+02 3.141592653589661222e+00
7.420542391272180183e-01 7.052024703944993007e+02 3.141592653589661222e+00
1.716629464932948546e+00 7.059755420466577789e+02 3.141592653589661222e+00
9.914609873975066545e-01 7.073982272787404781e+02 3.141592653589661222e+00
1.625667741729407201e+00 7.080182817231684567e+02 3.141592653589661222e+00
8.573654519274337416e-01 7.094191945784990594e+02 3.141592653589661222e+00
1.788023038140240661e+00 7.100514318855697411e+02 3.141592653589661222e+00
6.588617019645524042e-01 7.110476486264782352e+02 3.141592653589661222e+00
1.868999144906493548e+00 7.121300043342117760e+02 3.141592653589661222e+00
6.953647053199667472e-01 7.131542322555668534e+02 3.141592653589661222e+00
1.871874767773538784e+00 7.141584713264049924e+02 3.141592653589661222e+00
6.639348342720713392e-01 7.152541586347532530e+02 3.141592653589661222e+00
1.811854425792609691e+00 7.162342986718462043e+02 3.141592653589661222e+00
8.623857104672096874e-01 7.168644265826450237e+02 3.141592653589661222e+00
1.643320337588752178e+00 7.182655015258171716e+02 3.141592653589661222e+00
9.961214319794737815e-01 7.188858082280170265e+02 3.141592653589661222e+00
1.739075185819581426e+00 7.203104313812141299e+02 3.141592653589661222e+00
7.409994253124997377e-01 7.210927122369662357e+02 3.141592653589661222e+00
1.463787681733033530e+00 7.224147603547154404e+02 3.141592653589661222e+00
1.024545850836031224e+00 7.229559540479521047e+02 3.141592653589661222e+00
1.257019017951183759e+00 7.244312258908653348e+02 3.141592653589661222e+00
1.280467399298258036e+00 7.250056936557881500e+02 3.141592653589661222e+00
1.542963778954241860e+00 7.265157612429107985e+02 3.141592653589661222e+00
9.259742017160512706e-01 7.271594101628102180e+02 3.141592653589661222e+00
1.223069906672708873e+00 7.286023345216481175e+02 3.141592653589661222e+00
1.164341713734489359e+00 7.291290212939733237e+02 3.141592653589661222e+00
9.960518945551665171e-01 7.305903349160598736e+02 3.141592653589661222e+00
1.475500471563702343e+00 7.312063864970925806e+02 3.141592653589661222e+00
1.338611908820559249e+00 7.327211000487816364e+02 3.141592653589661222e+00
1.163436997124154493e+00 7.333031234561950669e+02 3.141592653589661222e+00
1.057184477235473041e+00 7.347788150847304678e+02 3.141592653589661222e+00
1.365645358763477812e+00 7.353153814850131766e+02 3.141592653589661222e+00
7.921648526851693406e-01 7.366917768188251330e+02 3.141592653589661222e+00
1.666107634851552444e+00 7.374154946536193620e+02 3.141592653589661222e+00
1.086597833947859915e+00 7.388777377609800396e+02 3.141592653589661222e+00
1.505506326465838818e+00 7.394684950278749511e+02 3.141592653589661222e+00
9.109717610478462735e-01 7.409061300196619868e+02 3.141592653589661222e+00
1.686561139273368592e+00 7.414974365500602289e+02 3.141592653589661222e+00
6.565408194233519623e-01 7.426187701183533818e+02 3.141592653589661222e+00
1.845807986474073070e+00 7.435908847792214829e+02 3.141592653589661222e+00
7.411379587112083556e-01 7.447837249321787567e+02 3.141592653589661222e+00
1.875906957167910116e+00 7.456209583514001906e+02 3.141592653589661222e+00
7.067590450719829498e-01 7.468229893737097882e+02 3.141592653589661222e+00
1.909782151058943667e+00 7.476754683949270657e+02 3.141592653589661222e+00
8.244842306849068381e-01 7.483477528125722529e+02 3.141592653589661222e+00
1.752427955580902363e+00 7.497063955718242596e+02 3.141592653589661222e+00
9.311623401998821992e-01 7.503620472913631829e+02 3.141592653589661222e+00
1.808995559339826142e+00 7.517487598994251812e+02 3.141592653589661222e+00
7.153545193179442485e-01 7.525813098539789507e+02 3.141592653589661222e+00
1.563332742600299863e+00 7.538522724144374934e+02 3.141592653589661222e+00
1.030338001782568513e+00 7.543874712678376682e+02 3.141592653589661222e+00
1.325105859914880169e+00 7.558621933052967279e+02 3.141592653589661222e+00
1.279609449256044140e+00 7.564346771643783995e+02 3.141592653589661222e+00
1.645665779648404214e+00 7.579529663111510445e+02 3.141592653589661222e+00
8.830929242688085878e-01 7.586280142651730785e+02 3.141592653589661222e+00
1.320922006514029912e+00 7.600479992637556279e+02 3.141592653589661222e+00
1.172937740017286679e+00 7.605599039225189699e+02 3.141592653589661222e+00
1.058962064892324140e+00 7.620295737953208572e+02 3.141592653589661222e+00
1.487967877300538699e+00 7.626345499233249257e+02 3.141592653589661222e+00
1.466896866245704256e+00 7.641719010528946683e+02 3.141592653589661222e+00
1.079532781026846688e+00 7.647722586757103045e+02 3.141592653589661222e+00
1.152733001429776083e+00 7.662438969293809805e+02 3.141592653589661222e+00
1.331180907345234976e+00 7.667590985147520541e+02 3.141592653589661222e+00
8.642304731662973083e-01 7.681719766207920657e+02 3.141592653589661222e+00
1.650269091597553750e+00 7.688547765678171118e+02 3.141592653589661222e+00
1.234336711879878257e+00 7.703619805204498334e+02 3.141592653589661222e+00
1.363303258942273555e+00 7.709356567137913316e+02 3.141592653589661222e+00
9.989551344344723693e-01 7.724038625000966931e+02 3.141592653589661222e+00
1.584729218541595097e+00 7.729511558692699964e+02 3.141592653589661222e+00
6.965285263292784190e-01 7.741943338037025342e+02 3.141592653589661222e+00
1.816274781385266657e+00 7.750530154129429548e+02 3.141592653589661222e+00
8.770633114011355813e-01 7.764020969496644966e+02 3.141592653589661222e+00
1.794787357929609195e+00 7.770906329895228737e+02 3.141592653589661222e+00
7.913167058309180657e-01 7.784143673319831578e+02 3.141592653589661222e+00
1.930457912846260005e+00 7.791255885291848244e+02 3.141592653589661222e+00
7.361534115009581436e-01 7.799192871502156095e+02 3.141592653589661222e+00
1.861899759103089469e+00 7.811712844762039367e+02 3.141592653589661222e+00
7.890455416076054274e-01 7.819407687371291331e+02 3.141592653589661222e+00
1.840392454331658101e+00 7.832040213482526951e+02 3.141592653589661222e+00
6.704943384949741958e-01 7.841303799398913270e+02 3.141592653589661222e+00
1.657424906268907705e+00 7.853018583330932643e+02 3.141592653589661222e+00
9.547597458015018024e-01 7.858688997355199035e+02 3.141592653589661222e+00
1.451293101626063953e+00 7.873240479634686153e+02 3.141592653589661222e+00
1.155149343658171901e+00 7.879037162881600125e+02 3.141592653589661222e+00
1.668525386616059425e+00 7.893891833548137811e+02 3.141592653589661222e+00
8.203647508850905323e-01 7.900983014327090359e+02 3.141592653589661222e+00
1.358342629751795094e+00 7.914886805279811597e+02 3.141592653589661222e+00
1.097225241313416477e+00 7.920147039391742965e+02 3.141592653589661222e+00
1.132158547962744732e+00 7.934911750084366986e+02 3.141592653589661222e+00
1.389340902173687997e+00 7.940782077928198532e+02 3.141592653589661222e+00
1.477360244604169148e+00 7.956019785356007787e+02 3.141592653589661222e+00
1.019006892584186197e+00 7.962141699081724937e+02 3.141592653589661222e+00
1.161912830431395038e+00 7.976782385334586252e+02 3.141592653589661222e+00
1.251887971901679553e+00 7.982013468260058744e+02 3.141592653589661222e+00
9.083850021884126713e-01 7.996377674830641809e+02 3.141592653589661222e+00
1.570698128915305469e+00 8.002902911704649114e+02 3.141592653589661222e+00
1.263303171339410724e+00 8.017988788285487090e+02 3.141592653589661222e+00
1.284848968937047253e+00 8.023729980138816700e+02 3.141592653589661222e+00
1.011761618659198669e+00 8.038456466080466498e+02 3.141592653589661222e+00
1.489703343557103654e+00 8.043904787433556294e+02 3.141592653589661222e+00
7.256128979479494756e-01 8.056939035788499268e+02 3.141592653589661222e+00
1.755833235240650048e+00 8.064942698513101504e+02 3.141592653589661222e+00
9.576974617645540588e-01 8.078986701546593849e+02 3.141592653589661222e+00
1.684953137618810493e+00 8.085357298052535953e+02 3.141592653589661222e+00
8.389428136157900395e-01 8.099163813155969365e+02 3.141592653589661222e+00
1.845176256388187053e+00 8.105684151746912676e+02 3.141592653589661222e+00
6.757424165030689878e-01 8.114963136208664309e+02 3.141592653589661222e+00
1.878468373527554469e+00 8.126362997497077458e+02 3.141592653589661222e+00
7.046624979145293954e-01 8.135688292750454593e+02 3.141592653589661222e+00
1.860141700579348578e+00 8.146651171074566946e+02 3.141592653589661222e+00
6.552047568972784175e-01 8.157029154433395206e+02 3.141592653589661222e+00
1.754633276964936428e+00 8.167505154938030500e+02 3.141592653589661222e+00
8.841417943726740392e-01 8.173614074898396211e+02 3.141592653589661222e+00
1.581324232114418971e+00 8.187813423950685774e+02 3.141592653589661222e+00
1.035107380963339985e+00 8.193863734545268471e+02 3.141592653589661222e+00
1.702138613701949410e+00 8.208288929574091526e+02 3.141592653589661222e+00
7.610725041264757573e-01 8.215841977063515742e+02 3.141592653589661222e+00
1.413998090043709244e+00 8.229321310813872969e+02 3.141592653589661222e+00
1.031334572695527196e+00 8.234735049168327805e+02 3.141592653589661222e+00
1.215521975433314195e+00 8.249493848542588239e+02 3.141592653589661222e+00
1.294623784697994440e+00 8.255259289411170585e+02 3.141592653589661222e+00
1.497222615512078914e+00 8.270345773831427323e+02 3.141592653589661222e+00
9.558890282710842401e-01 8.276635557569647972e+02 3.141592653589661222e+00
1.181530906714240325e+00 8.291161709943085043e+02 3.141592653589661222e+00
1.177010939981589566e+00 8.296470394468592531e+02 3.141592653589661222e+00
9.599704187490993856e-01 8.311014664771068965e+02 3.141592653589661222e+00
1.488662999587252012e+00 8.317275259964557108e+02 3.141592653589661222e+00
1.287106550693009943e+00 8.332337730551663526e+02 3.141592653589661222e+00
1.211024904987120898e+00 8.338109748953913822e+02 3.141592653589661222e+00
1.022392076918150039e+00 8.352852587089547569e+02 3.141592653589661222e+00
1.399864402824734233e+00 8.358303867122024258e+02 3.141592653589661222e+00
7.595716223679398471e-01 8.371813158227316762e+02 3.141592653589661222e+00
1.688301231077875997e+00 8.379326054144941054e+02 3.141592653589661222e+00
1.023695151893005306e+00 8.393701972235872972e+02 3.141592653589661222e+00
1.576293252044131732e+00 8.399776134086157526e+02 3.141592653589661222e+00
8.749258432508398853e-01 8.413938273452946532e+02 3.141592653589661222e+00
1.742152335487659576e+00 8.420103475269104365e+02 3.141592653589661222e+00
6.527514968576340060e-01 8.430604342425193636e+02 3.141592653589661222e+00
1.858218125429421219e+00 8.440962234116195759e+02 3.141592653589661222e+00
7.045919310067535468e-01 8.451932814224704771e+02 3.141592653589661222e+00
1.877529501748922414e+00 8.461248952623567448e+02 3.141592653589661222e+00
6.779041196188371199e-01 8.472657711858552148e+02 3.141592653589661222e+00
1.855856036829519828e+00 8.481920696707499019e+02 3.141592653589661222e+00
8.471167998856329318e-01 8.488380848269875969e+02 3.141592653589661222e+00
1.690304734037287426e+00 8.502229995154091284e+02 3.141592653589661222e+00
9.692249730397792806e-01 8.508565891557575469e+02 3.141592653589661222e+00
1.769927316706997544e+00 8.522668270484147115e+02 3.141592653589661222e+00
7.290002942195344948e-01 8.530702857812535740e+02 3.141592653589661222e+00
1.506089591229671232e+00 8.543712623721874024e+02 3.141592653589661222e+00
1.026099683534530183e+00 8.549101274259119236e+02 3.141592653589661222e+00
1.286939882059369600e+00 8.563851984770565196e+02 3.141592653589661222e+00
1.278772768711251784e+00 8.569586459668387306e+02 3.141592653589661222e+00
1.586135472010106628e+00 8.584720710681170885e+02 3.141592653589661222e+00
9.060139653172756269e-01 8.591287269193634302e+02 3.141592653589661222e+00
1.263289280629989131e+00 8.605625411335736317e+02 3.141592653589661222e+00
1.164494165259412961e+00 8.610835779217719619e+02 3.141592653589661222e+00
1.024188480809147928e+00 8.625490196505469385e+02 3.141592653589661222e+00
1.476747729576952217e+00 8.631593821528832677e+02 3.141592653589661222e+00
1.390275456601879123e+00 8.646832277682335643e+02 3.141592653589661222e+00
1.126445854095010857e+00 8.652715791700405816e+02 3.141592653589661222e+00
1.094378512107250456e+00 8.667468570302122544e+02 3.141592653589661222e+00
1.346755910860614192e+00 8.672747135071844014e+02 3.141592653589661222e+00
8.219793444710500330e-01 8.686685266486719001e+02 3.141592653589661222e+00
1.655817647176079488e+00 8.693729194232591908e+02 3.141592653589661222e+00
1.145896049339824696e+00 8.708549251257734340e+02 3.141592653589661222e+00
1.445872999745380527e+00 8.714357127619209678e+02 3.141592653589661222e+00
9.456665506313158831e-01 8.728883488104364687e+02 3.141592653589661222e+00
1.642656058363782812e+00 8.734599337839027839e+02 3.141592653589661222e+00
6.685812043179000241e-01 8.746358611937039313e+02 3.141592653589661222e+00
1.834299013634523412e+00 8.755579093841897702e+02 3.141592653589661222e+00
7.891388131614139878e-01 8.768222691187054352e+02 3.141592653589661222e+00
1.855950029749021901e+00 8.775901298420820922e+02 3.141592653589661222e+00
7.375205122798348389e-01 8.788433974099881425e+02 3.141592653589661222e+00
1.934392423615971301e+00 8.796353487509180695e+02 3.141592653589661222e+00
7.930941267909968895e-01 8.803451922277879476e+02 3.141592653589661222e+00
1.802398901315007906e+00 8.816698754997347578e+02 3.141592653589661222e+00
8.806452605714585324e-01 8.823575277660127085e+02 3.141592653589661222e+00
1.825811342145957639e+00 8.837085761213545538e+02 3.141592653589661222e+00
6.987251528228108910e-01 8.845710819209595002e+02 3.141592653589661222e+00
1.600194763109833662e+00 8.858106664754982376e+02 3.141592653589661222e+00
1.010408219596942603e+00 8.863527791043441084e+02 3.141592653589661222e+00
1.366498504419899174e+00 8.878234236416985823e+02 3.141592653589661222e+00
1.246179601378785806e+00 8.883961883598368559e+02 3.141592653589661222e+00
1.663610254203234495e+00 8.899073611056919617e+02 3.141592653589661222e+00
8.621330270152390840e-01 8.905946417509915136e+02 3.141592653589661222e+00
1.342304929188053331e+00 8.920044064451753911e+02 3.141592653589661222e+00
1.155177914842866915e+00 8.925177630763181469e+02 3.141592653589661222e+00
1.084526072048603629e+00 8.939906430432976094e+02 3.141592653589661222e+00
1.465605870830322788e+00 8.945894174408495019e+02 3.141592653589661222e+00
1.486957752839513036e+00 8.961264378161209834e+02 3.141592653589661222e+00
1.054345928789755860e+00 8.967328617596386948e+02 3.141592653589661222e+00
1.168795596346960286e+00 8.982013272333002760e+02 3.141592653589661222e+00
1.308659506113985405e+00 8.987156555224295289e+02 3.141592653589661222e+00
8.848619765033572948e-01 9.001385544980366831e+02 3.141592653589661222e+00
1.630263044706144138e+00 9.008092268697145073e+02 3.141592653589661222e+00
1.263909734261914330e+00 9.023225622242994177e+02 3.141592653589661222e+00
1.323885699499242286e+00 9.028958163280645977e+02 3.141592653589661222e+00
1.016029414074889337e+00 9.043679565150098369e+02 3.141592653589661222e+00
1.547464673273250435e+00 9.049092641689805987e+02 3.141592653589661222e+00
7.121273343695538882e-01 9.061826780422594538e+02 3.141592653589661222e+00
1.797047246732030867e+00 9.070123523808264281e+02 3.141592653589661222e+00
9.226689357003871050e-01 9.083943223105728748e+02 3.141592653589661222e+00
1.746394012337510793e+00 9.090529326887099160e+02 3.141592653589661222e+00
8.189783207700206402e-01 9.104082476502535428e+02 3.141592653589661222e+00
1.902168398087223267e+00 9.110850611317652010e+02 3.141592653589661222e+00
7.051920487448405384e-01 9.119387659837224192e+02 3.141592653589661222e+00
1.879232040000659243e+00 9.131401743006094875e+02 3.141592653589661222e+00
7.414420873565045200e-01 9.139782718184851547e+02 3.141592653589661222e+00
1.849774586955239331e+00 9.151706049480076217e+02 3.141592653589661222e+00
6.589066923111303042e-01 9.161455914804037093e+02 3.141592653589661222e+00
1.699902136224699101e+00 9.172637819906906316e+02 3.141592653589661222e+00
9.204444523166132042e-01 9.178499378222339828e+02 3.141592653589661222e+00
1.510232617464514870e+00 9.192907300353614346e+02 3.141592653589661222e+00
1.097346071154143843e+00 9.198798107551100429e+02 3.141592653589661222e+00
1.679283226433578857e+00 9.213462747334115193e+02 3.141592653589661222e+00
7.921806266639923599e-01 9.220743378082969457e+02 3.141592653589661222e+00
1.378203477709265323e+00 9.234475649006324147e+02 3.141592653589661222e+00
1.062959001183787278e+00 9.239814799684413629e+02 3.141592653589661222e+00
1.168434395818291671e+00 9.254584318844679274e+02 3.141592653589661222e+00
1.341628203592628799e+00 9.260395786740177755e+02 3.141592653589661222e+00
1.479593215075895030e+00 9.275553195852843373e+02 3.141592653589661222e+00
9.913409978585534521e-01 9.281736210725886167e+02 3.141592653589661222e+00
1.164805689095389951e+00 9.296334267095966197e+02 3.141592653589661222e+00
1.214808107196293285e+00 9.301612518352424104e+02 3.141592653589661222e+00
9.289228984748536533e-01 9.316063395770078159e+02 3.141592653589661222e+00
1.530540232319860028e+00 9.322464635947295619e+02 3.141592653589661222e+00
1.268135340249784804e+00 9.337527018080303378e+02 3.141592653589661222e+00
1.253978528197721376e+00 9.343277811806570980e+02 3.141592653589661222e+00
1.012314275655705087e+00 9.358009896261115728e+02 3.141592653589661222e+00
1.448500498512415913e+00 9.363472260433236443e+02 3.141592653589661222e+00
7.381631099835159748e-01 9.376718162203871998e+02 3.141592653589661222e+00
1.725052210404512287e+00 9.384507402791542745e+02 3.141592653589661222e+00
9.840333331890551705e-01 9.398696562164961961e+02 3.141592653589661222e+00
1.638565161269896819e+00 9.404931489515262228e+02 3.141592653589661222e+00
8.533701310853946120e-01 9.418899381268819297e+02 3.141592653589661222e+00
1.800550186107704231e+00 9.425262198964099980e+02 3.141592653589661222e+00
6.616603885700161891e-01 9.435078768425751150e+02 3.141592653589661222e+00
1.871637651167336491e+00 9.446026190499743507e+02 3.141592653589661222e+00
6.954036363241333785e-01 9.456071568430243133e+02 3.141592653589661222e+00
1.869716470819291709e+00 9.466311097447710381e+02 3.141592653589661222e+00
6.612276990077717853e-01 9.477145305083435005e+02 3.141592653589661222e+00
1.799728731071336796e+00 9.487091182691044651e+02 3.141592653589661222e+00
8.666907487846559066e-01 9.493351284494531228e+02 3.141592653589661222e+00
1.630374530560270818e+00 9.507403339892279064e+02 3.141592653589661222e+00
1.003815092663135289e+00 9.513572640542796535e+02 3.141592653589661222e+00
1.730886293421339595e+00 9.527856716100064887e+02 3.141592653589661222e+00
7.447669223156559992e-01 9.535622048686577727e+02 3.141592653589661222e+00
1.452720003043487251e+00 9.548898549053462830e+02 3.141592653589661222e+00
1.025040913708004986e+00 9.554313804193651549e+02 3.141592653589661222e+00
1.248499724004449307e+00 9.569067535436931848e+02 3.141592653589661222e+00
1.282200395222635514e+00 9.574815698528395842e+02 3.141592653589661222e+00
1.532229926345286541e+00 9.589910307225436554e+02 3.141592653589661222e+00
9.319123122856888264e-01 9.596313619614500112e+02 3.141592653589661222e+00
1.213225969006864302e+00 9.610765295370440526e+02 3.141592653589661222e+00
1.165778706341177307e+00 9.616044025876877868e+02 3.141592653589661222e+00
9.883183625243615600e-01 9.630644167935050746e+02 3.141592653589661222e+00
1.476875842086932344e+00 9.636823293674416391e+02 3.141592653589661222e+00
1.326252506476127691e+00 9.651949255629061781e+02 3.141592653589661222e+00
1.173538753039160554e+00 9.657756478776215090e+02 3.141592653589661222e+00
1.048589698385224978e+00 9.672511823177152337e+02 3.141592653589661222e+00
1.371986907899467978e+00 9.677898283834501854e+02 3.141592653589661222e+00
7.846902220519835769e-01 9.691611015529094857e+02 3.141592653589661222e+00
1.669999831307938276e+00 9.698904312406518784e+02 3.141592653589661222e+00
1.072079192498206268e+00 9.713473778119836197e+02 3.141592653589661222e+00
1.521008525480375129e+00 9.719413552946965638e+02 3.141592653589661222e+00
9.025887958470798500e-01 9.733746206483449441e+02 3.141592653589661222e+00
1.698394572339034347e+00 9.739712936846142384e+02 3.141592653589661222e+00
6.546794862359074374e-01 9.750776088906512769e+02 3.141592653589661222e+00
1.848658788820228827e+00 9.760632980246554098e+02 3.141592653589661222e+00
7.311068303469628882e-01 9.772361355784013313e+02 3.141592653589661222e+00
1.878114807424766441e+00 9.780929784564450529e+02 3.141592653589661222e+00
6.997531571391021332e-01 9.792817283591873547e+02 3.141592653589661222e+00
1.900029271874514647e+00 9.801501456838172999e+02 3.141592653589661222e+00
8.306906835537185563e-01 9.808153035475221486e+02 3.141592653589661222e+00
1.739080961939872161e+00 9.821807273949174260e+02 3.141592653589661222e+00
9.412948322236889265e-01 9.828304740737910379e+02 3.141592653589661222e+00
1.802285565664331513e+00 9.842236914142636124e+02 3.141592653589661222e+00
7.187597645865767548e-01 9.850496041919575418e+02 3.141592653589661222e+00
1.552255832013022419e+00 9.863274802113122632e+02 3.141592653589661222e+00
1.031598749177816243e+00 9.868625821928197865e+02 3.141592653589661222e+00
1.316259434324360322e+00 9.883376731207264356e+02 3.141592653589661222e+00
1.282521627714167334e+00 9.889103164102285746e+02 3.141592653589661222e+00
1.635936524569277628e+00 9.904285700220914350e+02 3.141592653589661222e+00
8.879810858767384074e-01 9.910999980428691742e+02 3.141592653589661222e+00
1.311037970312451506e+00 9.925228371737985071e+02 3.141592653589661222e+00
1.173060970353405619e+00 9.930359358259134979e+02 3.141592653589661222e+00
1.052139045894975089e+00 9.945047633205660986e+02 3.141592653589661222e+00
1.488026212361891032e+00 9.951109631245399214e+02 3.141592653589661222e+00
1.454239216248506050e+00 9.966464293940106245e+02 3.141592653589661222e+00
1.088130908830982069e+00 9.972444024267360874e+02 3.141592653589661222e+00
1.142849997008233087e+00 9.987170068418730580e+02 3.141592653589661222e+00
1.334862209354438667e+00 9.992340758389900657e+02 3.141592653589661222e+00
8.565205611902951821e-01 1.000643616821619958e+03 3.141592653589661222e+00
1.652373787646138625e+00 1.001330270991209659e+03 3.141592653589661222e+00
1.218923327550566427e+00 1.002833486708361875e+03 3.141592653589661222e+00
1.378464242325836420e+00 1.003407823713096832e+03 3.141592653589661222e+00
9.896296112611963069e-01 1.004873782541848300e+03 3.141592653589661222e+00
1.596073617121134935e+00 1.005424866619098680e+03 3.141592653589661222e+00
6.906673516617907183e-01 1.006656286908351831e+03 3.141592653589661222e+00
1.820588180506946818e+00 1.007526169807139127e+03 3.141592653589661222e+00
8.594923252182339324e-01 1.008861035392478811e+03 3.141592653589661222e+00
1.809572913241384473e+00 1.009562596387386407e+03 3.141592653589661222e+00
7.805901190031162562e-01 1.010873598897881266e+03 3.141592653589661222e+00
1.935539938035019114e+00 1.011599133548504142e+03 3.141592653589661222e+00
7.475041890855302906e-01 1.012373870993117066e+03 3.141592653589661222e+00
1.852554622791209971e+00 1.013642084928063241e+03 3.141592653589661222e+00
8.072180277314481289e-01 1.014391641929834805e+03 3.141592653589661222e+00
