8.345441387485392770e-01 -8.259751662873496617e-03 7.853981633974492782e-01
1.385477062476045074e+00 1.485139423242647361e+00 7.853981633974492782e-01
2.262134381299069297e+00 1.798961834349835032e+00 7.853981633974492782e-01
1.056841698622474235e+00 3.276388182346369859e+00 7.853981633974492782e-01
1.209458096530123594e+00 4.547236095089274954e+00 7.853981633974492782e-01
1.327659373463353276e+00 5.126184640487679189e+00 7.853981633974492782e-01
9.002378991349925252e-01 6.180986237519938697e+00 7.853981633974492782e-01
9.482696217076229672e-01 7.616685902199926694e+00 7.853981633974492782e-01
2.863020286828782623e+00 8.027210532242197161e+00 7.853981633974492782e-01
9.528838482852306502e-01 9.456741034035735183e+00 7.853981633974492782e-01
9.819348710092030696e-01 1.063460859170236894e+01 7.853981633974492782e-01
1.710265578366469086e+00 1.128967031780033459e+01 7.853981633974492782e-01
9.878742304934305940e-01 1.234541984731459330e+01 7.853981633974492782e-01
6.104231958538546277e-01 1.349439101720115453e+01 7.853981633974492782e-01
3.715168523105719434e+00 1.425529615834652652e+01 7.853981633974492782e-01
7.155340376593785079e-01 1.538023370457877093e+01 7.853981633974492782e-01
8.199661938342286405e-01 1.645275339568266659e+01 7.853981633974492782e-01
2.078630414278120231e+00 1.744828576556937705e+01 7.853981633974492782e-01
9.544376512726385764e-01 1.838907460937483052e+01 7.853981633974492782e-01
6.934915010024055304e-01 1.917950951664900572e+01 7.853981633974492782e-01
3.368868264971958126e+00 2.048962077642993407e+01 7.853981633974492782e-01
1.066035700566319022e+00 2.095529520286199698e+01 7.853981633974492782e-01
1.031953183763378412e+00 2.231759488277048931e+01 7.853981633974492782e-01
1.801793879448240432e+00 2.362158656892202657e+01 7.853981633974492782e-01
9.511262580824468849e-01 2.433593290758353334e+01 7.853981633974492782e-01
7.989684860904677777e-01 2.525009293338051464e+01 7.853981633974492782e-01
2.149201207904456012e+00 2.671426335861095325e+01 7.853981633974492782e-01
1.715222823246614459e+00 2.702010258569484691e+01 7.853981633974492782e-01
1.128114816544294019e+00 2.849447871662366083e+01 7.853981633974492782e-01
1.564032301370630318e+00 2.982713772739321811e+01 7.853981633974492782e-01
1.067352643834018844e+00 3.044236700852559707e+01 7.853981633974492782e-01
8.527697010395441923e-01 3.143526885206910748e+01 7.853981633974492782e-01
1.549659790952894634e+00 3.292660295705347551e+01 7.853981633974492782e-01
2.218408417391382503e+00 3.322607042820405354e+01 7.853981633974492782e-01
1.125374701230697827e+00 3.472141910863974346e+01 7.853981633974492782e-01
1.360538241675808058e+00 3.602975897579932507e+01 7.853981633974492782e-01
1.224158876643382854e+00 3.660589282271218536e+01 7.853981633974492782e-01
8.990601746303272801e-01 3.764182204344480454e+01 7.853981633974492782e-01
1.137943054797219800e+00 3.910883774340587138e+01 7.853981633974492782e-01
2.688756448539233457e+00 3.946158445084826383e+01 7.853981633974492782e-01
1.050490244576177234e+00 4.093601644298643549e+01 7.853981633974492782e-01
1.127585186538496265e+00 4.217816111708850713e+01 7.853981633974492782e-01
1.499517753580486668e+00 4.277077920518583909e+01 7.853981633974492782e-01
9.667442176964230471e-01 4.382977930612091200e+01 7.853981633974492782e-01
7.476827039300719679e-01 4.515265081990288110e+01 7.853981633974492782e-01
3.373286937694517817e+00 4.569579396751163358e+01 7.853981633974492782e-01
8.485181581519349869e-01 4.703706757870324395e+01 7.853981633974492782e-01
8.739047220582504272e-01 4.813855342680197680e+01 7.853981633974492782e-01
2.009484512695284941e+00 4.892058604909841790e+01 7.853981633974492782e-01
1.012320260878208256e+00 4.994314543451834254e+01 7.853981633974492782e-01
6.199515786606389911e-01 5.078967833548851019e+01 7.853981633974492782e-01
3.902733786113963266e+00 5.192394280053540712e+01 7.853981633974492782e-01
8.142801879368686269e-01 5.259014209055914080e+01 7.853981633974492782e-01
9.359904206536515670e-01 5.383611169111964756e+01 7.853981633974492782e-01
1.910400161376129224e+00 5.507637546352627567e+01 7.853981633974492782e-01
9.193868106630930237e-01 5.586597116437612698e+01 7.853981633974492782e-01
7.551947588720820947e-01 5.673513174853002283e+01 7.853981633974492782e-01
2.554656075285574257e+00 5.815813803194812692e+01 7.853981633974492782e-01
1.426001733459616672e+00 5.850328744021421556e+01 7.853981633974492782e-01
1.086080623657226907e+00 5.994336162759778119e+01 7.853981633974492782e-01
1.618799623127958887e+00 6.126909712715315948e+01 7.853981633974492782e-01
1.010181226846742497e+00 6.191226350259707800e+01 7.853981633974492782e-01
8.136749768104191149e-01 6.288947237062000539e+01 7.853981633974492782e-01
1.757816207724578472e+00 6.437641274614362885e+01 7.853981633974492782e-01
1.960247598948314796e+00 6.467339650082280400e+01 7.853981633974492782e-01
1.105133594733915814e+00 6.615677325880893989e+01 7.853981633974492782e-01
1.395232441395026113e+00 6.746888766559503381e+01 7.853981633974492782e-01
1.159495840560513802e+00 6.805392823336413244e+01 7.853981633974492782e-01
8.619960880596660990e-01 6.908424712982780136e+01 7.853981633974492782e-01
1.273062139244277358e+00 7.057022714490736348e+01 7.853981633974492782e-01
2.442264200655491546e+00 7.089712274403656522e+01 7.853981633974492782e-01
1.058863375794351303e+00 7.237575346742279692e+01 7.853981633974492782e-01
1.178511268580843430e+00 7.363687777871312790e+01 7.853981633974492782e-01
1.394071123873517948e+00 7.421880051333641859e+01 7.853981633974492782e-01
9.288713113980483493e-01 7.527555522955388767e+01 7.853981633974492782e-01
8.605590700595998621e-01 7.667357729720114889e+01 7.853981633974492782e-01
3.071824415453924040e+00 7.712913557412548471e+01 7.853981633974492782e-01
9.189909754387645124e-01 7.853353369906764669e+01 7.853981633974492782e-01
9.363817147928690243e-01 7.968211229656196792e+01 7.853981633974492782e-01
1.833088587983324524e+00 8.037728366662605595e+01 7.853981633974492782e-01
1.006625391854405249e+00 8.142507881211811593e+01 7.853981633974492782e-01
5.869327119656176928e-01 8.244713492965907164e+01 7.853981633974492782e-01
3.891780051610152835e+00 8.335735305199422385e+01 7.853981633974492782e-01
6.994925873584117992e-01 8.430606788897010517e+01 7.853981633974492782e-01
8.422694919951366765e-01 8.542350306509185032e+01 7.853981633974492782e-01
2.014791952439151768e+00 8.653543912185298836e+01 7.853981633974492782e-01
9.227403167912753279e-01 8.741800994258420587e+01 7.853981633974492782e-01
7.072801242850460524e-01 8.824253467761938907e+01 7.853981633974492782e-01
3.049877192081880128e+00 8.959631776216502885e+01 7.853981633974492782e-01
1.159587973882609813e+00 9.001628791689526565e+01 7.853981633974492782e-01
1.037156934614121839e+00 9.140532927082273318e+01 7.853981633974492782e-01
1.699280988973594697e+00 9.271602579811614930e+01 7.853981633974492782e-01
9.591009614391444726e-01 9.340043723287313071e+01 7.853981633974492782e-01
7.795965683368333288e-01 9.435197644739928080e+01 7.853981633974492782e-01
2.014898249603194191e+00 9.582199949934836525e+01 7.853981633974492782e-01
1.717337342556494617e+00 9.612881895071606664e+01 7.853981633974492782e-01
1.084417555982235992e+00 9.759602070467545332e+01 7.853981633974492782e-01
1.442089441290478558e+00 9.891104635719034377e+01 7.853981633974492782e-01
1.095360715146094677e+00 9.951016094556048586e+01 7.853981633974492782e-01
8.266267318080471327e-01 1.005317869056222264e+02 7.853981633974492782e-01
1.431195861775095501e+00 1.020262601662441284e+02 7.853981633974492782e-01
2.203234638015420632e+00 1.023363428838912199e+02 7.853981633974492782e-01
1.057990915540669707e+00 1.038135686366358499e+02 7.853981633974492782e-01
1.224496086947572726e+00 1.050885911505060477e+02 7.853981633974492782e-01
1.303274189221151014e+00 1.056668016788512148e+02 7.853981633974492782e-01
8.907885739023173599e-01 1.067203976114624879e+02 7.853981633974492782e-01
9.846507824009342880e-01 1.081673767962416122e+02 7.853981633974492782e-01
2.790387124749787340e+00 1.085632920052205606e+02 7.853981633974492782e-01
9.647326890880681960e-01 1.100004700784994327e+02 7.853981633974492782e-01
1.000750435147667483e+00 1.111889540898647084e+02 7.853981633974492782e-01
1.665890212586188301e+00 1.118312694646107701e+02 7.853981633974492782e-01
9.795714761316580699e-01 1.128889076722081910e+02 7.853981633974492782e-01
6.284099116278231145e-01 1.140813237362063575e+02 7.853981633974492782e-01
3.633466847877805161e+00 1.147913402870915860e+02 7.853981633974492782e-01
7.340751484621096390e-01 1.159707007642626309e+02 7.853981633974492782e-01
8.206013390437408850e-01 1.170388840438021418e+02 7.853981633974492782e-01
2.084325607566932081e+00 1.179895240698809147e+02 7.853981633974492782e-01
9.665547432451453425e-01 1.189494363987379302e+02 7.853981633974492782e-01
6.822874917627621549e-01 1.197370446320225312e+02 7.853981633974492782e-01
3.486807109528828441e+00 1.210239316715231581e+02 7.853981633974492782e-01
1.020537311848690676e+00 1.215149594799210462e+02 7.853981633974492782e-01
1.020586332757981385e+00 1.228617855636240677e+02 7.853981633974492782e-01
1.826931375811974068e+00 1.241592027062735895e+02 7.853981633974492782e-01
9.459958210126592215e-01 1.248850617535772329e+02 7.853981633974492782e-01
7.972225123614760101e-01 1.257892012875413741e+02 7.853981633974492782e-01
2.206641105993876639e+00 1.272493137585100413e+02 7.853981633974492782e-01
1.684318328371190221e+00 1.275578782361981780e+02 7.853981633974492782e-01
1.130181540769949589e+00 1.290301936106684195e+02 7.853981633974492782e-01
1.587240082913142558e+00 1.303646373660082247e+02 7.853981633974492782e-01
1.058504273055961953e+00 1.309850105161280851e+02 7.853981633974492782e-01
8.537268591722680933e-01 1.319716833757453003e+02 7.853981633974492782e-01
1.583616127886609881e+00 1.334625542678584793e+02 7.853981633974492782e-01
2.200069255092220732e+00 1.337599724788885851e+02 7.853981633974492782e-01
1.134550188920399494e+00 1.352571474132141702e+02 7.853981633974492782e-01
1.386950763655432128e+00 1.365708841007273975e+02 7.853981633974492782e-01
1.207455743174896678e+00 1.371486639191871575e+02 7.853981633974492782e-01
8.985073974665679364e-01 1.381801977541840643e+02 7.853981633974492782e-01
1.173550883858184957e+00 1.396509983976607714e+02 7.853981633974492782e-01
2.657245805563675844e+00 1.399959238161464725e+02 7.853981633974492782e-01
1.065838123686390082e+00 1.414760565378227568e+02 7.853981633974492782e-01
1.156222819718106365e+00 1.427285694063772894e+02 7.853981633974492782e-01
1.463862493087775496e+00 1.433145342777380336e+02 7.853981633974492782e-01
9.613701689179064980e-01 1.443722357226176882e+02 7.853981633974492782e-01
7.830659109594297895e-01 1.457193599437462410e+02 7.853981633974492782e-01
3.302250415954211427e+00 1.462315929031490214e+02 7.853981633974492782e-01
8.773051211075664213e-01 1.475990319177984418e+02 7.853981633974492782e-01
8.951669166558546831e-01 1.487160708849153536e+02 7.853981633974492782e-01
1.962009806471819218e+00 1.494645767653282462e+02 7.853981633974492782e-01
1.017159724530508402e+00 1.504977848145271935e+02 7.853981633974492782e-01
6.036429693359804949e-01 1.513871640878595883e+02 7.853981633974492782e-01
3.952574384268415120e+00 1.524597273591603539e+02 7.853981633974492782e-01
7.635771844829122301e-01 1.532020689392171562e+02 7.853981633974492782e-01
9.045464433218975975e-01 1.544086100573511828e+02 7.853981633974492782e-01
1.936347869829375012e+00 1.556192683624217921e+02 7.853981633974492782e-01
9.142192749058123402e-01 1.564342222770450803e+02 7.853981633974492782e-01
7.373046816558180838e-01 1.572927798440383071e+02 7.853981633974492782e-01
2.692730040085202337e+00 1.586968335454402563e+02 7.853981633974492782e-01
1.331847993586738887e+00 1.590623830451509377e+02 7.853981633974492782e-01
1.065551061079730966e+00 1.604869507460169871e+02 7.853981633974492782e-01
1.627488250557146632e+00 1.618073612952615008e+02 7.853981633974492782e-01
9.918737912366351051e-01 1.624603588983858060e+02 7.853981633974492782e-01
7.958320165444953131e-01 1.634349226813010887e+02 7.853981633974492782e-01
1.828473781948295018e+00 1.649177368985064902e+02 7.853981633974492782e-01
1.863027704220327152e+00 1.652176403749444091e+02 7.853981633974492782e-01
1.087712601028742343e+00 1.666933338739754333e+02 7.853981633974492782e-01
1.389072588460960711e+00 1.680025340171540620e+02 7.853981633974492782e-01
1.142529558095977338e+00 1.685904048391420815e+02 7.853981633974492782e-01
8.447011349802731051e-01 1.696220483055387263e+02 7.853981633974492782e-01
1.306340349166785764e+00 1.711124302725109203e+02 7.853981633974492782e-01
2.354114758350875025e+00 1.714349652575601226e+02 7.853981633974492782e-01
1.047027908590955070e+00 1.729097672008738300e+02 7.853981633974492782e-01
1.173755350502828643e+00 1.741697954854475938e+02 7.853981633974492782e-01
1.376878948587514362e+00 1.747525903372902008e+02 7.853981633974492782e-01
9.149891051778632489e-01 1.758099225866291135e+02 7.853981633974492782e-01
8.798062702889993814e-01 1.772208231523318034e+02 7.853981633974492782e-01
2.992984272472682949e+00 1.776640172611261903e+02 7.853981633974492782e-01
9.222428998589601301e-01 1.790730863220375682e+02 7.853981633974492782e-01
9.427109534612904129e-01 1.802274985583538580e+02 7.853981633974492782e-01
1.799135403471121997e+00 1.809142524386015509e+02 7.853981633974492782e-01
9.984766905913865509e-01 1.819640109233844498e+02 7.853981633974492782e-01
5.885893569493709787e-01 1.830238873088946150e+02 7.853981633974492782e-01
3.836751322093411076e+00 1.838919261493035719e+02 7.853981633974492782e-01
6.968367595793394376e-01 1.848927884924216016e+02 7.853981633974492782e-01
8.312771700051063695e-01 1.859931936978225622e+02 7.853981633974492782e-01
2.031402763731406047e+00 1.870743965714800083e+02 7.853981633974492782e-01
9.285594736878076683e-01 1.879740343690983195e+02 7.853981633974492782e-01
6.999503711569226017e-01 1.887911806256025500e+02 7.853981633974492782e-01
3.142914521404014394e+00 1.901303741642324781e+02 7.853981633974492782e-01
1.121369322214481823e+00 1.905663503624156476e+02 7.853981633974492782e-01
1.030514514976108131e+00 1.919454762202657605e+02 7.853981633974492782e-01
1.720687219879801999e+00 1.932530260845953194e+02 7.853981633974492782e-01
9.529386315318510992e-01 1.939462447168398000e+02 7.853981633974492782e-01
7.777918873710405467e-01 1.948904038815396689e+02 7.853981633974492782e-01
2.062744848148701404e+00 1.963569458078881667e+02 7.853981633974492782e-01
1.689240607700489560e+00 1.966658085226542312e+02 7.853981633974492782e-01
1.086308405682673506e+00 1.981314710013835736e+02 7.853981633974492782e-01
1.460389088434423277e+00 1.994485794445768647e+02 7.853981633974492782e-01
1.084784087787165063e+00 2.000512328488727292e+02 7.853981633974492782e-01
8.247692100345467292e-01 2.010690003756165822e+02 7.853981633974492782e-01
1.464512035444872406e+00 2.025634860722422843e+02 7.853981633974492782e-01
2.174922158506300995e+00 2.028710612460362768e+02 7.853981633974492782e-01
1.063719277781211225e+00 2.043495585924077034e+02 7.853981633974492782e-01
1.242139779411008282e+00 2.056292559337771024e+02 7.853981633974492782e-01
1.284981231565656579e+00 2.062066907423915154e+02 7.853981633974492782e-01
8.865350999214340888e-01 2.072585853641425899e+02 7.853981633974492782e-01
1.014897487956972100e+00 2.087125523873183113e+02 7.853981633974492782e-01
2.745844050868994302e+00 2.090979454472287102e+02 7.853981633974492782e-01
9.766708161670116795e-01 2.105416495656416487e+02 7.853981633974492782e-01
1.018898641472972377e+00 2.117392892116806422e+02 7.853981633974492782e-01
1.631878952950568173e+00 2.123713627306885030e+02 7.853981633974492782e-01
9.744023646041586328e-01 2.134302133268269017e+02 7.853981633974492782e-01
6.460977396407651119e-01 2.146536757838293852e+02 7.853981633974492782e-01
3.573036214384350373e+00 2.153262623109055482e+02 7.853981633974492782e-01
7.520649184013219468e-01 2.165438409559961599e+02 7.853981633974492782e-01
8.247266281223439854e-01 2.176127508709071492e+02 7.853981633974492782e-01
2.082300239290544308e+00 2.185286851556816146e+02 7.853981633974492782e-01
9.760577132338100759e-01 2.195025995363952802e+02 7.853981633974492782e-01
6.718570464179538515e-01 2.202920947483248426e+02 7.853981633974492782e-01
3.577490800044795360e+00 2.215575864391121286e+02 7.853981633974492782e-01
9.824668207426585642e-01 2.220722886295539240e+02 7.853981633974492782e-01
1.008813381988380886e+00 2.234047693078055374e+02 7.853981633974492782e-01
1.843727722141940584e+00 2.246954317794875635e+02 7.853981633974492782e-01
9.412560667868897779e-01 2.254309535968467344e+02 7.853981633974492782e-01
7.929268350804105081e-01 2.263281841107268519e+02 7.853981633974492782e-01
2.257636198877524869e+00 2.277840504958739416e+02 7.853981633974492782e-01
1.649334270995096441e+00 2.280961834718344221e+02 7.853981633974492782e-01
1.127242817266192354e+00 2.295651696257494336e+02 7.853981633974492782e-01
1.598580223361032671e+00 2.308996111272330722e+02 7.853981633974492782e-01
1.051165323415793384e+00 2.315237593431987477e+02 7.853981633974492782e-01
8.508109821632218184e-01 2.325072366386326337e+02 7.853981633974492782e-01
1.610551846956889355e+00 2.339978879206450415e+02 7.853981633974492782e-01
2.173045270676884577e+00 2.342942274015856583e+02 7.853981633974492782e-01
1.135913597594291780e+00 2.357910821789231193e+02 7.853981633974492782e-01
1.398336276912213627e+00 2.371068229892231898e+02 7.853981633974492782e-01
1.197271914504338453e+00 2.376859483125645625e+02 7.853981633974492782e-01
8.956076681733036171e-01 2.387154949682075937e+02 7.853981633974492782e-01
1.195520342157564864e+00 2.401890057605355651e+02 7.853981633974492782e-01
2.628411100483686091e+00 2.405294184725609625e+02 7.853981633974492782e-01
1.071787988559471883e+00 2.420117569364459769e+02 7.853981633974492782e-01
1.170274025473329260e+00 2.432692069779037922e+02 7.853981633974492782e-01
1.444041338980926126e+00 2.438524125811151464e+02 7.853981633974492782e-01
9.567971500450282996e-01 2.449093233569287236e+02 7.853981633974492782e-01
8.042922010372645092e-01 2.462698541827269025e+02 7.853981633974492782e-01
3.255687878364083687e+00 2.467655082372534707e+02 7.853981633974492782e-01
8.928103868630314910e-01 2.481460093598453795e+02 7.853981633974492782e-01
9.081741668426805969e-01 2.492724627516629425e+02 7.853981633974492782e-01
1.930348203622523684e+00 2.500033563695130283e+02 7.853981633974492782e-01
1.018046266569655023e+00 2.510417343389302971e+02 7.853981633974492782e-01
5.961810160729440478e-01 2.519613576171180114e+02 7.853981633974492782e-01
3.963222548110548527e+00 2.529937394919699329e+02 7.853981633974492782e-01
7.390659728471865586e-01 2.537867465578996757e+02 7.853981633974492782e-01
8.865056321157489538e-01 2.549687857199143934e+02 7.853981633974492782e-01
1.955925511680195461e+00 2.561580181294369254e+02 7.853981633974492782e-01
9.137362573322664883e-01 2.569897394629595055e+02 7.853981633974492782e-01
7.285323949453372805e-01 2.578400596541651453e+02 7.853981633974492782e-01
2.781258556487469669e+00 2.592319808094338214e+02 7.853981633974492782e-01
1.282251171096013831e+00 2.596105847154907451e+02 7.853981633974492782e-01
1.056510037134560376e+00 2.610261228617098368e+02 7.853981633974492782e-01
1.641133994786703187e+00 2.623439839719439419e+02 7.853981633974492782e-01
9.818926820471719497e-01 2.630042268531427681e+02 7.853981633974492782e-01
7.889110936213492575e-01 2.639746272555877908e+02 7.853981633974492782e-01
1.874996170882808677e+00 2.654543610748482934e+02 7.853981633974492782e-01
1.816263597664685925e+00 2.657560322862768203e+02 7.853981633974492782e-01
1.083069188685594320e+00 2.672285736128655458e+02 7.853981633974492782e-01
1.396065953195321230e+00 2.685381145826946749e+02 7.853981633974492782e-01
1.130309039911484570e+00 2.691283148960837934e+02 7.853981633974492782e-01
8.373680403418225504e-01 2.701587974517776161e+02 7.853981633974492782e-01
1.334513360117591363e+00 2.716510600243557860e+02 7.853981633974492782e-01
2.307390914794239745e+00 2.719703119379702230e+02 7.853981633974492782e-01
1.045890164191906058e+00 2.734446449230875373e+02 7.853981633974492782e-01
1.180541045451948268e+00 2.747069226151232328e+02 7.853981633974492782e-01
1.360127080463761295e+00 2.752888991758129578e+02 7.853981633974492782e-01
9.074141715037802314e-01 2.763458972134402529e+02 7.853981633974492782e-01
9.010979500602978032e-01 2.777665375876994744e+02 7.853981633974492782e-01
2.939354002976698244e+00 2.781982815670904756e+02 7.853981633974492782e-01
9.301942385999274476e-01 2.796136119122199375e+02 7.853981633974492782e-01
9.532099826965980682e-01 2.807750922285212027e+02 7.853981633974492782e-01
1.768870270558047908e+00 2.814518101134477774e+02 7.853981633974492782e-01
9.937546987375359686e-01 2.825036759306076419e+02 7.853981633974492782e-01
5.933654279384987795e-01 2.835952027888303064e+02 7.853981633974492782e-01
3.793834508077980061e+00 2.844260761467417638e+02 7.853981633974492782e-01
6.994793167638274634e-01 2.854712320365303526e+02 7.853981633974492782e-01
8.249042674468805014e-01 2.865593876540888800e+02 7.853981633974492782e-01
2.048597658654416342e+00 2.876122570320712839e+02 7.853981633974492782e-01
9.362179907175719462e-01 2.885264691703388849e+02 7.853981633974492782e-01
6.969402908881221492e-01 2.893347175192667464e+02 7.853981633974492782e-01
3.221627661080227245e+00 2.906633876907591230e+02 7.853981633974492782e-01
1.098950408909942666e+00 2.911103972845126009e+02 7.853981633974492782e-01
1.029786429924262059e+00 2.924831461836831750e+02 7.853981633974492782e-01
1.746834548792953967e+00 2.937892743339876347e+02 7.853981633974492782e-01
9.509088048912627267e-01 2.944900124342576078e+02 7.853981633974492782e-01
7.826968210278788529e-01 2.954248148003420624e+02 7.853981633974492782e-01
2.097586286694395952e+00 2.968897969643611532e+02 7.853981633974492782e-01
1.688406448995990017e+00 2.971984852863858464e+02 7.853981633974492782e-01
1.097314485842442622e+00 2.986659397497996338e+02 7.853981633974492782e-01
1.490537309287512269e+00 2.999875834315427028e+02 7.853981633974492782e-01
1.077317729754644127e+00 3.005940925028122592e+02 7.853981633974492782e-01
8.306417821472737995e-01 3.016050711362694301e+02 7.853981633974492782e-01
1.496177638474007310e+00 3.030987639267391955e+02 7.853981633974492782e-01
2.175227235206008913e+00 3.034036058090607071e+02 7.853981633974492782e-01
1.079889216942971242e+00 3.048865130764241940e+02 7.853981633974492782e-01
1.274366081352076963e+00 3.061744718554543283e+02 7.853981633974492782e-01
1.264713849321324579e+00 3.067506959790600263e+02 7.853981633974492782e-01
8.876675268649203421e-01 3.077989110272782796e+02 7.853981633974492782e-01
1.053056751601104679e+00 3.092585191215645750e+02 7.853981633974492782e-01
2.716658548283964247e+00 3.096324563878098957e+02 7.853981633974492782e-01
9.972499342719221005e-01 3.110856888803169795e+02 7.853981633974492782e-01
1.048079485526189236e+00 3.122964380583764523e+02 7.853981633974492782e-01
1.591018135710062120e+00 3.129151128239257673e+02 7.853981633974492782e-01
9.712823206398613074e-01 3.139749861704875684e+02 7.853981633974492782e-01
6.722456512999744893e-01 3.152321127582894178e+02 7.853981633974492782e-01
3.510675179726699735e+00 3.158619186126949216e+02 7.853981633974492782e-01
7.781430824878253771e-01 3.171219378951605563e+02 7.853981633974492782e-01
8.344752008231155482e-01 3.181960342765893870e+02 7.853981633974492782e-01
2.073701487356968798e+00 3.190700344849748262e+02 7.853981633974492782e-01
9.883145016082414136e-01 3.200600315771645796e+02 7.853981633974492782e-01
6.586792603733145901e-01 3.208556028781982832e+02 7.853981633974492782e-01
3.685279265250747116e+00 3.220917889655157182e+02 7.853981633974492782e-01
9.367021533552777335e-01 3.226390667515453856e+02 7.853981633974492782e-01
9.930963446882942192e-01 3.239521765929750927e+02 7.853981633974492782e-01
1.864660790141255298e+00 3.252330812375649316e+02 7.853981633974492782e-01
9.358369655698487444e-01 3.259813024606363570e+02 7.853981633974492782e-01
7.870914595453769591e-01 3.268697406944975228e+02 7.853981633974492782e-01
2.324434075075105355e+00 3.283196913788685265e+02 7.853981633974492782e-01
1.604199682614134925e+00 3.286370668641831116e+02 7.853981633974492782e-01
1.122695021173477858e+00 3.301013612320443258e+02 7.853981633974492782e-01
1.612028068324379282e+00 3.314354541282287983e+02 7.853981633974492782e-01
1.042085575304501743e+00 3.320644888318997232e+02 7.853981633974492782e-01
8.466911600589800413e-01 3.330440713178084593e+02 7.853981633974492782e-01
1.644931578578154419e+00 3.345342623782975693e+02 7.853981633974492782e-01
2.137652518061158080e+00 3.348295459791410735e+02 7.853981633974492782e-01
1.136605984932163249e+00 3.363256372802511578e+02 7.853981633974492782e-01
1.411121376552513018e+00 3.376434543907971033e+02 7.853981633974492782e-01
1.185295535031304137e+00 3.382243848398497903e+02 7.853981633974492782e-01
8.917109306704540383e-01 3.392516225150213245e+02 7.853981633974492782e-01
1.222102232172906922e+00 3.407281862259407603e+02 7.853981633974492782e-01
2.592516636474535119e+00 3.410635275207603172e+02 7.853981633974492782e-01
1.077945105654422253e+00 3.425480666495664082e+02 7.853981633974492782e-01
1.186300392538818471e+00 3.438109453910846582e+02 7.853981633974492782e-01
1.421465432882692337e+00 3.443914462376718575e+02 7.853981633974492782e-01
9.511669449830902900e-01 3.454473232547815655e+02 7.853981633974492782e-01
8.299917310989719521e-01 3.468225122683656423e+02 7.853981633974492782e-01
3.200553805281591391e+00 3.472999822334923010e+02 7.853981633974492782e-01
9.102855706904634525e-01 3.486942440026731447e+02 7.853981633974492782e-01
9.242757607102298767e-01 3.498319218955651877e+02 7.853981633974492782e-01
1.891409843128379675e+00 3.505436531519529808e+02 7.853981633974492782e-01
1.017844144796539174e+00 3.515872171385582305e+02 7.853981633974492782e-01
5.905798908756432208e-01 3.525450494145674156e+02 7.853981633974492782e-01
3.959883989845057517e+00 3.535283957643288204e+02 7.853981633974492782e-01
7.176769178156040541e-01 3.543836214763578027e+02 7.853981633974492782e-01
8.675782584140636633e-01 3.555376825272591645e+02 7.853981633974492782e-01
1.983233371782597843e+00 3.566984012131490545e+02 7.853981633974492782e-01
9.165526484823767195e-01 3.575505953160679837e+02 7.853981633974492782e-01
7.216262407744724605e-01 3.583887143267658075e+02 7.853981633974492782e-01
2.886850322513759615e+00 3.597671044782501895e+02 7.853981633974492782e-01
1.235730639052513791e+00 3.601600622418339981e+02 7.853981633974492782e-01
1.051136296204420173e+00 3.615664515074493579e+02 7.853981633974492782e-01
1.667218701585200691e+00 3.628824889655613219e+02 7.853981633974492782e-01
9.729517668343311554e-01 3.635521747074345740e+02 7.853981633974492782e-01
7.869908056532936014e-01 3.645143169280152620e+02 7.853981633974492782e-01
1.929580327316340549e+00 3.659906617059883160e+02 7.853981633974492782e-01
1.782371276981480790e+00 3.662935678864623128e+02 7.853981633974492782e-01
1.086689279018278498e+00 3.677650492274876228e+02 7.853981633974492782e-01
1.419056381346937235e+00 3.690779077053175001e+02 7.853981633974492782e-01
1.115536339177135794e+00 3.696716375585259016e+02 7.853981633974492782e-01
8.346587014237086821e-01 3.706977968627195992e+02 7.853981633974492782e-01
1.375588653450873666e+00 3.721910826401581289e+02 7.853981633974492782e-01
2.269265362784817164e+00 3.725059055317059347e+02 7.853981633974492782e-01
1.054210718108463896e+00 3.739825965737395563e+02 7.853981633974492782e-01
1.203121935117823060e+00 3.752516235451664102e+02 7.853981633974492782e-01
1.333950341768336489e+00 3.758311453352276317e+02 7.853981633974492782e-01
9.013340870401040927e-01 3.768864758744920209e+02 7.853981633974492782e-01
9.386780208505538514e-01 3.783194814644297139e+02 7.853981633974492782e-01
2.876805149338890200e+00 3.787340054331905321e+02 7.853981633974492782e-01
9.481854294949774165e-01 3.801607741930055795e+02 7.853981633974492782e-01
9.758390517448677359e-01 3.813353250483169177e+02 7.853981633974492782e-01
1.721815529053653204e+00 3.819945750935409023e+02 7.853981633974492782e-01
9.889978605303398895e-01 3.830496446447435801e+02 7.853981633974492782e-01
6.063346084623439936e-01 3.841875558927321777e+02 7.853981633974492782e-01
3.731333524282796965e+00 3.849619943200062266e+02 7.853981633974492782e-01
7.114005343439773199e-01 3.860718669107587289e+02 7.853981633974492782e-01
8.202781118671321758e-01 3.871466006968881288e+02 7.853981633974492782e-01
2.073797868768585850e+00 3.881536605239308528e+02 7.853981633974492782e-01
9.507394995240265878e-01 3.890893639367008632e+02 7.853981633974492782e-01
6.944822794015768075e-01 3.898828423798233871e+02 7.853981633974492782e-01
3.339822546088473842e+00 3.911969173934405717e+02 7.853981633974492782e-01
1.073014592791764921e+00 3.916585737662454108e+02 7.853981633974492782e-01
1.031983845444491399e+00 3.930231746792793501e+02 7.853981633974492782e-01
1.791600999740727618e+00 3.943277908453529221e+02 7.853981633974492782e-01
9.511031384664992983e-01 3.950394897089250890e+02 7.853981633974492782e-01
7.960230248834575528e-01 3.959575759302335314e+02 7.853981633974492782e-01
2.139504240373939048e+00 3.974219172319685640e+02 7.853981633974492782e-01
1.710516247033221582e+00 3.977282581818436711e+02 7.853981633974492782e-01
1.122470758876243035e+00 3.992013954724210407e+02 7.853981633974492782e-01
1.550063657866701083e+00 4.005320744217817150e+02 7.853981633974492782e-01
1.069045707749436636e+00 4.011455556083724332e+02 7.853981633974492782e-01
8.483437991662058364e-01 4.021420480274629767e+02 7.853981633974492782e-01
1.540471033829344361e+00 4.036338359994500138e+02 7.853981633974492782e-01
2.208845959611310139e+00 4.039342637758068122e+02 7.853981633974492782e-01
1.116564595120413950e+00 4.054272399623716865e+02 7.853981633974492782e-01
1.343479034391069860e+00 4.067317427883002665e+02 7.853981633974492782e-01
1.231511909987805353e+00 4.073075327122505200e+02 7.853981633974492782e-01
8.964466065708182052e-01 4.083461544095092108e+02 7.853981633974492782e-01
1.121983447451974536e+00 4.098121053170311825e+02 7.853981633974492782e-01
2.692024974273655946e+00 4.101684846838355725e+02 7.853981633974492782e-01
1.040100278717627891e+00 4.116390562418865215e+02 7.853981633974492782e-01
1.111353096385118588e+00 4.128751917134511018e+02 7.853981633974492782e-01
1.516912965298035543e+00 4.134721364909999579e+02 7.853981633974492782e-01
9.676023936446181972e-01 4.145316770763756153e+02 7.853981633974492782e-01
7.315706030538383642e-01 4.158429588047341099e+02 7.853981633974492782e-01
3.400124123182985958e+00 4.164016052763249718e+02 7.853981633974492782e-01
8.341425967365431182e-01 4.177288432337866197e+02 7.853981633974492782e-01
8.644618781194455259e-01 4.188235968964988842e+02 7.853981633974492782e-01
2.027021728314917670e+00 4.196227096922947908e+02 7.853981633974492782e-01
1.008389386828990375e+00 4.206395585000295227e+02 7.853981633974492782e-01
6.277606031410710719e-01 4.214714516463344580e+02 7.853981633974492782e-01
3.867392706459849006e+00 4.226299012346558470e+02 7.853981633974492782e-01
8.385224110499216454e-01 4.232671501998069061e+02 7.853981633974492782e-01
9.489923611932710168e-01 4.245288674163402334e+02 7.853981633974492782e-01
1.900132163654767226e+00 4.257796166938517217e+02 7.853981633974492782e-01
9.224081294283009713e-01 4.265594039327252176e+02 7.853981633974492782e-01
7.625730405285399138e-01 4.274328365965271814e+02 7.853981633974492782e-01
2.500599735649794209e+00 4.288627427084610417e+02 7.853981633974492782e-01
1.465745703255624921e+00 4.292005985760234239e+02 7.853981633974492782e-01
1.094645157497182497e+00 4.306466104810787101e+02 7.853981633974492782e-01
1.616821639524987919e+00 4.319744251041269649e+02 7.853981633974492782e-01
1.017593734902133118e+00 4.326140711515030830e+02 7.853981633974492782e-01
8.213066818953260739e-01 4.335919212139355068e+02 7.853981633974492782e-01
1.730881259909707426e+00 4.350800449730884907e+02 7.853981633974492782e-01
2.000919708899091987e+00 4.353762280918529086e+02 7.853981633974492782e-01
1.112687704553904311e+00 4.368627234131681689e+02 7.853981633974492782e-01
1.399104012688012988e+00 4.381762396999138218e+02 7.853981633974492782e-01
1.165688250149035987e+00 4.387602830636104727e+02 7.853981633974492782e-01
8.691030439097077176e-01 4.397898361281527855e+02 7.853981633974492782e-01
1.261139560669881865e+00 4.412738141097937046e+02 7.853981633974492782e-01
2.477630047494899568e+00 4.416024821566414289e+02 7.853981633974492782e-01
1.063923426076071044e+00 4.430827160165642340e+02 7.853981633974492782e-01
1.181155430330471212e+00 4.443445097523111258e+02 7.853981633974492782e-01
1.400070970475338683e+00 4.449259731954461472e+02 7.853981633974492782e-01
9.342586092519901131e-01 4.459824547199107769e+02 7.853981633974492782e-01
8.539645015731487376e-01 4.473755193763417424e+02 7.853981633974492782e-01
3.101754738576536941e+00 4.478356602634702313e+02 7.853981633974492782e-01
9.178905850501598573e-01 4.492383206862011775e+02 7.853981633974492782e-01
9.342580816002404864e-01 4.503847939473874362e+02 7.853981633974492782e-01
1.845705185543170757e+00 4.510830511429961689e+02 7.853981633974492782e-01
1.009606463264986376e+00 4.521300869926951123e+02 7.853981633974492782e-01
5.870922234754181179e-01 4.531379697850895809e+02 7.853981633974492782e-01
3.910512883482178736e+00 4.540639682894947100e+02 7.853981633974492782e-01
7.019502356496970519e-01 4.549927339092294574e+02 7.853981633974492782e-01
8.471521070537644249e-01 4.561173703570402722e+02 7.853981633974492782e-01
2.008428926290897643e+00 4.572403603444473674e+02 7.853981633974492782e-01
9.210378596632958770e-01 4.581164375625970706e+02 7.853981633974492782e-01
7.103474806182554779e-01 4.589436984947665792e+02 7.853981633974492782e-01
3.014690946548868933e+00 4.603029856922035492e+02 7.853981633974492782e-01
1.175368811754345932e+00 4.607168900238336846e+02 7.853981633974492782e-01
1.040124824192095065e+00 4.621097701526583705e+02 7.853981633974492782e-01
1.692098093228056266e+00 4.634216979303042763e+02 7.853981633974492782e-01
9.618648628002824941e-01 4.641028543829984869e+02 7.853981633974492782e-01
7.809785017941478502e-01 4.650568142517572028e+02 7.853981633974492782e-01
1.996458831099590547e+00 4.665282372257474890e+02 7.853981633974492782e-01
1.730498179954327753e+00 4.668341647951425557e+02 7.853981633974492782e-01
1.084673597344475438e+00 4.683022420697339498e+02 7.853981633974492782e-01
1.436715423689560067e+00 4.696167537392072404e+02 7.853981633974492782e-01
1.099569735187935660e+00 4.702146457107081119e+02 7.853981633974492782e-01
8.281166197998062195e-01 4.712373598614493062e+02 7.853981633974492782e-01
1.419077724766651061e+00 4.727316832057902616e+02 7.853981633974492782e-01
2.216547980182510535e+00 4.730427124310184581e+02 7.853981633974492782e-01
1.056942462188200205e+00 4.745197745721869751e+02 7.853981633974492782e-01
1.219520346782239084e+00 4.757934423060630706e+02 7.853981633974492782e-01
1.309813084668486116e+00 4.763718999154131097e+02 7.853981633974492782e-01
8.928944106309072426e-01 4.774259280635570235e+02 7.853981633974492782e-01
9.744757740704123039e-01 4.788701132375587122e+02 7.853981633974492782e-01
2.808330172449679196e+00 4.792698753340700932e+02 7.853981633974492782e-01
9.611248907511960038e-01 4.807048902112734936e+02 7.853981633974492782e-01
9.951541955030522857e-01 4.818903651056051558e+02 7.853981633974492782e-01
1.677834025829749054e+00 4.825362008212924252e+02 7.853981633974492782e-01
9.816314471791119933e-01 4.835933564850946595e+02 7.853981633974492782e-01
6.230030493840125194e-01 4.847743997597104340e+02 7.853981633974492782e-01
3.655169456256904148e+00 4.854978967836458423e+02 7.853981633974492782e-01
7.285052847002121412e-01 4.866631285367803912e+02 7.853981633974492782e-01
8.199029686242073067e-01 4.877318774162855561e+02 7.853981633974492782e-01
2.083647123859065253e+00 4.886946582022587791e+02 7.853981633974492782e-01
9.632426621817328227e-01 4.896495227823917276e+02 7.853981633974492782e-01
6.855398177922508163e-01 4.904373804959446375e+02 7.853981633974492782e-01
3.455023879011622778e+00 4.917309534048804949e+02 7.853981633974492782e-01
1.033155753593818948e+00 4.922146494834536838e+02 7.853981633974492782e-01
1.024030022255773664e+00 4.935659418981872477e+02 7.853981633974492782e-01
1.820512474247331092e+00 4.948653392611907407e+02 7.853981633974492782e-01
9.474627664454399190e-01 4.955880117546082033e+02 7.853981633974492782e-01
7.980522962624512218e-01 4.964947461399562485e+02 7.853981633974492782e-01
2.190426175079551729e+00 4.979560754196881476e+02 7.853981633974492782e-01
1.693981481572961245e+00 4.982637372951679708e+02 7.853981633974492782e-01
1.130184432856198740e+00 4.997368169628495593e+02 7.853981633974492782e-01
1.581812398615150661e+00 5.010709553428774825e+02 7.853981633974492782e-01
1.060912524001886625e+00 5.016899694289372746e+02 7.853981633974492782e-01
8.538905017821196708e-01 5.026781280709656698e+02 7.853981633974492782e-01
1.574492011765455057e+00 5.041691034793441304e+02 7.853981633974492782e-01
2.206431557410791999e+00 5.044670093870742562e+02 7.853981633974492782e-01
1.132760384621074534e+00 5.059638989432095286e+02 7.853981633974492782e-01
1.380904050594344179e+00 5.072764508804261254e+02 7.853981633974492782e-01
1.211565492543116962e+00 5.078537587525271988e+02 7.853981633974492782e-01
8.989095691894506412e-01 5.088863261844249450e+02 7.853981633974492782e-01
1.164696059010529527e+00 5.103561661723654197e+02 7.853981633974492782e-01
2.666032481864660575e+00 5.107029739807169904e+02 7.853981633974492782e-01
1.062408994335933388e+00 5.121818507791246020e+02 7.853981633974492782e-01
1.149433082811159634e+00 5.134319536869553531e+02 7.853981633974492782e-01
1.472455675008399467e+00 5.140193697845352290e+02 7.853981633974492782e-01
9.628414608730848645e-01 5.150774212720649530e+02 7.853981633974492782e-01
7.741990336929569505e-01 5.164187885461428777e+02 7.853981633974492782e-01
3.320216212079637241e+00 5.169383240240632631e+02 7.853981633974492782e-01
8.703601480507986432e-01 5.182997339448205594e+02 7.853981633974492782e-01
8.897254695991928530e-01 5.194128310030939701e+02 7.853981633974492782e-01
1.974466567838163877e+00 5.201692485913514474e+02 7.853981633974492782e-01
1.016269725588378359e+00 5.212000342113462921e+02 7.853981633974492782e-01
6.072738064251492762e-01 5.220779025900678789e+02 7.853981633974492782e-01
3.943576960596264058e+00 5.231664378092516472e+02 7.853981633974492782e-01
7.750999654188955867e-01 5.238888648143406499e+02 7.853981633974492782e-01
9.122231287491630036e-01 5.251054263257470893e+02 7.853981633974492782e-01
1.929029692844440147e+00 5.263241052268678004e+02 7.853981633974492782e-01
9.150134133541257819e-01 5.271324371026204290e+02 7.853981633974492782e-01
7.413409422789087877e-01 5.279940190947623933e+02 7.853981633974492782e-01
2.657317618363437717e+00 5.294029367200711249e+02 7.853981633974492782e-01
1.353827462640452506e+00 5.297632547719331342e+02 7.853981633974492782e-01
1.069967999115873480e+00 5.311916106178617838e+02 7.853981633974492782e-01
1.623582075518360313e+00 5.325131982296984461e+02 7.853981633974492782e-01
9.962708749004495212e-01 5.331634761569083594e+02 7.853981633974492782e-01
7.995108013420620940e-01 5.341392149371455389e+02 7.853981633974492782e-01
1.810038624352466208e+00 5.356231957684078679e+02 7.853981633974492782e-01
1.884892942434682306e+00 5.359223626545895058e+02 7.853981633974492782e-01
1.090865413688645313e+00 5.373996724916186167e+02 7.853981633974492782e-01
1.388409542110570660e+00 5.387091627012921435e+02 7.853981633974492782e-01
1.147247336546478369e+00 5.392962071282009902e+02 7.853981633974492782e-01
8.484175972827530110e-01 5.403279163086962171e+02 7.853981633974492782e-01
1.296351526630332707e+00 5.418173396320459005e+02 7.853981633974492782e-01
2.374962576142375603e+00 5.421411214443213566e+02 7.853981633974492782e-01
1.048763620745331693e+00 5.436165000086458576e+02 7.853981633974492782e-01
1.172972086009976378e+00 5.448761950808427628e+02 7.853981633974492782e-01
1.382580306687699379e+00 5.454590664064876364e+02 7.853981633974492782e-01
9.183351275252720214e-01 5.465163895816876902e+02 7.853981633974492782e-01
8.730096528556785529e-01 5.479235735516388104e+02 7.853981633974492782e-01
3.014191933640628207e+00 5.483707713949862637e+02 7.853981633974492782e-01
9.201587728313312953e-01 5.497778992748848168e+02 7.853981633974492782e-01
9.397739799435594898e-01 5.509301006513046559e+02 7.853981633974492782e-01
1.809731746132102082e+00 5.516200645379605021e+02 7.853981633974492782e-01
1.000453192382334322e+00 5.526691063065692333e+02 7.853981633974492782e-01
5.875850533890737415e-01 5.537175852050440881e+02 7.853981633974492782e-01
3.852197121832410698e+00 5.545987459717040338e+02 7.853981633974492782e-01
6.969403552233680577e-01 5.555836335782054221e+02 7.853981633974492782e-01
8.341689591548757665e-01 5.566889822411537807e+02 7.853981633974492782e-01
2.025480323765033397e+00 5.577798727641157939e+02 7.853981633974492782e-01
9.262864927990345221e-01 5.586742711948738815e+02 7.853981633974492782e-01
7.014617518881212099e-01 5.594942779138568767e+02 7.853981633974492782e-01
3.114707265998884811e+00 5.608374828938792689e+02 7.853981633974492782e-01
1.130861953613163218e+00 5.612691593685556199e+02 7.853981633974492782e-01
1.031443511092290821e+00 5.626508441988960385e+02 7.853981633974492782e-01
1.712422130447334379e+00 5.639590539839368830e+02 7.853981633974492782e-01
9.541903800011806158e-01 5.646495677571102760e+02 7.853981633974492782e-01
7.770160347878287688e-01 5.655966135392982324e+02 7.853981633974492782e-01
2.049132419806463989e+00 5.670639546944986478e+02 7.853981633974492782e-01
1.693155258002944086e+00 5.673725713961358679e+02 7.853981633974492782e-01
1.083781335934939749e+00 5.688380671554715491e+02 7.853981633974492782e-01
1.451808272238789055e+00 5.701539475109468640e+02 7.853981633974492782e-01
1.087803885229836398e+00 5.707553708966358954e+02 7.853981633974492782e-01
8.238931044853832208e-01 5.717749904388961113e+02 7.853981633974492782e-01
1.453384347513970054e+00 5.732696364940333069e+02 7.853981633974492782e-01
2.179028408835545605e+00 5.735781232819138040e+02 7.853981633974492782e-01
1.059713585787734003e+00 5.750555541654281342e+02 7.853981633974492782e-01
1.233380850145241681e+00 5.763329369566747573e+02 7.853981633974492782e-01
1.291663199945710661e+00 5.769108172447798779e+02 7.853981633974492782e-01
8.869755659192276598e-01 5.779636102626598131e+02 7.853981633974492782e-01
1.003117761850475853e+00 5.794153800947267428e+02 7.853981633974492782e-01
2.758199119655458720e+00 5.798046398403171224e+02 7.853981633974492782e-01
9.709357354566701126e-01 5.812454640558897836e+02 7.853981633974492782e-01
1.010782141238135035e+00 5.824392248398648917e+02 7.853981633974492782e-01
1.644711956464213420e+00 5.830755492472477499e+02 7.853981633974492782e-01
9.756916563656276020e-01 5.841339430302618894e+02 7.853981633974492782e-01
6.388858936886059325e-01 5.853462185253016514e+02 7.853981633974492782e-01
3.593349920905126726e+00 5.860327303719275278e+02 7.853981633974492782e-01
7.447417527009730920e-01 5.872361616980126655e+02 7.853981633974492782e-01
8.226371811412536150e-01 5.883044252820865267e+02 7.853981633974492782e-01
2.082950737603185942e+00 5.892335121573183869e+02 7.853981633974492782e-01
9.721809500168595575e-01 5.902022202607882946e+02 7.853981633974492782e-01
6.753924104727365707e-01 5.909912410407822563e+02 7.853981633974492782e-01
3.543665535533824240e+00 5.922645722021244410e+02 7.853981633974492782e-01
9.955917377287503145e-01 5.927706840619373452e+02 7.853981633974492782e-01
1.012674733731950605e+00 5.941083134530124426e+02 7.853981633974492782e-01
1.836504348888628790e+00 5.954013906784082337e+02 7.853981633974492782e-01
9.426338133652553131e-01 5.961333076182365858e+02 7.853981633974492782e-01
7.937105416157169691e-01 5.970335155437021513e+02 7.853981633974492782e-01
2.239611484343686509e+00 5.984907692985871108e+02 7.853981633974492782e-01
1.659366111249469533e+00 5.988018386890578313e+02 7.853981633974492782e-01
1.127113029418076229e+00 6.002716580081732900e+02 7.853981633974492782e-01
1.592294221181207670e+00 6.016057557716391102e+02 7.853981633974492782e-01
1.053658643658649918e+00 6.022283511519495960e+02 7.853981633974492782e-01
8.507588289927321412e-01 6.032135828208635075e+02 7.853981633974492782e-01
1.600586532850425403e+00 6.047044047327124190e+02 7.853981633974492782e-01
2.179097226756194772e+00 6.050012368171385333e+02 7.853981633974492782e-01
1.133704954385614361e+00 6.064977212984659900e+02 7.853981633974492782e-01
1.391265956695954653e+00 6.078121057075773024e+02 7.853981633974492782e-01
1.201675044853350194e+00 6.083906470143762135e+02 7.853981633974492782e-01
8.958104784186836644e-01 6.094214413532326944e+02 7.853981633974492782e-01
1.185685376109178790e+00 6.108940460168386153e+02 7.853981633974492782e-01
2.637103852036075224e+00 6.112364147741883471e+02 7.853981633974492782e-01
1.067847076142838691e+00 6.127173666625694750e+02 7.853981633974492782e-01
1.162439213248172010e+00 6.139721371247788966e+02 7.853981633974492782e-01
1.453345419222173307e+00 6.145568242518424995e+02 7.853981633974492782e-01
9.582845236574528691e-01 6.156142034205500977e+02 7.853981633974492782e-01
7.940978572533943236e-01 6.169688450378002926e+02 7.853981633974492782e-01
3.274864665169322731e+00 6.174721160343956399e+02 7.853981633974492782e-01
8.851459851619173369e-01 6.188464460534238469e+02 7.853981633974492782e-01
9.016648350626587094e-01 6.199683672456533259e+02 7.853981633974492782e-01
1.944838076018514661e+00 6.207075857604376097e+02 7.853981633974492782e-01
1.017353850486431233e+00 6.217435810516294623e+02 7.853981633974492782e-01
5.991529484618264290e-01 6.226495081640819080e+02 7.853981633974492782e-01
3.958327801090402165e+00 6.237002938021194041e+02 7.853981633974492782e-01
7.493266776210706359e-01 6.244701453782333829e+02 7.853981633974492782e-01
8.942652815682516909e-01 6.256632041039405294e+02 7.853981633974492782e-01
1.945937667209488131e+00 6.268623876144796441e+02 7.853981633974492782e-01
9.134275262686069041e-01 6.276864190587315306e+02 7.853981633974492782e-01
7.316774400836640879e-01 6.285410654359410501e+02 7.853981633974492782e-01
2.741394828991333021e+00 6.299381709409683481e+02 7.853981633974492782e-01
1.302065117800882854e+00 6.303112665181672583e+02 7.853981633974492782e-01
1.059344745894857054e+00 6.317304595971859271e+02 7.853981633974492782e-01
1.632790375232532343e+00 6.330491403646567505e+02 7.853981633974492782e-01
9.858954324438651273e-01 6.337059552665259616e+02 7.853981633974492782e-01
7.907177893477872477e-01 6.346789191047963641e+02 7.853981633974492782e-01
1.854034450746417706e+00 6.361599834806257832e+02 7.853981633974492782e-01
1.832967680099713448e+00 6.364610702204653307e+02 7.853981633974492782e-01
1.083185954020923214e+00 6.379344461099782393e+02 7.853981633974492782e-01
1.389730936558657426e+00 6.392431711487693065e+02 7.853981633974492782e-01
1.136073608570659754e+00 6.398321964640097121e+02 7.853981633974492782e-01
8.394884083771526617e-01 6.408638013531169690e+02 7.853981633974492782e-01
1.319980703146766965e+00 6.423554090380661137e+02 7.853981633974492782e-01
2.325315971240473178e+00 6.426763497199973472e+02 7.853981633974492782e-01
1.044312169758557118e+00 6.441502369135132540e+02 7.853981633974492782e-01
1.174367066015262084e+00 6.454105701859336932e+02 7.853981633974492782e-01
1.369339174496235767e+00 6.459933418559049869e+02 7.853981633974492782e-01
9.103222998959701329e-01 6.470507225140319179e+02 7.853981633974492782e-01
8.888012539209170226e-01 6.484664905774983481e+02 7.853981633974492782e-01
2.964109018840056287e+00 6.489045144516014716e+02 7.853981633974492782e-01
9.245981175998351231e-01 6.503159079889853729e+02 7.853981633974492782e-01
9.463459880640204824e-01 6.514731027797907927e+02 7.853981633974492782e-01
1.785204044010858526e+00 6.521558852642643842e+02 7.853981633974492782e-01
9.955962911758481360e-01 6.532065092745222046e+02 7.853981633974492782e-01
5.902875489768091288e-01 6.542814322375151050e+02 7.853981633974492782e-01
3.814541702748547092e+00 6.551323118892842103e+02 7.853981633974492782e-01
6.974012163456276836e-01 6.561538197324671273e+02 7.853981633974492782e-01
8.278198707986780258e-01 6.572482577623970883e+02 7.853981633974492782e-01
2.038473269338914040e+00 6.583165104278432409e+02 7.853981633974492782e-01
9.316130545865524137e-01 6.592229448450624432e+02 7.853981633974492782e-01
6.977210221587440975e-01 6.600366894371427406e+02 7.853981633974492782e-01
3.180003829188311482e+00 6.613703580266186464e+02 7.853981633974492782e-01
1.108510926782416472e+00 6.618122924018332469e+02 7.853981633974492782e-01
1.028927801723122926e+00 6.631878467795205552e+02 7.853981633974492782e-01
1.731053311690842200e+00 6.644943674544649639e+02 7.853981633974492782e-01
9.512582449713976596e-01 6.651911475628820654e+02 7.853981633974492782e-01
7.785279368696845781e-01 6.661316408815894192e+02 7.853981633974492782e-01
2.080693256997467433e+00 6.675970801577478824e+02 7.853981633974492782e-01
1.683244040282776188e+00 6.679063680297190331e+02 7.853981633974492782e-01
1.089159992706556501e+00 6.693720945976492658e+02 7.853981633974492782e-01
1.470959463662681488e+00 6.706906434503705441e+02 7.853981633974492782e-01
1.080947434928280826e+00 6.712949122902301724e+02 7.853981633974492782e-01
8.257024117545287423e-01 6.723103537909939860e+02 7.853981633974492782e-01
1.478633434656403622e+00 6.738046345834050044e+02 7.853981633974492782e-01
2.169111565056060620e+00 6.741111069266261211e+02 7.853981633974492782e-01
1.068500230716575627e+00 6.755908408437628623e+02 7.853981633974492782e-01
1.252966815296501446e+00 6.768733422109716003e+02 7.853981633974492782e-01
1.276709933528749952e+00 6.774503472142317833e+02 7.853981633974492782e-01
8.859068790833528606e-01 6.785010801755975081e+02 7.853981633974492782e-01
1.029723422870218341e+00 6.799576963199144757e+02 7.853981633974492782e-01
2.730155347325445625e+00 6.803384066198348137e+02 7.853981633974492782e-01
9.836642567029773021e-01 6.817855449434545108e+02 7.853981633974492782e-01
1.029107373359597011e+00 6.829879668750157862e+02 7.853981633974492782e-01
1.615855289196021616e+00 6.836149780754018366e+02 7.853981633974492782e-01
9.726228546584069212e-01 6.846743022364862554e+02 7.853981633974492782e-01
6.556832875363519664e-01 6.859115270277349055e+02 7.853981633974492782e-01
3.546583641585152158e+00 6.865670219048618037e+02 7.853981633974492782e-01
7.616690852117200539e-01 6.878016536627117148e+02 7.853981633974492782e-01
8.278697933736296477e-01 6.888720538116084526e+02 7.853981633974492782e-01
2.079584682301235610e+00 6.897715796320301251e+02 7.853981633974492782e-01
9.806880170868238489e-01 6.907518989969843233e+02 7.853981633974492782e-01
6.666316984064901696e-01 6.915434174483343668e+02 7.853981633974492782e-01
3.619999721793537351e+00 6.927977694001820055e+02 7.853981633974492782e-01
9.641727733058702565e-01 6.933248614160552279e+02 7.853981633974492782e-01
1.002653106338196709e+00 6.946499162653650501e+02 7.853981633974492782e-01
1.851549447149827277e+00 6.959369086784477076e+02 7.853981633974492782e-01
9.389714716829635766e-01 6.966772908784563469e+02 7.853981633974492782e-01
7.904499983269560603e-01 6.975712568827917721e+02 7.853981633974492782e-01
2.283541955695068459e+00 6.990248275874262163e+02 7.853981633974492782e-01
1.631007442688996001e+00 6.993389993532225617e+02 7.853981633974492782e-01
1.125175415462242201e+00 7.008060898670707957e+02 7.853981633974492782e-01
1.603205993039011457e+00 7.021403224040137729e+02 7.853981633974492782e-01
1.047549368821827587e+00 7.027663010495840581e+02 7.853981633974492782e-01
8.488891948018306710e-01 7.037484419183307409e+02 7.853981633974492782e-01
1.623851226729406738e+00 7.052389604395416427e+02 7.853981633974492782e-01
2.158162348667800767e+00 7.055348905666301107e+02 7.853981633974492782e-01
1.135730383587375325e+00 7.070313264789199366e+02 7.853981633974492782e-01
1.402517642723814850e+00 7.083477191248713325e+02 7.853981633974492782e-01
1.192738128909872186e+00 7.089275019714943937e+02 7.853981633974492782e-01
8.938302573475253032e-01 7.099563042234346995e+02 7.853981633974492782e-01
1.205395357556409586e+00 7.114310697262779968e+02 7.853981633974492782e-01
2.613766530361785190e+00 7.117695428765866836e+02 7.853981633974492782e-01
1.073739649244303207e+00 7.132526074466197770e+02 7.853981633974492782e-01
1.175788266317027597e+00 7.145119653647645919e+02 7.853981633974492782e-01
1.435676251980895879e+00 7.150941874933261033e+02 7.853981633974492782e-01
9.545261851248539875e-01 7.161507629295842889e+02 7.853981633974492782e-01
8.135966610413665201e-01 7.175169141700808950e+02 7.853981633974492782e-01
3.234545069379735516e+00 7.180057131311460807e+02 7.853981633974492782e-01
8.991709946997529235e-01 7.193913931469877525e+02 7.853981633974492782e-01
9.138822669542756572e-01 7.205219265291224247e+02 7.853981633974492782e-01
1.916043203141010176e+00 7.212456581666874627e+02 7.853981633974492782e-01
1.017991863054668489e+00 7.222860357668691904e+02 7.853981633974492782e-01
5.936380627787594122e-01 7.232196687876822807e+02 7.853981633974492782e-01
3.963403206322190009e+00 7.242340002533044299e+02 7.853981633974492782e-01
7.301015263002502698e-01 7.250499227254223342e+02 7.853981633974492782e-01
8.790822224327830003e-01 7.262213746138185115e+02 7.853981633974492782e-01
1.965403755043547696e+00 7.274004011601771253e+02 7.853981633974492782e-01
9.142864547123842334e-01 7.282396755344475423e+02 7.853981633974492782e-01
7.253773770659054376e-01 7.290858832282957565e+02 7.853981633974492782e-01
2.820601222060747926e+00 7.304725473433854859e+02 7.853981633974492782e-01
1.262984464088117154e+00 7.308567812905829442e+02 7.853981633974492782e-01
1.053621386908199620e+00 7.322686130644279956e+02 7.853981633974492782e-01
1.649290909511884839e+00 7.335855815201816768e+02 7.853981633974492782e-01
9.780727335354501006e-01 7.342492405667242110e+02 7.853981633974492782e-01
7.871478537483365123e-01 7.352171004621811790e+02 7.853981633974492782e-01
1.895640071353300149e+00 7.366954762745809830e+02 7.853981633974492782e-01
1.800017296075503870e+00 7.369977982007843593e+02 7.853981633974492782e-01
1.082889648835268392e+00 7.384694812721385233e+02 7.853981633974492782e-01
1.402206234388983397e+00 7.397797777697203401e+02 7.853981633974492782e-01
1.124786850353216572e+00 7.403711662993461005e+02 7.853981633974492782e-01
8.353196493566504843e-01 7.414005406902089135e+02 7.853981633974492782e-01
1.348681176195702047e+00 7.428933670545436598e+02 7.853981633974492782e-01
2.290104965714018892e+00 7.432110631691067510e+02 7.853981633974492782e-01
1.047328111933848227e+00 7.446857752053833792e+02 7.853981633974492782e-01
1.186461225876606074e+00 7.459498803168604582e+02 7.853981633974492782e-01
1.351376092010135199e+00 7.465311664387878636e+02 7.853981633974492782e-01
9.046128197234871715e-01 7.475877781947569929e+02 7.853981633974492782e-01
9.130456055435473006e-01 7.490129173503701168e+02 7.853981633974492782e-01
2.915659474620304170e+00 7.494388247038892814e+02 7.853981633974492782e-01
9.354049656324461282e-01 7.508577415778947852e+02 7.853981633974492782e-01
9.598486704032550554e-01 7.520232839105163976e+02 7.853981633974492782e-01
1.753244237062971278e+00 7.526944147504927969e+02 7.853981633974492782e-01
9.918230358972279781e-01 7.537473703383700467e+02 7.853981633974492782e-01
5.969265898784034130e-01 7.548547025062143803e+02 7.853981633974492782e-01
3.772415515735064062e+00 7.556666207631113821e+02 7.853981633974492782e-01
7.024354752974075744e-01 7.567338431092093742e+02 7.853981633974492782e-01
8.226663854533613485e-01 7.578167761996800209e+02 7.853981633974492782e-01
2.057317261445786194e+00 7.588546528775508477e+02 7.853981633974492782e-01
9.407372589075401192e-01 7.597761590703884167e+02 7.853981633974492782e-01
6.959232649284572414e-01 7.605795513148630107e+02 7.853981633974492782e-01
3.261356533945909852e+00 7.619032039696018046e+02 7.853981633974492782e-01
1.089430453463466453e+00 7.623553357280750333e+02 7.853981633974492782e-01
1.030208928429626747e+00 7.637252038150046474e+02 7.853981633974492782e-01
1.761341664319413747e+00 7.650307770169862351e+02 7.853981633974492782e-01
9.505989443137168315e-01 7.657352568212717188e+02 7.853981633974492782e-01
7.864903263871063643e-01 7.666647331378520676e+02 7.853981633974492782e-01
2.113159320004906583e+00 7.681292899455561383e+02 7.853981633974492782e-01
1.693030811637395106e+00 7.684374415511641701e+02 7.853981633974492782e-01
1.104773056768363793e+00 7.699064543369537432e+02 7.853981633974492782e-01
1.508824770685992300e+00 7.712308939851724290e+02 7.853981633974492782e-01
1.074134089260796232e+00 7.718395882923286990e+02 7.853981633974492782e-01
8.354399815783246641e-01 7.728462600357435122e+02 7.853981633974492782e-01
1.511859442359707595e+00 7.743393957045437901e+02 7.853981633974492782e-01
2.182017167974482863e+00 7.746427802478253852e+02 7.853981633974492782e-01
1.090648187476287223e+00 7.761286432691284745e+02 7.853981633974492782e-01
1.294853962509938228e+00 7.774216651351696328e+02 7.853981633974492782e-01
1.253812433578130214e+00 7.779974684217696677e+02 7.853981633974492782e-01
8.896184393562805992e-01 7.790430700840574900e+02 7.853981633974492782e-01
1.074906060337101898e+00 7.805051437311185509e+02 7.853981633974492782e-01
2.705429128352266233e+00 7.808731313338548716e+02 7.853981633974492782e-01
1.010086186687876308e+00 7.823318518302792199e+02 7.853981633974492782e-01
1.066614098339886629e+00 7.835504118959768221e+02 7.853981633974492782e-01
1.567721784650878192e+00 7.841618097027258045e+02 7.853981633974492782e-01
9.699149205113538619e-01 7.852219103926463504e+02 7.853981633974492782e-01
6.892531993716626282e-01 7.864970000119152473e+02 7.853981633974492782e-01
3.475767030694620896e+00 7.871035240767879486e+02 7.853981633974492782e-01
7.946531405816643634e-01 7.883859919592541701e+02 7.853981633974492782e-01
8.421427824920231231e-01 7.894650916380063563e+02 7.853981633974492782e-01
2.063594679597995807e+00 7.903152960089793169e+02 7.853981633974492782e-01
9.950178371120038667e-01 7.913141006980771408e+02 7.853981633974492782e-01
6.497192925016503917e-01 7.921171461505806519e+02 7.853981633974492782e-01
3.745772587868145820e+00 7.933327425618450661e+02 7.853981633974492782e-01
9.074714102534987559e-01 7.939033766194866075e+02 7.853981633974492782e-01
9.813306410701410076e-01 7.952028100578241947e+02 7.853981633974492782e-01
1.875408179759009863e+00 7.964762631229809813e+02 7.853981633974492782e-01
9.319086497464607044e-01 7.972329633200245098e+02 7.853981633974492782e-01
7.810445494339902650e-01 7.981168259175815365e+02 7.853981633974492782e-01
2.371367244568825861e+00 7.995619392469114928e+02 7.853981633974492782e-01
1.567595955052188517e+00 7.998840647110444024e+02 7.853981633974492782e-01
1.116138344733796472e+00 8.013439314997731344e+02 7.853981633974492782e-01
1.614913032749701882e+00 8.026766987801458981e+02 7.853981633974492782e-01
1.035628285073748378e+00 8.033086111705391659e+02 7.853981633974492782e-01
8.407545245177968640e-01 8.042872612040559943e+02 7.853981633974492782e-01
1.667878482108469340e+00 8.057771324181453565e+02 7.853981633974492782e-01
2.103477700945251438e+00 8.060722770680016538e+02 7.853981633974492782e-01
1.131832853385844162e+00 8.075663172090345370e+02 7.853981633974492782e-01
1.410677592369534716e+00 8.088835830463835919e+02 7.853981633974492782e-01
1.179508401527890049e+00 8.094654372638888162e+02 7.853981633974492782e-01
8.865158063086513440e-01 8.104927708286189727e+02 7.853981633974492782e-01
1.234306929950399923e+00 8.119713945301483591e+02 7.853981633974492782e-01
2.563389887646364329e+00 8.123045193827917956e+02 7.853981633974492782e-01
1.076237811009508993e+00 8.137885863239976061e+02 7.853981633974492782e-01
1.188082786605779706e+00 8.150521730477898927e+02 7.853981633974492782e-01
1.413464316885440386e+00 8.156324416527145331e+02 7.853981633974492782e-01
9.468954522997248269e-01 8.166882402708046129e+02 7.853981633974492782e-01
8.392237986265362881e-01 8.180694211861972462e+02 7.853981633974492782e-01
3.171696756383677318e+00 8.185404054072232611e+02 7.853981633974492782e-01
9.148986428887895261e-01 8.199386589926341458e+02 7.853981633974492782e-01
9.292151778521339223e-01 8.210800844210654077e+02 7.853981633974492782e-01
1.875428683141642683e+00 8.217858805094242598e+02 7.853981633974492782e-01
1.016165015507405567e+00 8.228309782725509649e+02 7.853981633974492782e-01
5.890448524539365627e-01 8.238055564903047525e+02 7.853981633974492782e-01
3.949003624457440242e+00 8.247688522526109409e+02 7.853981633974492782e-01
7.111182916319152003e-01 8.256497588871388871e+02 7.853981633974492782e-01
8.602772142458439131e-01 8.267930493571043371e+02 7.853981633974492782e-01
1.993338195166282745e+00 8.279411330969969640e+02 7.853981633974492782e-01
9.181200931328277193e-01 8.288016861714622792e+02 7.853981633974492782e-01
7.184154231161674620e-01 8.296352857551074749e+02 7.853981633974492782e-01
2.930711887200442956e+00 8.310076629345746824e+02 7.853981633974492782e-01
1.216320398200909869e+00 8.314071043235455818e+02 7.853981633974492782e-01
1.048365692077339872e+00 8.328093609661426626e+02 7.853981633974492782e-01
1.677296149351785726e+00 8.341243608052761829e+02 7.853981633974492782e-01
9.694036319558063663e-01 8.347979883064523392e+02 7.853981633974492782e-01
7.859041431724306248e-01 8.357568484672827935e+02 7.853981633974492782e-01
1.952078546595947373e+00 8.372317018014829273e+02 7.853981633974492782e-01
1.767714230567802858e+00 8.375353098311462645e+02 7.853981633974492782e-01
1.087563434067651658e+00 8.390061362772598841e+02 7.853981633974492782e-01
1.427577678488427093e+00 8.403200953560643711e+02 7.853981633974492782e-01
1.109863008540390217e+00 8.409153272032423274e+02 7.853981633974492782e-01
8.333676952362131241e-01 8.419398201323373314e+02 7.853981633974492782e-01
1.391729220290363944e+00 8.434334196359802718e+02 7.853981633974492782e-01
2.253667174479214275e+00 8.437466844413345370e+02 7.853981633974492782e-01
1.056939896161601000e+00 8.452240753552194974e+02 7.853981633974492782e-01
1.211435517457757349e+00 8.464954883271983590e+02 7.853981633974492782e-01
1.324242647817083229e+00 8.470743173626929092e+02 7.853981633974492782e-01
8.988772856264396482e-01 8.481289693675965964e+02 7.853981633974492782e-01
9.532189495237254340e-01 8.495663292464288361e+02 7.853981633974492782e-01
2.852714755326415830e+00 8.499747478877975482e+02 7.853981633974492782e-01
9.545533444854031879e-01 8.514053922842689417e+02 7.853981633974492782e-01
9.844932362350429234e-01 8.525847494663845509e+02 7.853981633974492782e-01
1.704026852806481029e+00 8.532379670323302889e+02 7.853981633974492782e-01
9.867495789766085323e-01 8.542940108760445810e+02 7.853981633974492782e-01
6.126440486835222909e-01 8.554491985319378955e+02 7.853981633974492782e-01
3.704141969976986637e+00 8.562028271324089701e+02 7.853981633974492782e-01
7.178121755363277012e-01 8.573357448003147283e+02 7.853981633974492782e-01
8.197758887265694794e-01 8.584072731704657144e+02 7.853981633974492782e-01
2.080161573261913865e+00 8.593965356574486805e+02 7.853981633974492782e-01
9.561783638180227918e-01 8.603400690334318597e+02 7.853981633974492782e-01
6.922273956260537320e-01 8.611296349497221172e+02 7.853981633974492782e-01
3.385258614567705049e+00 8.624368929067906038e+02 7.853981633974492782e-01
1.060322278822390718e+00 8.629056339461095604e+02 7.853981633974492782e-01
1.030838171263217973e+00 8.642660748220457663e+02 7.853981633974492782e-01
1.805878169509677278e+00 8.655693500563727412e+02 7.853981633974492782e-01
9.505900734877155145e-01 8.662852396290195429e+02 7.853981633974492782e-01
7.992511694747969075e-01 8.671978013737167430e+02 7.853981633974492782e-01
2.156369583396502421e+00 8.686615519359518203e+02 7.853981633974492782e-01
1.712859191112846791e+00 8.689675685288826799e+02 7.853981633974492782e-01
1.129208105348608715e+00 8.704419402699357988e+02 7.853981633974492782e-01
1.568528279039566486e+00 8.717750917958642276e+02 7.853981633974492782e-01
1.066187883584852392e+00 8.723911022489736524e+02 7.853981633974492782e-01
8.535517191200112652e-01 8.733828250456875821e+02 7.853981633974492782e-01
1.554462097820548117e+00 8.748740483185071071e+02 7.853981633974492782e-01
2.218053927805739178e+00 8.751731534151024334e+02 7.853981633974492782e-01
1.127672545360865808e+00 8.766690582309946649e+02 7.853981633974492782e-01
1.365853144166998545e+00 8.779785417717511109e+02 7.853981633974492782e-01
1.221312907100029488e+00 8.785548915074551815e+02 7.853981633974492782e-01
8.994046966571819235e-01 8.795899595049536401e+02 7.853981633974492782e-01
1.144001459995380499e+00 8.810575378910785957e+02 7.853981633974492782e-01
2.685035363404897346e+00 8.814089159144627956e+02 7.853981633974492782e-01
1.053667185013503982e+00 8.828845318510992684e+02 7.853981633974492782e-01
1.133004227787060891e+00 8.841286678993133137e+02 7.853981633974492782e-01
1.493165020088616624e+00 8.847199257597263795e+02 7.853981633974492782e-01
9.660594254634932154e-01 8.857787141213560744e+02 7.853981633974492782e-01
7.537353774436487130e-01 8.871059060359517616e+02 7.853981633974492782e-01
3.361858256875990492e+00 8.876434447155958196e+02 7.853981633974492782e-01
8.536932075048389024e-01 8.889896248027508818e+02 7.853981633974492782e-01
8.774811882879235414e-01 8.900937209706141857e+02 7.853981633974492782e-01
2.002019189911438346e+00 8.908696338372832315e+02 7.853981633974492782e-01
1.013465614703166873e+00 8.918942021619764091e+02 7.853981633974492782e-01
6.169395301537674570e-01 8.927472285401850058e+02 7.853981633974492782e-01
3.914028641474815551e+00 8.938715682656968511e+02 7.853981633974492782e-01
8.050108444128997176e-01 8.945498337337237444e+02 7.853981633974492782e-01
9.306721912715514300e-01 8.957893575788674525e+02 7.853981633974492782e-01
1.914331539373317126e+00 8.970251208154686537e+02 7.853981633974492782e-01
9.182315190615207845e-01 8.978187540310127588e+02 7.853981633974492782e-01
7.520354660467253316e-01 8.986863086389035971e+02 7.853981633974492782e-01
2.576989701723737092e+00 9.001063143679016321e+02 7.853981633974492782e-01
1.409571461271712733e+00 9.004546805759307517e+02 7.853981633974492782e-01
1.082354256003990933e+00 9.018921862163050491e+02 7.853981633974492782e-01
1.619349675971690550e+00 9.032169827674088083e+02 7.853981633974492782e-01
1.007084663538015512e+00 9.038616184038307892e+02 7.853981633974492782e-01
8.103544798132383820e-01 9.048386465003802641e+02 7.853981633974492782e-01
1.769020092110754172e+00 9.063250178325791921e+02 7.853981633974492782e-01
1.942995031305834397e+00 9.066224372492656585e+02 7.853981633974492782e-01
1.101697633483695649e+00 9.081044158901640913e+02 7.853981633974492782e-01
1.393144558853996351e+00 9.094158405451327098e+02 7.853981633974492782e-01
1.156975785370228937e+00 9.100012843135871208e+02 7.853981633974492782e-01
8.588757501979116249e-01 9.110320127292416146e+02 7.853981633974492782e-01
1.277709453904871229e+00 9.125188010637457410e+02 7.853981633974492782e-01
2.427240433150366528e+00 9.128450432657682541e+02 7.853981633974492782e-01
1.056369117173832306e+00 9.143228765253304573e+02 7.853981633974492782e-01
1.176824955445555654e+00 9.155835403752263346e+02 7.853981633974492782e-01
1.391937371518657374e+00 9.161657429864093274e+02 7.853981633974492782e-01
9.265569894723313382e-01 9.172226545451898119e+02 7.853981633974492782e-01
8.627865291923443314e-01 9.186225525300928894e+02 7.853981633974492782e-01
3.059677424064203510e+00 9.190765106107253359e+02 7.853981633974492782e-01
9.189666958281339504e-01 9.204813289455868244e+02 7.853981633974492782e-01
9.368185255640710807e-01 9.216305255466274957e+02 7.853981633974492782e-01
1.828499914052638786e+00 9.223248177321386265e+02 7.853981633974492782e-01
1.005283652459096011e+00 9.233728323976946513e+02 7.853981633974492782e-01
5.869103145789640319e-01 9.244001833359990314e+02 7.853981633974492782e-01
3.883696928364390732e+00 9.253046760601790766e+02 7.853981633974492782e-01
6.987451225516000397e-01 9.262606044523788569e+02 7.853981633974492782e-01
8.405084533416025128e-01 9.273755321496646502e+02 7.853981633974492782e-01
2.016724646144958388e+00 9.284833686007763163e+02 7.853981633974492782e-01
9.233067722402114041e-01 9.293682916875256979e+02 7.853981633974492782e-01
7.059336659660481184e-01 9.301920535386277606e+02 7.853981633974492782e-01
3.062856850817675891e+00 9.315436343748764330e+02 7.853981633974492782e-01
1.153271807218214873e+00 9.319660635823221355e+02 7.853981633974492782e-01
1.035735339603758742e+00 9.333535289514589977e+02 7.853981633974492782e-01
1.701436194877029129e+00 9.346636584408778390e+02 7.853981633974492782e-01
9.579577361291606863e-01 9.353492720420339310e+02 7.853981633974492782e-01
7.787407644333402823e-01 9.363000828184502780e+02 7.853981633974492782e-01
2.021925064423534479e+00 9.377695153558447601e+02 7.853981633974492782e-01
1.711322054817340677e+00 9.380767780127952165e+02 7.853981633974492782e-01
1.083790569331929854e+00 9.395434806099846128e+02 7.853981633974492782e-01
1.443250432875695433e+00 9.408585234960057733e+02 7.853981633974492782e-01
1.093813421555591470e+00 9.414580584117629769e+02 7.853981633974492782e-01
8.257203422710031049e-01 9.424794549383130970e+02 7.853981633974492782e-01
1.435331571532466377e+00 9.439740106558405159e+02 7.853981633974492782e-01
2.197291706582604753e+00 9.442838100029783845e+02 7.853981633974492782e-01
1.057765865273715189e+00 9.457609058239274873e+02 7.853981633974492782e-01
1.225418381812779733e+00 9.470361720472117213e+02 7.853981633974492782e-01
1.301254321270229664e+00 9.476143771880909981e+02 7.853981633974492782e-01
8.898216708976963707e-01 9.486679032592053318e+02 7.853981633974492782e-01
9.876744478117605031e-01 9.501158147579911883e+02 7.853981633974492782e-01
2.783707227132257600e+00 9.505105784798250852e+02 7.853981633974492782e-01
9.654487055656449934e-01 9.519482557400447149e+02 7.853981633974492782e-01
1.002117819522570619e+00 9.531375196517128643e+02 7.853981633974492782e-01
1.662286299652409483e+00 9.537789352283864446e+02 7.853981633974492782e-01
9.787269505640817657e-01 9.548366959127304199e+02 7.853981633974492782e-01
6.300590775342982397e-01 9.560326318629805655e+02 7.853981633974492782e-01
3.625937486942064858e+00 9.567386032857259579e+02 7.853981633974492782e-01
7.357581505836658931e-01 9.579221264839687819e+02 7.853981633974492782e-01
8.208153867631245992e-01 9.589902376779245969e+02 7.853981633974492782e-01
2.084008453428311647e+00 9.599372216579756696e+02 7.853981633974492782e-01
9.674280116567234300e-01 9.608986513190301366e+02 7.853981633974492782e-01
6.809774626266915654e-01 9.616865967334888410e+02 7.853981633974492782e-01
3.496632022382113458e+00 9.629710815984549299e+02 7.853981633974492782e-01
1.015879222499960211e+00 9.634648073702736610e+02 7.853981633974492782e-01
1.019039124883380110e+00 9.648099709019845704e+02 7.853981633974492782e-01
1.828269197768793708e+00 9.661065967563688446e+02 7.853981633974492782e-01
9.452935549888430433e-01 9.668335027067657848e+02 7.853981633974492782e-01
7.963497697777284223e-01 9.677370906838181099e+02 7.853981633974492782e-01
2.212659247042122690e+00 9.691966486670806944e+02 7.853981633974492782e-01
1.679026374075591521e+00 9.695057302153879846e+02 7.853981633974492782e-01
1.129251547923509458e+00 9.709774818851609552e+02 7.853981633974492782e-01
1.587442147501445300e+00 9.723117518552007823e+02 7.853981633974492782e-01
1.057599964855813424e+00 9.729324617920351557e+02 7.853981633974492782e-01
8.528517283997416598e-01 9.739190658009382560e+02 7.853981633974492782e-01
1.586550291108204114e+00 9.754099590343799946e+02 7.853981633974492782e-01
2.195176958133003620e+00 9.757073050290958918e+02 7.853981633974492782e-01
1.133859261206050517e+00 9.772042037933111942e+02 7.853981633974492782e-01
1.386791759188730211e+00 9.785178540984248912e+02 7.853981633974492782e-01
1.206671187198576689e+00 9.790957438905470553e+02 7.853981633974492782e-01
8.977716910568812603e-01 9.801273080697803834e+02 7.853981633974492782e-01
1.175101017763128031e+00 9.815984453353513572e+02 7.853981633974492782e-01
2.653171176920904983e+00 9.819430274940573327e+02 7.853981633974492782e-01
1.065634239664129845e+00 9.834231172036948010e+02 7.853981633974492782e-01
1.156475667148793463e+00 9.846757468906887425e+02 7.853981633974492782e-01
1.462686814966815518e+00 9.852616506751143106e+02 7.853981633974492782e-01
9.607775714922628385e-01 9.863193453911037523e+02 7.853981633974492782e-01
7.842549086747476750e-01 9.876674434097668609e+02 7.853981633974492782e-01
3.298167387701057329e+00 9.881786303715458644e+02 7.853981633974492782e-01
8.780486345865695652e-01 9.895468016844750991e+02 7.853981633974492782e-01
8.957882385076013643e-01 9.906643649609037539e+02 7.853981633974492782e-01
1.959860811958828775e+00 9.914118692043904275e+02 7.853981633974492782e-01
1.017055112751267032e+00 9.924453892205679040e+02 7.853981633974492782e-01
6.030000256088946520e-01 9.933369096268246494e+02 7.853981633974492782e-01
3.952931377138891644e+00 9.944067702127406392e+02 7.853981633974492782e-01
7.616430675583578669e-01 9.951525565969847094e+02 7.853981633974492782e-01
9.031518898032885323e-01 9.963573866464204229e+02 7.853981633974492782e-01
1.937247447206157602e+00 9.975666216061882778e+02 7.853981633974492782e-01
9.140039798017590700e-01 9.983826986494183302e+02 7.853981633974492782e-01
7.363752266444064665e-01 9.992409210804495387e+02 7.853981633974492782e-01
2.698963147933013396e+00 1.000644009009415527e+03 7.853981633974492782e-01
1.327409268550866495e+00 1.001010627195850930e+03 7.853981633974492782e-01
1.064433173746614614e+00 1.002434396624695864e+03 7.853981633974492782e-01
1.627591854901488500e+00 1.003754495583732478e+03 7.853981633974492782e-01
9.909992068438873147e-01 1.004407939239045390e+03 7.853981633974492782e-01
7.948466600402986915e-01 1.005382473442520677e+03 7.853981633974492782e-01
1.831723652826624971e+00 1.006865050858929635e+03 7.853981633974492782e-01
1.858095780337121639e+00 1.007165161660233025e+03 7.853981633974492782e-01
1.086625231472065467e+00 1.008640408071230127e+03 7.853981633974492782e-01
1.388329525169236467e+00 1.009949373185654736e+03 7.853981633974492782e-01
1.141796848840324952e+00 1.010537361737747801e+03 7.853981633974492782e-01
8.437417036957648442e-01 1.011569153133975306e+03 7.853981633974492782e-01
1.307587872815015206e+00 1.013059733417181178e+03 7.853981633974492782e-01
2.349696439364977518e+00 1.013382129519052114e+03 7.853981633974492782e-01
1.046139666750227848e+00 1.014856642116117655e+03 7.853981633974492782e-01
