8.267883367781615478e-01 -7.799508678531718794e-03 7.853981633974492782e-01
1.385281457795903615e+00 1.486570499286525626e+00 7.853981633974492782e-01
2.234318429061274980e+00 1.800819690916587001e+00 7.853981633974492782e-01
1.045981392482261629e+00 3.274800141436402079e+00 7.853981633974492782e-01
1.195368912654436677e+00 4.541629948502542646e+00 7.853981633974492782e-01
1.331163415020842455e+00 5.122186192528628723e+00 7.853981633974492782e-01
8.954610758478251942e-01 6.178283574711868731e+00 7.853981633974492782e-01
9.404706660547329511e-01 7.614056663786420209e+00 7.853981633974492782e-01
2.851044618262216446e+00 8.027137661251650513e+00 7.853981633974492782e-01
9.440795113925560811e-01 9.452543358750066460e+00 7.853981633974492782e-01
9.729283518624854965e-01 1.062634463763984272e+01 7.853981633974492782e-01
1.717039521263608703e+00 1.128660474582986240e+01 7.853981633974492782e-01
9.850694000437165698e-01 1.234154594309144137e+01 7.853981633974492782e-01
6.070498028383826128e-01 1.348599565804055800e+01 7.853981633974492782e-01
3.710352366164439086e+00 1.425475207385835219e+01 7.853981633974492782e-01
7.121512416651650801e-01 1.537072600176492720e+01 7.853981633974492782e-01
8.190521966694953582e-01 1.644467776277734927e+01 7.853981633974492782e-01
2.070451641499196249e+00 1.744697386287823093e+01 7.853981633974492782e-01
9.504879616174045642e-01 1.838492443058004611e+01 7.853981633974492782e-01
6.899426261899549440e-01 1.918129807936646714e+01 7.853981633974492782e-01
3.355687526787380026e+00 2.048984005511421813e+01 7.853981633974492782e-01
1.058727232490010106e+00 2.095813357257801002e+01 7.853981633974492782e-01
1.025754774279500126e+00 2.231835007769865697e+01 7.853981633974492782e-01
1.787737725633111285e+00 2.362063581818057045e+01 7.853981633974492782e-01
9.477730641062294126e-01 2.433410128766755776e+01 7.853981633974492782e-01
7.896450312897530521e-01 2.525362579952009767e+01 7.853981633974492782e-01
2.154830090001812248e+00 2.671590892484594448e+01 7.853981633974492782e-01
1.683966959765025750e+00 2.702470543053937035e+01 7.853981633974492782e-01
1.113522716959324699e+00 2.849444198636084735e+01 7.853981633974492782e-01
1.538379335824283212e+00 2.982265016060957663e+01 7.853981633974492782e-01
1.066562267076162973e+00 3.043593083617706796e+01 7.853981633974492782e-01
8.407204418702537430e-01 3.143535231825330101e+01 7.853981633974492782e-01
1.543809103110678649e+00 3.292770011856268297e+01 7.853981633974492782e-01
2.180090082223655301e+00 3.322861462156005530e+01 7.853981633974492782e-01
1.105897560776076594e+00 3.471835130042481410e+01 7.853981633974492782e-01
1.327958182556721711e+00 3.601911619928058883e+01 7.853981633974492782e-01
1.234472901311945092e+00 3.659515006271995929e+01 7.853981633974492782e-01
8.910642861518150992e-01 3.763614732302407617e+01 7.853981633974492782e-01
1.114138001727987826e+00 3.910272312636129044e+01 7.853981633974492782e-01
2.677748899896801760e+00 3.946074398574182140e+01 7.853981633974492782e-01
1.030335999683694270e+00 4.092780011478065916e+01 7.853981633974492782e-01
1.098601055998117193e+00 4.215929556612135798e+01 7.853981633974492782e-01
1.526517349421056657e+00 4.275979967872308407e+01 7.853981633974492782e-01
9.657299049483958342e-01 4.381968686317974004e+01 7.853981633974492782e-01
7.226481606148902337e-01 4.512562350838286562e+01 7.853981633974492782e-01
3.405057065020839602e+00 4.569272453746480522e+01 7.853981633974492782e-01
8.253440049487302810e-01 4.701153676461260034e+01 7.853981633974492782e-01
8.589333829326164516e-01 4.810284794425823662e+01 7.853981633974492782e-01
2.032594897129984979e+00 4.891182147654946988e+01 7.853981633974492782e-01
1.004822442327750975e+00 4.992539142758634085e+01 7.853981633974492782e-01
6.303408966432839655e-01 5.075358220814133858e+01 7.853981633974492782e-01
3.844475256407024588e+00 5.192122596225674158e+01 7.853981633974492782e-01
8.474970737681619681e-01 5.254807060001898122e+01 7.853981633974492782e-01
9.527821149166842973e-01 5.381550528764449126e+01 7.853981633974492782e-01
1.892607438332774450e+00 5.506976892494948572e+01 7.853981633974492782e-01
9.226865707270772710e-01 5.584569376887785097e+01 7.853981633974492782e-01
7.628636144759568527e-01 5.672242084977052201e+01 7.853981633974492782e-01
2.482084224055057575e+00 5.815391786644500627e+01 7.853981633974492782e-01
1.473111843689133948e+00 5.849038508108552747e+01 7.853981633974492782e-01
1.094002794237010967e+00 5.993721822180827274e+01 7.853981633974492782e-01
1.609523200401252963e+00 6.126467389995866597e+01 7.853981633974492782e-01
1.019447202510030515e+00 6.190258556132250334e+01 7.853981633974492782e-01
8.204748940080797137e-01 6.288256367022642479e+01 7.853981633974492782e-01
1.720910938182178551e+00 6.437105798448629912e+01 7.853981633974492782e-01
2.003847349865801153e+00 6.466755975023841074e+01 7.853981633974492782e-01
1.109725133313423928e+00 6.615350439664462101e+01 7.853981633974492782e-01
1.390976741623334956e+00 6.746549694728365409e+01 7.853981633974492782e-01
1.169643279732537122e+00 6.804885763303126112e+01 7.853981633974492782e-01
8.686261346831287700e-01 6.907987667299521206e+01 7.853981633974492782e-01
1.250959965181428268e+00 7.056340894890945492e+01 7.853981633974492782e-01
2.483507069676344159e+00 7.089369132266899953e+01 7.853981633974492782e-01
1.059597986716572127e+00 7.237250718209133993e+01 7.853981633974492782e-01
1.172730586527037211e+00 7.363159760426493960e+01 7.853981633974492782e-01
1.408637446766584311e+00 7.421437770947983381e+01 7.853981633974492782e-01
9.352810455455994321e-01 7.527142804677531274e+01 7.853981633974492782e-01
8.431789983462159022e-01 7.665989710912907640e+01 7.853981633974492782e-01
3.118272578677782736e+00 7.712643840760438252e+01 7.853981633974492782e-01
9.106959911542570341e-01 7.852409436639698015e+01 7.853981633974492782e-01
9.270823809013357675e-01 7.966606371729803016e+01 7.853981633974492782e-01
1.860142179567858101e+00 8.037140810993534501e+01 7.853981633974492782e-01
1.009557746772296705e+00 8.141675469269831922e+01 7.853981633974492782e-01
5.868513799377430562e-01 8.241053096523133092e+01 7.853981633974492782e-01
3.916769272363345600e+00 8.335466069240550269e+01 7.853981633974492782e-01
7.049540917436175613e-01 8.426085632019089644e+01 7.853981633974492782e-01
8.518911007429357252e-01 8.539413617055632244e+01 7.853981633974492782e-01
1.996143256587910697e+00 8.652904859725875042e+01 7.853981633974492782e-01
9.178250581552780396e-01 8.739773456758250347e+01 7.853981633974492782e-01
7.102777886048955436e-01 8.823114764540996191e+01 7.853981633974492782e-01
2.977720277088568679e+00 8.959410154338965526e+01 7.853981633974492782e-01
1.183444440826941779e+00 9.000439577382144307e+01 7.853981633974492782e-01
1.038224975762636726e+00 9.139913190131257181e+01 7.853981633974492782e-01
1.676489158005154190e+00 9.271079192329295893e+01 7.853981633974492782e-01
9.626932731127295639e-01 9.338832461470647672e+01 7.853981633974492782e-01
7.770216714811031267e-01 9.434750317673949382e+01 7.853981633974492782e-01
1.979461263478758948e+00 9.581948353502143334e+01 7.853981633974492782e-01
1.726244243508049170e+00 9.612598735806126626e+01 7.853981633974492782e-01
1.076704016880813075e+00 9.759234669145834573e+01 7.853981633974492782e-01
1.418226819103351799e+00 9.890364613860623422e+01 7.853981633974492782e-01
1.104190754381132233e+00 9.949974392723822803e+01 7.853981633974492782e-01
8.242704506506358664e-01 1.005262239113847045e+02 7.853981633974492782e-01
1.400439612604166495e+00 1.020209524156119585e+02 7.853981633974492782e-01
2.215144919495016129e+00 1.023339010370021072e+02 7.853981633974492782e-01
1.046582624845808995e+00 1.038079131820779537e+02 7.853981633974492782e-01
1.200529950565459858e+00 1.050762448544668501e+02 7.853981633974492782e-01
1.322780768046111444e+00 1.056563991814104497e+02 7.853981633974492782e-01
8.923258861943544895e-01 1.067121350350802658e+02 7.853981633974492782e-01
9.525544523953050069e-01 1.081518885233940779e+02 7.853981633974492782e-01
2.826668459810132372e+00 1.085598145981742988e+02 7.853981633974492782e-01
9.482454829755611048e-01 1.099880206182015172e+02 7.853981633974492782e-01
9.791262286075593790e-01 1.111654552168781720e+02 7.853981633974492782e-01
1.702091095981692837e+00 1.118211068930593797e+02 7.853981633974492782e-01
9.824831656008352621e-01 1.128768192693346606e+02 7.853981633974492782e-01
6.123054055125116690e-01 1.140361109003170412e+02 7.853981633974492782e-01
3.684478776344003226e+00 1.147873921524673619e+02 7.853981633974492782e-01
7.174729712621336075e-01 1.159224979707755523e+02 7.853981633974492782e-01
8.185565451017846605e-01 1.169939634227359733e+02 7.853981633974492782e-01
2.074447284227418642e+00 1.179813323848526778e+02 7.853981633974492782e-01
9.546899655918973382e-01 1.189258600741695915e+02 7.853981633974492782e-01
6.871287344436379785e-01 1.197200488524393762e+02 7.853981633974492782e-01
3.394590834004111546e+00 1.210218328142054247e+02 7.853981633974492782e-01
1.045658927629958157e+00 1.214973887754397026e+02 7.853981633974492782e-01
1.023379612860790822e+00 1.228532519254165152e+02 7.853981633974492782e-01
1.798010296848942424e+00 1.241538931177153557e+02 7.853981633974492782e-01
9.465948564406935217e-01 1.248711067277754552e+02 7.853981633974492782e-01
7.905709263775437812e-01 1.257866633915583208e+02 7.853981633974492782e-01
2.172259128242896686e+00 1.272479300311700428e+02 7.853981633974492782e-01
1.679063348063737360e+00 1.275571376338263150e+02 7.853981633974492782e-01
1.116509210924569562e+00 1.290269611282008668e+02 7.853981633974492782e-01
1.549672003711208834e+00 1.303564876805328936e+02 7.853981633974492782e-01
1.063649913889562759e+00 1.309716557604871525e+02 7.853981633974492782e-01
8.426640330836904225e-01 1.319682073831986884e+02 7.853981633974492782e-01
1.556198493756231427e+00 1.334602474400861922e+02 7.853981633974492782e-01
2.178998403288663788e+00 1.337602562431401338e+02 7.853981633974492782e-01
1.111621150463183438e+00 1.352514004967835319e+02 7.853981633974492782e-01
1.340849296171290339e+00 1.365550564610761342e+02 7.853981633974492782e-01
1.227236155066091516e+00 1.371314070066060253e+02 7.853981633974492782e-01
8.917174431523567923e-01 1.381704746554979693e+02 7.853981633974492782e-01
1.129332801856663071e+00 1.396385849232896987e+02 7.853981633974492782e-01
2.667584198629139092e+00 1.399930226522286603e+02 7.853981633974492782e-01
1.038076100912596278e+00 1.414631069205087783e+02 7.853981633974492782e-01
1.111370555848948616e+00 1.426995214369333098e+02 7.853981633974492782e-01
1.510804146577839457e+00 1.432962704676578767e+02 7.853981633974492782e-01
9.640356638469873563e-01 1.443558663639493602e+02 7.853981633974492782e-01
7.366403632162294990e-01 1.456729723789479181e+02 7.853981633974492782e-01
3.377178632189042240e+00 1.462256837880158571e+02 7.853981633974492782e-01
8.376299413000084515e-01 1.475573390980205772e+02 7.853981633974492782e-01
8.666301163246209471e-01 1.486543275923825433e+02 7.853981633974492782e-01
2.017097210836984456e+00 1.494479046728896492e+02 7.853981633974492782e-01
1.008058296491289640e+00 1.504667526237265349e+02 7.853981633974492782e-01
6.227863654411222027e-01 1.513080999353255436e+02 7.853981633974492782e-01
3.877010608860300689e+00 1.524540137374847575e+02 7.853981633974492782e-01
8.243769564753878898e-01 1.531068850857970176e+02 7.853981633974492782e-01
9.405436254427338438e-01 1.543600167571199506e+02 7.853981633974492782e-01
1.900690410279509246e+00 1.556049533766812942e+02 7.853981633974492782e-01
9.193759415836951776e-01 1.563896677896662197e+02 7.853981633974492782e-01
7.552551237372131521e-01 1.572631265590522389e+02 7.853981633974492782e-01
2.531509561671873687e+00 1.586880905377555848e+02 7.853981633974492782e-01
1.433982783230843383e+00 1.590315291142806586e+02 7.853981633974492782e-01
1.084854759916252132e+00 1.604725225004005722e+02 7.853981633974492782e-01
1.608944957599058423e+00 1.617977209468978685e+02 7.853981633974492782e-01
1.012254914586548260e+00 1.624386462498572428e+02 7.853981633974492782e-01
8.121770791038463999e-01 1.634187439949754150e+02 7.853981633974492782e-01
1.745266512757982502e+00 1.649061791869567912e+02 7.853981633974492782e-01
1.962312326705188514e+00 1.652035728312213223e+02 7.853981633974492782e-01
1.100817149742931766e+00 1.666860877705167923e+02 7.853981633974492782e-01
1.384156616174390120e+00 1.679961012859907328e+02 7.853981633974492782e-01
1.164446963926213385e+00 1.685802658915228278e+02 7.853981633974492782e-01
8.610283310536621659e-01 1.696125693281315421e+02 7.853981633974492782e-01
1.259773774406107716e+00 1.710981119426566295e+02 7.853981633974492782e-01
2.448515651932350767e+00 1.714270313343877774e+02 7.853981633974492782e-01
1.052914978204516405e+00 1.729037200031416717e+02 7.853981633974492782e-01
1.167238823759336963e+00 1.741612398139892264e+02 7.853981633974492782e-01
1.405061252444448794e+00 1.747449405631955699e+02 7.853981633974492782e-01
9.299668090139315835e-01 1.758024387743307386e+02 7.853981633974492782e-01
8.464507601686840355e-01 1.771947545383463307e+02 7.853981633974492782e-01
3.092186343160233886e+00 1.776584453649219597e+02 7.853981633974492782e-01
9.096560142899972057e-01 1.790564435549635505e+02 7.853981633974492782e-01
9.269809658952056219e-01 1.801992108943316566e+02 7.853981633974492782e-01
1.851440119988279731e+00 1.809034591248658899e+02 7.853981633974492782e-01
1.006526492410036111e+00 1.819491268602767491e+02 7.853981633974492782e-01
5.860850620950694978e-01 1.829532871002508045e+02 7.853981633974492782e-01
3.900673920815525442e+00 1.838865597234002962e+02 7.853981633974492782e-01
7.022633633924434404e-01 1.848067698993075112e+02 7.853981633974492782e-01
8.477700864756232413e-01 1.859347143125013986e+02 7.853981633974492782e-01
1.998926823834694888e+00 1.870621325178512393e+02 7.853981633974492782e-01
9.182265527233489655e-01 1.879353679746571117e+02 7.853981633974492782e-01
7.067585695233135068e-01 1.887679795922301764e+02 7.853981633974492782e-01
3.003158334164398813e+00 1.901261768289952556e+02 7.853981633974492782e-01
1.168316042948695399e+00 1.905418787782514585e+02 7.853981633974492782e-01
1.034105201655928674e+00 1.919330157401855388e+02 7.853981633974492782e-01
1.678512005097867910e+00 1.932432246479981757e+02 7.853981633974492782e-01
9.596624660473488388e-01 1.939230395951833543e+02 7.853981633974492782e-01
7.737498085935559100e-01 1.948815855626508835e+02 7.853981633974492782e-01
1.994005071384337358e+00 1.963521352933564685e+02 7.853981633974492782e-01
1.708973975403754730e+00 1.966599136736661251e+02 7.853981633974492782e-01
1.073153613539485463e+00 1.981245542685041698e+02 7.853981633974492782e-01
1.416962623130394894e+00 1.994351756354026577e+02 7.853981633974492782e-01
1.100925620158878182e+00 2.000319314157123927e+02 7.853981633974492782e-01
8.208391601121191039e-01 2.010587189880932044e+02 7.853981633974492782e-01
1.407112122822645972e+00 2.025538350232019127e+02 7.853981633974492782e-01
2.198434824507252916e+00 2.028663861294288893e+02 7.853981633974492782e-01
1.043549382869863873e+00 2.043393560467443706e+02 7.853981633974492782e-01
1.198553155576621565e+00 2.056071344093505218e+02 7.853981633974492782e-01
1.320083960858567940e+00 2.061876040910255483e+02 7.853981633974492782e-01
8.894724543218520685e-01 2.072435685840266615e+02 7.853981633974492782e-01
9.555448851104225705e-01 2.086850767311743482e+02 7.853981633974492782e-01
2.812214920240464266e+00 2.090915251781407846e+02 7.853981633974492782e-01
9.473365819174551783e-01 2.105196748303659149e+02 7.853981633974492782e-01
9.790698055093790542e-01 2.116974510038633639e+02 7.853981633974492782e-01
1.697567214151791459e+00 2.123526877203035497e+02 7.853981633974492782e-01
9.804426371268598617e-01 2.134084854886789060e+02 7.853981633974492782e-01
6.136631299423574992e-01 2.145728980249135418e+02 7.853981633974492782e-01
3.671345276049836404e+00 2.153189347476696014e+02 7.853981633974492782e-01
7.188499620111659105e-01 2.164595749196099348e+02 7.853981633974492782e-01
8.181312900610577810e-01 2.175305048724314645e+02 7.853981633974492782e-01
2.073427174519530958e+00 2.185133936504718122e+02 7.853981633974492782e-01
9.552897227125918267e-01 2.194599185019743288e+02 7.853981633974492782e-01
6.847006184544721652e-01 2.202551774606714901e+02 7.853981633974492782e-01
3.407536576197711220e+00 2.215533262088836750e+02 7.853981633974492782e-01
1.037487726018305301e+00 2.220331077480782085e+02 7.853981633974492782e-01
1.020270621046962312e+00 2.233862875920160320e+02 7.853981633974492782e-01
1.798090107790510039e+00 2.246855951482407932e+02 7.853981633974492782e-01
9.449751119747215045e-01 2.254042406540480101e+02 7.853981633974492782e-01
7.879540199249990273e-01 2.263197535960027267e+02 7.853981633974492782e-01
2.181970959562524737e+00 2.277798953477199575e+02 7.853981633974492782e-01
1.666767921861768142e+00 2.280903066818933667e+02 7.853981633974492782e-01
1.113109873981276365e+00 2.295586417272725726e+02 7.853981633974492782e-01
1.546521788879327897e+00 2.308873122881433062e+02 7.853981633974492782e-01
1.062032330650394263e+00 2.315027258902207166e+02 7.853981633974492782e-01
8.396491664553060730e-01 2.325000700165447824e+02 7.853981633974492782e-01
1.559839631267501359e+00 2.339922685957687349e+02 7.853981633974492782e-01
2.166210247052137383e+00 2.342923620690040991e+02 7.853981633974492782e-01
1.107894757874184455e+00 2.357823138923946544e+02 7.853981633974492782e-01
1.336209537264572367e+00 2.370848212124045347e+02 7.853981633974492782e-01
1.227251741598714085e+00 2.376613239117129694e+02 7.853981633974492782e-01
8.894314348037003493e-01 2.387011168787853990e+02 7.853981633974492782e-01
1.128489920140791636e+00 2.401697709815627491e+02 7.853981633974492782e-01
2.659448354293136418e+00 2.405243086891260589e+02 7.853981633974492782e-01
1.035059565727435293e+00 2.419933567756198727e+02 7.853981633974492782e-01
1.107865019105267690e+00 2.432285583821783064e+02 7.853981633974492782e-01
1.512334372073333322e+00 2.438262169935086945e+02 7.853981633974492782e-01
9.628999965853366483e-01 2.448859299167489212e+02 7.853981633974492782e-01
7.350281102732395544e-01 2.462026313004518556e+02 7.853981633974492782e-01
3.374526541620911591e+00 2.467565722396012120e+02 7.853981633974492782e-01
8.357948787732215612e-01 2.480867463314893371e+02 7.853981633974492782e-01
8.654189201201936132e-01 2.491831293624666444e+02 7.853981633974492782e-01
2.017084012461152209e+00 2.499784161818519692e+02 7.853981633974492782e-01
1.007045740355165808e+00 2.509967364790734905e+02 7.853981633974492782e-01
6.226398553556934390e-01 2.518385401018228720e+02 7.853981633974492782e-01
3.872603105343728647e+00 2.529849553966123210e+02 7.853981633974492782e-01
8.244128875939438217e-01 2.536374758361114061e+02 7.853981633974492782e-01
9.401919208732429922e-01 2.548907836468742119e+02 7.853981633974492782e-01
1.898692483056134694e+00 2.561357701079841149e+02 7.853981633974492782e-01
9.189188167484501069e-01 2.569202214076261725e+02 7.853981633974492782e-01
7.541236120745612448e-01 2.577946078120920106e+02 7.853981633974492782e-01
2.531399110489535254e+00 2.592191950357978385e+02 7.853981633974492782e-01
1.430771300464100948e+00 2.595631684377162287e+02 7.853981633974492782e-01
1.083064938111251818e+00 2.610035638950947714e+02 7.853981633974492782e-01
1.605655341213378717e+00 2.623282338216093876e+02 7.853981633974492782e-01
1.011863266765493874e+00 2.629688937966038793e+02 7.853981633974492782e-01
8.104550174621806269e-01 2.639499421880243517e+02 7.853981633974492782e-01
1.744800329629180968e+00 2.654373608396167583e+02 7.853981633974492782e-01
1.956847507324428470e+00 2.657350426386107074e+02 7.853981633974492782e-01
1.098071517610295755e+00 2.672167560242964441e+02 7.853981633974492782e-01
1.379550542193954676e+00 2.685257823325374602e+02 7.853981633974492782e-01
1.165290624071882997e+00 2.691097997942284792e+02 7.853981633974492782e-01
8.595919450589807331e-01 2.701429250028893421e+02 7.853981633974492782e-01
1.256736047211614027e+00 2.716286065848000817e+02 7.853981633974492782e-01
2.445414183422711663e+00 2.719580040878874456e+02 7.853981633974492782e-01
1.049967517477013335e+00 2.734337283028527850e+02 7.853981633974492782e-01
1.162769592254498274e+00 2.746898291367388651e+02 7.853981633974492782e-01
1.408129084402774733e+00 2.752742838901678510e+02 7.853981633974492782e-01
9.295329453197028746e-01 2.763320724389957377e+02 7.853981633974492782e-01
8.423850389915251702e-01 2.777230471048067670e+02 7.853981633974492782e-01
3.094957481834341273e+00 2.781890269514619263e+02 7.853981633974492782e-01
9.064375670082226444e-01 2.795849236759639211e+02 7.853981633974492782e-01
9.239619973121924179e-01 2.807259266628046248e+02 7.853981633974492782e-01
1.856028092306605926e+00 2.814330406842078673e+02 7.853981633974492782e-01
1.005980487678241886e+00 2.824780208674927735e+02 7.853981633974492782e-01
5.858689859291971169e-01 2.834779960410203330e+02 7.853981633974492782e-01
3.900492683178635289e+00 2.844171005385118178e+02 7.853981633974492782e-01
7.031060380001792343e-01 2.853301495183784482e+02 7.853981633974492782e-01
8.490717169210243442e-01 2.864608525974016970e+02 7.853981633974492782e-01
1.994178149643727194e+00 2.875920196580469224e+02 7.853981633974492782e-01
9.169429701256304188e-01 2.884628886795137532e+02 7.853981633974492782e-01
7.061468893069954289e-01 2.892979485337706933e+02 7.853981633974492782e-01
2.991706616180351386e+00 2.906569238769386629e+02 7.853981633974492782e-01
1.169229963117086601e+00 2.910719713226361023e+02 7.853981633974492782e-01
1.032628991451581602e+00 2.924633090480332385e+02 7.853981633974492782e-01
1.672287855091963982e+00 2.937731644052703928e+02 7.853981633974492782e-01
9.595356793559136621e-01 2.944518189015671510e+02 7.853981633974492782e-01
7.716096470753355252e-01 2.954124356830324700e+02 7.853981633974492782e-01
1.988950781450179672e+00 2.968830050724789089e+02 7.853981633974492782e-01
1.704676325439011819e+00 2.971912118728956216e+02 7.853981633974492782e-01
1.069313172198008921e+00 2.986548811470766509e+02 7.853981633974492782e-01
1.409186427051759116e+00 2.999640593615077364e+02 7.853981633974492782e-01
1.102363696192613984e+00 3.005602076486264309e+02 7.853981633974492782e-01
8.187893094032356878e-01 3.015885451944287183e+02 7.853981633974492782e-01
1.400241755780770703e+00 3.030838854721732218e+02 7.853981633974492782e-01
2.195631413675788846e+00 3.033971839730432976e+02 7.853981633974492782e-01
1.038871270124888779e+00 3.048687365897390578e+02 7.853981633974492782e-01
1.190606472803187765e+00 3.061342380626671229e+02 7.853981633974492782e-01
1.325015718438141699e+00 3.067155461755243664e+02 7.853981633974492782e-01
8.888524084525663005e-01 3.077721732916185147e+02 7.853981633974492782e-01
9.470783838430292256e-01 3.092120603071964524e+02 7.853981633974492782e-01
2.817708494854398005e+00 3.096217202243827273e+02 7.853981633974492782e-01
9.419725137217029864e-01 3.110470052988296175e+02 7.853981633974492782e-01
9.727198976376837392e-01 3.122215832052357314e+02 7.853981633974492782e-01
1.706589096185133325e+00 3.128808877946587472e+02 7.853981633974492782e-01
9.803949086148608938e-01 3.139360315197901627e+02 7.853981633974492782e-01
6.098526748881898385e-01 3.150924157214773231e+02 7.853981633974492782e-01
3.680501796836999073e+00 3.158489621043674447e+02 7.853981633974492782e-01
7.149784036052403424e-01 3.169780643550779473e+02 7.853981633974492782e-01
8.177705551447984611e-01 3.180503798390726615e+02 7.853981633974492782e-01
2.068786003259805995e+00 3.190423753301078591e+02 7.853981633974492782e-01
9.518916106593137139e-01 3.199849955154180634e+02 7.853981633974492782e-01
6.846139718190333845e-01 3.207833712545727849e+02 7.853981633974492782e-01
3.385418710382917862e+00 3.220839318830754223e+02 7.853981633974492782e-01
1.040435078489353016e+00 3.225614808566298848e+02 7.853981633974492782e-01
1.019017779857184669e+00 3.239158119675713010e+02 7.853981633974492782e-01
1.788401696251052941e+00 3.252152205028328922e+02 7.853981633974492782e-01
9.441944865178546475e-01 3.259319035414679320e+02 7.853981633974492782e-01
7.841111668692132275e-01 3.268511582158657802e+02 7.853981633974492782e-01
2.176183348218397207e+00 3.283109963508752003e+02 7.853981633974492782e-01
1.657554937791976712e+00 3.286223642940868785e+02 7.853981633974492782e-01
1.106457641962736549e+00 3.300889467006033442e+02 7.853981633974492782e-01
1.532363288735582474e+00 3.314154076718682518e+02 7.853981633974492782e-01
1.062917913494535904e+00 3.320293241933007948e+02 7.853981633974492782e-01
8.344596129876855617e-01 3.330302398985074319e+02 7.853981633974492782e-01
1.551991703577704884e+00 3.345229102412588986e+02 7.853981633974492782e-01
2.153110306275952457e+00 3.348239483378598607e+02 7.853981633974492782e-01
1.098363925798761631e+00 3.363112438665584705e+02 7.853981633974492782e-01
1.319043693256833016e+00 3.376097502819197302e+02 7.853981633974492782e-01
1.234020102015738196e+00 3.381861894524772651e+02 7.853981633974492782e-01
8.863000693865268342e-01 3.392285323009210174e+02 7.853981633974492782e-01
1.113217132871813897e+00 3.406963617644153146e+02 7.853981633974492782e-01
2.660028832523797515e+00 3.410543807462447035e+02 7.853981633974492782e-01
1.024504194905742294e+00 3.425194247580223532e+02 7.853981633974492782e-01
1.092200594044761219e+00 3.437486985664245367e+02 7.853981633974492782e-01
1.528574883064915513e+00 3.443509681390910373e+02 7.853981633974492782e-01
9.631771246691369637e-01 3.454110188568531044e+02 7.853981633974492782e-01
7.203570810924975198e-01 3.467168993759233899e+02 7.853981633974492782e-01
3.397216400296576566e+00 3.472856036075941688e+02 7.853981633974492782e-01
8.224759285665028674e-01 3.486021632618321746e+02 7.853981633974492782e-01
8.570887661095035748e-01 3.496927401389052079e+02 7.853981633974492782e-01
2.030895789215867442e+00 3.505041924529956532e+02 7.853981633974492782e-01
1.002869828225610327e+00 3.515170196775206364e+02 7.853981633974492782e-01
6.292678888379636959e-01 3.523475525801029562e+02 7.853981633974492782e-01
3.837717208163401228e+00 3.535142387539027027e+02 7.853981633974492782e-01
8.453083665940623881e-01 3.541427768165017937e+02 7.853981633974492782e-01
9.507566647048613095e-01 3.554092262706526526e+02 7.853981633974492782e-01
1.888716711605629817e+00 3.566627034718110849e+02 7.853981633974492782e-01
9.213268435719114136e-01 3.574388380136690557e+02 7.853981633974492782e-01
7.595087788248623406e-01 3.583173695479462708e+02 7.853981633974492782e-01
2.486566611373437929e+00 3.597474496616969759e+02 7.853981633974492782e-01
1.461806629332218943e+00 3.600857332348364253e+02 7.853981633974492782e-01
1.088948524149894181e+00 3.615306465146070991e+02 7.853981633974492782e-01
1.601670603082153477e+00 3.628566525104546372e+02 7.853981633974492782e-01
1.017957425987948694e+00 3.634941935320169364e+02 7.853981633974492782e-01
8.156882797461330048e-01 3.644764124253094906e+02 7.853981633974492782e-01
1.722006275193946223e+00 3.659648362091144236e+02 7.853981633974492782e-01
1.987198461740547595e+00 3.662620478397232660e+02 7.853981633974492782e-01
1.102477001979875082e+00 3.677458135361825953e+02 7.853981633974492782e-01
1.379463827809455756e+00 3.690552944404376490e+02 7.853981633974492782e-01
1.171328676872226193e+00 3.696383738529105472e+02 7.853981633974492782e-01
8.646188833012823372e-01 3.706714546090696558e+02 7.853981633974492782e-01
1.244563115742833403e+00 3.721554731593108727e+02 7.853981633974492782e-01
2.473323574102325839e+00 3.724867906886066180e+02 7.853981633974492782e-01
1.052084832663569891e+00 3.739631507220898925e+02 7.853981633974492782e-01
1.161701266025646051e+00 3.752187405320828475e+02 7.853981633974492782e-01
1.415767596928005911e+00 3.758033903740069945e+02 7.853981633974492782e-01
9.338782363761226613e-01 3.768611712159087119e+02 7.853981633974492782e-01
8.338516051762275838e-01 3.782466345975551008e+02 7.853981633974492782e-01
3.123067139977039552e+00 3.787185010356796511e+02 7.853981633974492782e-01
9.029412141220868326e-01 3.801111028738595223e+02 7.853981633974492782e-01
9.199758261378686575e-01 3.812489378351090750e+02 7.853981633974492782e-01
1.870421423915866299e+00 3.819611050256606291e+02 7.853981633974492782e-01
1.007983994108402781e+00 3.830047877225907769e+02 7.853981633974492782e-01
5.865946930896839273e-01 3.839894060965727931e+02 7.853981633974492782e-01
3.914253685232043534e+00 3.849466200738086172e+02 7.853981633974492782e-01
7.073994511797137008e-01 3.858367380565991880e+02 7.853981633974492782e-01
8.549614099269958745e-01 3.869764516948938535e+02 7.853981633974492782e-01
1.985145331009084302e+00 3.881195147929428231e+02 7.853981633974492782e-01
9.150497447718620725e-01 3.889828662332053568e+02 7.853981633974492782e-01
7.087845343689039845e-01 3.898218946058377696e+02 7.853981633974492782e-01
2.952211931733095707e+00 3.911865027920208036e+02 7.853981633974492782e-01
1.185301827413145714e+00 3.915954417934741514e+02 7.853981633974492782e-01
1.034730218577377903e+00 3.929905369437062177e+02 7.853981633974492782e-01
1.662264148391032093e+00 3.943013222375524833e+02 7.853981633974492782e-01
9.624631483188385017e-01 3.949762388357988243e+02 7.853981633974492782e-01
7.721347352157533761e-01 3.959401010955583615e+02 7.853981633974492782e-01
1.967991380234774601e+00 3.974121482044510572e+02 7.853981633974492782e-01
1.716398882233142187e+00 3.977196238123241301e+02 7.853981633974492782e-01
1.067907295621456143e+00 3.991837537882236688e+02 7.853981633974492782e-01
1.400465468603313779e+00 4.004917293399063851e+02 7.853981633974492782e-01
1.107619937777656105e+00 4.010864774202942158e+02 7.853981633974492782e-01
8.196600310485031571e-01 4.021164588626671730e+02 7.853981633974492782e-01
1.384676065769877784e+00 4.036116768938012456e+02 7.853981633974492782e-01
2.209074394865571112e+00 4.039263786550488362e+02 7.853981633974492782e-01
1.035919006347555626e+00 4.053971410772966806e+02 7.853981633974492782e-01
1.182448672687958613e+00 4.066602463927052895e+02 7.853981633974492782e-01
1.334256141636869453e+00 4.072423982328422198e+02 7.853981633974492782e-01
8.910087601182355987e-01 4.082996070993320927e+02 7.853981633974492782e-01
9.332580886861597813e-01 4.097354562927758366e+02 7.853981633974492782e-01
2.839776480561938765e+00 4.101509312670377767e+02 7.853981633974492782e-01
9.359402150717553992e-01 4.115724545448512117e+02 7.853981633974492782e-01
9.647454370338636176e-01 4.127425474212502650e+02 7.853981633974492782e-01
1.722854591023756488e+00 4.134076993447802693e+02 7.853981633974492782e-01
9.823213346859550610e-01 4.144618268255233033e+02 7.853981633974492782e-01
6.041026702441287810e-01 4.156024647211144156e+02 7.853981633974492782e-01
3.704775119440701481e+00 4.163781478767893418e+02 7.853981633974492782e-01
7.092443599832709555e-01 4.174861755630801667e+02 7.853981633974492782e-01
8.182266222985234982e-01 4.185615173353177170e+02 7.853981633974492782e-01
2.062606621350522751e+00 4.195696885379065293e+02 7.853981633974492782e-01
9.468633387172217253e-01 4.205051272948651899e+02 7.853981633974492782e-01
6.864611306750512121e-01 4.213071096039053600e+02 7.853981633974492782e-01
3.344019972661655959e+00 4.226139406169714334e+02 7.853981633974492782e-01
1.051418122725013893e+00 4.230849506570617109e+02 7.853981633974492782e-01
1.019792789564932134e+00 4.244430591679448526e+02 7.853981633974492782e-01
1.774818044568354791e+00 4.257436489036138028e+02 7.853981633974492782e-01
9.445875399375223136e-01 4.264563805611568341e+02 7.853981633974492782e-01
7.810754440370728524e-01 4.273808153437557849e+02 7.853981633974492782e-01
2.159470292389896073e+00 4.288412554357670388e+02 7.853981633974492782e-01
1.655619197284589950e+00 4.291528667177352645e+02 7.853981633974492782e-01
1.100203700565785869e+00 4.306183259823908998e+02 7.853981633974492782e-01
1.515615555987152474e+00 4.319424357421044078e+02 7.853981633974492782e-01
1.065759708589158361e+00 4.325541125697459961e+02 7.853981633974492782e-01
8.301369036366167409e-01 4.335591591884696072e+02 7.853981633974492782e-01
1.537346127344920044e+00 4.350523521877470898e+02 7.853981633974492782e-01
2.147281873944137054e+00 4.353546443937939898e+02 7.853981633974492782e-01
1.088655491190944957e+00 4.368393530321813500e+02 7.853981633974492782e-01
1.299873312007953974e+00 4.381333429378969981e+02 7.853981633974492782e-01
1.243622977637776517e+00 4.387097594994921224e+02 7.853981633974492782e-01
8.843049480808401475e-01 4.397547778858698280e+02 7.853981633974492782e-01
1.092797707820577502e+00 4.412207621988731603e+02 7.853981633974492782e-01
2.669396824751396835e+00 4.415837474693806257e+02 7.853981633974492782e-01
1.012788053812211819e+00 4.430440919260998385e+02 7.853981633974492782e-01
1.074333343887560410e+00 4.442662797297286374e+02 7.853981633974492782e-01
1.549730667800523154e+00 4.448744638667092204e+02 7.853981633974492782e-01
9.646155146831493221e-01 4.459346686581529866e+02 7.853981633974492782e-01
7.025453282487643669e-01 4.472253376742072533e+02 7.853981633974492782e-01
3.430779385122805447e+00 4.478139936616338446e+02 7.853981633974492782e-01
8.062240036716181724e-01 4.491121725586462503e+02 7.853981633974492782e-01
8.477880495561795904e-01 4.501961194214984516e+02 7.853981633974492782e-01
2.047005822395326025e+00 4.510287096912514926e+02 7.853981633974492782e-01
9.976149622362086022e-01 4.520340927784095015e+02 7.853981633974492782e-01
6.385116517339692876e-01 4.528514941218026024e+02 7.853981633974492782e-01
3.789146851991758602e+00 4.540430268650720222e+02 7.853981633974492782e-01
8.741385900217442106e-01 4.546423720077681878e+02 7.853981633974492782e-01
9.646629560880319865e-01 4.559251917354151260e+02 7.853981633974492782e-01
1.878002668391588026e+00 4.571887246326869558e+02 7.853981633974492782e-01
9.253276373347827377e-01 4.579547428265736357e+02 7.853981633974492782e-01
7.675286510059281531e-01 4.588376767077628529e+02 7.853981633974492782e-01
2.430351534167451533e+00 4.602746949809679791e+02 7.853981633974492782e-01
1.505419448385168169e+00 4.606057498201387830e+02 7.853981633974492782e-01
1.098256011347540584e+00 4.620568102628957945e+02 7.853981633974492782e-01
1.600412004642978170e+00 4.633849817492642273e+02 7.853981633974492782e-01
1.026057708530504264e+00 4.640190211248133778e+02 7.853981633974492782e-01
8.241469867577740915e-01 4.650016533331852315e+02 7.853981633974492782e-01
1.694219184327194094e+00 4.664910877880626572e+02 7.853981633974492782e-01
2.031630679596597489e+00 4.667876576119908805e+02 7.853981633974492782e-01
1.110830594919863579e+00 4.682747675184567129e+02 7.853981633974492782e-01
1.384198343579742252e+00 4.695858393153854990e+02 7.853981633974492782e-01
1.177870086361577195e+00 4.701679150041361481e+02 7.853981633974492782e-01
8.723526167339843429e-01 4.712000943936325257e+02 7.853981633974492782e-01
1.232568855184388523e+00 4.726817560257392188e+02 7.853981633974492782e-01
2.511455794690205856e+00 4.730150874683669713e+02 7.853981633974492782e-01
1.057530141728873607e+00 4.744931449666042340e+02 7.853981633974492782e-01
1.164642407425163562e+00 4.757494625069933818e+02 7.853981633974492782e-01
1.422254000690930997e+00 4.763336123808786056e+02 7.853981633974492782e-01
9.396653552576756940e-01 4.773911185431582567e+02 7.853981633974492782e-01
8.271656619186973369e-01 4.787709150589234355e+02 7.853981633974492782e-01
3.155332686097386485e+00 4.792479982980589739e+02 7.853981633974492782e-01
9.014378514386826025e-01 4.806383596614039675e+02 7.853981633974492782e-01
9.177551459033671533e-01 4.817738445674300465e+02 7.853981633974492782e-01
1.884152100073590796e+00 4.824897230805849517e+02 7.853981633974492782e-01
1.010868322091317939e+00 4.835323914629807405e+02 7.853981633974492782e-01
5.880813215616098599e-01 4.845017578068260491e+02 7.853981633974492782e-01
3.930101688930607740e+00 4.854761863887285358e+02 7.853981633974492782e-01
7.128453692980429857e-01 4.863441514380388071e+02 7.853981633974492782e-01
8.615115439096923122e-01 4.874929310870758741e+02 7.853981633974492782e-01
1.978381091585889040e+00 4.886471387448514179e+02 7.853981633974492782e-01
9.141805030039360513e-01 4.895032648524349383e+02 7.853981633974492782e-01
7.129175516861191442e-01 4.903449145765941921e+02 7.853981633974492782e-01
2.913292306307269097e+00 4.917158603426837544e+02 7.853981633974492782e-01
1.205650328945057304e+00 4.921177470079126124e+02 7.853981633974492782e-01
1.039125221167697788e+00 4.935174443228308974e+02 7.853981633974492782e-01
1.656224545739775289e+00 4.948297844368442497e+02 7.853981633974492782e-01
9.665042049467934548e-01 4.955011778904066659e+02 7.853981633974492782e-01
7.752377770799968593e-01 4.964669363662173396e+02 7.853981633974492782e-01
1.946545064042888518e+00 4.979408122327520800e+02 7.853981633974492782e-01
1.736631897252027379e+00 4.982469447036772294e+02 7.853981633974492782e-01
1.070355844291837055e+00 4.997127324618354578e+02 7.853981633974492782e-01
1.397768132554697340e+00 5.010207447957816953e+02 7.853981633974492782e-01
1.112870625200892860e+00 5.016143486851376565e+02 7.853981633974492782e-01
8.230587610676626253e-01 5.026447681882090706e+02 7.853981633974492782e-01
1.372190927110890524e+00 5.041395151499392000e+02 7.853981633974492782e-01
2.229668057840478834e+00 5.044552628418576319e+02 7.853981633974492782e-01
1.037197823048745304e+00 5.059265471348946903e+02 7.853981633974492782e-01
1.180502305193280144e+00 5.071890330895162720e+02 7.853981633974492782e-01
1.340870804390155158e+00 5.077713215000712239e+02 7.853981633974492782e-01
8.944799004807055809e-01 5.088285966071712210e+02 7.853981633974492782e-01
9.245697365173973781e-01 5.102609257167760006e+02 7.853981633974492782e-01
2.862484117391090876e+00 5.106804723818486877e+02 7.853981633974492782e-01
9.338520699240999701e-01 5.121002061413886395e+02 7.853981633974492782e-01
9.611695249516840622e-01 5.132679005568986668e+02 7.853981633974492782e-01
1.734373654423587707e+00 5.139362315872876934e+02 7.853981633974492782e-01
9.848802916762660065e-01 5.149897668687384567e+02 7.853981633974492782e-01
6.008035556230614249e-01 5.161184681194513360e+02 7.853981633974492782e-01
3.726440942364167785e+00 5.169078103179710979e+02 7.853981633974492782e-01
7.060383330985475769e-01 5.180006337570207506e+02 7.853981633974492782e-01
8.193076952916460431e-01 5.190785526701140498e+02 7.853981633974492782e-01
2.059416553187111809e+00 5.200980278219171851e+02 7.853981633974492782e-01
9.439735858888117503e-01 5.210282791612697793e+02 7.853981633974492782e-01
6.889387271581470795e-01 5.218317408978514322e+02 7.853981633974492782e-01
3.313777895627855408e+00 5.231440416034694181e+02 7.853981633974492782e-01
1.062585229173788282e+00 5.236090696258077060e+02 7.853981633974492782e-01
1.022094304031301970e+00 5.249707912208283460e+02 7.853981633974492782e-01
1.767499028618097157e+00 5.262727670025943780e+02 7.853981633974492782e-01
9.459248102895756460e-01 5.269825025110527577e+02 7.853981633974492782e-01
7.811366211378631963e-01 5.279096877585334369e+02 7.853981633974492782e-01
2.144439922955741817e+00 5.293711864115336994e+02 7.853981633974492782e-01
1.662465699990304469e+00 5.296821548288767190e+02 7.853981633974492782e-01
1.099013911691771428e+00 5.311479579347145545e+02 7.853981633974492782e-01
1.508631810739519796e+00 5.324713336702790230e+02 7.853981633974492782e-01
1.068456712193919245e+00 5.330816660008543977e+02 7.853981633974492782e-01
8.298098819993726671e-01 5.340883972224492027e+02 7.853981633974492782e-01
1.527112508653481582e+00 5.355817685740701108e+02 7.853981633974492782e-01
2.152600898324631196e+00 5.358846981136731529e+02 7.853981633974492782e-01
1.085860902717952658e+00 5.373687857211372148e+02 7.853981633974492782e-01
1.292571944615036550e+00 5.386610696751656633e+02 7.853981633974492782e-01
1.248968916374787685e+00 5.392374103183856278e+02 7.853981633974492782e-01
8.847977933429241881e-01 5.402833840511829067e+02 7.853981633974492782e-01
1.082339477566646613e+00 5.417479049913100653e+02 7.853981633974492782e-01
2.680180411028194154e+00 5.421136242281527302e+02 7.853981633974492782e-01
1.008395387220710759e+00 5.435720512201769452e+02 7.853981633974492782e-01
1.067002182146506328e+00 5.447911546660919839e+02 7.853981633974492782e-01
1.560430891842194745e+00 5.454020537627045542e+02 7.853981633974492782e-01
9.661789819840259641e-01 5.464622319219316751e+02 7.853981633974492782e-01
6.941930858484809397e-01 5.477445323022845969e+02 7.853981633974492782e-01
3.451005142873065257e+00 5.483436069337327581e+02 7.853981633974492782e-01
7.986342485069474195e-01 5.496322660833143345e+02 7.853981633974492782e-01
8.438421232857359344e-01 5.507132634708440264e+02 7.853981633974492782e-01
2.054931648867793559e+00 5.515565131692244449e+02 7.853981633974492782e-01
9.952553743825840460e-01 5.525580180393747014e+02 7.853981633974492782e-01
6.437542309440846822e-01 5.533688533246117913e+02 7.853981633974492782e-01
3.763482606555633492e+00 5.545728389326119441e+02 7.853981633974492782e-01
8.902491185068692747e-01 5.551575519235950651e+02 7.853981633974492782e-01
9.723156616593002788e-01 5.564487461374358190e+02 7.853981633974492782e-01
1.874036845263125972e+00 5.577172515696768187e+02 7.853981633974492782e-01
9.279718440172221028e-01 5.584782823385667143e+02 7.853981633974492782e-01
7.726732480615344789e-01 5.593628204534447832e+02 7.853981633974492782e-01
2.401237565371019400e+00 5.608035322227405004e+02 7.853981633974492782e-01
1.531395735230817179e+00 5.611306675446613781e+02 7.853981633974492782e-01
1.104625929113244309e+00 5.625853349456582464e+02 7.853981633974492782e-01
1.602776608532959335e+00 5.639150558164433278e+02 7.853981633974492782e-01
1.030491436788535387e+00 5.645475912274625898e+02 7.853981633974492782e-01
8.300025914804753935e-01 5.655296003806363387e+02 7.853981633974492782e-01
1.680449753004544799e+00 5.670193978047593646e+02 7.853981633974492782e-01
2.059493790032336236e+00 5.673155367417081152e+02 7.853981633974492782e-01
1.117445063465503763e+00 5.688050107073734125e+02 7.853981633974492782e-01
1.390640593914759471e+00 5.701177515004403631e+02 7.853981633974492782e-01
1.180286576475808147e+00 5.706994501251917882e+02 7.853981633974492782e-01
8.774740141043837482e-01 5.717304562041797453e+02 7.853981633974492782e-01
1.229068802961029050e+00 5.732107617056814206e+02 7.853981633974492782e-01
2.533414866219156458e+00 5.735447271981983022e+02 7.853981633974492782e-01
1.062707867383514193e+00 5.750244343044606694e+02 7.853981633974492782e-01
1.169826321230433175e+00 5.762823113843714964e+02 7.853981633974492782e-01
1.422792542427200546e+00 5.768655625622196794e+02 7.853981633974492782e-01
9.428736439891290955e-01 5.779226900236900519e+02 7.853981633974492782e-01
8.271452566139833040e-01 5.793008534415239410e+02 7.853981633974492782e-01
3.168927309120822322e+00 5.797785580509500960e+02 7.853981633974492782e-01
9.033084049841272334e-01 5.811695871900261636e+02 7.853981633974492782e-01
9.190236428442536409e-01 5.823053304855828856e+02 7.853981633974492782e-01
1.887253725397829873e+00 5.830206362301627223e+02 7.853981633974492782e-01
1.012766084808812694e+00 5.840634074673911300e+02 7.853981633974492782e-01
5.888319967702813074e-01 5.850285621177315534e+02 7.853981633974492782e-01
3.938535955350350726e+00 5.860068013692301747e+02 7.853981633974492782e-01
7.145571016664850061e-01 5.868695779452327770e+02 7.853981633974492782e-01
8.635944795794778805e-01 5.880205101329868285e+02 7.853981633974492782e-01
1.978829452910736864e+00 5.891773372837074021e+02 7.853981633974492782e-01
9.146598772826232127e-01 5.900318218020429413e+02 7.853981633974492782e-01
7.153552914321814615e-01 5.908729044110398263e+02 7.853981633974492782e-01
2.903308181232978846e+00 5.922462302270847658e+02 7.853981633974492782e-01
1.214662745250940867e+00 5.926453182185708783e+02 7.853981633974492782e-01
1.042349653417360633e+00 5.940470358862889952e+02 7.853981633974492782e-01
1.658125593845566570e+00 5.953603916481963552e+02 7.853981633974492782e-01
9.684244677320712480e-01 5.960310233013741481e+02 7.853981633974492782e-01
7.782611833197075057e-01 5.969961430950654631e+02 7.853981633974492782e-01
1.940492452198282480e+00 5.984707933640696638e+02 7.853981633974492782e-01
1.749186747196545877e+00 5.987760307269019222e+02 7.853981633974492782e-01
1.074355671525327072e+00 6.002433006903862633e+02 7.853981633974492782e-01
1.402318191878773712e+00 6.015524266994034406e+02 7.853981633974492782e-01
1.114072229977127293e+00 6.021459253170811508e+02 7.853981633974492782e-01
8.260677122679997986e-01 6.031754347340516915e+02 7.853981633974492782e-01
1.371691817439802952e+00 6.046697993065087076e+02 7.853981633974492782e-01
2.240867065982864670e+00 6.049854447700182618e+02 7.853981633974492782e-01
1.041212860465778212e+00 6.064580239110626962e+02 7.853981633974492782e-01
1.185399978218450334e+00 6.077219314250103253e+02 7.853981633974492782e-01
1.340060417342941124e+00 6.083035748195036376e+02 7.853981633974492782e-01
8.964298999802011725e-01 6.093604388661942721e+02 7.853981633974492782e-01
9.268081732382467131e-01 6.107925271815265660e+02 7.853981633974492782e-01
2.868307421621693720e+00 6.112113768458361847e+02 7.853981633974492782e-01
9.368642862961510387e-01 6.126325251209915450e+02 7.853981633974492782e-01
9.640525042736221017e-01 6.138014915464349315e+02 7.853981633974492782e-01
1.732929467009939772e+00 6.144680931312982466e+02 7.853981633974492782e-01
9.861369180614619756e-01 6.155219292648507690e+02 7.853981633974492782e-01
6.016477796145830448e-01 6.166512846043204945e+02 7.853981633974492782e-01
3.730247176512032858e+00 6.174388640813447182e+02 7.853981633974492782e-01
7.068387658352401903e-01 6.185337493982070782e+02 7.853981633974492782e-01
8.196490791234789519e-01 6.196112259844622940e+02 7.853981633974492782e-01
2.062370066214099573e+00 6.206292549241046572e+02 7.853981633974492782e-01
9.451716518533430644e-01 6.215601314641123736e+02 7.853981633974492782e-01
6.905134982694063339e-01 6.223614896301685349e+02 7.853981633974492782e-01
3.316158757851049632e+00 6.236748484117091493e+02 7.853981633974492782e-01
1.066320440199092223e+00 6.241383966380890342e+02 7.853981633974492782e-01
1.024635207955837179e+00 6.255012056397019933e+02 7.853981633974492782e-01
1.772111405478387525e+00 6.268039559701157941e+02 7.853981633974492782e-01
9.472590516739389788e-01 6.275137891441528382e+02 7.853981633974492782e-01
7.844792865630206835e-01 6.284392405559144663e+02 7.853981633974492782e-01
2.141860473359794348e+00 6.299015121180116239e+02 7.853981633974492782e-01
1.673882263988058838e+00 6.302113565365619934e+02 7.853981633974492782e-01
1.104116054669472602e+00 6.316788411377606280e+02 7.853981633974492782e-01
1.516948970501833083e+00 6.330037756668181146e+02 7.853981633974492782e-01
1.068895224237875974e+00 6.336146181480888799e+02 7.853981633974492782e-01
8.337992802858473773e-01 6.346193354520515868e+02 7.853981633974492782e-01
1.529270701333935278e+00 6.361123881754326703e+02 7.853981633974492782e-01
2.165166577102115131e+00 6.364148174532998610e+02 7.853981633974492782e-01
1.092261633438496027e+00 6.379007947886376542e+02 7.853981633974492782e-01
1.302700840884664979e+00 6.391955808516106572e+02 7.853981633974492782e-01
1.245724373775732197e+00 6.397716640996178512e+02 7.853981633974492782e-01
8.873145110744246056e-01 6.408162579068433615e+02 7.853981633974492782e-01
1.089908300007456532e+00 6.422809900339478872e+02 7.853981633974492782e-01
2.683594439099801665e+00 6.426448817861835323e+02 7.853981633974492782e-01
1.014765631565625270e+00 6.441058071541754089e+02 7.853981633974492782e-01
1.075523613369038900e+00 6.453282607550680723e+02 7.853981633974492782e-01
1.552288303326483376e+00 6.459362212670049530e+02 7.853981633974492782e-01
9.667295503288371172e-01 6.469963799989856170e+02 7.853981633974492782e-01
7.008822797477477495e-01 6.482841607390511172e+02 7.853981633974492782e-01
3.442814281154726430e+00 6.488754567287638793e+02 7.853981633974492782e-01
8.051592507428534384e-01 6.501717118980124042e+02 7.853981633974492782e-01
8.473625787731935421e-01 6.512549224374683945e+02 7.853981633974492782e-01
2.051355465381140331e+00 6.520897873006368854e+02 7.853981633974492782e-01
9.980060208179013514e-01 6.530942618227660432e+02 7.853981633974492782e-01
6.412429979957037229e-01 6.539075490597294902e+02 7.853981633974492782e-01
3.783891049250781791e+00 6.551044456022536906e+02 7.853981633974492782e-01
8.817641819548740489e-01 6.556971302166050464e+02 7.853981633974492782e-01
9.689823680446566501e-01 6.569837918910639019e+02 7.853981633974492782e-01
1.879290716930709815e+00 6.582497381188627514e+02 7.853981633974492782e-01
9.272532827773410924e-01 6.590137701867820397e+02 7.853981633974492782e-01
7.718085522038996560e-01 6.598960657101986271e+02 7.853981633974492782e-01
2.416338701778474540e+00 6.613353760542175905e+02 7.853981633974492782e-01
1.523174157088682978e+00 6.616637816583441918e+02 7.853981633974492782e-01
1.104212596966227533e+00 6.631175123972400343e+02 7.853981633974492782e-01
1.606982886872890592e+00 6.644472897310694179e+02 7.853981633974492782e-01
1.028648908411798457e+00 6.650810708962309263e+02 7.853981633974492782e-01
8.296965046141131506e-01 6.660618692151585947e+02 7.853981633974492782e-01
1.688451187724293368e+00 6.675514218561786493e+02 7.853981633974492782e-01
2.053740479519166051e+00 6.678473732683472690e+02 7.853981633974492782e-01
1.118419356008033771e+00 6.693368887947132180e+02 7.853981633974492782e-01
1.394869507674094677e+00 6.706503801151525295e+02 7.853981633974492782e-01
1.177365268829326794e+00 6.712325312207517527e+02 7.853981633974492782e-01
8.770319868677797226e-01 6.722627885249238489e+02 7.853981633974492782e-01
1.235937970923479456e+00 6.737436334625100471e+02 7.853981633974492782e-01
2.526465246492317185e+00 6.740764166326235909e+02 7.853981633974492782e-01
1.064782278294503559e+00 6.755568316626744263e+02 7.853981633974492782e-01
1.174467540820561595e+00 6.768162503624325836e+02 7.853981633974492782e-01
1.417091395116457875e+00 6.773987197086674996e+02 7.853981633974492782e-01
9.417398962672519636e-01 6.784555557894341291e+02 7.853981633974492782e-01
8.339162791332490610e-01 6.798371226828774070e+02 7.853981633974492782e-01
3.156187161535527252e+00 6.803104030659419550e+02 7.853981633974492782e-01
9.077835260555199293e-01 6.817047879768691701e+02 7.853981633974492782e-01
9.233154352199485215e-01 6.828433929660865260e+02 7.853981633974492782e-01
1.877625246301653839e+00 6.835539739482497907e+02 7.853981633974492782e-01
1.012709916849180658e+00 6.845979556438757072e+02 7.853981633974492782e-01
5.881984941072621043e-01 6.855726059127030112e+02 7.853981633974492782e-01
3.935726287827285841e+00 6.865386835416773010e+02 7.853981633974492782e-01
7.109415883777393530e-01 6.874167856963257464e+02 7.853981633974492782e-01
8.596627977085827821e-01 6.885613048733628148e+02 7.853981633974492782e-01
1.986445802995439269e+00 6.897106173215454419e+02 7.853981633974492782e-01
9.161043284659157182e-01 6.905701496638897652e+02 7.853981633974492782e-01
7.145589170895469966e-01 6.914076653369987753e+02 7.853981633974492782e-01
2.928867807170888238e+00 6.927780202113459609e+02 7.853981633974492782e-01
1.206341572295792419e+00 6.931801832886216062e+02 7.853981633974492782e-01
1.042377749382207064e+00 6.945801217865947592e+02 7.853981633974492782e-01
1.666760395273175543e+00 6.958933517962443602e+02 7.853981633974492782e-01
9.669922127678053370e-01 6.965664256704179707e+02 7.853981633974492782e-01
7.793271342559423553e-01 6.975287585308448115e+02 7.853981633974492782e-01
1.953435074300724716e+00 6.990027223464079498e+02 7.853981633974492782e-01
1.746196297017538202e+00 6.993079866471649666e+02 7.853981633974492782e-01
1.077456952656491218e+00 7.007756726615306206e+02 7.853981633974492782e-01
1.411356770575631137e+00 7.020863062104741630e+02 7.853981633974492782e-01
1.110522767547710066e+00 7.026808170548138150e+02 7.853981633974492782e-01
8.268840409633742006e-01 7.037085895345761628e+02 7.853981633974492782e-01
1.383399266558979601e+00 7.052029363284724468e+02 7.853981633974492782e-01
2.235927309398208163e+00 7.055173653106901384e+02 7.853981633974492782e-01
1.045595996948202711e+00 7.069912411903652583e+02 7.853981633974492782e-01
1.194331808412794516e+00 7.082577684363433264e+02 7.853981633974492782e-01
1.332308803522108231e+00 7.088384261539108593e+02 7.853981633974492782e-01
8.957160352630069156e-01 7.098946024685048997e+02 7.853981633974492782e-01
9.387563357915499340e-01 7.113298708891574051e+02 7.853981633974492782e-01
2.853744996273679391e+00 7.117436779703316461e+02 7.853981633974492782e-01
9.433016991420604125e-01 7.131686066143682865e+02 7.853981633974492782e-01
9.719061934257675617e-01 7.143418371563084293e+02 7.853981633974492782e-01
1.719093631383914689e+00 7.150028332683549479e+02 7.853981633974492782e-01
9.853010682961754751e-01 7.160576491884029338e+02 7.853981633974492782e-01
6.063400720489654505e-01 7.172001097728593777e+02 7.853981633974492782e-01
3.713350379270382362e+00 7.179712841521253495e+02 7.853981633974492782e-01
7.114413845345154419e-01 7.190845739179965221e+02 7.853981633974492782e-01
8.191246570748398348e-01 7.201589304381756165e+02 7.853981633974492782e-01
2.069620678754459764e+00 7.211632699379783844e+02 7.853981633974492782e-01
9.498469990585911571e-01 7.221003113768294952e+02 7.853981633974492782e-01
6.901501987921480064e-01 7.228971853389972466e+02 7.853981633974492782e-01
3.350479771178140886e+00 7.242064763756853836e+02 7.853981633974492782e-01
1.060056752918612011e+00 7.246739978332905139e+02 7.853981633974492782e-01
1.025810613767530022e+00 7.260346591846094952e+02 7.853981633974492782e-01
1.785980155251353896e+00 7.273370748739794180e+02 7.853981633974492782e-01
9.478022482786461200e-01 7.280500541741826055e+02 7.853981633974492782e-01
7.892026819934098159e-01 7.289702508954133009e+02 7.853981633974492782e-01
2.152881086199043725e+00 7.304325899255070453e+02 7.853981633974492782e-01
1.683477406108202734e+00 7.307414431964575670e+02 7.853981633974492782e-01
1.112642313135118410e+00 7.322110042513019152e+02 7.853981633974492782e-01
1.536111572034742245e+00 7.335388912947778408e+02 7.853981633974492782e-01
1.066900147979927826e+00 7.341518783386509313e+02 7.853981633974492782e-01
8.400777496942164468e-01 7.351518685270236801e+02 7.853981633974492782e-01
1.542036440154883836e+00 7.366442871714833700e+02 7.853981633974492782e-01
2.178975087235290875e+00 7.369453668796842294e+02 7.853981633974492782e-01
1.104531409405162146e+00 7.384347373575202482e+02 7.853981633974492782e-01
1.325289064886485901e+00 7.397348844198635334e+02 7.853981633974492782e-01
1.235731631718606449e+00 7.403108947076957520e+02 7.853981633974492782e-01
8.907309872902555714e-01 7.413522843981744472e+02 7.853981633974492782e-01
1.111441290378766933e+00 7.428186402918018985e+02 7.853981633974492782e-01
2.678719469165727229e+00 7.431773018015760499e+02 7.853981633974492782e-01
1.028704853300651978e+00 7.446437237874381481e+02 7.853981633974492782e-01
1.096092550269562871e+00 7.458742504938924185e+02 7.853981633974492782e-01
1.529374524906031763e+00 7.464755196287298986e+02 7.853981633974492782e-01
9.659031627234810902e-01 7.475354535283446467e+02 7.853981633974492782e-01
7.201568175916316372e-01 7.488393910275565304e+02 7.853981633974492782e-01
3.409538646150767516e+00 7.494091315665659749e+02 7.853981633974492782e-01
8.230835566674190584e-01 7.507255261410761022e+02 7.853981633974492782e-01
8.575719316542864679e-01 7.518158618557200725e+02 7.853981633974492782e-01
2.035029037737989377e+00 7.526276761295557662e+02 7.853981633974492782e-01
1.004132433295664706e+00 7.536402622096044297e+02 7.853981633974492782e-01
6.316239408567204672e-01 7.544664607901116824e+02 7.853981633974492782e-01
3.838096073407618825e+00 7.556376750995295879e+02 7.853981633974492782e-01
8.514764349429144730e-01 7.562603001660364725e+02 7.853981633974492782e-01
9.547735124695448938e-01 7.575300825579768116e+02 7.853981633974492782e-01
1.891127560762970061e+00 7.587858231758235661e+02 7.853981633974492782e-01
9.232333212634669106e-01 7.595603023762276962e+02 7.853981633974492782e-01
7.640283986779088377e-01 7.604376413733364188e+02 7.853981633974492782e-01
2.474025600259021296e+00 7.618701461454951414e+02 7.853981633974492782e-01
1.479360793989664247e+00 7.622055552643595320e+02 7.853981633974492782e-01
1.095370235762315847e+00 7.636532845639411562e+02 7.853981633974492782e-01
1.609412407118296251e+00 7.649810653000427010e+02 7.853981633974492782e-01
1.020592522833922988e+00 7.656184791915237611e+02 7.853981633974492782e-01
8.217119181641963088e-01 7.665984992004600826e+02 7.853981633974492782e-01
1.716940977713960148e+00 7.680871425664346361e+02 7.853981633974492782e-01
2.010275667542605227e+00 7.683835398798429424e+02 7.853981633974492782e-01
1.110978937279828438e+00 7.698699808078991964e+02 7.853981633974492782e-01
1.391768264347747364e+00 7.711822255258300629e+02 7.853981633974492782e-01
1.170533482322331231e+00 7.717654471422035840e+02 7.853981633974492782e-01
8.697556356017976942e-01 7.727963151139540514e+02 7.853981633974492782e-01
1.249321924861348965e+00 7.742795203443848777e+02 7.853981633974492782e-01
2.488971629713731204e+00 7.746100658769522624e+02 7.853981633974492782e-01
1.060456275070529086e+00 7.760891518011798098e+02 7.853981633974492782e-01
1.173282065033209420e+00 7.773483899342373888e+02 7.853981633974492782e-01
1.409438890910606590e+00 7.779310765214087269e+02 7.853981633974492782e-01
9.361048252571346762e-01 7.789880769645761802e+02 7.853981633974492782e-01
8.423457012818081902e-01 7.803758171608548082e+02 7.853981633974492782e-01
3.122693594757789626e+00 7.808429970015893105e+02 7.853981633974492782e-01
9.106041526918260409e-01 7.822404289466625187e+02 7.853981633974492782e-01
9.268585930595671929e-01 7.833821287901768073e+02 7.853981633974492782e-01
1.861911315495322183e+00 7.840878778030559033e+02 7.853981633974492782e-01
1.009997487829234819e+00 7.851331171176414045e+02 7.853981633974492782e-01
5.869832962333816351e-01 7.861248855376384199e+02 7.853981633974492782e-01
3.919265392180868890e+00 7.870712316478536650e+02 7.853981633974492782e-01
7.055106810385198823e-01 7.879745823983535047e+02 7.853981633974492782e-01
8.526872119627284530e-01 7.891089695403787800e+02 7.853981633974492782e-01
1.995320077588816465e+00 7.902453748502606459e+02 7.853981633974492782e-01
9.176770808962054771e-01 7.911131357242203421e+02 7.853981633974492782e-01
7.108132744337437581e-01 7.919468706987350970e+02 7.853981633974492782e-01
2.972688760656497120e+00 7.933106545656205526e+02 7.853981633974492782e-01
1.186028054161355483e+00 7.937200233000957041e+02 7.853981633974492782e-01
1.038796453839699208e+00 7.951153615034302220e+02 7.853981633974492782e-01
1.675710655151942508e+00 7.964272311059036156e+02 7.853981633974492782e-01
9.631887138759559486e-01 7.971043075561357227e+02 7.853981633974492782e-01
7.774076362614931179e-01 7.980637384096388587e+02 7.853981633974492782e-01
1.976714496901939455e+00 7.995359511016749821e+02 7.853981633974492782e-01
1.728788163522025023e+00 7.998422815608962537e+02 7.853981633974492782e-01
1.077010647428382262e+00 8.013088519809242598e+02 7.853981633974492782e-01
1.417872683235336106e+00 8.026201582351271782e+02 7.853981633974492782e-01
1.104833118057444885e+00 8.032161042379866558e+02 7.853981633974492782e-01
8.246863040735658013e-01 8.042426467608109988e+02 7.853981633974492782e-01
1.398851724821043252e+00 8.057373238420816506e+02 7.853981633974492782e-01
2.217692672251164954e+00 8.060503952720987400e+02 7.853981633974492782e-01
1.046738479123739074e+00 8.075244747105155056e+02 7.853981633974492782e-01
1.200270754516788996e+00 8.087927306155531824e+02 7.853981633974492782e-01
1.323586251967957095e+00 8.093728924863873999e+02 7.853981633974492782e-01
8.927493961221721896e-01 8.104286411096732081e+02 7.853981633974492782e-01
9.514429749615288534e-01 8.118679839516167931e+02 7.853981633974492782e-01
2.829451689910134959e+00 8.122763907026112520e+02 7.853981633974492782e-01
9.479947044274906753e-01 8.137043936303064129e+02 7.853981633974492782e-01
9.786609769471453779e-01 8.148815334394646470e+02 7.853981633974492782e-01
1.703511478767710141e+00 8.155375539185600928e+02 7.853981633974492782e-01
9.828153331930833403e-01 8.165932048840619473e+02 7.853981633974492782e-01
6.118041801879189334e-01 8.177510492064002392e+02 7.853981633974492782e-01
3.687318964337228167e+00 8.185039819323484380e+02 7.853981633974492782e-01
7.169623593039132770e-01 8.196373034764447993e+02 7.853981633974492782e-01
8.186065822202783782e-01 8.207089693339759151e+02 7.853981633974492782e-01
2.074253662094439399e+00 8.216977586649342129e+02 7.853981633974492782e-01
9.543362202810813377e-01 8.226416639059658564e+02 7.853981633974492782e-01
6.875172116537245914e-01 8.234359233259901885e+02 7.853981633974492782e-01
3.390802657450977087e+00 8.247384736200235693e+02 7.853981633974492782e-01
1.047217466324360302e+00 8.252131826656160456e+02 7.853981633974492782e-01
1.023788908053868685e+00 8.265695650343922125e+02 7.853981633974492782e-01
1.797266397838102714e+00 8.278704280066342562e+02 7.853981633974492782e-01
9.467992155083038153e-01 8.285872635925916256e+02 7.853981633974492782e-01
7.907008010939542419e-01 8.295031105571542867e+02 7.853981633974492782e-01
2.170276042835776575e+00 8.309645336464277534e+02 7.853981633974492782e-01
1.680339810707214721e+00 8.312736221480514587e+02 7.853981633974492782e-01
1.116550146617239392e+00 8.327435511551511809e+02 7.853981633974492782e-01
1.549095287670358978e+00 8.340730480850663753e+02 7.853981633974492782e-01
1.063975458195194568e+00 8.346880611981563334e+02 7.853981633974492782e-01
8.427461395768106600e-01 8.356847618852629012e+02 7.853981633974492782e-01
1.555044302770482556e+00 8.371768118029382322e+02 7.853981633974492782e-01
2.180015845430363086e+00 8.374768790494804307e+02 7.853981633974492782e-01
1.111485024633136698e+00 8.389680106259114609e+02 7.853981633974492782e-01
1.340261565481866146e+00 8.402715448435159260e+02 7.853981633974492782e-01
1.227748089125755282e+00 8.408478577149169269e+02 7.853981633974492782e-01
8.918346882507361961e-01 8.418870134877779492e+02 7.853981633974492782e-01
1.128305075795758006e+00 8.433549779064296672e+02 7.853981633974492782e-01
2.668892544096605146e+00 8.437096603284528555e+02 7.853981633974492782e-01
1.037741770153446375e+00 8.451796060731613807e+02 7.853981633974492782e-01
1.110702574013982868e+00 8.464157577816865796e+02 7.853981633974492782e-01
1.511813189974201999e+00 8.470127015955422394e+02 7.853981633974492782e-01
9.642398491168373553e-01 8.480723136262690787e+02 7.853981633974492782e-01
7.357357782168074678e-01 8.493886640296574342e+02 7.853981633974492782e-01
3.379371816815382346e+00 8.499423003764908344e+02 7.853981633974492782e-01
8.368770875376035923e-01 8.512731651651913580e+02 7.853981633974492782e-01
8.661441903063724634e-01 8.523697752793503923e+02 7.853981633974492782e-01
2.018268486895162805e+00 8.531643193207903551e+02 7.853981633974492782e-01
1.007910789869176815e+00 8.541828366067022671e+02 7.853981633974492782e-01
6.233302947606521593e-01 8.550231460417041944e+02 7.853981633974492782e-01
3.875132023895807354e+00 8.561706369296333605e+02 7.853981633974492782e-01
8.260084649469400242e-01 8.568215904776268417e+02 7.853981633974492782e-01
9.414585941759061605e-01 8.580757658330173854e+02 7.853981633974492782e-01
1.900213409220520733e+00 8.593214049717612397e+02 7.853981633974492782e-01
9.196323675165154476e-01 8.601054830608937891e+02 7.853981633974492782e-01
7.558789664916070183e-01 8.609791254640510942e+02 7.853981633974492782e-01
2.527864812868898969e+00 8.624046048742879975e+02 7.853981633974492782e-01
1.437016786599889739e+00 8.627474831061801979e+02 7.853981633974492782e-01
1.085629443740026234e+00 8.641889464571871713e+02 7.853981633974492782e-01
1.609160434198199319e+00 8.655143432011019513e+02 7.853981633974492782e-01
1.012808921151921782e+00 8.661550559092115691e+02 7.853981633974492782e-01
8.128842560642541848e-01 8.671350938433877218e+02 7.853981633974492782e-01
1.743480334564949663e+00 8.686226169998165005e+02 7.853981633974492782e-01
1.965670372790708553e+00 8.689199207278636550e+02 7.853981633974492782e-01
1.101629922391082594e+00 8.704027361510807168e+02 7.853981633974492782e-01
1.384914055360211949e+00 8.717129509448723184e+02 7.853981633974492782e-01
1.164792110379643031e+00 8.722970633294174831e+02 7.853981633974492782e-01
8.616731550028803310e-01 8.733292262288485972e+02 7.853981633974492782e-01
1.259285675352723510e+00 8.748146155825030519e+02 7.853981633974492782e-01
2.451284977157619061e+00 8.751436069450114701e+02 7.853981633974492782e-01
1.053581131396480020e+00 8.766205095486702703e+02 7.853981633974492782e-01
1.167902615138632472e+00 8.778782268738935954e+02 7.853981633974492782e-01
1.405157654343923701e+00 8.784618166428431323e+02 7.853981633974492782e-01
9.303892082495450744e-01 8.795192648142069629e+02 7.853981633974492782e-01
8.464383877807915013e-01 8.809113708237987339e+02 7.853981633974492782e-01
3.093978416272499921e+00 8.813751432973555211e+02 7.853981633974492782e-01
9.099226806635060116e-01 8.827732382752587910e+02 7.853981633974492782e-01
9.271657754533341178e-01 8.839160491531582693e+02 7.853981633974492782e-01
1.851822834110850025e+00 8.846202130658272154e+02 7.853981633974492782e-01
1.006786454425357524e+00 8.856658966110954907e+02 7.853981633974492782e-01
5.861496356089405113e-01 8.866695252794950193e+02 7.853981633974492782e-01
3.901907648357948677e+00 8.876032687626911866e+02 7.853981633974492782e-01
7.024032739183639906e-01 8.885228538174243340e+02 7.853981633974492782e-01
8.479955994641420469e-01 8.896510294247718775e+02 7.853981633974492782e-01
1.998996212664045258e+00 8.907787914208937536e+02 7.853981633974492782e-01
9.182678270595655556e-01 8.916518255719257695e+02 7.853981633974492782e-01
7.070543446041608338e-01 8.924843528830535888e+02 7.853981633974492782e-01
3.001929840476183831e+00 8.938428619948342657e+02 7.853981633974492782e-01
1.169378574574641894e+00 8.942581957372435681e+02 7.853981633974492782e-01
1.034494852830585288e+00 8.956495899790710382e+02 7.853981633974492782e-01
1.678714568064427981e+00 8.969599277151945671e+02 7.853981633974492782e-01
9.598941258046523872e-01 8.976396380092822938e+02 7.853981633974492782e-01
7.741148993576382198e-01 8.985981130169313928e+02 7.853981633974492782e-01
1.993205940558858025e+00 9.000687701138509738e+02 7.853981633974492782e-01
1.710501294165258868e+00 9.003764270476708589e+02 7.853981633974492782e-01
1.073636937776598854e+00 9.018412515557167808e+02 7.853981633974492782e-01
1.417500371710308293e+00 9.031520056012826672e+02 7.853981633974492782e-01
1.101088207700204658e+00 9.037487472899946397e+02 7.853981633974492782e-01
8.212128650694880960e-01 9.047754226614497384e+02 7.853981633974492782e-01
1.407003283118897219e+00 9.062704981723493347e+02 7.853981633974492782e-01
2.199843817566481619e+00 9.065830355866661421e+02 7.853981633974492782e-01
1.044044364661824709e+00 9.080561645036716527e+02 7.853981633974492782e-01
1.199158216364851093e+00 9.093241144663393243e+02 7.853981633974492782e-01
1.320004242971433372e+00 9.099045142515217321e+02 7.853981633974492782e-01
8.897220990523616591e-01 9.109604224977244940e+02 7.853981633974492782e-01
9.558080378143442024e-01 9.124018916979371170e+02 7.853981633974492782e-01
2.812982609577296511e+00 9.128082676592341613e+02 7.853981633974492782e-01
9.477142109250288327e-01 9.142365851791637397e+02 7.853981633974492782e-01
9.794433172217384964e-01 9.154145205488579222e+02 7.853981633974492782e-01
1.697383039378147274e+00 9.160695563319673056e+02 7.853981633974492782e-01
9.805968708804172485e-01 9.171253839829228127e+02 7.853981633974492782e-01
6.137861410128685469e-01 9.182898777035877629e+02 7.853981633974492782e-01
3.671788521251779791e+00 9.190357002586190447e+02 7.853981633974492782e-01
7.189767949705739847e-01 9.201765916318244081e+02 7.853981633974492782e-01
8.181873004961091045e-01 9.212474866057672216e+02 7.853981633974492782e-01
2.073761782623792183e+00 9.222301810390176797e+02 7.853981633974492782e-01
9.554412786390121815e-01 9.231767819621320541e+02 7.853981633974492782e-01
6.848821183806861335e-01 9.239717843910079864e+02 7.853981633974492782e-01
3.407855088524151643e+00 9.252700624433377925e+02 7.853981633974492782e-01
1.037915153425622350e+00 9.257496604187446110e+02 7.853981633974492782e-01
1.020568531651195432e+00 9.271029713990752725e+02 7.853981633974492782e-01
1.798634204386700075e+00 9.284023707007504527e+02 7.853981633974492782e-01
9.451392155356622693e-01 9.291210218561092233e+02 7.853981633974492782e-01
7.883667168596583119e-01 9.300363244223101447e+02 7.853981633974492782e-01
2.181573618102366385e+00 9.314965677916075038e+02 7.853981633974492782e-01
1.668204991312158603e+00 9.318068343761843835e+02 7.853981633974492782e-01
1.113741098536741747e+00 9.332753799389739697e+02 7.853981633974492782e-01
1.547566386633957736e+00 9.346042393140230615e+02 7.853981633974492782e-01
1.062104599199233057e+00 9.352197211797060845e+02 7.853981633974492782e-01
8.401738918355883268e-01 9.362167998265612141e+02 7.853981633974492782e-01
1.560001698175780938e+00 9.377089600758363304e+02 7.853981633974492782e-01
2.167931977437534741e+00 9.380089934461415169e+02 7.853981633974492782e-01
1.108720874155207703e+00 9.394991865967432432e+02 7.853981633974492782e-01
1.337548390869571113e+00 9.408020082854330894e+02 7.853981633974492782e-01
1.226867341459504379e+00 9.413785082705453533e+02 7.853981633974492782e-01
8.897875428314252488e-01 9.424180959083560083e+02 7.853981633974492782e-01
1.129424105299163816e+00 9.438867528336166970e+02 7.853981633974492782e-01
2.660049637844185355e+00 9.442410883479748236e+02 7.853981633974492782e-01
1.035894035578399874e+00 9.457104413521278730e+02 7.853981633974492782e-01
1.109040679437881094e+00 9.469460741095307412e+02 7.853981633974492782e-01
1.511288081834323949e+00 9.475434090175388064e+02 7.853981633974492782e-01
9.629691907037808418e-01 9.486030885340891246e+02 7.853981633974492782e-01
7.360127145273148708e-01 9.499204297288287080e+02 7.853981633974492782e-01
3.373414738359412191e+00 9.504734440072627422e+02 7.853981633974492782e-01
8.367084417779701022e-01 9.518044933634785139e+02 7.853981633974492782e-01
8.660129707137852462e-01 9.529012731172840631e+02 7.853981633974492782e-01
2.016224883981906135e+00 9.536955100965959673e+02 7.853981633974492782e-01
1.007352385564058928e+00 9.547141784176355941e+02 7.853981633974492782e-01
6.222694835462784235e-01 9.555566590575183454e+02 7.853981633974492782e-01
3.874842295023944061e+00 9.567018112120903197e+02 7.853981633974492782e-01
8.232082263989278781e-01 9.573558177664269806e+02 7.853981633974492782e-01
9.395884961590110773e-01 9.586083209869685788e+02 7.853981633974492782e-01
1.899443833033214180e+00 9.598527780375071643e+02 7.853981633974492782e-01
9.188215125868397504e-01 9.606377521606827941e+02 7.853981633974492782e-01
7.538894501406701032e-01 9.615118189570691811e+02 7.853981633974492782e-01
2.534110958132232749e+00 9.629360982541736576e+02 7.853981633974492782e-01
1.429178975543444752e+00 9.632803816464919464e+02 7.853981633974492782e-01
1.082851575877991746e+00 9.647205487255112075e+02 7.853981633974492782e-01
1.606158393535781048e+00 9.660451779331309581e+02 7.853981633974492782e-01
1.011530131895021167e+00 9.666860492327098200e+02 7.853981633974492782e-01
8.102772711327318467e-01 9.676669510981797657e+02 7.853981633974492782e-01
1.746216721626680846e+00 9.691543058369775281e+02 7.853981633974492782e-01
1.955461928531713633e+00 9.694519980599808378e+02 7.853981633974492782e-01
1.098020850361092426e+00 9.709336494665067221e+02 7.853981633974492782e-01
1.379916305404149224e+00 9.722427252746882687e+02 7.853981633974492782e-01
1.164861340254565336e+00 9.728268111090973207e+02 7.853981633974492782e-01
8.594015299820323417e-01 9.738598751145090091e+02 7.853981633974492782e-01
1.257708657704657673e+00 9.753456424581573856e+02 7.853981633974492782e-01
2.443980398572058288e+00 9.756748901178806364e+02 7.853981633974492782e-01
1.050065079996382877e+00 9.771506493051249436e+02 7.853981633974492782e-01
1.163175213357002358e+00 9.784068891324150172e+02 7.853981633974492782e-01
1.407436236254159256e+00 9.789912743262970025e+02 7.853981633974492782e-01
9.293047959722324780e-01 9.800490415767390004e+02 7.853981633974492782e-01
8.432113395816519530e-01 9.814404452481887802e+02 7.853981633974492782e-01
3.093059232177276741e+00 9.819059007189221120e+02 7.853981633974492782e-01
9.068874429880618981e-01 9.833021505304698167e+02 7.853981633974492782e-01
9.244302539480809822e-01 9.844434763555527752e+02 7.853981633974492782e-01
1.854818337833674891e+00 9.851500737914343517e+02 7.853981633974492782e-01
1.005897694667724052e+00 9.861951819538338668e+02 7.853981633974492782e-01
5.858574236519326073e-01 9.871963959352710845e+02 7.853981633974492782e-01
3.899628169912787268e+00 9.881339741162946666e+02 7.853981633974492782e-01
7.028181374780109181e-01 9.890489335707222835e+02 7.853981633974492782e-01
8.486353773732122630e-01 9.901789026242067848e+02 7.853981633974492782e-01
1.995081548668400151e+00 9.913090629211591249e+02 7.853981633974492782e-01
9.171654489331291238e-01 9.921805597845964257e+02 7.853981633974492782e-01
7.060449709100717897e-01 9.930151926689613902e+02 7.853981633974492782e-01
2.994932860713726885e+00 9.943737749962323278e+02 7.853981633974492782e-01
1.168237066810441593e+00 9.947892336209622499e+02 7.853981633974492782e-01
1.032629179467608793e+00 9.961803357290049235e+02 7.853981633974492782e-01
1.673382237018052221e+00 9.974901646824648651e+02 7.853981633974492782e-01
9.593818955628609091e-01 9.981691318373530066e+02 7.853981633974492782e-01
7.717587920941720858e-01 9.991293885231356171e+02 7.853981633974492782e-01
1.990578759240043460e+00 1.000599870726166955e+03 7.853981633974492782e-01
1.704366346323517911e+00 1.000908085241088429e+03 7.853981633974492782e-01
1.069713337612317572e+00 1.002371808379557137e+03 7.853981633974492782e-01
1.410334022910098239e+00 1.003681175039096502e+03 7.853981633974492782e-01
1.101946488304824223e+00 1.004277455085553129e+03 7.853981633974492782e-01
8.189116559249716154e-01 1.005305568878203644e+03 7.853981633974492782e-01
1.401707109570416776e+00 1.006800895667321811e+03 7.853981633974492782e-01
2.195102362009624386e+00 1.007114053632414198e+03 7.853981633974492782e-01
1.039429059210956741e+00 1.008585768805089856e+03 7.853981633974492782e-01
1.191734036668482100e+00 1.009851595983455127e+03 7.853981633974492782e-01
1.324082038968182662e+00 1.010432787162332147e+03 7.853981633974492782e-01
8.887823990733945134e-01 1.011489325812473908e+03 7.853981633974492782e-01
9.485740254110065495e-01 1.012929573076402335e+03 7.853981633974492782e-01
2.816001972597116598e+00 1.013338638835074221e+03 7.853981633974492782e-01
9.427596136205129707e-01 1.014764373247368781e+03 7.853981633974492782e-01
